+0.304772569593236675 
+0.302784844784382001 
+0.300899717635817410 
+0.299038156625317297 
+0.297275674151470271 
+0.295573186268780153 
+0.293896636385394983 
+0.292313990594623596 
+0.290758829632001170 
+0.289234396157222295 
+0.287801179056841328 
+0.286400179798690535 
+0.285060765607296263 
+0.283807403405441749 
+0.282588441419671099 
+0.281452158980852463 
+0.280373115469211287 
+0.279330568553444236 
+0.278346639152868836 
+0.277438784085064782 
+0.276569465276323534 
+0.275757301056111404 
+0.275016362092540545 
+0.274315928877691073 
+0.273671204487056507 
+0.273104233124286444 
+0.272577508551584247 
+0.272102932930814501 
+0.271688174769623425 
+0.271315514047431039 
+0.270999736531406021 
+0.270727249818302929 
+0.270504708968038354 
+0.270328656075229379 
+0.270205688545188616 
+0.270106191267134033 
+0.270120031858319842 
+0.270183012121861854 
+0.270292176741631140 
+0.270451535233968476 
+0.270654280713633788 
+0.270908245975325923 
+0.271202843411748273 
+0.271549658516850589 
+0.271942704338703933 
+0.272372315736684856 
+0.272855594434825766 
+0.273383790407145666 
+0.273956466592208070 
+0.274560424519706525 
+0.275206275363578112 
+0.275879173606913386 
+0.276606759012471448 
+0.277375032040691083 
+0.278183591546652620 
+0.279014326762377585 
+0.279901460607484220 
+0.280847002813167324 
+0.281812730536975864 
+0.282837650902306781 
+0.283902041324116061 
+0.285005488154523146 
+0.287064974080754709 
+0.288274839490424317 
+0.289522214057712224 
+0.290806692765293751 
+0.292127872392680010 
+0.293485351513201043 
+0.294878730490988172 
+0.296307611477957145 
+0.297771598410790983 
+0.299270297007922348 
+0.300772320613711452 
+0.302338592055618305 
+0.303938410739184206 
+0.305571389444305730 
+0.307237142717603551 
+0.308866743995119930 
+0.310595624049441299 
+0.312320629915224912 
+0.314111797774018042 
+0.315933861879913347 
+0.317749098814256947 
+0.319669180493887817 
+0.321581690193850800 
+0.323484482390678729 
+0.325454860108481070 
+0.327453917381932746 
+0.329481289584674042 
+0.331536613818087134 
+0.333619528908279506 
+0.335644751193314717 
+0.339508584886659970 
+0.343457463864468959 
+0.345597596531219464 
+0.349672893682675567 
+0.351971590448819593 
+0.354294594327638379 
+0.356594389790384991 
+0.358916878080277724 
+0.361309823999603208 
+0.363677185624475874 
+0.366066277633207926 
+0.368476784495253895 
+0.370958234388821251 
+0.373411051556831408 
+0.375884339920507848 
+0.378428884657043996 
+0.380994095578427672 
+0.383579647331741214 
+0.386132910761809667 
+0.388757783991802164 
+0.391402038321325807 
+0.394065354977627680 
+0.396693593936927380 
+0.399393719995511098 
+0.402111968186153912 
+0.404793132581584669 
+0.407435882356349366 
+0.410150046144026115 
+0.412936337417099786 
+0.415683011742392750 
+0.418445343918499413 
+0.421279895022932171 
+0.424130151932292754 
+0.426938352880092298 
+0.429761069750255631 
+0.432598023687285282 
+0.435448937315252027 
+0.438372136460130180 
+0.441250414060288254 
+0.444141822518552443 
+0.447046090379937922 
+0.449962947655335843 
+0.452892125818786184 
+0.455833357804750094 
+0.458786378005383466 
+0.461750922267808561 
+0.464787574040907758 
+0.467774601556473324 
+0.470833652880414455 
+0.473842103232584799 
+0.476922478125758498 
+0.479889392226853118 
+0.482927721461336557 
+0.485913210848426758 
+0.491472005777789045 
+0.494544888289871198 
+0.497626277738040801 
+0.500715928404233401 
+0.503750299750478581 
+0.506855585129560748 
+0.509968407978900751 
+0.513088528204260874 
+0.516279598926648764 
+0.519413735995586601 
+0.522618616941367242 
+0.525765808080427721 
+0.528919107681156131 
+0.532142816666069662 
+0.535307752508173418 
+0.538542857165339672 
+0.541718495131282674 
+0.544964048104786714 
+0.548149465483189324 
+0.551404531032864909 
+0.554598816473057421 
+0.557797157473846617 
+0.560999334917617110 
+0.564270591622036077 
+0.567479857247845221 
+0.570757897584212026 
+0.573973373737698522 
+0.577257307849885271 
+0.580412373052003772 
+0.583635475736232867 
+0.586860702365821663 
+0.592723527233352421 
+0.595953628198646390 
+0.599251031162856718 
+0.602483634801896928 
+0.605717173784854790 
+0.608951449022400393 
+0.612186262749761623 
+0.615355392806954171 
+0.618590694447528788 
+0.621825953145783705 
+0.624994959115815041 
+0.628229566288877050 
+0.631463560750500807 
+0.634762727751892686 
+0.637994910108167890 
+0.641291839295881849 
+0.644521450311414501 
+0.647749511045014881 
+0.650975839413864277 
+0.654266037834880354 
+0.657422577168818578 
+0.660642628823886469 
+0.663794592891476798 
+0.667009628505653929 
+0.672907390400794503 
+0.676114049073147649 
+0.679382765217523943 
+0.682582617759453725 
+0.685844037121007277 
+0.689101506218463111 
+0.692289823709113517 
+0.695474013839427530 
+0.698589061471645900 
+0.701764601050241188 
+0.704870865004687763 
+0.710682665673215808 
+0.713775380445472729 
+0.716927370194089919 
+0.720009834244370928 
+0.723151057637224204 
+0.726350545693852823 
+0.729480165201431330 
+0.735149202481795272 
+0.738198172724994772 
+0.741304344441244156 
+0.744403988007267037 
+0.747560010756890159 
+0.750583115679668733 
+0.753662315293984530 
+0.756734417768492484 
+0.759736808816073417 
+0.762856775509688889 
+0.765906755867324929 
+0.769011097130445687 
+0.772107333257022965 
+0.775133644598813065 
+0.778151903714837112 
+0.781223323721615515 
+0.784224915902937636 
+0.787218064105356885 
+0.790263460581279609 
+0.793239161151293115 
+0.796266492387235236 
+0.799224235110307268 
+0.802232985369483176 
+0.805172269604726099 
+0.808161932896191537 
+0.811141767076444697 
+0.814111646799219990 
+0.817012351503701439 
+0.819962156462459180 
+0.822842953022245971 
+0.825772206282130439 
+0.828632631991105262 
+0.831482806851285505 
+0.834380467675149839 
+0.837209597377652659 
+0.840028147625410893 
+0.842836011880028657 
+0.845690054743357567 
+0.850742105297755513 
+0.853451666449145940 
+0.856206606724861041 
+0.858894383872548350 
+0.863849004392118203 
+0.866560591425893589 
+0.869205541449579511 
+0.871893967497318734 
+0.874516048235778887 
+0.877235206724411243 
+0.879941845118149324 
+0.882528349821146252 
+0.885156659759865572 
+0.887719412489302084 
+0.890270287238838609 
+0.892914730392446843 
+0.895493607794306312 
+0.898059851693221778 
+0.900613379065038133 
+0.903205825723407130 
+0.905733411523018783 
+0.908299219818058390 
+0.910851449136919622 
+0.913440648369979846 
+0.915965197518318841 
+0.920474494159547629 
+0.922960135063859655 
+0.925382438532032836 
+0.927840199341943728 
+0.930235035354028739 
+0.932567713724108072 
+0.934935362090894895 
+0.937289175520867324 
+0.939676695691996855 
+0.942049671830223589 
+0.944361011914267801 
+0.946704990171526539 
+0.948987784081558816 
+0.951302504845522368 
+0.953556502304322651 
+0.955841714405847198 
+0.958066673387791501 
+0.960322134054544030 
+0.962517820740160901 
+0.964698935125759660 
+0.966909484280769393 
+0.969148496069171972 
+0.971371545014311222 
+0.973578573302498196 
+0.975769524263278787 
+0.977944342366105057 
+0.980102973217004902 
+0.982203512332886275 
+0.984288392437053572 
+0.986357565435910799 
+0.988410984273692006 
+0.990448602929443367 
+0.992470376414006261 
+0.994436299072819385 
+0.996386921387076407 
+0.998322203880831371 
+1.000281129346173081 
+1.002224002429769500 
+1.004112406515206946 
+1.006023382028041313 
+1.007880454601831399 
+1.009759387784498585 
+1.011584990804639039 
+1.013468513594276477 
+1.015298639340736830 
+1.017112430717942217 
+1.018909856766242239 
+1.022139078186207861 
+1.023855334789704585 
+1.025590307598846174 
+1.027274572572768552 
+1.028976850352698369 
+1.030662578771056603 
+1.032331734466221729 
+1.033984295039938273 
+1.035620239054298564 
+1.037239546028725812 
+1.038842196436956300 
+1.040428171704023130 
+1.041997454203238638 
+1.043550027253175694 
+1.045024762512521521 
+1.046514308840344132 
+1.049178650622530462 
+1.050622852614395697 
+1.052021949448339599 
+1.053434227162041381 
+1.054858688851350035 
+1.056238347777927133 
+1.057601850626622930 
+1.058976519373000524 
+1.060280363186426822 
+1.061622030837189090 
+1.062920523224142322 
+1.064228836821633939 
+1.065494636807664985 
+1.066744253159467526 
+1.068002688863885385 
+1.069244273295381964 
+1.070444678035480157 
+1.071652901185158768 
+1.072820616589089671 
+1.073995489801052416 
+1.075130530323501921 
+1.076249405822554017 
+1.077374458477832642 
+1.078460693074966059 
+1.079530783112609749 
+1.080606078273334880 
+1.081643576078155977 
+1.082685633789405077 
+1.083690580041171359 
+1.084679431957385365 
+1.085671886952310317 
+1.086628260162056048 
+1.087568578637086558 
+1.088511552958773887 
+1.089419479858222850 
+1.090311398656224728 
+1.091925407270194048 
+1.092771684767367191 
+1.093602023820227753 
+1.094416444320867488 
+1.095198829304447008 
+1.095981799163663339 
+1.096733417097764729 
+1.097469842192992928 
+1.098205961585303481 
+1.098911752828198196 
+1.099616648494388560 
+1.100305809359159781 
+1.100979261901491313 
+1.101650294149667531 
+1.102292093224469083 
+1.102930884952389334 
+1.103541147550808565 
+1.104135846285662304 
+1.104703347325388663 
+1.105267327531513910 
+1.105804798116650112 
+1.106338186044460770 
+1.106876985356640031 
+1.107389057644212915 
+1.107894924658173519 
+1.108374787093889147 
+1.108847879887465027 
+1.109295690529592537 
+1.109719208892106179 
+1.110135761726733339 
+1.110528726834093316 
+1.110906629572982585 
+1.111276760152970944 
+1.111903719926734535 
+1.112223911227718576 
+1.112529243605971052 
+1.112819760888826170 
+1.113095507560326158 
+1.113361702715221613 
+1.113607745125222870 
+1.113839155243354639 
+1.114055980166335669 
+1.114258267633890576 
+1.114442377913945403 
+1.114616030449121720 
+1.114775291559188419 
+1.114920211515757487 
+1.115053358697660091 
+1.115169459631744076 
+1.115271375063625836 
+1.115360802481847102 
+1.115434219112089842 
+1.115493611558456166 
+1.115539816395369588 
+1.115571041634741967 
+1.115588409600445807 
+1.115591976772583926 
+1.115581800233246490 
+1.115558561074906141 
+1.115521348284140846 
+1.115471737043947309 
+1.115407718657196456 
+1.115253184770864880 
+1.115150893838079860 
+1.115035325800460830 
+1.114788676809117973 
+1.114635785936808343 
+1.114324791454952113 
+1.114139349597965678 
+1.113937322553969267 
+1.113727019481540736 
+1.113494972923374959 
+1.113254784076726178 
+1.113002009290413818 
+1.112731172823175907 
+1.112453178108101515 
+1.112162805253343434 
+1.111860124148167150 
+1.111538651375381104 
+1.111211318025697947 
+1.110871890774965731 
+1.110513144560167698 
+1.110134407794984401 
+1.109750611877569071 
+1.109354532980259433 
+1.108946249912470261 
+1.108525842042860532 
+1.108102155871411032 
+1.107657977221736978 
+1.107211150794781718 
+1.106752986778209547 
+1.106273865646473453 
+1.105793031342008126 
+1.105290939755657176 
+1.104787754665530475 
+1.104263020724956856 
+1.103737808412375454 
+1.103190764338633167 
+1.102643852382333867 
+1.102074834470769149 
+1.101518256730896983 
+1.100939736908542299 
+1.100362967100147138 
+1.099763996932460408 
+1.099167354095459626 
+1.098548261078031052 
+1.097919128553275225 
+1.097280041466091483 
+1.096631085216926760 
+1.095972345659048219 
+1.095290167172462636 
+1.094611925133358143 
+1.093924161819096685 
+1.093212638757799393 
+1.092505906466012755 
+1.091789918963616213 
+1.091049871342974154 
+1.090315456435074548 
+1.089556791981817874 
+1.088804316364413438 
+1.088043038349297831 
+1.087273049045021978 
+1.086510415514259531 
+1.085723451738641598 
+1.084944367006253074 
+1.084140790630614859 
+1.083345610736976550 
+1.082508971370073514 
+1.081680915994225112 
+1.080844889126121311 
+1.080000985514331102 
+1.079166758785194080 
+1.078307543400975899 
+1.077440735902756241 
+1.076584349800526308 
+1.075684730127042465 
+1.074795725582828432 
+1.073881152070102152 
+1.072977692009669193 
+1.072048572068567962 
+1.071112261277125999 
+1.070168864746191772 
+1.069218487979727072 
+1.068261236871795639 
+1.067297217703534917 
+1.066326537140151354 
+1.065368910464557839 
+1.064385356511008185 
+1.063415320622882465 
+1.062439296363013153 
+1.061437286310379591 
+1.060449475098162342 
+1.059476316438251242 
+1.057616756995471086 
+1.056607720018373442 
+1.055593401750951177 
+1.054553047400858201 
+1.053528377653577541 
+1.052477679007447486 
+1.051464248556302383 
+1.050425000229452621 
+1.049381103914453606 
+1.048354107281640246 
+1.047301323579324261 
+1.046265825788202708 
+1.045226273260680294 
+1.044160985979214917 
+1.043091686269732588 
+1.042018482169620341 
+1.040919463642629772 
+1.039838701894827855 
+1.038732197979290950 
+1.037644323092023591 
+1.036553092715316371 
+1.035458616575110513 
+1.034338572546365409 
+1.033215380609843415 
+1.032066603656919712 
+1.030937411462744535 
+1.029805426898010801 
+1.028670768252252010 
+1.027533554089529844 
+1.026416719371869402 
+1.025274796133098576 
+1.024153575565923013 
+1.023030354133284803 
+1.021882264379830652 
+1.020755344894360928 
+1.019626766051820788 
+1.017526818984971104 
+1.016394125502687817 
+1.015260211835093074 
+1.014125192383745988 
+1.012014756538421434 
+1.010877210013812366 
+1.009739000985750756 
+1.008577000082754083 
+1.007437804956978766 
+1.006298296608975740 
+1.005158591083234132 
+1.004018804620697258 
+1.002879053656033914 
+1.001716200098492493 
+1.000600124911281696 
+0.999437942030109050 
+0.998276285505922401 
+0.997115280039993279 
+0.995931854708952180 
+0.994772545526855234 
+0.993614265155059351 
+0.992457139049044090 
+0.991301292844336213 
+0.990146852353480877 
+0.988993943563034716 
+0.987842692630538588 
+0.986693225881507208 
+0.985568601384378629 
+0.984445931100714655 
+0.983325334379886673 
+0.982206930715176618 
+0.981068087294385216 
+0.979954479673955769 
+0.978843426874191236 
+0.977735048939440854 
+0.976606933074284811 
+0.975504326270987376 
+0.974404757695093604 
+0.973286005923992392 
+0.972192943760909811 
+0.971103284300438019 
+0.969089071086544518 
+0.968009800211449889 
+0.966934398982243204 
+0.965841165606099561 
+0.964773952909288801 
+0.963710976587108470 
+0.962630800025369715 
+0.961576754069562556 
+0.960527312083675366 
+0.959482595949632477 
+0.958421557163778193 
+0.957386761409713238 
+0.956357060139633619 
+0.955311722883260939 
+0.954292687495817082 
+0.953279115915872888 
+0.952250618453551856 
+0.951268853905305023 
+0.950252134453320907 
+0.949261765677003155 
+0.948257452521222066 
+0.947279492321622563 
+0.946288096606346607 
+0.945323046115563392 
+0.944345079403418497 
+0.943393440140776862 
+0.941663397069757879 
+0.940712489390655104 
+0.939787847229798246 
+0.938870503138040768 
+0.937960580215251638 
+0.937076541252049644 
+0.936181672350971605 
+0.935312616567445132 
+0.934451150025435773 
+0.933579684592473091 
+0.932733908117966193 
+0.931861334842266520 
+0.931014696951640852 
+0.930159566541554073 
+0.929313440725959894 
+0.928493099849901582 
+0.927665189346577379 
+0.926846673538579302 
+0.926037683311641713 
+0.925238349536148141 
+0.924448803064108149 
+0.923684669249082879 
+0.922914887590868038 
+0.922155283036448004 
+0.921405986334815741 
+0.920696480467020018 
+0.919982236213700344 
+0.919292524000058009 
+0.918598726655705300 
+0.917901606962485794 
+0.917229174640030176 
+0.916567502381600896 
+0.915903545682216325 
+0.915263987588468830 
+0.914648273092871777 
+0.914030867918931622 
+0.913437089446888950 
+0.912842317280253557 
+0.912259160638019706 
+0.911687741832815868 
+0.911116887887590154 
+0.910569557212093317 
+0.910023537341672184 
+0.909500793161718613 
+0.908980115566412228 
+0.908482455577430792 
+0.907997394906141841 
+0.907515548931848715 
+0.907056315132093283 
+0.906610047816356013 
+0.906168165079091703 
+0.905748465563774641 
+0.905333945268813500 
+0.904941308122108157 
+0.904554654478911369 
+0.904189573371836031 
+0.903831289651182535 
+0.903487525138185310 
+0.903164845799782623 
+0.902850206785647647 
+0.902550467991064975 
+0.902265756996960877 
+0.901996201240872875 
+0.901741928013909844 
+0.901503064457744085 
+0.901279737561596184 
+0.901072074159209091 
+0.900880200925839092 
+0.900704244375231444 
+0.900547371088849968 
+0.900406024293724072 
+0.900282730768833805 
+0.900174561624273339 
+0.900079854742365737 
+0.900001142985160874 
+0.899939659991913610 
+0.899891400042913236 
+0.899861280845564604 
+0.899848311484217511 
+0.899852360337214718 
+0.899873116597241784 
+0.899911640091948906 
+0.899966508564034817 
+0.900038436891428373 
+0.900125550463966806 
+0.900229255430166408 
+0.900352347564229660 
+0.900489913371030015 
+0.900647798319526904 
+0.900819668411666719 
+0.901012798057508557 
+0.901219414301645760 
+0.901443387449702094 
+0.901690041539544351 
+0.901960608663707530 
+0.902496070358489666 
+0.902813991843909647 
+0.903150665944143283 
+0.903513658951056398 
+0.903896415572411183 
+0.904290807085525117 
+0.904713048567065581 
+0.905155409611260953 
+0.905608558039831646 
+0.906502067792817168 
+0.907011365083958077 
+0.907540528746241248 
+0.908576345318803269 
+0.909150706495085004 
+0.909769704579466598 
+0.910409945363881423 
+0.911058102999476538 
+0.911740746892013343 
+0.912430681961714840 
+0.913156182224088897 
+0.913903498631738809 
+0.914657145275063588 
+0.915431961961283402 
+0.916244525174715774 
+0.917062441284022478 
+0.918620807473310763 
+0.920233809967229144 
+0.921171619077225889 
+0.922132323202201509 
+0.923116033925143964 
+0.924102498642079828 
+0.925132090275400332 
+0.926185018977625840 
+0.927261394948368123 
+0.928361328032165978 
+0.929484927715451992 
+0.930585950247791893 
+0.931732611902947205 
+0.932878207752930177 
+0.934046005058036366 
+0.935286171626032337 
+0.936525110838638764 
+0.937787489235269667 
+0.939073407126428061 
+0.940409936968557014 
+0.941743718863081614 
+0.943073395533064351 
+0.944454467369509110 
+0.945830658307780126 
+0.947288816192151661 
+0.948742289088106205 
+0.950250504183004274 
+0.951753231544487988 
+0.953311907948180326 
+0.954864284226812909 
+0.956506276828583912 
+0.958109200754358348 
+0.959737037766878687 
+0.961423875111909187 
+0.963067829332781011 
+0.964805993052271216 
+0.966534942209979153 
+0.968289275708203445 
+0.970069086200574748 
+0.971911577295291318 
+0.973743142743948131 
+0.975600462539943480 
+0.977522329360736131 
+0.979431960645039568 
+0.981367619817301362 
+0.983289098671198958 
+0.985276546600057368 
+0.987248928265854198 
+0.989288513169922279 
+0.991312137109705560 
+0.993404203828292087 
+0.995522911991347903 
+0.999484110609512588 
+1.001633803494440311 
+1.003854976844557489 
+1.006057051774893241 
+1.008331864478225093 
+1.010586645838168263 
+1.012915427249176048 
+1.015271595269849669 
+1.017655232556498479 
+1.020066421293712500 
+1.022555303363072543 
+1.027108073067395821 
+1.029626292823908607 
+1.032172456414332196 
+1.036975453009565395 
+1.039601891777716558 
+1.042256577797086914 
+1.044939588527721952 
+1.047651000928735865 
+1.050334690157877393 
+1.053102551267434794 
+1.055899040357160423 
+1.058666287984371568 
+1.063870344818627078 
+1.066835785444816054 
+1.069771196670656899 
+1.072735664487706853 
+1.075790658402804745 
+1.078814051249798789 
+1.081929320827989205 
+1.084948723721352648 
+1.088060143401647029 
+1.091201044514990226 
+1.094306496820088626 
+1.097505961140881059 
+1.100668911738344136 
+1.103927204126585515 
+1.107147910372938693 
+1.110397290621161437 
+1.113744006419011612 
+1.117120732303233943 
+1.120527532542271221 
+1.123964470836153140 
+1.127502683166583308 
+1.130929013530136862 
+1.134529053124566422 
+1.138087789954816298 
+1.141750542117315081 
+1.145370860768102350 
+1.149096576309773354 
+1.152778720152894287 
+1.156567644928143679 
+1.160311852455087500 
+1.164164227315200861 
+1.167970732091713648 
+1.171729531548404202 
+1.175518052841512784 
+1.179416212258009189 
+1.183264953084433468 
+1.187224692202440979 
+1.191133858274573187 
+1.195073000138505925 
+1.199125177022856148 
+1.203125042856833193 
+1.207155029679826352 
+1.211300092077159940 
+1.215391090946489783 
+1.219684727227170917 
+1.223924396599167963 
+1.231793982884035188 
+1.236123502805024810 
+1.240574121517858952 
+1.244967859893109097 
+1.249302813388807110 
+1.253759647869913563 
+1.262028903536915880 
+1.270312487905063348 
+1.274823966541554610 
+1.279461234234950950 
+1.284130668526117791 
+1.288832307850803716 
+1.293663135785984464 
+1.298527575346635654 
+1.303425665167008196 
+1.308357443133640441 
+1.313223305572961186 
+1.318221894900623470 
+1.323254280812360628 
+1.328218842070936656 
+1.333215927189199013 
+1.338245567579468220 
+1.343411444194626991 
+1.348506952466375308 
+1.353635106572161462 
+1.358795935057239834 
+1.364095796866492183 
+1.369322725085410086 
+1.374582409519305548 
+1.379983226829510912 
+1.385309169644407312 
+1.390667943866576328 
+1.396169948415429518 
+1.401706186571842760 
+1.407276681619216596 
+1.412881456033539207 
+1.418520531480347513 
+1.424193928811700927 
+1.429787176601709175 
+1.435413424468204635 
+1.440956864389402847 
+1.446648489329444454 
+1.452373163749776319 
+1.458013067229101400 
+1.463803209800663696 
+1.469626444449283031 
+1.475482783932908548 
+1.481251716140801200 
+1.487173624266481697 
+1.493006807752415455 
+1.498994325402307926 
+1.504891797228752548 
+1.510944959179416847 
+1.516906750407330584 
+1.523025585287849371 
+1.529051720935689085 
+1.535236251185791545 
+1.541326750188437122 
+1.547449104219636329 
+1.553731867184334536 
+1.560047830525919776 
+1.566267088503439098 
+1.572648776978797791 
+1.578932418204117560 
+1.585247917422896613 
+1.591727847740215918 
+1.598107719198915255 
+1.604653355878078891 
+1.611366784864907364 
+1.617979463266886908 
+1.624761289548928511 
+1.631440983198280348 
+1.638291176214657030 
+1.645175884010296130 
+1.651956373740979256 
+1.658769990574192610 
+1.665476662710042355 
+1.672215100723478676 
+1.679126675300531168 
+1.685929267791414388 
+1.692906304763152736 
+1.699772993987315628 
+1.706815431032895791 
+1.713746152626302477 
+1.720853920646141733 
+1.727848603583835407 
+1.735021626657715421 
+1.742227582585505807 
+1.749318388557982829 
+1.756589472316835154 
+1.763893420709451210 
+1.771230209059144300 
+1.778750553335400220 
+1.786305036875983410 
+1.793893630556939955 
+1.801516304270079472 
+1.809173026919937310 
+1.816863766420822923 
+1.824278848698560385 
+1.831880685538440190 
+1.839358966358080494 
+1.853464880604525966 
+1.861032846900499749 
+1.868631942710908156 
+1.876580731717896633 
+1.884403239760323645 
+1.892258072804669400 
+1.900306488067769584 
+1.908226507036925312 
+1.916178726568593449 
+1.924326384550737234 
+1.938911913764628236 
+1.953768779455907101 
+1.961736523330431581 
+1.969901831820415117 
+1.977931379681352242 
+1.986159681794992471 
+1.994419729280839659 
+2.002881018547162828 
+2.011205043711910889 
+2.019560652957672175 
+2.028119284880557593 
+2.036366401191417097 
+2.044816426455381198 
+2.053297808346805198 
+2.061810487517757196 
+2.070529094076513310 
+2.079104821353435995 
+2.087711660576506922 
+2.096349548363693138 
+2.105195658237509093 
+2.113718211048545292 
+2.122448854120084327 
+2.131031170174466638 
+2.139822688423250074 
+2.148644855061948356 
+2.157316626163065187 
+2.166199255224863229 
+2.174930116590997109 
+2.184055745744781341 
+2.193029459035760631 
+2.202217451441256024 
+2.219020056087074533 
+2.228296315215683610 
+2.237417261561210235 
+2.246380985759223847 
+2.255560895882100070 
+2.264770468886637467 
+2.274009620841432877 
+2.283467729288724435 
+2.292766382347060095 
+2.302094354374992768 
+2.311642824203038238 
+2.321029762199521063 
+2.330638214234276084 
+2.340083749169206140 
+2.349558147357632354 
+2.359061315124247216 
+2.368593157704740548 
+2.378153579242980431 
+2.387938470575762029 
+2.397359770292932346 
+2.407005342608949494 
+2.416876815853662208 
+2.426579227999076771 
+2.436309618782698916 
+2.446067884606851983 
+2.456053924197411309 
+2.465868188324269905 
+2.475710007811616098 
+2.485579274567842667 
+2.495475879376797490 
+2.505602521813254935 
+2.515554022790831734 
+2.525328613031367020 
+2.535129006815795449 
+2.545160078819857397 
+2.555423348840986542 
+2.565508166924578504 
+2.575412793309401316 
+2.585549803335899899 
+2.595712999272011601 
+2.605694055566163403 
+2.615908728756450419 
+2.626149221694893843 
+2.636205639144460378 
+2.646496874285735768 
+2.656602754754223916 
+2.666944232413785532 
+2.677310897465454254 
+2.687490293365887073 
+2.698119264542012896 
+2.708560701015230610 
+2.719240643281049419 
+2.729731755580362407 
+2.740462103484441858 
+2.751002332560767538 
+2.761782510626341836 
+2.772371287582913624 
+2.782983879775819513 
+2.793837456308368328 
+2.804497727445911526 
+2.815181378241848442 
+2.825888262052095978 
+2.836618231017898228 
+2.847371136063195696 
+2.857926688068572307 
+2.868503962900858184 
+2.879323854906527647 
+2.889944588628314825 
+2.900586608090939489 
+2.911916912211562014 
+2.923048048528907206 
+2.934201782274788783 
+2.945377943300874879 
+2.956576360109433033 
+2.967796859850333480 
+2.978814206576462453 
+2.989852429221532493 
+3.000685462907954459 
+3.011538211710345969 
+3.022637229967939820 
+3.033529333733838929 
+3.044440669267622468 
+3.055598992596838315 
+3.066777014204421281 
+3.077974558845977260 
+3.089420566343485941 
+3.100657015545840167 
+3.112142349889849946 
+3.132634558566823824 
+3.144173838678804955 
+3.155732155683576678 
+3.167077586115107035 
+3.178673013688083859 
+3.190286887004233130 
+3.201919004881029984 
+3.213102814474275704 
+3.224536583340759321 
+3.235753442169545302 
+3.246986379590957927 
+3.258469729822887739 
+3.269734596095123624 
+3.281250152693498734 
+3.292546185794137603 
+3.304093165717564506 
+3.315655718318107681 
+3.327470082513727778 
+3.339300231348494741 
+3.351145945418020133 
+3.363007003862439781 
+3.374645514002204028 
+3.386298336763748917 
+3.397965260190269010 
+3.409646070971484644 
+3.421579358220886213 
+3.433287570720049864 
+3.445009018044264515 
+3.456983094244340027 
+3.468970489256713474 
+3.480730831423316740 
+3.492743901766826919 
+3.504769585031076495 
+3.516807641370084170 
+3.528375592029799890 
+3.540195850963371083 
+3.561693779712873376 
+3.573544982033651340 
+3.585164546671845809 
+3.596794006872802818 
+3.608918310760778514 
+3.620567282485466443 
+3.632225469328442369 
+3.644135805080744639 
+3.655811921984535751 
+3.667740085475475365 
+3.679433197455096671 
+3.701135329804038143 
+3.712850831438545995 
+3.724818029568746969 
+3.736792679781954618 
+3.748529931071434618 
+3.760273851083280050 
+3.772269064696189389 
+3.784025725133758122 
+3.796033438760378242 
+3.817858345748536220 
+3.829636647112179659 
+3.841665466864821354 
+3.853453578548008185 
+3.875813952800413631 
+3.887860213210165838 
+3.899910366276252205 
+3.911964139109034289 
+3.924267353886861986 
+3.936327601458168957 
+3.948636847046595122 
+3.960456177532769129 
+3.972523946911234116 
+3.984593661960802002 
+3.996418670022338748 
+4.008491399836621838 
+4.020565226876483322 
+4.032393436076517901 
+4.044468585176863584 
+4.056297532927835903 
+4.068372864918364584 
+4.080201429583946826 
+4.092275793617039525 
+4.104102842101443827 
+4.116421432897173105 
+4.128492110268149773 
+4.140560958343932896 
+4.152627674384572032 
+4.164691954124638329 
+4.176999614895694712 
+4.189058037678059065 
+4.201113095862924141 
+4.213410385168103289 
+4.225457696712146216 
+4.237746429896335876 
+4.249784714912370198 
+4.262063579467724850 
+4.284151479819350072 
+4.295923738682619231 
+4.307690072527472935 
+4.319940041253889973 
+4.331938118800234605 
+4.343929044619107671 
+4.356156969725072159 
+4.367888123956769064 
+4.379855614984581536 
+4.391814629297584816 
+4.403764831705949234 
+4.415949482782380642 
+4.427880852331632866 
+4.440045579804388964 
+4.451956728683295950 
+4.464100109724231658 
+4.475989636989471165 
+4.488110235347104293 
+4.499734671627649618 
+4.521257794454973222 
+4.532848704420850083 
+4.544668313315026964 
+4.556233847884485044 
+4.568267383442368157 
+4.590130795305967126 
+4.601642935486472297 
+4.613380055637033905 
+4.624862740324799049 
+4.636330329021321361 
+4.648020895065434033 
+4.659456918560973548 
+4.671114535088751296 
+4.682517566520086660 
+4.693903740398704727 
+4.705509370561356874 
+4.716860396102681818 
+4.728193490130498944 
+4.749158267525727339 
+4.760672999023501717 
+4.772167587176618042 
+4.783641644184768893 
+4.795094780576848237 
+4.806759683094799840 
+4.818169356091372535 
+4.829789088277712139 
+4.841153687366572811 
+4.852726598764208532 
+4.863813757702562413 
+4.875108428013954054 
+4.886149217310370219 
+4.906787004388247553 
+4.917759144132045179 
+4.929162268442000894 
+4.940310988837362416 
+4.951433218173312056 
+4.962754693941759498 
+4.973822133653197142 
+4.984861824758013427 
+4.996097776154291736 
+5.007080121044474197 
+5.018033444092598216 
+5.029179946933668433 
+5.039851322876193862 
+5.059560586297161322 
+5.070368146778983842 
+5.089917289360485597 
+5.100634970327019957 
+5.111319903238843665 
+5.121754600158809012 
+5.132589762968967406 
+5.143173804434358232 
+5.153938260962625861 
+5.164452099562977239 
+5.175143987496797493 
+5.185585790887008883 
+5.195991258099974530 
+5.206148700015937436 
+5.216480895120527705 
+5.226565683375584470 
+5.236822812566600760 
+5.246833183194791417 
+5.257013438836418473 
+5.267154169840468469 
+5.277254909600575417 
+5.287315189715435793 
+5.297334539985826041 
+5.307109273779737180 
+5.325126618665084521 
+5.334986290923080077 
+5.344602852349595423 
+5.354376520491076263 
+5.363907908698315907 
+5.373790882754487797 
+5.383430606513307737 
+5.393220028289695378 
+5.402767073086657490 
+5.412267504984876965 
+5.421913261595159739 
+5.431126554474042578 
+5.440484179668219511 
+5.449603716086370397 
+5.458864652111556026 
+5.467888509656193108 
+5.477050786888062461 
+5.486162472829613890 
+5.495223059353257611 
+5.504415352189935717 
+5.513371139022007483 
+5.522274280396285207 
+5.531124260702293682 
+5.540099516266611346 
+5.548840508629210078 
+5.557350051068098651 
+5.572987520997314093 
+5.581517981578160814 
+5.589991716616221851 
+5.598237006771828561 
+5.606596882660095815 
+5.615067256178065236 
+5.623308767291616661 
+5.631490882518408014 
+5.639613062099620322 
+5.647838655391685947 
+5.655675445772551768 
+5.663614560820763089 
+5.671491562130926312 
+5.679147054112727133 
+5.693180738647757977 
+5.700816945019163029 
+5.708388385779839425 
+5.715741973020682209 
+5.723183555274093948 
+5.730558702067201082 
+5.737718376715475799 
+5.744813226180257359 
+5.751988465313084831 
+5.758950682042668134 
+5.766132328930376971 
+5.773099807537706241 
+5.779996883508911054 
+5.786822979025634694 
+5.793714612786883933 
+5.800395527753309466 
+5.807003705125413973 
+5.813538559201052891 
+5.820130584575242239 
+5.826645024914038018 
+5.832953297611197740 
+5.839312262890981486 
+5.845591763454066836 
+5.851791164263572043 
+5.857788250207597969 
+5.863707194675516376 
+5.869547393953441272 
+5.875424980183659329 
+5.881104231817154471 
+5.886702902688812244 
+5.892332132952976309 
+5.897766129152673287 
+5.903226043643224230 
+5.908492851472935570 
+5.913675974429935422 
+5.918774790645217720 
+5.923687205114225307 
+5.928617286488121252 
+5.933363206440937176 
+5.938122092413420816 
+5.942887979154026112 
+5.947469586415802922 
+5.951962490214603108 
+5.956454986388042272 
+5.960766724056014709 
+5.964987824887289847 
+5.969117644672071066 
+5.973236981402074264 
+5.977180402208999155 
+5.980952944921591907 
+5.984711157433535433 
+5.991367246103370903 
+5.994785352915396714 
+5.998179262221649211 
+6.001409813633705070 
+6.004610960309419099 
+6.007776033298197760 
+6.010717484688061774 
+6.013621523243749323 
+6.016425183143653044 
+6.019073648947911082 
+6.023775938959573750 
+6.026190301649151593 
+6.028501016509437704 
+6.030751335727483564 
+6.032850547820693521 
+6.034883614904087423 
+6.036768511254802405 
+6.038581446957110188 
+6.040249197206540188 
+6.041808418616295029 
+6.043286860880836997 
+6.044624672428843937 
+6.045851835124397056 
+6.046967642802286491 
+6.047952027438729061 
+6.048845306689651480 
+6.049610338725319281 
+6.050278297354880763 
+6.050821233461258331 
+6.051253246782136941 
+6.051579143273702499 
+6.051784929469357976 
+6.051878466856443595 
+6.051855241940391039 
+6.051713569887214206 
+6.051458533504501247 
+6.051078784944799338 
+6.050589120330885251 
+6.049370687481982145 
+6.048526339983506972 
+6.047578830468122391 
+6.045504307469164118 
+6.044184638711637803 
+6.042768750390337118 
+6.041230265862498783 
+6.039496545986603238 
+6.037666913329720941 
+6.035707246257670633 
+6.033616781440123589 
+6.031394753346232207 
+6.026916463903576826 
+6.024259799305401231 
+6.021520347818286822 
+6.018585483979975947 
+6.015508884136346879 
+6.012289718694701079 
+6.008927155653420726 
+6.005420360598671792 
+6.001768496701743061 
+5.997970724715647961 
+5.994106537010621238 
+5.990100616416762946 
+5.986038258481251262 
+5.981749412934265209 
+5.977408368512785231 
+5.972833458640440796 
+5.968210643892781775 
+5.963346512882985451 
+5.958231261058944739 
+5.953068672322556765 
+5.947757133058846790 
+5.942182806016660379 
+5.936567831154466290 
+5.930920632306484919 
+5.924882783770584638 
+5.918685549215652486 
+5.912328048616540599 
+5.905809399476776633 
+5.899128716825293495 
+5.892423587663307316 
+5.885561151648518674 
+5.878540568919556009 
+5.871212814090815968 
+5.863870138460699266 
+5.856366765457316603 
+5.848859893314426017 
+5.841197200848119664 
+5.833213311987718086 
+5.825233281137812469 
+5.816923763335388742 
+5.808448471711516348 
+5.799806543443315476 
+5.790997113387449602 
+5.781834334471948722 
+5.772683833184014901 
+5.763363202905287253 
+5.745797548628612361 
+5.735989540817620025 
+5.726213480326949323 
+5.716061162818954600 
+5.705733597197713891 
+5.695229895348129290 
+5.684329343236365517 
+5.673243516484086868 
+5.661971463908459512 
+5.650743256953568050 
+5.639099661058125434 
+5.627505502222600597 
+5.615728850447348819 
+5.603522799858605907 
+5.591374667365712980 
+5.579041294621877256 
+5.566264321982810515 
+5.553553895936078177 
+5.540655460636235929 
+5.527568094526879250 
+5.514290873662808679 
+5.500546021540987596 
+5.486882387631700553 
+5.473026093745858134 
+5.458976206307777801 
+5.444439054870766626 
+5.429698355852094593 
+5.414753109599791614 
+5.399907350643493587 
+5.384554141462901455 
+5.368993390575164781 
+5.353858876904252995 
+5.338209881015989922 
+5.309268409624909424 
+5.293047550742659979 
+5.276621805575162583 
+5.259990209352949364 
+5.243151794868987636 
+5.226455557578777444 
+5.209559013227124780 
+5.192461245804757652 
+5.174798766186091470 
+5.157291555314287734 
+5.139209180983499436 
+5.120913229910872388 
+5.102402715492104335 
+5.083676648661588970 
+5.064345192303024490 
+5.045180593673899594 
+5.025797440275821870 
+5.006194733118066509 
+4.985964610830205146 
+4.965915257189955412 
+4.945227279620961980 
+4.924727171011173965 
+4.903577135376002261 
+4.882192133114241273 
+4.860571084154628352 
+4.839152400175199986 
+4.817060781738705444 
+4.795178851945081533 
+4.773066089662821199 
+4.750721465708572566 
+4.728143948390400197 
+4.704864520817611862 
+4.681813305646507217 
+4.658526065722403686 
+4.635001759240349628 
+4.611726676184579432 
+4.587729992331921025 
+4.563990160584612710 
+4.539516987269188064 
+4.514801543572337650 
+4.489842772618656497 
+4.464122712761783518 
+4.438147061137126315 
+4.412441857353387675 
+4.386489029791777128 
+4.359750186841129249 
+4.332751256794885819 
+4.306038868236361949 
+4.278521593803832346 
+4.250740820794041142 
+4.199499863189993576 
+4.171543041764116388 
+4.143328943978309198 
+4.114272708574671533 
+4.085535471054554613 
+4.055943135897410734 
+4.026678277291416030 
+3.997150608410557915 
+3.966748276357013658 
+3.936686247245781534 
+3.906358060511936348 
+3.875135414863051242 
+3.818229571356799301 
+3.786864323307858271 
+3.755227485045216973 
+3.723317930463563741 
+3.691134530845769923 
+3.659341326789898652 
+3.625941668557423725 
+3.593606423033078645 
+3.560321996519687726 
+3.527445845050676265 
+3.493607003999059213 
+3.459486390401538269 
+3.425787803268709908 
+3.391106002107038275 
+3.356855466158930934 
+3.321607951925290347 
+3.286801023974031288 
+3.251717118487371216 
+3.215615467409533412 
+3.179968490537617765 
+3.113130551644111677 
+3.076680649355239439 
+3.008345602145482633 
+2.939028997245435093 
+2.900444375548816733 
+2.862355477686715055 
+2.823976740621691572 
+2.784498319660720700 
+2.745530432923211528 
+2.705448237903388176 
+2.665886591471689826 
+2.625195905899738946 
+2.585035869308692114 
+2.544578003206745986 
+2.502968878101204719 
+2.461046978342398273 
+2.418811084346045970 
+2.377131522758714866 
+2.334270440954088865 
+2.254717595755567405 
+2.211848610932139358 
+2.168671482899776848 
+2.124275783090448400 
+2.080472394263606084 
+2.035434952867132274 
+1.914364600871320432 
+1.869076940805210585 
+1.822518569061347904 
+1.776588623416910817 
+1.729372115979457725 
+1.681821266112609958 
+1.634915444564678078 
+1.587686378600512427 
+1.539138715488255649 
+1.491252772930345971 
+1.442032047070487266 
+1.392469413907178488 
+1.343585515198030489 
+1.294371081645799393 
+1.243789153240861145 
+1.192860220070951494 
+1.142632951969313471 
+1.092070236616534906 
+1.040106859471271905 
+0.988862528863163170 
+0.936200781069456145 
+0.884269824059000453 
+0.831997233213207066 
+0.777182003858937098 
+0.723100781429167561 
+0.668659592652352308 
+0.613857115425916811 
+0.557562421707640921 
+0.502025948820832069 
+0.446124177127254939 
+0.389855773213772017 
+0.332059715719551896 
+0.275046484992850171 
+0.217662577460208229 
+0.159906648353853070 
+0.101777350074976625 
+0.042075461453926433 
-0.015606758567706713 
-0.073651159495043805 
-0.133279723201227218 
-0.193288408815806834 
-0.253678580923118457 
-0.315695868800139556 
-0.376860974648088987 
-0.438411705907021831 
-0.500349438636478183 
-0.563951566878329480 
-0.626675410912896913 
-0.689790430062517723 
-0.753298011906065268 
-0.817199546894649576 
-0.934277743323223220 
-0.999296276117808357 
-1.063375036934578910 
-1.129185354648336803 
-1.194042439647237330 
-1.260650056602774960 
-1.326290878552315089 
-1.393701331506635999 
-1.461519452821305354 
-1.528350173358495212 
-1.598384389485878243 
-1.668847532750891594 
-1.738319022759544641 
-1.809635928009873052 
-1.881386298210570462 
-1.952123682278761763 
-2.024736827128280847 
-2.096322676671398710 
-2.168330659025087037 
-2.240762225104902416 
-2.313618828758019053 
-2.388401951224723874 
-2.462121752281998255 
-2.536270999951616645 
-2.610851159894534756 
-2.687399081302487946 
-2.762854344032693810 
-2.840298295419724450 
-2.918197124747526239 
-2.996552405091105875 
-3.075365712733572288 
-3.151458866298422201 
-3.227976993686668905 
