24
72
120
168
218
267
316
366
415
464
514
564
613
663
713
762
812
861
910
960
1009
1058
1107
1157
1206
1255
1303
1352
1401
1449
1498
1547
1597
1646
1695
1744
1794
1843
1892
1942
1991
2040
2089
2139
2188
2237
2286
2335
2385
2434
2483
2531
2581
2630
2679
2729
2778
2827
2877
2926
2976
3026
3077
3127
3177
3225
3274
3324
3373
3463
3512
3562
3610
3658
3707
3755
3845
3893
3942
3990
4039
4087
4135
4184
4232
4281
4329
4378
4427
4475
4524
4573
4623
4673
4722
4772
4822
4871
4920
4970
5019
5068
5117
5166
5216
5265
5314
5363
5413
5463
5512
5562
5612
5661
5710
5758
5808
5857
5906
5955
6005
6054
6104
6153
6203
6252
6301
6350
6399
6447
6497
6547
6596
6646
6696
6746
6795
6845
6894
6943
6993
7042
7092
7141
7190
7239
7289
7338
7386
7435
7484
7533
7582
7631
7681
7730
7779
7828
7878
7927
7976
8025
8075
8124
8173
8222
8272
8321
8370
8420
8469
8519
8568
8617
8667
8716
8766
8815
8865
8915
8964
9014
9063
9112
9160
9209
9257
9306
9354
9402
9451
9500
9550
9600
9650
9700
9749
9799
9848
9898
9948
9998
10048
10098
10148
10197
10245
10334
10383
10431
10479
10528
10578
10628
10677
10727
10776
10825
10873
10922
10972
11021
11070
11119
11169
11218
11268
11317
11367
11416
11468
11517
11565
11613
11662
11712
11762
11812
11862
11912
11962
12011
12060
12108
12157
12205
12254
12303
12351
12400
12448
12497
12545
12634
12683
12772
12821
12869
12918
12967
13016
13065
13115
13164
13213
13262
13312
13360
13408
13457
13505
13553
13602
13651
13700
13750
13799
13848
13898
13948
13998
14047
14096
14146
14195
14244
14293
14342
14392
14441
14490
14539
14589
14638
14687
14736
14786
14835
14884
14933
14983
15032
15082
15131
15181
15230
15280
15329
15378
15428
15477
15567
15616
15665
15713
15762
15811
15900
15949
15998
16046
16094
16143
16192
16242
16291
16341
16431
16479
16528
16576
16625
16673
16721
16770
16819
16868
16917
16967
17016
17065
17115
17164
17213
17262
17311
17402
17451
17502
17552
17602
17652
17702
17752
17800
17849
17897
17946
17994
18043
18092
18141
18190
18240
18289
18338
18386
18435
18484
18533
18583
18632
18682
18731
18780
18829
18877
18925
18973
19022
19070
19119
19167
19216
19264
19314
19363
19412
19462
19511
19560
19610
19659
19708
19757
19807
19856
19904
19953
20001
20050
20098
20147
20195
20244
20292
20341
20389
20438
20488
20537
20587
20636
20685
20776
20824
20873
20921
20970
21019
21068
21116
21165
21214
21263
21311
21360
21408
21497
21546
21595
21644
21692
21782
21830
21879
21927
21976
22024
22072
22121
22169
22217
22266
22314
22362
22411
22459
22507
22556
22605
22654
22703
22753
22802
22851
22900
22949
22998
23047
23097
23146
23195
23243
23292
23340
23389
23438
23486
23535
23624
23672
23721
23770
23820
23869
23918
23967
24017
24066
24115
24165
24214
24263
24313
24362
24410
24459
24507
24556
24604
24653
24702
24752
24802
24852
24902
24952
25001
25050
25099
25149
25198
25247
25296
25346
25395
25444
25494
25543
25592
25640
25688
25738
25787
25836
25885
25974
26023
26071
26120
26169
26218
26267
26317
26366
26415
26464
26514
26563
26612
26661
26710
26759
26809
26858
26906
26955
27003
27052
27100
27149
27198
27247
27295
27344
27393
27442
27492
27541
27590
27639
27689
27738
27787
27836
27885
27933
27982
28030
28079
28128
28177
28227
28276
28325
28374
28423
28472
28522
28571
28620
28669
28719
28768
28817
28867
28916
28965
29014
29064
29112
29161
29209
29258
29307
29355
29404
29453
29502
29550
29640
29729
29778
29828
29877
29926
29975
30065
30115
30164
30213
30262
30312
30361
30410
30459
30508
30558
30607
30657
30706
30755
30805
30854
30903
30953
31002
31052
31101
31151
31200
31250
31298
31347
31396
31446
31495
31545
31594
31643
31693
31742
31791
31840
31889
31938
31988
32038
32088
32139
32189
32239
32289
32338
32387
32436
32485
32534
32584
32633
32682
32732
32782
32831
32881
32930
32980
33070
33119
33168
33217
33265
33314
33444
33493
33541
33590
33639
33688
33738
33787
33837
33886
33936
33985
34035
34084
34133
34183
34232
34282
34331
34381
34431
34480
34530
34579
34627
34675
34724
34813
34862
34911
34960
35010
35059
35108
35199
35248
35297
35346
35394
35443
35491
35540
35589
35638
35687
35737
35786
35835
35884
35934
35983
36032
36082
36131
36180
36229
36279
36328
36377
36426
36515
36564
36612
36661
36710
36760
36809
36858
36908
36957
37007
37057
37107
37157
37208
37258
37308
37359
37408
37457
37506
37555
37603
37651
37700
37748
37796
37844
37893
37941
37990
38038
38086
38175
38224
38272
38321
38369
38418
38467
38516
38565
38615
38664
38713
38803
38852
38902
38951
39000
39050
39098
39147
39317
39366
39416
39466
39516
39565
39615
39664
39712
39762
39812
39862
39911
39961
40009
40059
40108
40157
40206
40297
40346
40395
40445
40494
40544
40593
40643
40692
40742
40791
40840
40890
40939
40989
41039
41088
41137
41226
41275
41323
41372
41420
41469
41517
41565
41614
41662
41711
41759
41808
41856
41905
41954
42003
42052
42102
42151
42201
42250
42300
42349
42398
42448
42497
42546
42596
42645
42736
42786
42836
42885
42933
42982
43030
43078
43127
43176
43226
43275
43325
43374
43424
43473
43523
43572
43622
43671
43721
43770
43819
43868
43918
43967
44057
44106
44156
44206
44256
44305
44355
44405
44453
44502
44550
44599
44647
44696
44744
44793
44882
44930
45019
45068
45117
45165
45254
45303
45351
45400
45449
45499
45548
45597
45646
45695
45743
45792
45840
45889
45978
46027
46076
46125
46175
46224
46273
46322
46370
46419
46467
46516
46564
46613
46663
46713
46762
46812
46862
46911
46961
47010
47058
47106
47155
47203
47251
47300
47349
47397
47446
47494
47543
47591
47640
47690
47740
47789
47838
47886
47935
48024
48073
48123
48172
48222
48271
48321
48369
48418
48467
48515
48564
48613
48661
48710
48758
48807
48855
48904
48952
49003
49054
49103
49151
49199
49247
49297
49346
49395
49444
49494
49543
49593
49643
49693
49743
49793
49843
49891
49940
49988
50037
50086
50135
50183
50232
50280
50329
50377
50425
50474
50522
50571
50620
50668
50717
50765
50814
50862
50951
51000
51049
51098
51148
51197
51247
51297
51346
51396
51445
51495
51544
51593
51643
51691
51780
51829
51918
51966
52016
52065
52114
52163
52212
52262
52310
52359
52407
52537
52585
52634
52682
52730
52779
52827
52876
52924
52973
53062
53111
53160
53209
53259
53310
53360
53411
53462
53512
53563
53612
53661
53711
53760
53809
53858
53908
53957
54005
54055
54104
54153
54203
54252
54302
54351
54401
54451
54501
54551
54601
54651
54700
54749
54799
54848
54898
54947
54997
55047
55097
55146
55196
55246
55295
55345
55393
55441
55490
55538
55586
55635
55684
55734
55783
55832
55881
55931
55980
56029
56078
56126
56174
56223
56271
56319
56368
56416
56466
56516
56566
56616
56666
56714
56763
56813
56862
56911
56960
57009
57059
57108
57157
57206
57256
57305
57354
57403
57494
57543
57593
57642
57692
57741
57790
57840
57889
57938
57987
58037
58086
58135
58184
58233
58283
58331
58380
58428
58477
58525
58573
58622
58670
58759
58849
58899
58948
58997
59046
59096
59144
59193
59242
59290
59339
59387
59437
59486
59534
59582
59631
59679
59728
59778
59827
59876
59925
59974
60024
60073
60122
60171
60219
60268
60316
60365
60414
60463
60512
60561
60611
60660
60709
60757
60806
60855
60904
60952
61001
61050
61098
61146
61195
61244
61293
61342
61391
61441
61489
61579
61628
61678
61727
61776
61825
61874
61923
61971
62020
62068
62117
62166
62215
62265
62314
62363
62412
62462
62511
62560
62609
62698
62828
62877
62926
62975
63025
63075
63124
63174
63224
63273
63323
63373
63423
63473
63523
63572
63621
63671
63720
63770
63819
63868
63916
63965
64054
64103
64152
64200
64248
64297
64345
64394
64443
64491
64540
64589
64639
64687
64735
64784
64873
64922
64972
65020
65068
65117
65165
65214
65262
65312
65362
65412
65461
65511
65561
65650
65699
65749
65798
65848
65897
65947
65996
66044
66092
66141
66189
66238
66286
66334
66383
66433
66482
66532
66582
66632
66680
66728
66777
66826
66874
66922
66972
67021
67071
67120
67169
67219
67267
67315
67364
67412
67461
67509
67557
67607
67656
67705
67754
67803
67853
67902
67952
68001
68050
68100
68149
68198
68248
68296
68345
68393
68442
68490
68539
68587
68636
68685
68734
68782
68831
68880
68930
68979
69028
69078
69127
69176
69226
69275
69324
69374
69423
69472
69522
69570
69619
69667
69717
69767
69818
69868
69918
69967
70017
70066
70116
70165
70215
70263
70313
70362
70411
70461
70510
70559
70609
70658
70707
70757
70806
70856
70905
70955
71004
71053
71103
71152
71201
71249
71298
71346
71394
71443
71493
71544
71594
71644
71695
71745
71795
71843
71932
71981
72031
72080
72130
72179
72230
72280
72329
72378
72427
72476
72526
72575
72624
72714
72764
72853
72902
72951
72999
73048
73096
73145
73194
73244
73293
73343
73392
73441
73491
73540
73589
73638
73688
73737
73786
73836
73884
73933
73981
74071
74120
74169
74218
74267
74315
74365
74414
74463
74513
74562
74612
74662
74712
74762
74812
74862
74912
74962
75012
75062
75111
75161
75210
75260
75309
75359
75408
75457
75506
75554
75603
75692
75740
75790
75840
75889
75938
75987
76035
76083
76132
76180
76229
76277
76326
76374
76423
76471
76520
76569
76618
76788
76838
76886
76935
76983
77032
77081
77130
77179
77228
77278
77327
77376
77425
77475
77524
77573
77623
77672
77721
77770
77819
77949
77999
78049
78099
78148
78198
78248
78297
78346
78394
78443
78491
78540
78588
78637
78687
78737
78787
78836
78886
78936
78986
79036
79085
79134
79183
79233
79282
79332
79382
79432
79482
79532
79582
79631
79681
79730
79780
79830
79879
79928
79977
80027
80075
80124
80173
80222
80270
80319
80368
80417
80466
80515
80565
80614
80663
80712
80762
80811
80861
80910
80958
81007
81055
81104
81153
81203
81252
81301
81351
81441
81532
81581
81630
81680
81729
81779
81828
81878
81927
81977
82027
82077
82127
82177
82227
82277
82326
82376
82425
82474
82523
82573
82622
82671
82721
82770
82819
82869
82918
82966
83014
83063
83111
83160
83249
83299
83349
83399
83448
83498
83548
83598
83647
83697
83747
83796
83845
83895
83944
83993
84043
84091
84140
84188
84237
84285
84334
84382
84431
84520
84568
84616
84665
84754
84802
84851
84899
84948
84996
85045
85094
85142
85191
85239
85289
85337
85386
85436
85485
85534
85583
85633
85681
85730
85779
85827
85876
85924
85973
86021
86070
86119
86169
86218
86267
86316
86365
