42
92
141
190
240
289
338
387
435
483
532
580
629
677
727
776
825
875
924
973
1021
1070
1118
1167
1215
1263
1312
1360
1410
1459
1508
1557
1607
1656
1704
1753
1802
1850
1899
1947
1996
2044
2092
2141
2189
2237
2287
2336
2385
2435
2484
2533
2582
2630
2679
2728
2777
2826
2875
2924
2972
3021
3070
3118
3167
3215
3265
3314
3363
3412
3462
3511
3559
3608
3656
3705
3753
3802
3851
3900
3950
3999
4047
4096
4145
4193
4242
4291
4340
4389
4439
4488
4537
4586
4636
4684
4732
4780
4829
4877
4925
4975
5024
5073
5122
5170
5219
5267
5317
5366
5416
5465
5515
5564
5613
5662
5710
5759
5807
5856
5904
5952
6001
6049
6098
6147
6196
6245
6295
6344
6393
6443
6492
6541
6591
6640
6690
6739
6788
6837
6886
6936
6985
7034
7083
7133
7182
7231
7280
7330
7379
7429
7478
7528
7577
7625
7674
7722
7770
7819
7867
7915
7965
8015
8065
8116
8166
8215
8264
8312
8361
8409
8458
8507
8556
8605
8655
8704
8755
8804
8854
8904
8954
9004
9053
9103
9153
9203
9253
9302
9351
9400
9450
9499
9548
9598
9648
9697
9746
9796
9845
9894
9943
9992
10040
10089
10137
10186
10234
10282
10331
10379
10428
10476
10525
10575
10624
10674
10722
10772
10821
10870
10919
10969
11019
11068
11117
11167
11216
11265
11314
11364
11413
11462
11512
11561
11610
11659
11709
11758
11807
11857
11906
11955
12005
12053
12101
12150
12198
12247
12295
12345
12395
12444
12493
12542
12592
12641
12690
12740
12789
12838
12888
12937
12986
13036
13084
13132
13181
13229
13278
13326
13375
13426
13477
13528
13579
13630
13681
13729
13777
13826
13874
13922
13971
14020
14070
14119
14169
14218
14268
14317
14366
14414
14463
14511
14560
14609
14658
14708
14757
14806
14855
14904
14954
15003
15052
15101
15151
15200
15249
15299
15348
15398
15447
15497
15546
15595
15645
15694
15743
15792
15840
15889
15938
15987
16038
16088
16139
16190
16240
16290
16339
16388
16437
16485
16534
16584
16634
16684
16734
16784
16834
16883
16933
16983
17033
17081
17130
17179
17227
17276
17324
17374
17423
17473
17522
17572
17621
17671
17719
17768
17818
17867
17916
17965
18014
18064
18112
18161
18210
18258
18307
18356
18405
18454
18504
18553
18602
18651
18700
18749
18797
18846
18895
18943
18992
19041
19090
19139
19188
19238
19287
19336
19386
19435
19485
19534
19582
19632
19681
19730
19779
19828
19878
19926
19975
20024
20073
20122
20171
20220
20268
20316
20366
20415
20464
20513
20562
20610
20659
20707
20757
20806
20855
20905
20954
21003
21052
21101
21151
21200
21249
21299
21349
21398
21447
21497
21546
21595
21643
21692
21740
21789
21838
21887
21937
21986
22035
22085
22134
22183
22233
22282
22331
22380
22428
22476
22525
22573
22622
22670
22718
22767
22815
22864
22914
22963
23012
23062
23111
23161
23210
23260
23310
23360
23409
23458
23508
23557
23606
23656
23705
23754
23804
23853
23902
23951
24000
24050
24099
24148
24197
24247
24296
24345
24394
24442
24491
24540
24588
24637
24686
24734
24783
24831
24879
24928
24976
25025
25074
25123
25171
25220
25270
25320
25370
25420
25470
25520
25569
25618
25668
25717
25766
25815
25864
25914
25964
26014
26063
26113
26163
26212
26262
26312
26362
26411
26461
26510
26558
26608
26657
26707
26756
26806
26855
26904
26953
27001
27049
27098
27146
27195
27243
27292
27340
27388
27437
27485
27534
27583
27633
27683
27732
27782
27831
27880
27930
27979
28028
28077
28126
28176
28225
28274
28324
28373
28423
28472
28522
28572
28621
28671
28720
28770
28819
28868
28918
28967
29016
29065
29114
29164
29213
29262
29311
29361
29411
29460
29510
29559
29609
29659
29708
29757
29807
29856
29906
29955
30004
30053
30102
30151
30201
30250
30299
30349
30399
30449
30499
30549
30598
30647
30696
30744
30793
30841
30889
30937
30986
31035
31083
31132
31181
31229
31278
31327
31377
31426
31475
31524
31574
31623
31673
31722
31771
31820
31870
31919
31967
32016
32065
32113
32161
32210
32258
32308
32357
32406
32456
32505
32554
32604
32653
32702
32752
32801
32850
32899
32949
32998
33047
33097
33146
33196
33246
33296
33345
33394
33443
33492
33541
33590
33638
33688
33737
33786
33836
33885
33934
33985
34035
34084
34133
34183
34232
34281
34330
34379
34427
34476
34526
34575
34624
34673
34722
34771
34819
34867
34916
34964
35012
35061
35109
35157
35206
35254
35302
35352
35401
35451
35500
35550
35599
35649
35698
35748
35796
35845
35893
35942
35990
36038
36087
36137
36186
36235
36284
36333
36383
36432
36480
36530
36579
36629
36678
36727
36777
36826
36876
36925
36974
37023
37073
37122
37171
37220
37269
37318
37368
37418
37468
37517
37567
37617
37666
37716
37766
37815
37864
37913
37961
38009
38058
38106
38155
38204
38253
38303
38352
38401
38450
38500
38549
38598
38647
38696
38745
38795
38844
38893
38942
38992
39041
39090
39140
39189
39239
39288
39338
39387
39436
39486
39536
39586
39637
39687
39736
39784
39833
39882
39931
39980
40029
40077
40126
40174
40223
40272
40321
40369
40418
40466
40514
40563
40611
40659
40708
40756
40805
40853
40903
40952
41002
41051
41100
41150
41199
41248
41298
41347
41397
41446
41496
41545
41595
41644
41694
41743
41792
41842
41891
41941
41990
42040
42088
42137
42185
42234
42282
42331
42379
42428
42476
42525
42573
42622
42670
42720
42770
42819
42868
42918
42967
43016
43065
43114
43164
43213
43263
43312
43362
43411
43460
43509
43558
43606
43655
43703
43752
43800
43849
43899
43949
44000
44050
44100
44150
44199
44249
44298
44347
44396
44445
44495
44544
44593
44642
44692
44741
44790
44839
44887
44935
44984
45032
45082
45131
45181
45230
45279
45327
45375
45423
45472
45520
45568
45618
45667
45717
45766
45814
45863
45911
45959
46007
46057
46108
46158
46208
46258
46307
46356
46405
46454
46503
46552
46602
46651
46700
46750
46799
46848
46896
46945
46993
47042
47091
47140
47188
47237
47286
47335
47384
47432
47481
47530
47578
47627
47676
47725
47774
47822
47871
47919
47968
48018
48067
48116
48165
48214
48264
48313
48362
48412
48461
48511
48560
48610
48659
48708
48757
48805
48854
48903
48951
49001
49050
49099
49148
49197
49246
49295
49343
49391
49439
49488
49536
49584
49634
49683
49733
49782
49832
49881
49931
49980
50030
50079
50129
50178
50227
50277
50326
50375
50425
50474
50523
50572
50620
50669
50718
50767
50816
50866
50915
50964
51013
51062
51112
51161
51211
51259
51308
51357
51406
51454
51503
51553
51602
51652
51702
51752
51801
51851
51900
51950
51999
52048
52098
52147
52196
52246
52295
52344
52394
52443
52492
52541
52590
52639
52687
52736
52784
52833
52882
52930
52978
53027
53076
53124
53173
53221
53270
53319
53368
53417
53467
53517
53567
53616
53666
53716
53765
53814
53863
53913
53962
54011
54060
54108
54157
54205
54254
54302
54351
54401
54450
54499
54548
54598
54646
54694
54743
54791
54839
54888
54936
54986
55035
55084
55133
55182
55230
55280
55330
55379
55429
55478
55527
55576
55624
55673
55721
55770
55819
55867
55915
55964
56013
56061
56110
56159
56208
56257
56307
56356
56405
56454
56504
56554
56603
56653
56703
56753
56801
56849
56898
56946
56995
57044
57092
57141
57190
57240
57289
57339
57389
57438
57487
57536
57585
57635
57683
57732
57780
57829
57878
57926
57975
58025
58074
58123
58172
58221
58270
58318
58366
58415
58463
58511
58560
58609
58658
58707
58757
58806
58856
58905
58955
59004
59053
59102
59152
59201
59250
59299
59348
59396
59444
59493
59541
59589
59638
59687
59736
59785
59834
59882
59931
59980
60029
60078
60127
60176
60225
60275
60325
60374
60423
60472
60522
60571
60620
60669
60718
60767
60816
60866
60915
60964
61013
61062
61111
61161
61210
61260
61309
61359
61409
61458
61507
61556
61604
61653
61702
61750
61799
61848
61896
61945
61993
62041
62090
62138
62186
62235
62284
62332
62381
62429
62479
62528
62578
62628
62678
62727
62776
62826
62875
62924
62973
63022
63070
63119
63167
63216
63264
63313
63362
63411
63459
63508
63557
63607
63656
63706
63755
63805
63854
63904
63953
64002
64052
64100
64148
64197
64245
64293
64341
64391
64440
64489
64538
64589
64640
64691
64739
64788
64836
64885
64933
64981
65030
65078
65126
65175
65225
65274
65323
65372
65422
65470
65518
65567
65615
65664
65712
65761
65810
65860
65909
65958
66007
66057
66106
66155
66204
66253
66303
66352
66400
66449
66497
66545
66594
66642
66691
66739
66788
66836
66885
66933
66982
67031
67080
67130
67179
67228
67276
67324
67373
67422
67471
67520
67570
67618
67667
67716
67764
67813
67862
67911
67961
68011
68061
68111
68160
68210
68259
68307
68356
68405
68453
68503
68553
68602
68651
68701
68750
68800
68849
68899
68949
69000
69050
69099
69149
69198
69247
69296
69345
69394
69443
69491
69540
69588
69637
69685
69733
69782
69830
69878
69927
69975
70023
70072
70121
70171
70220
70269
70319
70368
70418
70467
70516
70565
70614
70663
70713
70762
70812
70861
70911
70961
71010
71059
71108
71157
71206
71255
71304
71354
71403
71452
71502
71552
71602
71652
71702
71752
71801
71851
71900
71949
71998
72048
72097
72146
72195
72244
72294
72343
72392
72440
72489
72538
72586
72635
72684
72733
72782
72831
72880
72929
72979
73028
73077
73126
73174
73224
73274
73324
73374
73423
73473
73522
73570
73619
73667
73715
73764
73813
73861
73909
73958
74007
74055
74104
74153
74201
74250
74299
74348
74396
74445
74495
74544
74593
74642
74690
74739
74787
74836
74884
74932
74981
75029
75078
75126
75175
75224
75272
75321
75369
75418
75466
75515
75565
75613
75661
75710
75758
75806
75855
75904
75953
76002
76052
76101
76150
76200
76248
76297
76345
76393
76441
76490
76539
76589
76639
76688
76738
76788
76837
76887
76937
76986
77035
77085
77134
77184
77234
77283
77333
77382
77430
77478
77527
77575
77624
77673
77723
77772
77821
77871
77920
77970
78019
78069
78118
78168
78217
78266
78316
78366
78415
78465
78515
78564
78613
78662
78711
78760
78810
78859
78908
78957
79007
79056
79106
79155
79205
79253
79302
79352
79401
79450
79499
79549
79597
79645
79694
79742
79791
79839
79887
79936
79984
80033
80081
80129
80179
80228
80277
80326
80376
80425
80474
80523
80573
80622
80671
80720
80770
80819
80868
80917
80967
81016
81065
81114
81162
81211
81259
81307
81356
81405
81455
81505
81555
81606
81656
81706
81754
81802
81851
81899
81947
81997
82046
82095
82144
82194
82243
82292
82342
82391
82441
82490
82540
82590
82640
82689
82738
82787
82836
82886
82935
82984
83033
83083
83132
83181
83229
83278
83327
83377
83426
83475
83525
83574
83623
83673
83722
83771
83821
83870
83919
83969
84018
84068
84117
84166
84216
84265
84315
84364
84413
84462
84511
84560
84610
84659
84708
84756
84805
84853
84902
84950
84999
85047
85095
85144
85192
85241
85289
85337
85386
85435
85484
85534
85583
85632
85682
85730
85779
85827
85876
85924
85973
86021
86070
86118
86168
86217
86267
86316
86366
