+4.802430159060240733 
+4.683336972529749787 
+4.565557190387167452 
+4.446720450686628467 
+4.331573213639413389 
+4.217718565231274752 
+4.011942370300325855 
+3.901717225651532672 
+3.790547973686810845 
+3.682874490362380904 
+3.576453733290868353 
+3.471278962804205115 
+3.365235182332373842 
+3.262557327607336521 
+3.161105219512347020 
+3.060872195503877791 
+2.959843361776082205 
+2.862053134438778290 
+2.763503174591935618 
+2.668128782566116186 
+2.572030265179493291 
+2.479044904142257977 
+2.385370557836171024 
+2.296585416930681411 
+2.208913011174232111 
+2.120555528442233495 
+2.035113225205972931 
+1.949019680438110580 
+1.864060207653337464 
+1.780228410281667006 
+1.697517910546394226 
+1.614268698522140166 
+1.533804294355654463 
+1.454442038203000553 
+1.374589720127613379 
+1.297435041959598134 
+1.222905226597236883 
+1.147888724548955963 
+1.075441477467459439 
+1.004015954480581119 
+0.932150229780563944 
+0.862771694383641652 
+0.792983525561797187 
+0.722843465197711588 
+0.655150893525748401 
+0.588486316270143917 
+0.522843652762614575 
+0.458216840727581953 
+0.394599836258581860 
+0.330719202479228258 
+0.270371166096841087 
+0.210974847498699880 
+0.151316941670394556 
+0.093826771905803241 
+0.036103080239007213 
-0.020652357740864602 
-0.075316386961000958 
-0.130172456275866821 
-0.182987149484834077 
-0.234895014315685380 
-0.286954618396403127 
-0.337046635772439984 
-0.386248320495734987 
-0.436559175267675847 
-0.484938136029775535 
-0.533365848978716528 
-0.579911022570344770 
-0.626479416683702439 
-0.671214075721582759 
-0.715946823248730269 
-0.758894092822855804 
-0.801814715676248291 
-0.842997573742989559 
-0.882501384298837621 
-0.921977620511392537 
-0.959820323073238946 
-0.997611717831174083 
-1.033814581008468458 
-1.069942777414065738 
-1.104526935498410189 
-1.166556656024424932 
-1.198890346236979099 
-1.231094544745441333 
-1.262492720714078587 
-1.293090260687465687 
-1.323492500360957003 
-1.352488792959323227 
-1.381268233644801668 
-1.409236504189914641 
-1.435863837527353581 
-1.461722810700828212 
-1.486314119733769701 
-1.530466291963318959 
-1.553441176987610639 
-1.575226580098473050 
-1.596735319299893874 
-1.617511129208274667 
-1.637559156242213376 
-1.656884529666876382 
-1.675492361617596515 
-1.693387747123463072 
-1.710919210153403647 
-1.727390639317538223 
-1.743164907481070891 
-1.758547668209209824 
-1.772928705945387762 
-1.786900217893163223 
-1.799908403612493935 
-1.812244593190779796 
-1.824144962295338956 
-1.835138504306418561 
-1.845474922871757961 
-1.855159108213372043 
-1.864017947584230228 
-1.872590256148942700 
-1.880346915293152676 
-1.887609562818853171 
-1.894092581197948988 
-1.899952453338226377 
-1.905294516068510191 
-1.909909924086771404 
-1.913992013140410009 
-1.917382302770906044 
-1.920173335797083602 
-1.922369801414681945 
-1.924003049969226886 
-1.925012487050907772 
-1.925438438218638026 
-1.925303196251453741 
-1.924616687255871206 
-1.923354819575217256 
-1.921573473020153244 
-1.919256830796386204 
-1.916344220027800027 
-1.912958851590437881 
-1.908964102089417914 
-1.904429408121316669 
-1.899468043027077613 
-1.893877669339140368 
-1.887890717391519146 
-1.881262085456620881 
-1.874266551179334606 
-1.866616957184727532 
-1.851243284697692282 
-1.834377547938012221 
-1.824395561702795376 
-1.813705789223440057 
-1.802740185765873804 
-1.791294205759430547 
-1.779372108287334164 
-1.766720314707947104 
-1.753849196119273479 
-1.740237800762663767 
-1.726434851282665051 
-1.712177012189508574 
-1.697163608157243431 
-1.681999393737552140 
-1.666069738374116760 
-1.650016014391698427 
-1.633869025266852404 
-1.616959995109800374 
-1.599982980061768423 
-1.582234589432825800 
-1.564068215601502665 
-1.545104408519961225 
-1.526497593271487041 
-1.507101343435393481 
-1.487711145429315707 
-1.467522968038714737 
-1.447364592003502537 
-1.426399948669986095 
-1.405048910023678488 
-1.382867878788670346 
-1.360748046686437895 
-1.337790605587156456 
-1.314447146387484722 
-1.290721746503333378 
-1.266618466818415278 
-1.242634531520061536 
-1.217794965670044860 
-1.193097192227717152 
-1.167537067990561006 
-1.142140807139684355 
-1.115875724869519026 
-1.089260491982609658 
-1.062299039023317349 
-1.034995280237136051 
-1.007909248192794927 
-0.979939208010939033 
-0.952207661918302861 
-0.923586495964148213 
-0.894642198825370549 
-0.865966965018897916 
-0.836988640660049299 
-0.808311266797184125 
-0.778743441357793387 
-0.749495394258496539 
-0.719351916604821007 
-0.689546706376092722 
-0.658841310867892993 
-0.627222039875650061 
-0.595957184125247785 
-0.564420635478378507 
-0.532615825288615063 
-0.501203277937002589 
-0.441630875530212741 
-0.408833567014233346 
-0.375107245069471240 
-0.341804366295046513 
-0.307569110895923536 
-0.273774263099568316 
-0.239043892272023939 
-0.204770557646010154 
-0.169558768142847427 
-0.134820310228341178 
-0.099140677930351195 
-0.063950342010499206 
-0.028541213275016908 
+0.007812764179369935 
+0.043654189577553737 
+0.078966984683865427 
+0.115219410605831740 
+0.150928768749809983 
+0.188329912026755864 
+0.225181740231696459 
+0.262985167985763546 
+0.300224917153006032 
+0.338417765533003845 
+0.376032886997032634 
+0.414602410232068230 
+0.451803648158910498 
+0.489172944310364954 
+0.527491181057008873 
+0.565191488759649197 
+0.603841787382205730 
+0.641861679991943213 
+0.680832429529282024 
+0.719960676265239741 
+0.758440282291898527 
+0.797871705650943674 
+0.836642732145444157 
+0.876365989047608984 
+0.915417376529786608 
+0.955421230192166515 
+0.994742023132161535 
+1.034192109993332220 
+1.074594689169888984 
+1.115126449380707374 
+1.190732948147534387 
+1.232454130512058654 
+1.273460568050218455 
+1.315423136017840111 
+1.356660564540034475 
+1.398008226697298184 
+1.439463428729176098 
+1.480174295174846666 
+1.520983277546623214 
+1.562741059138718303 
+1.638833106565386721 
+1.681715956728619510 
+1.724692086942291702 
+1.768620983037780370 
+1.811777159935257675 
+1.890537661445113482 
+1.933926633246989102 
+1.976522946512395240 
+2.019191092722717684 
+2.062801470862380082 
+2.105607137544080576 
+2.148477128975519790 
+2.190532222868609491 
+2.233522309339553313 
+2.275690362981652282 
+2.317910870254038969 
+2.361062723960160703 
+2.403382332388039888 
+2.482852886426138994 
+2.526182433658684889 
+2.570438381041145970 
+2.613848116499014385 
+2.694560425171922624 
+2.738067406866173670 
+2.781604002318597502 
+2.825167938875738916 
+2.869646773642213766 
+2.913259067501838828 
+2.956891914529954590 
+3.000543092586124949 
+3.044210392034871759 
+3.088783198909108130 
+3.132476379060227245 
+3.176179082288543398 
+3.219889148995405570 
+3.262712245297645364 
+3.305538340178194368 
+3.349257665727773947 
+3.392083741000140762 
+3.435798922813293466 
+3.479508897143550161 
+3.523211589853310066 
+3.566904939027758736 
+3.611478230500353881 
+3.655146460404935738 
+3.698799192922557211 
+3.741544088553038883 
+3.785160217475319833 
+3.828754886731064566 
+3.871437157726718148 
+3.914095091608830401 
+3.957614722475162772 
+4.001105136711379018 
+4.044564404808587810 
+4.087990609198564051 
+4.132267002226336139 
+4.175620602198167219 
+4.219818977778027502 
+4.263092292336366995 
+4.307204862562793224 
+4.350390308310267962 
+4.393529487786633325 
+4.436620578818368799 
+4.479661770958905720 
+4.522651265464966208 
+4.566462951001039272 
+4.609342554541773218 
+4.652165098327636805 
+4.694928830429315525 
+4.737632010502380808 
+4.780272909763627176 
+4.824586259590237347 
+4.868828357522753336 
+4.912997294071385745 
+4.957091173200939949 
+5.000245786469905696 
+5.044185479490451485 
+5.086326122076113343 
+5.129248358390597673 
+5.171233648131077665 
+5.213139606251733227 
+5.254964632350536569 
+5.296707137297870460 
+5.338365543212905351 
+5.380785803804072565 
+5.422269526748552337 
+5.463664452875603317 
+5.504969049291080552 
+5.547021903658555964 
+5.588139365465124797 
+5.629161935077335421 
+5.670088124206432489 
+5.710916455599200248 
+5.752475622829835267 
+5.793929824652642502 
+5.834451626409792091 
+5.875693482033534920 
+5.916004271145570925 
+5.956208483359597849 
+5.996304718675255607 
+6.036291587937507863 
+6.076980348564816836 
+6.116742059356526262 
+6.155582270038206794 
+6.195117999617663962 
+6.235340841740946161 
+6.274640535636867966 
+6.314619777851153692 
+6.353678073530534043 
+6.392614932375041192 
+6.432219911418161296 
+6.470907518922590640 
+6.510255524189428655 
+6.548688736109652631 
+6.586994158611312322 
+6.625948321607237901 
+6.663991819902936875 
+6.702676187874857305 
+6.741222395575448445 
+6.778862421366461888 
+6.816367371868134128 
+6.853736081704610683 
+6.890967395823004438 
+6.928815714348465882 
+6.965765950796138029 
+7.002575365232134530 
+7.039989674120137764 
+7.076511182781354492 
+7.113629422818526393 
+7.149858563202551309 
+7.185941370856302690 
+7.251831161410363435 
+7.287493113012203594 
+7.323004709815526425 
+7.359084981565928274 
+7.395006555477783294 
+7.430768365083350702 
+7.466369354699001981 
+7.501808479399224794 
+7.537084704990332007 
+7.571496374934530316 
+7.606447051088460753 
+7.640537746875914138 
+7.674468161830139579 
+7.708237372213750938 
+7.742528628672895152 
+7.816017119605787045 
+7.849095352051435270 
+7.881337694889142043 
+7.914086730201598030 
+7.946004945917042761 
+7.977761565265283572 
+8.010012284216033507 
+8.042745891119817969 
+8.074652211692892934 
+8.106386849632841063 
+8.137949007924866862 
+8.169337898998890068 
+8.201187964749221848 
+8.232224420764564954 
+8.263713267935829165 
+8.294394189832395625 
+8.325518695460862872 
+8.356458028177200958 
+8.387211421447714699 
+8.417778118771741092 
+8.447551630273967049 
+8.477746476936960818 
+8.507154169195903393 
+8.536379775666363301 
+8.566013434557493866 
+8.594869131877036494 
+8.624123974915615776 
+8.652607120963873300 
+8.681480490245787607 
+8.709588517553189746 
+8.737509953025217158 
+8.765244194861452343 
+8.793350863359455261 
+8.820705097965374719 
+8.847870375464186310 
+8.874846129872917544 
+8.901631804058320441 
+8.927686002744128047 
+8.954093787087266776 
+8.979776780579650008 
+9.026908943252738737 
+9.073403980635797339 
+9.099244163291150045 
+9.124371045194486385 
+9.170014145104788739 
+9.194586691158274760 
+9.218962952570683100 
+9.243633897452738779 
+9.268099546998316285 
+9.311618942689932510 
+9.335031660285729060 
+9.358245626259581229 
+9.381260449878194407 
+9.404539286969455958 
+9.427609975109721319 
+9.450472126026172148 
+9.472674345546126418 
+9.494675573018767523 
+9.516918265217764628 
+9.538950970736079782 
+9.560338961591710927 
+9.581954887440584656 
+9.602507685221020495 
+9.622865757711632995 
+9.643446819825555849 
+9.663410557451115324 
+9.683178765858963644 
+9.703156869121254857 
+9.722529186441857263 
+9.742499977674977885 
+9.762257548513483485 
+9.796897700448322865 
+9.815680058634463023 
+9.833879719868004798 
+9.851881858785958457 
+9.870423847768051928 
+9.888386668657833667 
+9.920484971044276179 
+9.937513393677058104 
+9.954691810429103782 
+9.971318915529060689 
+9.988087362515848611 
+10.004648502966151824 
+10.021002207110949911 
+10.037148352781485983 
+10.053086825385740610 
+10.069136388240242042 
+10.084654957700145417 
+10.099655172035710393 
+10.114761957163066697 
+10.129358635904921471 
+10.144053334686560675 
+10.158246210236619334 
+10.172528578248776654 
+10.186602580719259947 
+10.200468177226495570 
+10.214125334667025768 
+10.227574027232037679 
+10.240814236383640079 
+10.254109733231270951 
+10.277238581343727475 
+10.289678853474162779 
+10.302158112474092633 
+10.314177211887752605 
+10.325987894766383235 
+10.337824811191186569 
+10.348984169062244831 
+10.360169857182855324 
+10.370925373172841688 
+10.381698928223084266 
+10.392050854925980019 
+10.402412561789557088 
+10.412566347022981006 
+10.422512303951304347 
+10.432053869131468815 
+10.441588712947563522 
+10.450727766880593350 
+10.459667807819400309 
+10.468588948412200779 
+10.477127188442164396 
+10.485809970440188366 
+10.494110139661858128 
+10.502203617373712774 
+10.510090564174557670 
+10.524039307805487908 
+10.531488189794199428 
+10.538580142877222556 
+10.545604835794055276 
+10.552281483449927890 
+10.558622864184282975 
+10.564893410799513163 
+10.575877311410035730 
+10.581567425165523844 
+10.587053372599909196 
+10.592335396845815154 
+10.597413747376226212 
+10.602386052174145092 
+10.607053685671040455 
+10.611518437219084277 
+10.615780581543788230 
+10.619921148337578387 
+10.623698178511389756 
+10.627281613352771217 
+10.630740308239591485 
+10.633997856089587586 
+10.636994192028977224 
+10.639854475606878026 
+10.642566763585918466 
+10.645022899765624658 
+10.647323485419866174 
+10.649416678563458305 
+10.651302848825263681 
+10.652982372272282063 
+10.654400656437182704 
+10.655652770517113126 
+10.656707518402338764 
+10.657549738877431622 
+10.658214901258151741 
+10.658676228125099072 
+10.658953329484903705 
+10.659035278051984363 
+10.658930066903456790 
+10.658630016752685066 
+10.658147773660019197 
+10.657463659907609355 
+10.656606008308973088 
+10.655539510065448638 
+10.654280500667843157 
+10.652797814757230199 
+10.651151218191786896 
+10.649313471821708177 
+10.647241658576955814 
+10.644971791243508008 
+10.642555653344398792 
+10.639895126801748759 
+10.637038060676925255 
+10.633984974819163938 
+10.630803278889555230 
+10.627434330537059992 
+10.623878635177174345 
+10.620214927648376602 
+10.616291060625409060 
+10.612267690299567846 
+10.607977693551777776 
+10.603596680480148251 
+10.598942636249656601 
+10.594206039787412266 
+10.589190070258002407 
+10.584099988709265716 
+10.578724255644019081 
+10.573282825907170945 
+10.567549530286155957 
+10.561758927498708260 
+10.550567553797609577 
+10.544154920997860003 
+10.537564727607090731 
+10.530657625129190791 
+10.523710508027782851 
+10.516440452636805603 
+10.509138881450311942 
+10.501508413422685706 
+10.494012825528734822 
+10.486189584468636582 
+10.478358607711435013 
+10.470362562666306161 
+10.462030293921348090 
+10.453702508805989169 
+10.444854154139306956 
+10.436011582449085111 
+10.426814558436003466 
+10.417442483057817171 
+10.408088696046309707 
+10.398372110561883375 
+10.380649191632091544 
+10.370659240739714235 
+10.360713996426985872 
+10.341859251439622369 
+10.322469367266590368 
+10.311567151563973965 
+10.300732078800972857 
+10.289513391433906975 
+10.278369683815075319 
+10.266837346835483658 
+10.255147651512039886 
+10.243057943133347720 
+10.230805933770167115 
+10.218392410730043451 
+10.205818165758891780 
+10.193083995014987408 
+10.180450119190457059 
+10.167401661384738887 
+10.154461334482302703 
+10.141101761789794722 
+10.127858108929020275 
+10.103145519101008887 
+10.089481320680743437 
+10.075953690666764828 
+10.061999752801511931 
+10.036284061703803161 
+10.021923273820421585 
+10.007122075159276875 
+9.992473333928954204 
+9.977683292043039387 
+9.962752763403486256 
+9.947373561976238676 
+9.932473519704103637 
+9.917126450610595612 
+9.901324758571341533 
+9.885701357433690717 
+9.869942445893501670 
+9.854048862988191715 
+9.810903014139949363 
+9.794186307964793059 
+9.777671909657758675 
+9.760686659217412853 
+9.743910843335413574 
+9.726660638954696125 
+9.709626937737606767 
+9.692466911467779056 
+9.675181435368550353 
+9.657771387895616400 
+9.640596712635613130 
+9.622942667950514561 
+9.605166688263977903 
+9.587636114083835537 
+9.569621383843852414 
+9.551858650770100212 
+9.533608686003226751 
+9.515617249966023650 
+9.497513926637914494 
+9.478918930393119169 
+9.460592113058133634 
+9.441770756820824673 
+9.422836419953135589 
+9.403400161032873683 
+9.383848203343511329 
+9.364181531494045529 
+9.344797849248219990 
+9.324906960152858915 
+9.304904309146392549 
+9.284790892908848292 
+9.264973243947515869 
+9.244643464549515244 
+9.224615708369615419 
+9.204485391561089358 
+9.184253465778802195 
+9.163504893329763590 
+9.143070590346830784 
+9.122117506167690237 
+9.101484742653408233 
+9.080755206668058577 
+9.059503867597815230 
+9.021003363070120074 
+9.000341050668867027 
+8.979590385926861984 
+8.958317238833732432 
+8.936953959769951439 
+8.915062806283408747 
+8.893520427211932144 
+8.871890893856033244 
+8.849731128959117399 
+8.827928532781575299 
+8.805594243013155520 
+8.783622645446897081 
+8.761117984367794875 
+8.738981464861002024 
+8.716310604214518420 
+8.694013259837662488 
+8.671637836350395645 
+8.648726334200969035 
+8.626196242767054656 
+8.603591128883071093 
+8.543262469215653354 
+8.519924462812468846 
+8.496982235105146941 
+8.473500439570868181 
+8.450891108962395037 
+8.427744265987602290 
+8.404531276401968398 
+8.381728879828793666 
+8.338809357888690599 
+8.315832739961114939 
+8.292797413309454413 
+8.269222643689738916 
+8.246071663194655343 
+8.222380873587784578 
+8.199118245512527992 
+8.175801854614576314 
+8.152432686291611219 
+8.128523247051354872 
+8.104560888028064625 
+8.080546661956415022 
+8.056481623025550931 
+8.031874177479293664 
+8.007709698231352036 
+7.983002985911150873 
+7.958743386921410590 
+7.934438310348113532 
+7.909591435255805436 
+7.885695975633788990 
+7.861759938046990470 
+7.837284419200914343 
+7.813269440788992881 
+7.789216915588346168 
+7.764625612312705982 
+7.739997300392024826 
+7.714829333207721795 
+7.689625087885154642 
+7.664890830403675359 
+7.639618122783546461 
+7.614312541696911296 
+7.589482281583771694 
+7.564622627553658774 
+7.539226453974409381 
+7.514310706521103000 
+7.489368828027773262 
+7.464401900584816119 
+7.438390477271057399 
+7.412354313643525927 
+7.386294632669018867 
+7.360212658241473527 
+7.334109615153360906 
+7.307986729066476173 
+7.282357976115275022 
+7.256712486085172387 
+7.231564782809960512 
+7.205889568133311052 
+7.180201066994145620 
+7.154500438637917625 
+7.129303174819039413 
+7.104096470163188570 
+7.078881417404418563 
+7.053659109777365543 
+7.027915717803830731 
+7.002682090016680405 
+6.976929426116359245 
+6.951688946370841116 
+6.926446729332587537 
+6.901203870758999770 
+6.875446328060802692 
+6.850205518074650612 
+6.824967378123528050 
+6.799733005167049704 
+6.774503496404406633 
+6.749794648688873799 
+6.724578005714722195 
+6.699369497329884737 
+6.674170221454094332 
+6.649495225732192871 
+6.624831175478055556 
+6.599665652951077099 
+6.574513710770633068 
+6.549889298639962831 
+6.524767479084495392 
+6.499150349255776504 
+6.474063711340718008 
+6.448996145061333785 
+6.423948748502465556 
+6.398922619636365994 
+6.373918856299019886 
+6.349448116436450462 
+6.324491864793695406 
+6.300069773339674661 
+6.275673313061384206 
+6.250796101756925793 
+6.226454584542115533 
+6.201129419096931272 
+6.176342139899029249 
+6.151587029664956852 
+6.126361010158296594 
+6.101674235654976464 
+6.076520226161581384 
+6.051906254669630059 
+6.026828811778798922 
+6.002292106834266505 
+5.977295783113465433 
+5.952840804114849504 
+5.927930147708817543 
+5.903561349523544166 
+5.878740903753301161 
+5.853967744017137598 
+5.829737039286533751 
+5.805060918136737413 
+5.780927531405043673 
+5.757334950200416301 
+5.733301217855427012 
+5.709808340903142820 
+5.685878515488260732 
+5.662002793840350989 
+5.638667833282946518 
+5.614417991877792780 
+5.590711074383143853 
+5.567062586248171741 
+5.542992826015842311 
+5.519465680639953575 
+5.495521983913939756 
+5.471643659755509148 
+5.447831850396051223 
+5.424561909585353447 
+5.400885164818390649 
+5.377278331787032073 
+5.353742547996927392 
+5.330747506906639899 
+5.308290000229035854 
+5.285435347497565495 
+5.262653201074630083 
+5.239944625548851320 
+5.217771848367109833 
+5.195212047858165150 
+5.172270951005311090 
+5.149410879018718745 
+5.127087702114721424 
+5.104391374165813566 
+5.081779416361222879 
+5.059252948206911960 
+5.036813087622611818 
+5.014907126743165300 
+4.993086465013506725 
+4.971352150031647987 
+4.949705227837117860 
+4.927707701959951336 
+4.906240534078115445 
+4.884863908747623107 
+4.863578865503882298 
+4.842386442205704356 
+4.820858070360594994 
+4.799855936922402755 
+4.778949547765042993 
+4.758139933767148833 
+4.737849829593040241 
+4.717654544055291943 
+4.696719654664918586 
+4.676305344825053112 
+4.655992916303643092 
+4.635783388892582124 
+4.615268551073055114 
+4.595270029580176718 
+4.558814854452667653 
+4.539119574751788733 
+4.519931758412761624 
+4.500849325419699731 
+4.481479021414290997 
+4.462612429277467818 
+4.443464423854030620 
+4.424817510531381615 
+4.390152093886963591 
+4.371824294818528855 
+4.353231023078375728 
+4.334756287555170395 
+4.301506515535916009 
+4.283370900425202521 
+4.265723956858149535 
+4.247831354619984623 
+4.230424334809405273 
+4.212778559306785020 
+4.195258913357357677 
+4.177866362850126691 
+4.160601871162926457 
+4.143466399138569400 
+4.126460905061495765 
+4.109586344633919808 
+4.092843670952541757 
+4.075896248025847157 
+4.059422936742840271 
+4.042752344516753915 
+4.026552253483411725 
+4.010162417176624139 
+3.993915861327407946 
+3.978134203674919434 
+3.962492036814782015 
+3.946675395486791249 
+3.931317886627820002 
+3.916102663865030475 
+3.901030646890439879 
+3.886102752481797040 
+3.871319894478082002 
+3.856682983756278382 
+3.842192928208287839 
+3.827850632716304879 
+3.813656999130137670 
+3.799327876072383425 
+3.785437339441922511 
+3.760319091726259444 
+3.746860258495964935 
+3.733555307291221759 
+3.720138364925140273 
+3.707147001238371153 
+3.694572533898673239 
+3.681891882680024430 
+3.669623454772277249 
+3.647280328693047746 
+3.635204962734550627 
+3.623532630470211124 
+3.611777821641096509 
+3.600186208668686660 
+3.588990206546131656 
+3.577724142002129959 
+3.566398972497628606 
+3.555468553102449469 
+3.544705517100758652 
+3.534110691394564796 
+3.523684899294930339 
+3.513221429923628403 
+3.502935684384249626 
+3.492828525717134092 
+3.482900812966847059 
+3.473153401155762321 
+3.463587141258468005 
+3.454388776350722612 
+3.445183691817404359 
+3.436340893951178366 
+3.427675272139994789 
+3.419187608093341435 
+3.404064219168693839 
+3.396085593963554139 
+3.388445212890371927 
+3.380979160485690915 
+3.373388167151183392 
+3.365987908559421982 
+3.358779182356412374 
+3.351901219895405681 
+3.345074063777277562 
+3.338440790817023718 
+3.332255978099635918 
+3.326251253099513860 
+3.320307892845091757 
+3.314553634827842377 
+3.308989196504453112 
+3.303507608411382801 
+3.298328855065376430 
+3.293342062519722280 
+3.288547930997871127 
+3.283947156377667653 
+3.279452522301357753 
+3.275244512935159058 
+3.271231935680702030 
+3.267415468706163839 
+3.263795785715934095 
+3.260305775118581550 
+3.257085713347047218 
+3.251689675183815353 
+3.249035236567214380 
+3.246533453120900248 
+3.244285049562871670 
+3.242238578317372166 
+3.240394672423947853 
+3.238722596403109222 
+3.237289867517256337 
+3.236084606652364748 
+3.235057198265518075 
+3.234250160147302822 
+3.233630460021930109 
+3.233217611494811017 
+3.233010181735689770 
+3.233017067975294090 
+3.233239162526003518 
+3.233668171533095048 
+3.234306980927559749 
+3.235175685361146414 
+3.236240111283523291 
+3.237516044036811813 
+3.239036617621843916 
+3.240741568202652800 
+3.244473859639699143 
+3.246789286604679692 
+3.249373282654166140 
+3.252123021529345959 
+3.255151280117126511 
+3.258404730303897878 
+3.261812113281042258 
+3.265436792719174086 
+3.269359955710736898 
+3.273425176805490722 
+3.277709182360998064 
+3.282212454240191146 
+3.287034148302246717 
+3.292085146142961882 
+3.297365942252675985 
+3.302764543583069923 
+3.308501775846025783 
+3.314470244645492336 
+3.320670420685447599 
+3.326971843408756069 
+3.333632164784754437 
+3.340525560169814057 
+3.347362910294428229 
+3.354415862671538573 
+3.361838537461531384 
+3.369328354109212942 
+3.377197779240020292 
+3.385125986705521228 
+3.393443698180586665 
+3.402165182091143159 
+3.410941960076927959 
+3.419946512596655275 
+3.429179202455617581 
+3.438640386556441442 
+3.448530556816668202 
+3.458454457282426286 
+3.468607893902392547 
+3.478991199609736018 
+3.489823702528901617 
+3.500672428826580251 
+3.511751993150915574 
+3.523062704084198415 
+3.534604864093021437 
+3.546378769504042072 
+3.558632147716886074 
+3.570875152365047711 
+3.583350759926148488 
+3.596059241805455109 
+3.609267407221761204 
+3.622447192779234992 
+3.636136812660177409 
+3.649788932307739486 
+3.663961031460709616 
+3.678377179520719853 
+3.693037617294758324 
+3.707942578623517171 
+3.723092290355665135 
+3.738486972322030866 
+3.754126837309316400 
+3.769691979853073249 
+3.785817907286699757 
+3.801859765963254034 
+3.818137840773351499 
+3.834312905136965099 
+3.851059077871305192 
+3.868390999711855738 
+3.885615543467501709 
+3.903077072184256480 
+3.920775719517754609 
+3.939080122127430528 
+3.957258226004955581 
+3.975295608261967928 
+3.993943931102046374 
+4.012442133775898867 
+4.031561065978869429 
+4.050520445375972223 
+4.069708151577584587 
+4.089938214207964329 
+4.110004181567270543 
+4.130725133650031466 
+4.151272284461734685 
+4.172484339299155742 
+4.193512853565627196 
+4.214779667083357495 
+4.235843539887639508 
+4.257582148710688408 
+4.279559103332069014 
+4.301318649155422946 
+4.323767428249608358 
+4.346454535924178408 
+4.369850298799543786 
+4.393494166927259137 
+4.416905833629567013 
+4.441040832860341681 
+4.465423803139458414 
+4.489559636865844361 
+4.513933498722835225 
+4.538545316495079973 
+4.563904623384233084 
+4.588996958423687822 
+4.614326985968478567 
+4.639894603734513012 
+4.665699701899493235 
+4.692276112517429709 
+4.718560651981034582 
+4.745082294126441447 
+4.771840898586218849 
+4.798283024280880937 
+4.825510273458375465 
+4.852974021226525991 
+4.880106427821086612 
+4.908037834560444956 
+4.936205207567090802 
+4.964026341257071984 
+4.992660251071584732 
+5.021529525606007738 
+5.050633947347274777 
+5.079372182063820240 
+5.108941426915042605 
+5.138745123995748898 
+5.168783024249579583 
+5.199054870634872927 
+5.229560398102075069 
+5.260299333568256408 
+5.291271395895952523 
+5.323115552871810152 
+5.354557735734705837 
+5.386232147155523897 
+5.418138473370202490 
+5.450276392441137041 
+5.483308575403935237 
+5.515913390719275000 
+5.548748776635852309 
+5.582491580853454316 
+5.615791721580226437 
+5.648634766106104266 
+5.681697655624593501 
+5.716371548099846933 
+5.750582610716111098 
+5.784316472058520731 
+5.818978303189127566 
+5.853867217741473894 
+5.888982785365682204 
+5.923601048089862431 
+5.959892115883360653 
+5.995684975460036981 
+6.031702681427352886 
+6.067944760676815541 
+6.104410731477736718 
+6.141851188788034932 
+6.178012377555286427 
+6.214386976042503008 
+6.251738999562544308 
+6.289312386621633166 
+6.327106603438060972 
+6.365899203497630054 
+6.404137921910802334 
+6.442595804392317049 
+6.481272281688771564 
+6.520962806808250356 
+6.560079161587694330 
+6.599412337780306892 
+6.639771107763603020 
+6.679540496076381118 
+6.719524850720926423 
+6.760546148042142711 
+6.800962883761958899 
+6.841592648403063137 
+6.882434782273137763 
+6.924328649468971086 
+6.965597805676287280 
+7.007925988119709793 
+7.050472423771965147 
+7.093236362525258798 
+7.135355311504143927 
+7.178547654199982198 
+7.221084950206558162 
+7.262953824101280986 
+7.305019612828894893 
+7.347281600123586109 
+7.390625664883339496 
+7.433281915164922538 
+7.477026918307988268 
+7.520074399667724840 
+7.564217209464890068 
+7.610373889982856355 
+7.656746015259098925 
+7.702417121996544047 
+7.749213114512903289 
+7.796221703985380280 
+7.843441912474657940 
+7.889940716112953112 
+7.935705052893879952 
+7.981662020867101859 
+8.028754513122349223 
+8.075097897634053723 
+8.121631144560570448 
+8.169308791849292817 
+8.215263470527533585 
+8.261397617471736510 
+8.308677065154647323 
+8.357112200021942883 
+8.404764614336359685 
+8.453578264412293208 
+8.501599581479672096 
+8.549801958029368265 
+8.599173631845170362 
+8.647738682490835771 
+8.696481664066268991 
+8.745401520555995845 
+8.794497185850108423 
+8.844774913817795792 
+8.895233424686519896 
+8.944857037849530457 
+8.994652048579483861 
+9.044617339526244137 
+9.094751783104015885 
+9.145054241466464617 
+9.194491919910923627 
+9.245123582993777234 
+9.294881514609281581 
+9.345837803069882099 
+9.398001226662476171 
+9.449284028376563782 
+9.501778119411355306 
+9.554437287279833768 
+9.606202168546627007 
+9.659184317854956348 
+9.711263175258441294 
+9.764563088519640388 
+9.816950765442516769 
+9.870563136335348986 
+9.923254388906443069 
+9.976093929105154245 
+10.030163318573535491 
+10.083298431521686922 
+10.136577822356414913 
+10.190000141981910176 
+10.243564030546057353 
+10.298365569308591816 
+10.352211291578237606 
+10.406194409917866039 
+10.460313520985645042 
+10.515675820019906084 
+10.570065365492187226 
+10.624586598895833234 
+10.679238073018533228 
+10.735137624742220552 
+10.790047777618402947 
+10.845083733335556531 
+10.900244000430667768 
+10.956656570545721507 
+11.012063401295586473 
+11.067589971312322916 
+11.123234744500258842 
+11.178996173602826047 
+11.236014224901737180 
+11.290862754582427385 
+11.345818708607058767 
+11.402028828616085576 
+11.457197290705078530 
+11.512468624664331074 
+11.568995966644088469 
+11.624470512852928650 
+11.680043283294754275 
+11.736873514945006747 
+11.794965652496385289 
+11.853159151454143228 
+11.910285387095854048 
+11.968674260755435057 
+12.027159096543686090 
+12.085738057764437769 
+12.144409295188681952 
+12.203170947025920867 
+12.262021138898738570 
+12.319778409985985945 
+12.378798331953863254 
+12.436718277596432003 
+12.495900433673575947 
+12.555161645942721549 
+12.612124975867402554 
+12.671535470052081251 
+12.731019211561463322 
+12.790574212592456860 
+12.850198472494303914 
+12.909889977747408096 
+12.969646701932454391 
+13.029466605707423099 
+13.086951247757591332 
+13.144490397816154470 
+13.203282594288404894 
+13.260926274239167810 
+13.319821312062765983 
+13.377561924404753668 
+13.435347665083009261 
+13.495587090843201850 
+13.554665166752934979 
+13.613784189445844675 
+13.672942107446582227 
+13.732136857077389180 
+13.792575475115169681 
+13.851838292899179450 
+13.911131634833438397 
+13.970453387941686785 
+14.031012870125472602 
+14.090385527824453860 
+14.149780139743290519 
+14.209194543227763319 
+14.268626563206485258 
+14.329287370661299761 
+14.388748295622386664 
+14.448220191853643257 
+14.507700834128803180 
+14.568402060177087165 
+14.627893532081165162 
+14.687386952739172941 
+14.745665919962736012 
+14.805156474547640499 
+14.864642159776757069 
+14.922906902320166367 
+14.982376113150264629 
+15.040620240869552404 
+15.100063812715738720 
+15.158278299627736985 
+15.217686968936838809 
+15.278286205928591102 
+15.337649597905507193 
+15.398197616955922484 
+15.457505872642350653 
+15.517992559361747595 
+15.578444391548817549 
+15.637650844655064830 
+15.698025916696931148 
+15.757152068408084133 
+15.817439992716346708 
+15.877679920257813606 
+15.936665888685311643 
+15.995600629131672576 
+16.054481581739015184 
+16.114506070411714234 
+16.173270485123126150 
+16.233170657183116248 
+16.291807922085538962 
+16.351572893418357069 
+16.410072287461947127 
+16.611264537918273732 
+16.740520258657259234 
+16.798486692952963040 
+16.856362839820519639 
+16.914145943258017013 
+16.973009508282594027 
+17.030596161610169759 
+17.088081365212278939 
+17.145462308680638586 
+17.203903887415169294 
+17.262230951519853761 
+17.319277452351848012 
+17.377368824537519743 
+17.435336609398955687 
+17.492022171628551774 
+17.548583181126062414 
+17.603866305686977967 
+17.660172123967385005 
+17.715199619595864533 
+17.770096419585723169 
+17.825999189537494516 
+17.882896329591979168 
+17.938508899591340651 
+17.995103647703075467 
+18.051540880923472088 
+18.107817363269525401 
+18.162809222299525658 
+18.218757811704087146 
+18.273422046858311063 
+18.327919446526820479 
+18.383353825990877084 
+18.437504625738753816 
+18.492578796297522103 
+18.546370157435298154 
+18.601070958794693411 
+18.654489925736754685 
+18.707719747210010297 
+18.760757206435890510 
+18.813599072354811881 
+18.866242099603802274 
+18.919751124281262378 
+18.971982455300754111 
+19.024005058238778076 
+19.076870757614997842 
+19.127410853007305036 
+19.177741102406731244 
+19.228900182285947551 
+19.279833942806860136 
+19.329506519867731384 
+19.379984272035343906 
+19.430226605333043466 
+19.480230101205094684 
+19.531004314942968847 
+19.581522605150421867 
+19.631781292550705587 
+19.680779378456961126 
+19.730513135366141597 
+19.778989645478787907 
+19.828183861363445573 
+19.876124416520564608 
+19.923794343781743521 
+19.972154455648251314 
+20.019266704239100818 
+20.066097505096500697 
+20.111696206293636635 
+20.157017954653163372 
+20.202994682948983041 
+20.248675574829803736 
+20.294056958930596579 
+20.340051929045237955 
+20.384816921590854122 
+20.429271226082065027 
+20.474308624527857603 
+20.517232828317716553 
+20.560732616976846288 
+20.603906699363378152 
+20.647622204769561449 
+20.690126640155035886 
+20.733150885799211949 
+20.775819941533203661 
+20.818129712364871864 
+20.860076086713384313 
+20.900826987917639599 
+20.941221017554283890 
+20.982067480077489563 
+21.021728518001779662 
+21.061020808557778139 
+21.100730757382777369 
+21.138483280658256547 
+21.176645490061552835 
+21.214423007768338891 
+21.252570769923671890 
+21.290309494538412594 
+21.326892442891917767 
+21.363074340128534345 
+21.398125037187561759 
+21.433500945904832236 
+21.469172768038561117 
+21.503709425341803296 
+21.540590591601102233 
+21.574244843192829535 
+21.608142285649677206 
+21.640922750153372078 
+21.673264376202240555 
+21.705162932555950306 
+21.737251346663200025 
+21.768241745995638325 
+21.798776199113987673 
+21.828850410833986473 
+21.858460070006813680 
+21.887010855175546453 
+21.916268406156419246 
+21.944458380802544184 
+21.972726818873375976 
+21.999938516368189312 
+22.027199549392776134 
+22.053414977025859400 
+22.080169540560127928 
+22.105869045179659338 
+22.131038557547213941 
+22.155673306974762227 
+22.179768505152729574 
+22.202853695181659077 
+22.225866386339575342 
+22.247881436900051710 
+22.268926982162980721 
+22.289875408579774785 
+22.309867273890574779 
+22.329731029291387756 
+22.348651473704236992 
+22.367412383774571083 
+22.385974694915887540 
+22.403591147616040757 
+22.420292006303178312 
+22.436768499915601183 
+22.452343588471578073 
+22.467661561530945846 
+22.482092634207909043 
+22.496233396352735667 
+22.509772338444832940 
+22.522704641380144608 
+22.535025469330818737 
+22.546962385558579456 
+22.558032960750679763 
+22.568477353022686316 
+22.578290659084984782 
+22.587467958806143997 
+22.596171818126997266 
+22.604049044025032345 
+22.611275300297101865 
+22.617845598873884683 
+22.623754934727408283 
+22.629098323255611547 
+22.633656903677817240 
+22.637539300945505261 
+22.640740441615491818 
+22.643210807122315487 
+22.645048308422623506 
+22.646173044470671698 
+22.646626824983528081 
+22.646386194830377292 
+22.645409201872908511 
+22.643727429922641647 
+22.641266791570288319 
+22.638120395631986526 
+22.634154337656745781 
+22.629521907696229732 
+22.624146001096264058 
+22.618021320580815825 
+22.611142551487461105 
+22.603340535505601849 
+22.594921912246540785 
+22.585537456427154268 
+22.575557069359746265 
+22.564567743379512876 
+22.553003538615591594 
+22.540647220488665425 
+22.527216543770087753 
+22.513243168634510027 
+22.498461148123290343 
+22.482864973363170691 
+22.466105526718195051 
+22.448847546963150990 
+22.430758666540626223 
+22.411833305400762129 
+22.392065865729939844 
+22.371021148970115178 
+22.349535213999232042 
+22.327190184727442102 
+22.303980391688625673 
+22.279399610582522939 
+22.254943747016902478 
+22.229105466951189385 
+22.202933903216994338 
+22.175332912608794800 
+22.146832883184451646 
+22.118037202302616606 
+22.087740335753359489 
+22.056527111113489070 
+22.025056761804108874 
+21.992695948218234037 
+21.958736721381370671 
+21.923837874547530191 
+21.888734495964733640 
+21.851958106949972205 
+21.815004087749215955 
+21.777125813415985078 
+21.737499218929997369 
+21.697735967717541428 
+21.657031393366608540 
+21.613623693766101042 
+21.570080990750952310 
+21.525539138240127102 
+21.479051991476914907 
+21.432472811057401429 
+21.384875993943808226 
+21.335252421487659547 
+21.285580754508082180 
+21.234872794940429230 
+21.182055298335100701 
+21.129234625454195395 
+21.075358834746261039 
+21.019289393606662486 
+20.962108118545785373 
+20.906161860003720676 
+20.847980597079214249 
+20.789933006564076834 
+20.729594182817692172 
+20.669420830814523526 
+20.606899434956766015 
+20.544575749178733304 
+20.481178848428690742 
+20.415347889032666728 
+20.349763655748610347 
+20.281687087982454898 
+20.212466446980897672 
+20.140647026570348999 
+20.069094940609460309 
+19.996378994424329534 
+19.922492598687746579 
+19.845884935442548169 
+19.771182005942844029 
+19.693744534900311294 
+19.613492770738293558 
+19.533629984824575132 
+19.450889466532807148 
+19.368573997968915990 
+19.283316718456539718 
+19.198521041022054590 
+19.112487552941530566 
+19.025209452779840547 
+18.934860116359722326 
+18.845046560038646533 
+18.753967731136750530 
+18.661616750408782650 
+18.567986719196710510 
+18.475020680682685992 
+18.378838230073277771 
+18.281356058467260084 
+18.180537435572190930 
+18.080407990963522025 
+17.976873478284833396 
+17.874068122497192235 
+17.767788415024377002 
+17.662278348312888454 
+17.553223975967792825 
+17.442757004738115967 
+17.330869853958276394 
+17.219835261760366052 
+17.105113707279805624 
+16.988949255968016416 
+16.876066789633739518 
+16.759446636672834074 
+16.643841865040165828 
+16.524428458239547979 
+16.406073456957923185 
+16.286347142732637394 
+16.160166589608149224 
+16.035051233269626891 
+15.905886620542169396 
+15.777831816196506765 
+15.645652347333070864 
+15.514627831784546075 
+15.379402541594012988 
+15.245377886167998938 
+15.109857004543412629 
+14.970020250553380592 
+14.831453430262184767 
+14.691367623710291923 
+14.546849258214740175 
+14.403671342189744209 
+14.258951495387794495 
+14.112682080557586772 
+13.961822301772615518 
+13.812398740961935317 
+13.661402421074756219 
+13.508825623046861963 
+13.348334310162560001 
+13.189311205690421147 
+13.028617719126240004 
+12.862980937985931007 
+12.698887970959168214 
+12.533099518776591452 
+12.368973822111582805 
+12.203203869130540227 
+12.032347716572360241 
+11.863231547372652841 
+11.692447176668007813 
+11.519986635135815334 
+11.342270367063914449 
+11.166398875429838000 
+10.992467981760350781 
+10.813222649414008458 
+10.635971293315389374 
+10.453320483738927749 
+10.272717595252540690 
+10.086629510372578267 
+9.898792929932039186 
+9.709199677439080745 
+9.517841555471854065 
+9.324710345653661747 
+9.133793475809163454 
+8.941159479479974692 
+8.742733030733351285 
+8.546605228636972029 
+8.344595899968499708 
+8.144942343875344548 
+7.943532219124721294 
+7.736106020931358351 
+7.531122085324413185 
+7.324357711455793840 
+7.111441035363133878 
+6.896652219395591032 
+6.675541306853511436 
+6.452463177591413412 
+6.227408765304514482 
+6.000368980562559962 
+5.771334710786123701 
+5.544937272713007737 
+5.311926947891404183 
+5.081615359980527380 
+4.849353393048307481 
+4.615132362185707215 
+4.374102831136269742 
+4.135897103952498099 
+3.895705950257022820 
+3.653520598572478129 
+3.409332255831385439 
+3.163132107349971633 
+2.919997303619693341 
+2.669788520083387517 
+2.422709868020365587 
+2.173666993798462066 
+1.922651510586004253 
+1.664363125308419011 
+1.404001357089605495 
+1.141557219258034106 
+0.871601179913895407 
+0.604922295851955560 
+0.336133766143406731 
+0.065226516225037834 
-0.207808550388207003 
-0.482980552125447105 
-0.760298629380199209 
-1.045497986995264306 
-1.332951207635960422 
-1.628485567513887844 
