0.471521
0.471521
0.471521
0.471521
0.471521
0.471521
0.471521
0.471521
0.471521
0.471521
0.471521
0.471521
0.471521
0.471521
0.471521
0.471521
0.471521
0.471521
0.471521
0.471521
0.471521
0.471521
0.471521
0.471521
0.471521
0.471521
0.471521
0.471521
0.471521
0.471521
0.471521
0.471521
0.471521
0.471521
0.471521
0.471521
0.471521
0.471521
0.471521
0.471521
0.471521
0.471521
0.471521
0.471521
0.471521
0.471521
0.471521
0.471521
0.471521
0.471521
0.471521
0.471521
0.471521
0.471521
0.471521
0.471521
0.471521
0.471521
0.471521
0.471521
0.471521
0.471521
0.471521
0.471521
0.471521
0.471521
0.471521
0.471521
0.471521
0.471521
0.471521
0.471521
0.471521
0.471521
0.471521
0.471521
0.471521
0.471521
0.471521
0.471521
0.471521
0.471521
0.471521
0.471521
0.471521
0.471521
0.471521
0.471521
0.471521
0.471521
0.471521
0.471521
0.471521
0.471521
0.471521
0.471521
0.471521
0.471521
0.471521
0.471521
0.471521
0.471521
0.471521
0.471521
0.471521
0.471521
0.471521
0.471521
0.471521
0.471521
0.471521
0.471521
0.471521
0.471521
0.471521
0.471521
0.471521
0.471521
0.471521
0.471521
0.471521
0.471521
0.471521
0.471521
0.471521
0.471521
0.471521
0.471521
0.471521
0.471521
0.471521
0.471521
0.471521
0.471521
0.471521
0.471521
0.471521
0.471521
0.471521
0.471521
0.471521
0.471521
0.471521
0.471521
0.471521
0.471521
0.471521
0.471521
0.471521
0.471521
0.471521
0.471521
0.471521
0.471521
0.471521
0.471521
0.471521
0.471521
0.471521
0.471521
0.471521
0.471521
0.471521
0.471521
0.471521
0.471521
0.471521
0.471521
0.471521
0.471521
0.471521
0.471521
0.471521
0.471521
0.471521
0.471521
0.471521
0.471521
0.471521
0.471521
0.471521
0.471521
0.471521
0.471521
0.471521
0.471521
0.471521
0.471521
0.471521
0.471521
0.471521
0.471521
0.471521
0.471521
0.471521
0.471521
0.471521
0.471521
0.471521
0.471521
0.471521
0.471521
0.471521
4.85211
4.3958
4.85211
4.3958
4.3958
4.3958
4.85211
4.85211
4.3958
0.471521
0.471521
0.471521
0.471521
0.471521
0.471521
0.471521
0.471521
0.471521
0.471521
0.471521
0.471521
0.471521
0.471521
0.471521
0.471521
0.471521
0.471521
0.471521
0.471521
0.471521
0.471521
0.471521
0.471521
0.471521
0.471521
0.471521
0.471521
0.471521
0.471521
0.471521
0.471521
0.471521
0.471521
0.471521
0.471521
0.471521
0.471521
0.471521
0.471521
0.471521
0.471521
0.471521
0.471521
0.471521
0.471521
0.471521
0.471521
0.471521
0.471521
0.471521
0.471521
0.471521
0.471521
0.471521
0.471521
0.471521
0.471521
0.471521
0.471521
0.471521
0.471521
0.471521
0.471521
0.471521
0.471521
0.471521
0.471521
0.471521
0.471521
0.471521
0.471521
0.471521
0.471521
0.471521
0.471521
0.471521
0.471521
0.471521
0.471521
0.471521
0.471521
0.471521
0.471521
0.471521
0.471521
0.471521
0.471521
0.471521
0.471521
0.471521
0.471521
0.471521
0.471521
0.471521
0.471521
0.471521
0.471521
0.471521
0.471521
0.471521
0.471521
0.471521
0.471521
0.471521
0.471521
0.471521
0.471521
0.471521
4.3958
4.85211
0.471521
4.85211
4.85211
4.85211
4.85211
4.3958
4.3958
0.471521
0.471521
0.471521
0.471521
0.471521
0.471521
0.471521
1.9013
0.471521
0.471521
0.471521
0.471521
0.471521
0.471521
0.471521
0.471521
0.471521
0.471521
0.471521
0.471521
0.471521
0.471521
0.471521
0.471521
0.471521
0.471521
0.471521
0.471521
0.471521
4.85211
0.471521
0.471521
0.471521
0.471521
0.471521
0.471521
0.471521
0.471521
4.44143
4.44143
3.98512
0.471521
0.471521
0.471521
0.471521
0.471521
0.471521
0.471521
4.5479
7.55955
6.69256
6.69256
6.69256
6.69256
7.55955
7.55955
7.55955
7.55955
0.471521
0.471521
0.471521
0.471521
0.471521
0.471521
0.471521
0.471521
0.471521
0.471521
0.471521
0.471521
0.471521
0.471521
0.471521
4.44143
7.95502
4.3958
3.98512
3.98512
4.44143
7.95502
4.44143
8.8068
9.29353
9.29353
8.8068
8.8068
4.42622
4.3958
4.3958
4.3958
0.471521
8.38091
8.38091
8.38091
8.38091
0.471521
0.471521
0.471521
0.471521
0.471521
0.471521
0.471521
2.03819
9.29353
8.8068
4.3958
9.29353
4.85211
4.85211
4.3958
0.471521
0.471521
0.471521
0.471521
0.471521
0.471521
0.471521
0.471521
0.471521
0.471521
0.471521
0.471521
0.471521
0.471521
0.471521
0.471521
0.471521
0.471521
0.471521
0.471521
0.471521
0.471521
0.471521
0.471521
0.471521
0.471521
0.471521
0.471521
0.471521
0.471521
0.471521
0.471521
0.471521
0.471521
0.471521
0.471521
0.471521
0.471521
0.471521
0.471521
8.38091
8.38091
8.38091
8.38091
8.38091
0.471521
0.471521
0.471521
0.471521
0.471521
0.471521
0.471521
8.38091
8.38091
0.471521
0.471521
0.471521
0.471521
0.471521
0.471521
8.38091
12.3508
12.3508
8.38091
0.471521
4.44143
0.471521
0.471521
0.471521
0.471521
0.471521
0.471521
0.471521
0.471521
0.471521
0.471521
0.471521
0.471521
0.471521
0.471521
0.471521
0.471521
0.471521
8.39612
8.39612
0.486732
0.471521
0.471521
0.471521
0.471521
0.471521
0.471521
0.471521
0.471521
0.471521
0.471521
0.471521
0.471521
0.471521
0.471521
0.471521
0.471521
16.0774
16.0926
16.0621
0.471521
0.471521
0.471521
0.471521
0.471521
0.471521
0.471521
0.471521
0.471521
0.471521
0.471521
0.471521
0.471521
0.471521
0.471521
0.471521
0.471521
0.471521
0.471521
0.471521
0.471521
0.471521
0.471521
0.471521
0.471521
0.471521
0.471521
0.471521
0.471521
0.471521
0.471521
0.471521
2.03819
0.471521
0.471521
0.471521
0.471521
0.471521
0.471521
0.471521
0.471521
0.471521
0.471521
0.471521
4.60874
2.03819
4.60874
3.04207
0.471521
2.92039
2.92039
2.92039
4.60874
4.60874
0.471521
0.471521
0.471521
0.471521
8.38091
9.93237
8.3657
8.38091
10.9515
10.9363
8.38091
8.38091
8.38091
8.3657
0.471521
4.42622
4.88253
4.89774
12.7767
4.41101
4.41101
15.5146
8.57865
8.57865
7.34661
6.8903
4.44143
4.00033
6.46441
11.1036
13.5676
13.5676
13.6437
13.6437
13.6437
13.5524
13.5829
13.5676
14.1456
13.233
14.1304
13.6437
14.0544
13.6437
15.5146
13.6437
15.5146
15.0278
15.5146
14.9214
14.0544
9.01975
14.3282
21.3401
13.1418
13.0049
12.5942
12.655
13.0353
13.0353
12.2443
12.7007
12.2443
12.7007
12.6702
13.1113
13.5981
12.6702
12.9288
14.0392
13.5524
13.5524
12.2443
13.5524
13.2482
12.5029
11.8337
12.3204
12.7311
12.2748
12.7007
12.7007
13.1113
13.157
14.0392
12.868
13.5524
14.0392
13.5372
12.7007
12.2596
12.2596
14.3434
14.3434
14.3434
13.8566
14.3282
12.6854
11.0884
10.1301
11.5751
11.0884
9.67379
10.1301
10.1301
12.7007
12.2443
14.0392
14.0392
13.5524
14.1304
13.1418
12.6854
12.4421
20.5644
21.9333
13.1418
13.1418
13.1418
13.5524
14.0392
14.0392
14.0392
14.0392
13.5524
11.0884
14.0392
11.0884
11.0884
19.4845
11.2252
11.712
25.3709
18.0547
17.568
11.0884
11.5751
11.0884
12.7007
14.0544
13.5676
12.868
14.0544
13.1722
13.5676
12.868
13.3547
13.3547
12.868
12.868
13.3547
11.5751
13.5524
14.1304
14.1304
14.1304
13.233
13.233
10.4799
10.556
10.4799
9.689
11.5751
11.0884
11.0884
11.712
11.712
11.0884
13.5676
13.8566
12.7311
12.7007
12.1835
13.4916
12.6398
14.1304
12.7767
12.6854
13.5524
13.5524
14.0392
14.0392
11.712
13.5524
7.95502
11.0884
13.5524
13.1874
8.41133
7.95502
7.95502
7.95502
8.41133
9.30874
9.30874
7.95502
9.30874
9.30874
4.88253
12.7919
4.88253
4.42622
4.88253
12.3356
8.38091
0.471521
0.471521
0.471521
0.471521
0.471521
0.471521
0.471521
2.03819
3.04207
7.42266
10.8146
3.04207
3.04207
4.88253
2.92039
2.92039
3.04207
0.471521
8.38091
0.471521
0.471521
0.471521
0.471521
0.471521
0.471521
0.471521
8.38091
20.0473
20.0473
16.0926
16.0926
16.0926
16.0926
16.0926
16.0774
0.471521
0.471521
0.471521
0.471521
0.471521
0.471521
0.471521
0.471521
0.471521
0.471521
0.471521
0.471521
0.471521
0.471521
0.471521
0.471521
0.471521
8.38091
0.471521
0.471521
0.471521
0.471521
0.471521
0.471521
0.471521
0.471521
0.471521
0.471521
0.471521
0.471521
0.471521
0.471521
0.471521
0.471521
0.471521
0.471521
0.471521
0.486732
0.486732
0.471521
0.471521
0.471521
0.471521
0.471521
0.471521
0.471521
0.471521
0.471521
0.471521
0.471521
8.38091
0.471521
0.471521
0.471521
0.471521
0.471521
0.471521
0.471521
0.471521
0.471521
0.471521
0.471521
0.471521
0.471521
0.471521
0.471521
0.471521
0.471521
0.471521
0.471521
0.471521
0.471521
0.471521
0.471521
0.471521
0.471521
2.44887
0.471521
0.471521
0.471521
0.471521
2.3424
2.3424
0.471521
2.44887
0.471521
0.471521
0.471521
0.471521
0.471521
0.471521
0.471521
0.471521
0.471521
0.471521
0.471521
0.471521
0.471521
0.471521
0.471521
0.471521
0.471521
0.471521
0.471521
0.471521
0.471521
0.471521
0.471521
0.471521
0.471521
0.471521
0.471521
0.471521
0.471521
0.471521
0.471521
0.471521
0.471521
0.471521
0.471521
0.471521
0.471521
0.471521
0.471521
0.471521
0.471521
0.471521
0.471521
8.38091
8.38091
0.471521
0.471521
0.471521
0.471521
0.471521
0.471521
0.471521
0.471521
0.471521
0.471521
0.471521
0.471521
0.471521
0.471521
0.471521
0.471521
0.471521
0.471521
0.471521
0.471521
0.471521
0.471521
0.471521
0.471521
0.471521
0.471521
0.471521
0.471521
0.471521
0.471521
0.471521
0.471521
0.471521
0.471521
0.471521
0.471521
0.471521
0.471521
0.471521
0.471521
8.38091
0.471521
0.471521
0.471521
0.471521
0.471521
0.471521
0.471521
0.471521
0.471521
0.471521
0.471521
0.471521
0.471521
0.471521
0.471521
0.471521
0.471521
0.471521
0.471521
0.471521
0.471521
0.471521
0.471521
0.471521
0.471521
0.471521
4.85211
0.471521
0.471521
0.471521
0.471521
0.471521
0.471521
0.471521
0.471521
0.471521
0.471521
0.471521
0.471521
0.471521
0.471521
7.55955
7.55955
0.471521
0.471521
0.471521
0.471521
0.471521
0.471521
0.471521
0.471521
0.471521
0.471521
0.471521
0.471521
0.471521
0.471521
0.471521
0.471521
0.471521
0.471521
0.471521
0.471521
0.471521
0.471521
0.471521
0.471521
0.471521
0.471521
0.471521
0.471521
0.471521
0.471521
0.471521
0.471521
0.471521
0.471521
0.471521
0.471521
0.471521
0.471521
0.471521
0.471521
0.471521
0.471521
0.471521
0.471521
0.471521
0.471521
0.471521
0.471521
0.471521
0.471521
0.471521
0.471521
0.471521
0.471521
0.471521
0.471521
0.471521
0.471521
0.471521
0.471521
0.471521
0.471521
0.471521
0.471521
0.471521
0.471521
0.471521
0.471521
0.471521
0.471521
0.471521
0.471521
0.471521
0.471521
0.471521
0.471521
0.471521
0.471521
0.471521
0.471521
8.38091
0.471521
0.471521
0.471521
0.471521
0.471521
0.471521
0.471521
0.471521
0.471521
0.471521
0.471521
0.471521
0.471521
0.471521
0.471521
0.471521
0.471521
0.471521
0.471521
0.471521
0.471521
0.471521
0.471521
0.471521
0.471521
0.471521
0.471521
0.471521
0.471521
0.471521
0.471521
0.471521
0.471521
0.471521
0.471521
0.471521
0.471521
0.471521
4.3958
4.85211
12.7615
0.486732
4.44143
4.89774
4.44143
4.44143
4.89774
4.44143
4.88253
4.42622
4.88253
4.42622
4.42622
4.42622
4.44143
4.44143
0.486732
0.486732
0.486732
0.471521
0.471521
0.471521
0.471521
0.471521
0.471521
0.471521
3.98512
4.3958
4.85211
4.3958
0.471521
0.471521
0.471521
0.471521
0.471521
0.471521
0.471521
0.471521
0.471521
0.471521
0.471521
0.471521
0.471521
0.471521
0.471521
0.471521
0.471521
0.471521
0.471521
0.471521
0.471521
0.471521
0.471521
4.3958
4.3958
9.30874
9.30874
8.82201
9.30874
11.5751
11.0884
11.0884
10.2214
11.0731
10.5408
10.5408
9.689
11.0731
8.41133
11.0731
9.01975
8.77638
8.32007
8.77638
7.30098
8.35049
11.712
12.1987
8.82201
9.03496
8.82201
11.5751
11.5751
11.0884
11.0884
8.8068
4.88253
4.42622
4.88253
4.89774
4.44143
4.44143
4.44143
0.486732
0.471521
0.471521
0.471521
0.471521
0.471521
0.471521
0.471521
0.471521
0.471521
0.471521
0.471521
0.471521
0.471521
0.471521
4.85211
4.85211
4.85211
6.82945
0.471521
0.471521
0.471521
0.471521
4.44143
8.82201
8.82201
8.82201
8.82201
9.30874
4.42622
8.82201
4.88253
8.82201
8.82201
8.82201
8.82201
4.42622
11.5142
16.2295
13.0657
9.93237
11.2861
9.30874
11.0884
8.82201
9.30874
9.30874
8.82201
11.5751
11.0884
11.0884
9.30874
8.82201
8.82201
9.30874
8.82201
9.30874
4.88253
9.30874
8.82201
9.30874
9.30874
11.712
12.1987
12.001
12.001
11.5903
12.4877
12.001
12.1987
13.5524
4.88253
4.88253
4.42622
4.42622
4.88253
4.42622
4.88253
4.42622
4.85211
2.44887
2.44887
0.471521
0.471521
0.471521
0.471521
0.471521
0.471521
0.471521
0.471521
0.471521
0.471521
4.42622
4.88253
9.30874
8.82201
4.42622
8.82201
8.82201
8.82201
8.00065
10.7233
10.267
9.70421
10.2518
10.7841
10.3278
10.7841
14.8149
23.6065
15.7884
21.69
21.9181
14.0087
16.1078
16.0165
13.5524
12.6854
14.0392
12.7007
14.2217
14.678
12.655
12.655
12.5029
12.6246
14.1456
13.6589
8.97412
6.6013
8.42654
7.9246
12.2596
14.1152
14.1152
12.6854
9.67379
10.0541
12.29
12.3052
12.1987
12.5029
12.4877
14.7997
14.3434
12.8984
12.4877
14.3282
14.3282
13.446
13.3547
12.868
13.5524
14.0392
14.0392
13.5524
13.5524
13.5524
13.5524
14.3282
13.8414
13.8414
14.3282
3.3767
3.62007
9.18706
14.0392
14.1304
12.0314
12.2596
12.7007
12.2596
12.1987
12.2443
12.7007
12.6398
12.1987
12.7615
12.7463
12.8071
14.2673
14.6628
14.2065
14.6628
14.6628
14.2065
14.2065
14.2065
12.6854
14.6324
20.5492
23.3327
14.7084
10.7233
16.199
24.7777
16.2142
15.7275
15.834
18.0243
20.5188
13.1418
13.1418
12.29
12.7463
12.29
14.7084
24.2757
24.1997
15.6363
16.123
16.123
15.545
15.5298
24.6256
24.1388
16.0317
16.0317
14.678
16.0317
14.0544
24.1997
24.1693
21.69
21.9181
13.0505
21.2337
15.5146
10.9819
10.9819
10.6929
12.2139
13.0809
13.0809
12.1227
11.1036
19.013
29.28
29.4168
21.2945
15.7884
12.9744
12.6854
13.5524
13.5676
13.5676
14.1304
13.6437
11.712
10.5408
10.8146
10.8146
10.6473
11.3013
4.88253
4.88253
4.42622
4.42622
4.88253
12.7919
12.7919
12.3356
0.471521
0.471521
11.0579
2.17508
9.78026
11.21
11.21
11.21
11.0731
11.0731
11.0731
10.1909
17.9026
10.1909
11.2252
8.68512
8.68512
8.68512
8.68512
0.775729
0.775729
0.806149
0.806149
0.471521
8.39612
0.486732
0.486732
0.486732
0.486732
11.0731
8.39612
0.471521
2.44887
16.0926
8.3657
8.38091
4.85211
0.471521
0.471521
0.471521
0.471521
0.471521
0.471521
0.471521
0.471521
0.471521
0.471521
0.471521
0.471521
0.471521
0.471521
0.471521
0.471521
0.471521
0.471521
0.471521
0.471521
0.471521
0.471521
0.471521
0.471521
0.471521
0.471521
0.471521
0.471521
0.471521
0.471521
0.471521
0.471521
0.471521
0.471521
0.471521
0.471521
0.471521
0.471521
0.471521
0.471521
0.471521
0.471521
0.471521
0.471521
0.471521
0.471521
0.471521
0.471521
0.471521
0.471521
0.471521
0.471521
0.471521
4.85211
4.85211
4.3958
4.3958
4.85211
0.471521
0.471521
0.471521
0.471521
0.471521
0.471521
0.471521
0.806149
0.806149
0.806149
0.806149
0.471521
0.471521
0.471521
0.471521
0.471521
0.471521
3.04207
14.8757
0.471521
0.471521
8.38091
8.38091
8.38091
8.38091
10.9515
0.471521
0.471521
0.471521
0.471521
0.471521
0.471521
0.471521
0.471521
0.471521
0.471521
0.471521
0.471521
0.471521
0.471521
0.471521
0.471521
0.471521
0.471521
0.471521
0.471521
0.471521
0.471521
0.471521
0.471521
0.471521
0.471521
0.471521
0.471521
0.471521
8.38091
8.38091
8.38091
8.38091
8.38091
0.471521
0.471521
0.471521
0.471521
0.471521
0.471521
0.471521
0.471521
0.471521
0.471521
0.471521
0.471521
0.471521
0.471521
0.471521
0.471521
0.471521
0.471521
0.471521
