+4.480196711585542779 
+4.391225177770801125 
+4.303065981806407869 
+4.213941046990086647 
+4.125653956641664344 
+4.039941611805167199 
+3.953301607778556104 
+3.869195717885697938 
+3.785879269671593939 
+3.703348520183137538 
+3.623260286924620210 
+3.542273899680607574 
+3.463691373253922734 
+3.384234794133582191 
+3.307143754360191146 
+3.229202504576521804 
+3.152021249934224834 
+3.075596324573428575 
+2.999924072295050426 
+2.925000846549564493 
+2.852329416965696751 
+2.778878241366912860 
+2.706165284171431651 
+2.635648563688674173 
+2.565833392294181170 
+2.380247044107763887 
+2.311610472341917966 
+2.245067482939045789 
+2.179206831229031582 
+2.112674439369127022 
+2.046846122087383701 
+1.980396494362538284 
+1.915979974099634386 
+1.850963660975677882 
+1.787944659769810318 
+1.724347131718650949 
+1.662711449609945102 
+1.550045172746007616 
+1.489130155543737288 
+1.430109835313623012 
+1.370571642769697895 
+1.312893633678673844 
+1.254718046742094195 
+1.198368452731184419 
+1.141541331101026735 
+1.086506333192774676 
+0.941451346794303756 
+0.889852823951064131 
+0.838861999589913143 
+0.787432442873129634 
+0.695620210034169073 
+0.645947237630602356 
+0.597886678682521211 
+0.549432786554920227 
+0.502560143904237755 
+0.456270702206980516 
+0.371975156741129354 
+0.326409536726906424 
+0.281439376682861564 
+0.236161932097656901 
+0.192385038340314729 
+0.148318541552012739 
+0.104858580875454521 
+0.028148344273327019 
-0.012801496172996529 
-0.053999191446084893 
-0.126669285296920009 
-0.166222040055806985 
-0.204419866434276898 
-0.242825108987144489 
-0.279153481527874447 
-0.315695463530193621 
-0.350962494294305927 
-0.386427055680921505 
-0.420644546391432783 
-0.455043700049667876 
-0.488223384478361666 
-0.522244094005148263 
-0.555051403134262600 
-0.587334151425545237 
-0.619738129359680201 
-0.650970232336492316 
-0.681065108866258484 
-0.711890954221058969 
-0.742186262483372161 
-0.771954186771735884 
-0.801197870650542043 
-0.829920448142448919 
-0.858125043740813886 
-0.907057338240917943 
-0.932776784205827880 
-0.959071661150145083 
-0.984863237044288908 
-1.010154581923687012 
-1.034948756378182289 
-1.058767633140085707 
-1.101753433558402939 
-1.160375804684274925 
-1.181201709791283250 
-1.202010034744187550 
-1.221954144617963145 
-1.241867794903720679 
-1.260940851727898604 
-1.279970759990449736 
-1.298558376979762841 
-1.316340473023066338 
-1.334060677912021653 
-1.350998345552735458 
-1.367861904614369628 
-1.383965658004460586 
-1.400628042050324318 
-1.416832000188267493 
-1.432580581951893528 
-1.447876826934051842 
-1.462149959184571024 
-1.476289618232523360 
-1.489732933194892084 
-1.513367159073792934 
-1.545349912596304165 
-1.556585103928788349 
-1.567428115287214041 
-1.577881553476066401 
-1.596465100361577072 
-1.613701597959335210 
-1.629608062309389815 
-1.637858973448097721 
-1.645408889621267967 
-1.652734270901946800 
-1.659544671693268469 
-1.671233481681171362 
-1.677129931377113969 
-1.682549797213997778 
-1.687617134301884647 
-1.692334420847512177 
-1.696789702721904547 
-1.700885687965348225 
-1.704624983373045133 
-1.708074297055770074 
-1.711100994222483074 
-1.713828836333429528 
-1.716153463558831582 
-1.719473421468171281 
-1.722346381517495750 
-1.722832098594418326 
-1.723001045832282863 
-1.722842500745342065 
-1.722358961344513162 
-1.721572182355992631 
-1.720478004524330196 
-1.719047038429556196 
-1.717338881208299917 
-1.713371369251709631 
-1.710755726139720601 
-1.707895592938617035 
-1.704676611948038989 
-1.701156516146970610 
-1.697416999105104018 
-1.693392858023829994 
-1.688995528710217187 
-1.684403183039207441 
-1.679430710981075769 
-1.674171288728492968 
-1.668740925631793104 
-1.662920282057147148 
-1.657069051679550320 
-1.650831935047489374 
-1.644465598533217054 
-1.637706919015555762 
-1.624766861175873878 
-1.617125375246644126 
-1.609379992163326278 
-1.601216810357693809 
-1.592793526210559030 
-1.584288532309035880 
-1.575356898173495779 
-1.566358034642372665 
-1.556926837147707410 
-1.547246653998620047 
-1.537520644881015031 
-1.527559717354944446 
-1.517155496161217698 
-1.506726248684800318 
-1.495848439194110036 
-1.484734689892536430 
-1.473387168571175465 
-1.461808034846832527 
-1.449999440174448928 
-1.437720505651284952 
-1.394853509472456565 
-1.371528832633531536 
-1.358396760546229487 
-1.345335145978146407 
-1.332079874484690230 
-1.318350602329144472 
-1.281264614203131202 
-1.266528767643245068 
-1.251894740411946927 
-1.237071683127032529 
-1.221753228959150839 
-1.180391217174673102 
-1.164702471117958105 
-1.148835446497669999 
-1.132462759104740257 
-1.116241197719122447 
-1.099846944625460843 
-1.083621594206197081 
-1.066890887212823991 
-1.036075962615420565 
-1.018878872604285668 
-1.001875506274952699 
-0.984000018943326893 
-0.966321834925393475 
-0.948121254555986503 
-0.930128103176150134 
-0.911609810248404706 
-0.893308894978112278 
-0.874480210022620774 
-0.855878675676998490 
-0.837130975386718212 
-0.817851792391371291 
-0.798814045181161170 
-0.779635332483081811 
-0.760317361905903155 
-0.740463362038039641 
-0.720869215286542797 
-0.700736922605090129 
-0.680873483730960238 
-0.661288628797207068 
-0.641579865046789877 
-0.621334313482438283 
-0.600962912869302812 
-0.580886816336394496 
-0.560271130031162023 
-0.539534474996223423 
-0.518678475394549920 
-0.497275498742720146 
-0.476183301923441604 
-0.454976624367929183 
-0.434093273568100457 
-0.412664672722692139 
-0.391566972564524107 
-0.369479815347672158 
-0.347726704302362855 
-0.325421389949401174 
-0.303008361589933273 
-0.280489264746366374 
-0.257865737602592127 
-0.236050417439590099 
-0.213684382332303358 
-0.190763248326691226 
-0.168205401395032261 
-0.145091688681393549 
-0.122348185524921327 
-0.099515052256361258 
-0.076125088130598151 
-0.053115398027637539 
-0.030020551122982297 
-0.006368122583153557 
+0.016894304546743122 
+0.039760286988918203 
+0.082358028974302222 
+0.105919293056648378 
+0.187750311384919044 
+0.211635638065516218 
+0.235589969475887173 
+0.259611912034617198 
+0.284192353758841776 
+0.307853088793568652 
+0.331574729053379258 
+0.355852056600820532 
+0.400102093790410507 
+0.424047652256034802 
+0.449049083378397995 
+0.474108440786777940 
+0.499224311101973406 
+0.524395287879577232 
+0.549619971597550272 
+0.574896969643800659 
+0.600224896303779065 
+0.625094346516398058 
+0.650010092980740861 
+0.675480713598161309 
+0.700486083079467914 
+0.725533886815617368 
+0.750622858839937290 
+0.775751739468519830 
+0.801433292203323600 
+0.826638986551146093 
+0.851880822776307500 
+0.877157566340893258 
+0.902984870266586359 
+0.928328399495649492 
+0.953184989020637641 
+0.978589140923296075 
+1.003502799994486328 
+1.028442996641917517 
+1.053928990208148786 
+1.078919402439733499 
+1.104454341268503281 
+1.130012254283728979 
+1.176488737389328243 
+1.202105101385976038 
+1.227216679056890580 
+1.252868661644376935 
+1.278012941188201967 
+1.303696083292774865 
+1.328868719624301420 
+1.354053795221581868 
+1.379775302942030102 
+1.404982325536063836 
+1.430198640787849307 
+1.455948810684986050 
+1.481180765026815838 
+1.506944769118505167 
+1.532188199373946791 
+1.557961810829599170 
+1.583212598995511033 
+1.608991637012693765 
+1.634771841439761175 
+1.660552163013090610 
+1.685805464354871663 
+1.711582946359604396 
+1.737883426153936206 
+1.763653841170141234 
+1.789944979381636436 
+1.836726863283797417 
+1.861947103011803772 
+1.888209110825653347 
+1.916035570386835474 
+1.943324549725567785 
+1.969551224085175800 
+1.995240247063558403 
+2.020915310116168762 
+2.046051930179185518 
+2.071696526083802059 
+2.097324311954710030 
+2.122934342590431456 
+2.148003599348662362 
+2.173575716504256850 
+2.198606046336753828 
+2.223615800599360703 
+2.249124472931289809 
+2.274090021149780316 
+2.300071155883317342 
+2.325507360082618824 
+2.351435911219035280 
+2.377336494379982401 
+2.403208170866566018 
+2.429566534012667756 
+2.455376980413535026 
+2.481670966941309064 
+2.507416427075861431 
+2.533128340955530078 
+2.559318997845760890 
+2.584960401679071929 
+2.610565551868018197 
+2.636133563853286788 
+2.681550002258858534 
+2.706501361788046012 
+2.731413910254488542 
+2.756286841449863800 
+2.781625714114278836 
+2.806416164394326174 
+2.831164595064952660 
+2.855870221559158040 
+2.880532264664611652 
+2.905651885003715851 
+2.930223516157815400 
+2.954749242781530505 
+2.979727388668568899 
+3.004656148767183677 
+3.029534729349163680 
+3.054362342405731567 
+3.079138205635081782 
+3.104355468091948289 
+3.128531581865219735 
+3.153147558685501117 
+3.177708713292672016 
+3.202214291733493035 
+3.226663545687163737 
+3.250568452752778725 
+3.274417858674487647 
+3.298211074814448196 
+3.321947417684686599 
+3.346108845597505876 
+3.369728216771408214 
+3.393768889214292095 
+3.417268561864604592 
+3.440707993914073448 
+3.464563007192649202 
+3.487878742617135153 
+3.511606191665718413 
+3.534795608209244655 
+3.558392838497670407 
+3.600699167242037646 
+3.624107800799725609 
+3.666535021341757350 
+3.689748551713799785 
+3.712429507314488397 
+3.735503021298623771 
+3.758504885628465964 
+3.780518691858161251 
+3.802921854654532474 
+3.824799410489295060 
+3.847062364935064593 
+3.869253649777179227 
+3.890922022173836758 
+3.913418978765647704 
+3.935839579070948613 
+3.957290982214672237 
+3.978670974729644705 
+4.018122381512294616 
+4.039736139828508321 
+4.060834705589044802 
+4.082296677580884214 
+4.121080204044832662 
+4.141890047227988703 
+4.163055382337174315 
+4.183711845497213311 
+4.204291711991534619 
+4.225647131062673090 
+4.246493834188259875 
+4.267682210360839612 
+4.288364245679545661 
+4.308964072431703762 
+4.329899082626499585 
+4.350331411256057379 
+4.370680151586165962 
+4.390944856087642734 
+4.411125081826053673 
+4.431629611555321979 
+4.452045261982408242 
+4.472371577219441896 
+4.492608106310914451 
+4.512754403221185484 
+4.532810026822123639 
+4.552376146271006618 
+4.571854358070462254 
+4.591639050685430767 
+4.610545457053972562 
+4.629757554596084290 
+4.648490804858536052 
+4.683382945327984714 
+4.702251483953100220 
+4.721029095178391088 
+4.740095812467941983 
+4.759067086231490329 
+4.777565968716111833 
+4.796347147011927881 
+4.815031762564075279 
+4.833619449192704920 
+4.852109845419276368 
+4.869768763750891516 
+4.887702429139000770 
+4.905178542271760200 
+4.922563734485075670 
+4.940217025045643418 
+4.957417570625712422 
+4.974881755525775162 
+4.992249954654562671 
+5.009170342553888489 
+5.025998052883338119 
+5.043080460018828148 
+5.059720046023902462 
+5.076609846515302671 
+5.093060212977074563 
+5.110096019365739650 
+5.127029507075144821 
+5.143860390673640204 
+5.173896524858347945 
+5.190108809191844585 
+5.206221555115185140 
+5.222560268346527756 
+5.238471151679515714 
+5.253960096575496230 
+5.269672243367374165 
+5.284966057702376929 
+5.300478557337976682 
+5.328395359110330354 
+5.343312579387159644 
+5.358439817323437993 
+5.373465050984238545 
+5.400795999942714865 
+5.415530770796951998 
+5.430460312254444588 
+5.445282644031557595 
+5.459997568423242242 
+5.474604891957882913 
+5.489104425384981667 
+5.503495983662554103 
+5.517779385944835191 
+5.531672016959955585 
+5.557196034663765438 
+5.570790519127346130 
+5.584006099885868046 
+5.597393280949622962 
+5.621440280848510440 
+5.634265453625362241 
+5.646989562307680899 
+5.659874385719165346 
+5.672913338111010617 
+5.685327194426278652 
+5.697639512813022833 
+5.710103492684407200 
+5.722210293811470727 
+5.744635941414253821 
+5.756449652350111634 
+5.768404142441248439 
+5.780252113747369691 
+5.791754922834649655 
+5.803391768450143928 
+5.814921837746942934 
+5.826112993268649731 
+5.837431458731257017 
+5.848415186923592302 
+5.859296171509161155 
+5.870297803023040828 
+5.880970976304527476 
+5.891541230863445833 
+5.902225488380211438 
+5.912587607693213343 
+5.923059296791669759 
+5.933633934269694876 
+5.943888493098656411 
+5.962647373144081442 
+5.972594625608503627 
+5.982633951956359830 
+5.992363754674942200 
+6.001985897882874177 
+6.011693415889068248 
+6.021097993949300786 
+6.030394870840568800 
+6.039584039545770722 
+6.048665496399468822 
+6.057821257203840126 
+6.066505276581117378 
+6.075085944274384531 
+6.091069793414737532 
+6.099522665026453794 
+6.108037078596094460 
+6.123080642404195473 
+6.137600165592365542 
+6.145442646647790497 
+6.153177648643543662 
+6.160805212094532024 
+6.168172981072801875 
+6.175738201354038281 
+6.183043724090889981 
+6.190242002117148701 
+6.197333091778864045 
+6.204317052554598533 
+6.211333177475919953 
+6.218100888410182492 
+6.224761669013600951 
+6.231315591245524033 
+6.237762730141434453 
+6.243974833274279490 
+6.250084618292487626 
+6.261142709913757542 
+6.267081033806645607 
+6.272795108093405680 
+6.278523113136030176 
+6.284145019941965060 
+6.289772396646803543 
+6.295289517082270692 
+6.300589434535995181 
+6.310151875383421149 
+6.315150181748050429 
+6.319944345563321519 
+6.324734243287641888 
+6.329324488015156014 
+6.337569125214025156 
+6.342049314381865699 
+6.346334238812545436 
+6.350514708810891307 
+6.354672967245614146 
+6.358642830216309605 
+6.365663535788469218 
+6.369412639109970797 
+6.372982117527830503 
+6.376517828610877459 
+6.379878506936280225 
+6.383201493406682303 
+6.386354037193266997 
+6.389403818030182869 
+6.392410086871620045 
+6.395252769892858069 
+6.402299629376140722 
+6.404720314665623526 
+6.407090895209722525 
+6.411137467269361956 
+6.416411349526768504 
+6.418231846026447585 
+6.419952033171617778 
+6.421540052886517635 
+6.423062277250061847 
+6.424456776095424537 
+6.425781863048742437 
+6.427031669829137428 
+6.428156426015761760 
+6.429182360521783934 
+6.430109696461530078 
+6.431556854357729947 
+6.432217952104774206 
+6.432767114208461479 
+6.433218796298682207 
+6.433573235766519183 
+6.433834917879799775 
+6.433993621692089881 
+6.434055814419995301 
+6.434021743031445695 
+6.433895269760311564 
+6.433671372265420629 
+6.433351960429218863 
+6.432517310494904272 
+6.431928352087492584 
+6.431244875102866132 
+6.430450293029707609 
+6.428773641187046195 
+6.426781614665489251 
+6.425565079139052393 
+6.423089327139028804 
+6.421610553435169066 
+6.420006868884478024 
+6.418377588185084193 
+6.416623971214197475 
+6.414779317983568596 
+6.412843921144808945 
+6.410818075475047451 
+6.406908106060857477 
+6.404581688648700144 
+6.400160044468224285 
+6.397626722244721620 
+6.395004971963919260 
+6.392238885600248999 
+6.389439424710197990 
+6.386612270031566396 
+6.383639934870551258 
+6.380644043890315587 
+6.374869652674615139 
+6.371569333855770623 
+6.368253343310416703 
+6.361742329467785062 
+6.358115277151798139 
+6.354403867986322396 
+6.350530107217248421 
+6.339968603053770302 
+6.335865747510650792 
+6.331680470471048316 
+6.327501024976630362 
+6.323153609472267789 
+6.318633580432749142 
+6.314122096532694961 
+6.309529939725759817 
+6.304761274685784400 
+6.300007210987210726 
+6.295173552289726970 
+6.290159573379249913 
+6.285166201740659098 
+6.280094328915890145 
+6.270575354886242181 
+6.265173974724168815 
+6.259802751343585214 
+6.254354818318564213 
+6.248830549384830846 
+6.243230319921722504 
+6.237554506941140886 
+6.231685340970407161 
+6.225857975401127398 
+6.219956174841794194 
+6.213980322754102836 
+6.208054997549483645 
+6.201933690716710856 
+6.195739484215526893 
+6.189472767713295021 
+6.183003820249694193 
+6.176460197601194579 
+6.169842318676853843 
+6.163150604009120848 
+6.156657485102870808 
+6.149959695267979143 
+6.143330996473295613 
+6.136635776221851302 
+6.124046991923776773 
+6.117163996910875312 
+6.104083342565860271 
+6.096718421897721285 
+6.089284132208017120 
+6.081780911656654354 
+6.074209199872761644 
+6.060254364497957624 
+6.052647793569731149 
+6.045134244901019471 
+6.037401067070470084 
+6.029764303113891444 
+6.022067166287671469 
+6.014147813796514086 
+6.006329891227702333 
+5.998288071065380755 
+5.990350999923507835 
+5.982355577061500895 
+5.974133814939770026 
+5.966021708170987203 
+5.957681677446187152 
+5.949454546909082708 
+5.941171114158002808 
+5.932657461620475026 
+5.917046337682994483 
+5.908370999059853190 
+5.899639088875517245 
+5.890851048448563887 
+5.882188358161540620 
+5.873108347584141242 
+5.864154575193682994 
+5.854962046491232641 
+5.845898916924105571 
+5.836782336690045092 
+5.827612754529329031 
+5.818390620194342944 
+5.793480922580563686 
+5.784069616209019493 
+5.774414253869839087 
+5.764901513123085408 
+5.755339256015307825 
+5.745727939710738141 
+5.735870378282343474 
+5.725962699447850746 
+5.716005391844208638 
+5.706199552391069574 
+5.696346981345895344 
+5.686650617831501719 
+5.676706902226182017 
+5.666922144435720732 
+5.657094304994620515 
+5.646811632686093319 
+5.636690199041893834 
+5.626525269839038224 
+5.616317313270264400 
+5.597247125623924013 
+5.586918820370454064 
+5.576549300734983561 
+5.565926163293912765 
+5.555474814154509389 
+5.544769162110856797 
+5.534022585967503183 
+5.523451722790571061 
+5.512625605409280816 
+5.501760068862814990 
+5.491292538309002325 
+5.480570409721528868 
+5.470031778057744098 
+5.459458641425675829 
+5.448630108123811766 
+5.419956183766981184 
+5.409002773987356072 
+5.394871012102224306 
+5.384067684060934056 
+5.373007449966613613 
+5.362142210300354428 
+5.350792411344603927 
+5.339638575169508350 
+5.328225949800883043 
+5.317011533913811760 
+5.305538103867643684 
+5.294265091449952720 
+5.282963811532480847 
+5.271866231041592243 
+5.241680028429317240 
+5.230254157136227988 
+5.209436116451007237 
+5.197704753492592644 
+5.185948266130663953 
+5.174403034828544357 
+5.163070982145635313 
+5.151480421795108455 
+5.140104907639194032 
+5.128470943056313125 
+5.117053854033489557 
+5.105139925652678379 
+5.093682751091656691 
+5.081967363237943403 
+5.051034121665566090 
+5.039491864003027288 
+5.027691871422229397 
+5.016116248347807449 
+5.004283162543790020 
+4.992434095289067564 
+4.980327249066949236 
+4.968447400342951958 
+4.956553062775646445 
+4.944401561338679585 
+4.932479459035518765 
+4.900543625859267394 
+4.888576215045439710 
+4.876597626367342286 
+4.864608354658031431 
+4.852363905222658147 
+4.840354559352604724 
+4.828090656719290052 
+4.815817712639486992 
+4.803536252854184063 
+4.781409843671340809 
+4.759506829069254152 
+4.747685744468515878 
+4.725754167281812634 
+4.713919571126310437 
+4.701587791734505473 
+4.689499112691643212 
+4.677160634564335062 
+4.664819554948139491 
+4.652476398248010625 
+4.640131688677209709 
+4.628279792965790840 
+4.616180486050494025 
+4.604328088496156823 
+4.592476142066590938 
+4.580378226090615179 
+4.568528603701427215 
+4.556434024147735684 
+4.534472844584192863 
+4.522386331018140027 
+4.510303618278535431 
+4.498225196829851669 
+4.485905209221265899 
+4.473836953131072214 
+4.461774467746031370 
+4.449718242176212257 
+4.437422931165817985 
+4.425380843859241686 
+4.413346491416894501 
+4.401075019219717888 
+4.389057781633754374 
+4.376804787726958246 
+4.364806651855747788 
+4.352818704325185806 
+4.340597110907642886 
+4.318384014417373962 
+4.306196535394362535 
+4.294022135512695293 
+4.282347492841761749 
+4.270443020351808450 
+4.258795075811460329 
+4.246676582648070131 
+4.234815579676082464 
+4.222970027847995134 
+4.211140406862336150 
+4.199327195828220560 
+4.177433543726268184 
+4.165669852853914890 
+4.153684904758841334 
+4.131922721743562121 
+4.119994089364516832 
+4.108086390187538406 
+4.096200127259654877 
+4.084335802870305621 
+4.072493918538398816 
+4.050765156846594550 
+4.038989730025842384 
+4.027238661713293588 
+4.015512449524658578 
+4.004279131605375852 
+3.992836342415483131 
+3.981418825372758263 
+3.960515263062645008 
+3.948940749269729267 
+3.937625060508736397 
+3.926336895475732724 
+3.915076715238769101 
+3.903616060303510160 
+3.892185511211475824 
+3.881013251148852206 
+3.869643747471696038 
+3.858305798022195088 
+3.847225687960166063 
+3.836176802067780223 
+3.824935086041252319 
+3.813950668934972921 
+3.802775679144308363 
+3.791635103488411929 
+3.780751188385226502 
+3.769680161169992161 
+3.758865318188302940 
+3.739092466265591774 
+3.728377677842626081 
+3.717916580569134766 
+3.707273730397171008 
+3.696883951551316549 
+3.686314769452832429 
+3.675997999371062974 
+3.665290449383289406 
+3.654836186491228656 
+3.644208961458231144 
+3.633622993300423154 
+3.623289215778032091 
+3.612786293712062946 
+3.602534782415618864 
+3.592116701988128824 
+3.582156290703546464 
+3.572030166344498436 
+3.562152047709231439 
+3.543946020371574690 
+3.533984041511565088 
+3.524268275952278984 
+3.514394313120622115 
+3.504365319648250932 
+3.494582879896451111 
+3.476735086067601621 
+3.467084012877664989 
+3.457480041371248092 
+3.447729050340263335 
+3.438221495999819410 
+3.428762280430296627 
+3.419543370887039302 
+3.394813386016084067 
+3.385583391998587821 
+3.368762482494281674 
+3.359492218461213042 
+3.342941802948377727 
+3.334005287173614995 
+3.317729275023116209 
+3.301634008469005011 
+3.292947876277356301 
+3.284316415519285659 
+3.275565556244151910 
+3.267045720558809929 
+3.251371556658177120 
+3.243012216519027824 
+3.227806827817540025 
+3.219609865075816924 
+3.211470855544236169 
+3.203390167808273681 
+3.188863361650812855 
+3.181109817406179374 
+3.173413566517687023 
+3.165616425134067491 
+3.151765318059355891 
+3.137649150326073499 
+3.129983472354878060 
+3.122533808860682214 
+3.114996456146450043 
+3.107673260974262330 
+3.100265677768894612 
+3.087098803738603348 
+3.079877168220439110 
+3.073007515606714257 
+3.066200012442290124 
+3.053743283473156822 
+3.046977466855201655 
+3.040413742034596023 
+3.028278590198387299 
+3.021634288864985862 
+3.015190823790153019 
+3.003532188855660312 
+2.997154411790480921 
+2.990973372816476683 
+2.984861131065760453 
+2.978817995861104961 
+2.972965491294073281 
+2.967060063076675913 
+2.961343039068489169 
+2.955576505967175915 
+2.949996118494769615 
+2.944369652457202058 
+2.938814382298848393 
+2.933441798182642390 
+2.923662579576776555 
+2.914121866539850281 
+2.908867187353078698 
+2.903791443173731501 
+2.894760098878959464 
+2.889990324485302686 
+2.885194567487901374 
+2.880568831238468519 
+2.876014752756276938 
+2.871347388624348795 
+2.866667347991248338 
+2.862158443654820417 
+2.854154802917493239 
+2.849868984390575566 
+2.845746130148001374 
+2.841618221056380289 
+2.837650624766479446 
+2.833681654224414981 
+2.829870314668145426 
+2.826136677778064765 
+2.822407188157337377 
+2.818831264438317774 
+2.815333753273035811 
+2.811845932445873331 
+2.808507546364944041 
+2.805248260533119264 
+2.802068297690484933 
+2.798905433991974334 
+2.795886405451974088 
+2.793006537265464662 
+2.790088503078810511 
+2.787310052143845418 
+2.784612212426002653 
+2.781942623304011430 
+2.779408274326491401 
+2.776955148264669049 
+2.774583442470816230 
+2.772247466314979647 
+2.770085068132492889 
+2.767958781295327242 
+2.765955571795411405 
+2.762450551421058442 
+2.760673376057168227 
+2.758906710829288400 
+2.757259268397287855 
+2.754450264686335359 
+2.753039318314521644 
+2.751712058484951040 
+2.750468646268174666 
+2.749332060603745465 
+2.747438440464537557 
+2.746532731070237876 
+2.745708183494401489 
+2.744950315233490201 
+2.744264460018531970 
+2.743678193911334606 
+2.743177069969334525 
+2.742753624112036270 
+2.742419109411892375 
+2.742173661828250175 
+2.742019664151245539 
+2.741950958349361755 
+2.742052794399873150 
+2.742234868084823862 
+2.743138002396845465 
+2.743645656345141681 
+2.744230659864566046 
+2.744902379743405341 
+2.745677294633427135 
+2.746524500358041188 
+2.747458696888362084 
+2.748479969014482549 
+2.749564905742141185 
+2.751798114424905961 
+2.754319557418187792 
+2.755830948624368837 
+2.757429899036073273 
+2.759116470017126233 
+2.760927842317864478 
+2.762752703504458562 
+2.766359236477376804 
+2.768468576421597938 
+2.772524713585815981 
+2.776871115413171331 
+2.781507977806728871 
+2.784184897071432907 
+2.786892621640189027 
+2.789743992067826639 
+2.792683512409723789 
+2.795648524391911138 
+2.798762579253911476 
+2.801964811520087473 
+2.805187191121074619 
+2.808563983224762417 
+2.811957355787685575 
+2.815582086392323546 
+2.819223379452229228 
+2.822952815875971133 
+2.826770378218427027 
+2.830756670349862780 
+2.834752215883688198 
+2.838835813969978972 
+2.843007433435661646 
+2.847179229669756229 
+2.851524990125421155 
+2.855867297168704244 
+2.860387036115815462 
+2.864994590760753912 
+2.869689909249011350 
+2.874374447084230511 
+2.879243335490743405 
+2.884097784702904121 
+2.889139998701472756 
+2.894269667309612437 
+2.899486717592641760 
+2.904791073039234561 
+2.910182653550344334 
+2.915661375428165947 
+2.921341644432477125 
+2.926996157283277000 
+2.932737536732763495 
+2.938565684500725084 
+2.949373095782617860 
+2.960465778996915098 
+2.966566527875648784 
+2.972879644413811473 
+2.979410276487103548 
+2.985897070226529060 
+2.992469630693407989 
+3.004764668024129115 
+3.011719756380666357 
+3.018480133039961100 
+3.025322156129377937 
+3.032535929403787911 
+3.039691068787251815 
+3.047079453701464047 
+3.054405382161374582 
+3.061663521242010688 
+3.069002374900077434 
+3.076577204596140369 
+3.084235796126226781 
+3.091977966447819526 
+3.099803528610630465 
+3.107874560031843814 
+3.129263179676339490 
+3.137475876716433021 
+3.145600724833814255 
+3.153976049706200158 
+3.162259793583164225 
+3.170621854136649098 
+3.179238685539356624 
+3.187936681154340590 
+3.204123257981045025 
+3.213050212676149542 
+3.222057414991286617 
+3.231144616184114859 
+3.240499472522695878 
+3.249557999760121163 
+3.266555003320706696 
+3.276023890605546551 
+3.285375621925416212 
+3.302913651830118091 
+3.312678924828684757 
+3.322521595373459036 
+3.340596102228364117 
+3.350449112379870975 
+3.360582877253953882 
+3.370583478469656225 
+3.380656672052825051 
+3.391014290779796880 
+3.401446925939152877 
+3.411954251836035290 
+3.422319244588647891 
+3.432973450297973628 
+3.443481679648178861 
+3.454281438512667002 
+3.465154209201250168 
+3.475875540133669617 
+3.496391596694747861 
+3.507541194825142483 
+3.518762064183989846 
+3.530285011902154935 
+3.541648736472844394 
+3.553082593089093244 
+3.564821686560832870 
+3.576159153698183601 
+3.587562795303609775 
+3.599271879564156507 
+3.610808098414049816 
+3.622651726236104430 
+3.644335597910710156 
+3.666239153955682006 
+3.678639942241679783 
+3.691108798198077245 
+3.703645255894324695 
+3.726633546419849452 
+3.739358088367203514 
+3.751891958533536187 
+3.764488538870367940 
+3.777147363601587315 
+3.790128206243066344 
+3.802911349840196742 
+3.815755302716410391 
+3.829187559853673761 
+3.842419347503331473 
+3.855446419185242668 
+3.868799970785431253 
+3.881945347910086497 
+3.895148514723606681 
+3.908680172002402475 
+3.921998526525703355 
+3.935373105904768298 
+3.948803382446325116 
+3.962013062692485210 
+3.975828892244474666 
+3.989423046081415514 
+4.003070738218769797 
+4.017051570366848345 
+4.030805743036265376 
+4.044329502212991478 
+4.058469092393022670 
+4.072661492811778139 
+4.086906091133616137 
+4.101202269698495328 
+4.115261967468891946 
+4.129370013254194838 
+4.143525810767910933 
+4.157728758767407662 
+4.183936617661439428 
+4.198562990196342604 
+4.212942081318859167 
+4.227660139184668431 
+4.266731741861728544 
+4.281313452612401704 
+4.296235155578836284 
+4.310899317096557937 
+4.325903785285310832 
+4.340346422279365513 
+4.355128031623047846 
+4.369947447395757578 
+4.384803989632274579 
+4.399696973224759944 
+4.414930743351949793 
+4.429895241854262089 
+4.444894081073538672 
+4.460233685539126469 
+4.475299747782950810 
+4.490706460584743986 
+4.505836821425398320 
+4.520997911639844880 
+4.536499328384106633 
+4.551720264872155752 
+4.567281207662744258 
+4.582871032464958638 
+4.598488938622498523 
+4.613820954059266732 
+4.629492076699986747 
+4.645188860612436521 
+4.660595811708209801 
+4.676340969560888183 
+4.691793728454100254 
+4.707583986344880067 
+4.723079322471210872 
+4.738594523331119746 
+4.767458411090934156 
+4.783343780061817263 
+4.798928320388743174 
+4.814847269847148503 
+4.830463021954002123 
+4.846092956880258207 
+4.861736229361487638 
+4.877711617955466039 
+4.893379236181057301 
+4.909057605530284363 
+4.924745858592641135 
+4.940443122420462352 
+4.956469115292232885 
+4.972181898284501855 
+4.988221879839201733 
+5.003946550026647344 
+5.019996790685069321 
+5.035729670015190784 
+5.051465237486816307 
+5.067202575109380547 
+5.083261948992880086 
+5.099000038976615024 
+5.114415944334361086 
+5.130472167710379949 
+5.146204319321953768 
+5.162253533002614247 
+5.177976865978273224 
+5.194015080080073510 
+5.209725660757023036 
+5.225748837232756294 
+5.241762868895513350 
+5.257766707156942054 
+5.273759297168495230 
+5.289739577808497906 
+5.305706481670071639 
+5.321340034571543143 
+5.336640100298430944 
+5.352243176689755799 
+5.380857047558955664 
+5.396092217179002226 
+5.411625131001352784 
+5.426820787939884205 
+5.442311302025164110 
+5.458094234935339628 
+5.473537183057385569 
+5.488954969442451315 
+5.504346514099530019 
+5.519710731085330835 
+5.535359200347478748 
+5.550352808438769436 
+5.565628467055134365 
+5.580872394475384191 
+5.595773380336849456 
+5.610951196217484060 
+5.625785260792897091 
+5.641200472692858625 
+5.656269659542765282 
+5.671300352871144312 
+5.686596919475292111 
+5.714022780899744802 
+5.728591093185130489 
+5.743419232066827362 
+5.757900837313456144 
+5.772638141594569561 
+5.787327784898397276 
+5.802266841582195411 
+5.817153741156241509 
+5.831691058438253528 
+5.846470879932979869 
+5.861194685567017615 
+5.875568407693570805 
+5.889885838084051528 
+5.904145732850089701 
+5.918057619187024443 
+5.932199923960197019 
+5.945994202725182198 
+5.960013969806216672 
+5.973969939954196562 
+6.010677179610830478 
+6.024110015270522034 
+6.037753618839209580 
+6.051049854974780651 
+6.064826218351324627 
+6.078252573753514021 
+6.091875546190703261 
+6.105148857614722147 
+6.118612872804376934 
+6.131727658800584457 
+6.144761938463690676 
+6.168226099993518119 
+6.181026305642742358 
+6.193740771319126814 
+6.206111289322589819 
+6.218651928065852985 
+6.231102674948938436 
+6.243713396674727356 
+6.255978227220319710 
+6.268396288607037903 
+6.280469407751406052 
+6.292445478819541194 
+6.304323062312350956 
+6.316100712134571360 
+6.327539707547413350 
+6.339115238821032783 
+6.350819499435152338 
+6.371608544523582829 
+6.383000430541997616 
+6.403216051599814662 
+6.414283138446700505 
+6.425013400317954648 
+6.435843221556001303 
+6.446337859007709170 
+6.456713565485792117 
+6.466968803156863288 
+6.476896456776269240 
+6.486908653553591364 
+6.496595242303493833 
+6.506358292651821529 
+6.515993147655088968 
+6.525305555404610658 
+6.534681974681480376 
+6.543738172066309033 
+6.552849917585980677 
+6.561643767850595665 
+6.577774971148019567 
+6.593431681025998969 
+6.601921100224160455 
+6.610093931224190200 
+6.618282033422380195 
+6.626156195910440694 
+6.633880020852606307 
+6.647819702320779456 
+6.654957639138450176 
+6.661945117844195963 
+6.668921317351543365 
+6.675737353496939086 
+6.682257343263612981 
+6.688620379150279405 
+6.695079891297204711 
+6.701241497506085665 
+6.707234339025452741 
+6.713056667379406761 
+6.718706726989012168 
+6.724182755160605041 
+6.729482982074303621 
+6.734502873720083826 
+6.739449838434918405 
+6.744120246257857332 
+6.748615163888905144 
+6.756564220601219084 
+6.763956771466611784 
+6.767738394224032561 
+6.771318794468964342 
+6.774630469940609245 
+6.777745153313475157 
+6.780718406608855275 
+6.783429399331890153 
+6.785937756441917657 
+6.788241594815389135 
+6.790339024014016900 
+6.792264517484729147 
+6.793939117781716774 
+6.795401554491965257 
+6.796649907662427381 
+6.797682249968620027 
+6.798482217709752362 
+6.799412097323753734 
+6.799602227228778162 
+6.799566960066877996 
+6.799296584254642006 
+6.798787364415360912 
+6.798054569443173101 
+6.797066206869211591 
+6.795859776387855433 
+6.794415891285908060 
+6.792732535846014663 
+6.790765875466183488 
+6.788592511049039047 
+6.786121603980059369 
+6.783449909529225330 
+6.775075201081827814 
+6.771475930347403249 
+6.767619304461232943 
+6.763416516690966773 
+6.759033545850326341 
+6.750294704433374093 
+6.740653171253734754 
+6.735019669685877730 
+6.728989124384741061 
+6.722671388273671056 
+6.716199166688569200 
+6.709306026401439027 
+6.702265484249789296 
+6.694940364588802595 
+6.687170134302144575 
+6.679427635899010340 
+6.664330882533267442 
+6.655604369801814357 
+6.646767597920311132 
+6.637450173353764526 
+6.627830913195507989 
+6.617701870083092963 
+6.607253807995602912 
+6.596702876684910954 
+6.585616051971459939 
+6.574434487908481728 
+6.553073108624120735 
+6.520048446376986107 
+6.496012122246111353 
+6.482178065309499360 
+6.468284627369260242 
+6.454056151355399784 
+6.439189482217379634 
+6.424276875614945759 
+6.409336829508928801 
+6.393744495711567666 
+6.377805230930610136 
+6.361852560592511807 
+6.345219420220723272 
+6.327881783107676128 
+6.310530686407584078 
+6.292455377812623318 
+6.274376384666686235 
+6.255933421469705991 
+6.237124028592504921 
+6.217550486144025612 
+6.197993217515636033 
+6.177651371153258353 
+6.156917550874033473 
+6.135789099498520471 
+6.114263350949322273 
+6.074507270418388671 
+6.051854830345329006 
+6.028794880624818830 
+6.005324712290564193 
+5.981441607407222527 
+5.957142839054614392 
+5.912854062160352697 
+5.887898886644734375 
+5.862012666277961692 
+5.835697678769498076 
+5.808951145213680611 
+5.782865886610031758 
+5.732868520479326158 
+5.705618640026290045 
+5.677378223153772829 
+5.649297391722735817 
+5.571766856005407220 
+5.541521604082465302 
+5.510203219315160439 
+5.451364636383279283 
+5.418722778783533478 
+5.384942239046836221 
+5.351344778545225722 
+5.318642035767543241 
+5.284105943914055636 
+5.220721211959568286 
+5.184824579404897271 
+5.149169006061385723 
+5.112296232198429990 
+5.045429976500254377 
+5.008707084164007561 
+4.969958458464717843 
+4.898926942088794867 
+4.858746274894770067 
+4.818867426007474641 
+4.777659678467781390 
+4.703013169795630333 
+4.661201642348215657 
+4.619748204422362114 
+4.576922757078124349 
+4.534470474993288924 
+4.490619623652478687 
+4.446246397219611346 
+4.401347838987681449 
+4.355920983440682903 
+4.232818296962166826 
+4.146355089389053283 
+4.097985916557328245 
+4.050072845820719358 
+4.000616518993878934 
+3.950606486041934762 
+3.900039697650538262 
+3.848913095578590404 
+3.797223612646051905 
+3.743895820625514848 
+3.691059693333582636 
+3.637651366662138397 
+3.584775215244688340 
+3.530225006685841826 
+3.475093325854045290 
+3.371152553565587517 
+3.314342245295197831 
+3.256938341867619435 
+3.197747755421563642 
+3.089628085789525080 
+3.029904872907276836 
+2.969572607190548830 
+2.907377916030498000 
+2.845805313783308144 
+2.782338260705221167 
+2.719512146840603162 
+2.654759249381312802 
+2.590666373312439319 
+2.524614071872776311 
+2.459241107325262021 
+2.393229610074941505 
+2.325209309802357183 
+2.257897660409273310 
+2.189937505736983425 
+2.121325525473516826 
+2.052058390045179426 
+1.980698827025351161 
+1.911545289021745919 
+1.840292617867678615 
+1.707676186716736044 
+1.634518168382404379 
+1.559168036383091316 
+1.484636335253128436 
+1.407877389626677189 
+1.330401510234845208 
+1.252205051548522796 
+1.108026393807163945 
+1.027778177766401679 
+0.946795362627998127 
+0.865074253651162639 
+0.782611145849241296 
+0.699402323975870210 
+0.615444062516337542 
+0.532434259737351923 
+0.448697581650712607 
+0.364230493049645609 
+0.279029449210277392 
+0.191329343682672182 
+0.104634555937169083 
+0.017195048524854428 
-0.070992761663360326 
-0.161755417571406213 
-0.251466076846851294 
-0.341935919533827182 
-0.435038426102363651 
-0.527053189692724189 
-0.619838104994768990 
-0.715314267100449541 
-0.809666352552236290 
-0.906749301757850290 
-1.002683539650352174 
-1.099406430540369684 
-1.196921673974834732 
-1.297247647299831996 
-1.396375094168799791 
-1.496306126733304431 
-1.597044483651538727 
-1.698593913336368111 
-1.803055751206285251 
-1.906255356151676850 
-2.010277414954431130 
-2.203493593666351558 
-2.312049018107235732 
-2.419278967702405581 
-2.527349860823711936 
-2.636265532987836835 
-2.748278780439812330 
-2.858912994480131253 
-2.970403632347887068 
-3.082754569299349434 
-3.198289228647331228 
-3.312390185724901848 
