11
59
109
158
207
257
306
355
404
453
501
550
598
647
697
746
795
845
894
943
993
1042
1091
1141
1189
1238
1288
1338
1429
1479
1529
1617
1666
1714
1762
1811
1859
1907
1956
2004
2052
2101
2150
2199
2247
2296
2344
2433
2482
2531
2581
2630
2679
2729
2777
2825
2874
2922
3011
3061
3110
3159
3209
3258
3307
3355
3445
3493
3542
3591
3641
3690
3740
3789
3838
3888
3937
3986
4035
4085
4134
4183
4232
4282
4331
4380
4430
4479
4529
4577
4626
4675
4724
4773
4822
4871
4920
4970
5020
5070
5119
5169
5218
5267
5316
5365
5413
5462
5511
5560
5609
5659
5708
5758
5807
5857
5906
5955
6004
6053
6101
6150
6199
6289
6339
6389
6438
6488
6537
6587
6636
6685
6735
6784
6833
6882
6932
6981
7030
7080
7130
7179
7229
7277
7326
7374
7422
7471
7519
7569
7618
7668
7717
7767
7816
7864
7914
7963
8012
8061
8110
8160
8208
8258
8307
8356
8406
8455
8504
8554
8603
8652
8702
8751
8800
8850
8899
8948
8997
9046
9095
9144
9233
9283
9332
9381
9431
9480
9529
9579
9629
9678
9728
9778
9828
9877
9926
9975
10025
10074
10123
10173
10263
10353
10402
10452
10501
10550
10599
10647
10697
10746
10795
10844
10894
10944
10993
11042
11092
11141
11190
11239
11289
11339
11389
11438
11488
11537
11587
11636
11685
11733
11783
11832
11882
11931
11981
12030
12080
12129
12179
12228
12319
12368
12417
12465
12513
12562
12610
12659
12707
12756
12805
12855
12904
12953
13002
13052
13101
13150
13199
13247
13296
13344
13392
13441
13490
13539
13588
13637
13686
13735
13785
13835
13884
13934
13984
14034
14084
14133
14182
14230
14279
14327
14375
14425
14474
14523
14573
14622
14671
14721
14770
14819
14868
14918
14968
15017
15066
15116
15165
15214
15263
15313
15361
15411
15460
15509
15559
15608
15698
15748
15797
15847
15896
15946
15995
16045
16094
16143
16193
16242
16291
16339
16388
16436
16485
16533
16581
16631
16680
16729
16778
16827
16877
16926
16975
17025
17115
17163
17212
17260
17308
17357
17405
17453
17502
17552
17600
17649
17697
17745
17794
17842
17890
17938
17987
18035
18084
18132
18180
18229
18277
18326
18374
18423
18471
18519
18569
18619
18669
18719
18769
18818
18868
18959
19008
19099
19149
19198
19247
19296
19344
19393
19442
19491
19540
19590
19639
19689
19780
19829
19879
19928
19977
20027
20076
20125
20175
20225
20274
20324
20374
20424
20473
20522
20572
20621
20671
20720
20770
20861
20911
20961
21011
21061
21111
21160
21210
21259
21308
21358
21407
21457
21506
21556
21606
21656
21706
21756
21805
21855
21904
21954
22004
22053
22103
22153
22202
22251
22299
22347
22396
22485
22535
22584
22633
22683
22732
22781
22831
22881
22931
22979
23028
23076
23125
23173
23222
23270
23319
23367
23416
23465
23514
23563
23613
23662
23711
23760
23810
23859
23908
23957
24007
24056
24104
24153
24203
24254
24305
24356
24407
24497
24547
24597
24646
24696
24744
24793
24841
24889
24938
24987
25035
25083
25132
25180
25228
25277
25325
25374
25422
25470
25519
25567
25616
25665
25713
25762
25812
25860
25908
25957
26006
26054
26103
26151
26200
26248
26296
26344
26393
26441
26489
26539
26588
26637
26686
26735
26784
26833
26882
26930
26979
27028
27076
27125
27173
27222
27311
27359
27408
27457
27506
27595
27643
27691
27781
27830
27880
27929
27978
28028
28077
28126
28176
28225
28273
28321
28370
28418
28466
28515
28563
28612
28660
28708
28757
28806
28856
28906
28956
29005
29055
29104
29154
29244
29293
29343
29392
29441
29491
29540
29590
29639
29688
29738
29787
29837
29888
29938
29988
30038
30089
30137
30186
30234
30282
30331
30380
30429
30479
30528
30577
30627
30676
30725
30816
30866
30916
30966
31015
31065
31115
31165
31215
31263
31312
31361
31411
31460
31509
31558
31608
31658
31708
31757
31807
31857
31907
31956
32005
32054
32102
32151
32200
32248
32297
32346
32394
32442
32532
32581
32630
32679
32729
32778
32827
32876
32926
32975
33024
33074
33123
33173
33223
33313
33362
33410
33458
33507
33555
33605
33654
33702
33751
33799
33847
33896
33944
33993
34041
34089
34138
34188
34280
34329
34379
34428
34478
34527
34576
34626
34675
34724
34774
34823
34872
34922
34971
35020
35070
35119
35168
35259
35308
35399
35449
35498
35548
35597
35647
35696
35746
35795
35845
35935
35984
36032
36081
36129
36178
36227
36275
36324
36372
36421
36469
36518
36567
36616
36666
36715
36765
36814
36863
36913
36961
37010
37058
37106
37155
37203
37251
37300
37348
37397
37445
37493
37542
37590
37640
37690
37740
37790
37840
37889
37938
37987
38037
38086
38135
38185
38234
38284
38334
38383
38433
38483
38533
38581
38630
38678
38727
38775
38824
38873
38963
39012
39062
39152
39201
39251
39300
39348
39397
39445
39494
39542
39590
39640
39689
39738
39787
39835
39884
39932
39981
40029
40077
40126
40174
40223
40272
40322
40371
40420
40469
40518
40568
40617
40666
40715
40764
40814
40863
40913
40962
41011
41061
41110
41202
41252
41302
41351
41401
41450
41499
41547
41597
41647
41697
41747
41795
41844
41892
41941
41989
42038
42087
42135
42184
42233
42282
42331
42379
42427
42476
42524
42572
42621
42670
42718
42767
42816
42865
42914
42962
43011
43059
43108
43156
43204
43293
43342
43390
43438
43487
43535
43584
43635
43684
43732
43781
43829
43878
43927
43976
44025
44074
44122
44172
44221
44270
44319
44369
44418
44467
44516
44566
44614
44662
44711
44759
44807
44856
44905
44954
45002
45051
45099
45148
45196
45246
45296
45387
45437
45487
45537
45586
45636
45685
45735
45785
45834
45884
45933
45983
46032
46081
46130
46179
46227
46276
46325
46415
46464
46514
46563
46612
46661
46711
46760
46809
46858
46949
46997
47045
47094
47183
47232
47280
47329
47377
47427
47518
47567
47617
47667
47715
47764
47813
47863
47912
47961
48010
48060
48109
48158
48207
48257
48306
48356
48405
48455
48505
48554
48604
48653
48702
48751
48801
48850
48899
48949
48998
49047
49096
49144
49193
49241
49290
49339
49389
49438
49487
49537
49587
49637
49687
49737
49787
49836
49885
49933
49983
50033
50082
50132
50182
50232
50281
50330
50380
50429
50479
50528
50578
50627
50676
50725
50774
50824
50873
50922
50972
51020
51069
51117
51166
51214
51263
51312
51361
51410
51459
51508
51558
51606
51654
51703
51752
51802
51851
51900
51950
51999
52048
52098
52147
52196
52245
52295
52344
52393
52442
52492
52541
52589
52638
52686
52734
52783
52831
52881
52930
52980
53029
53078
53128
53177
53226
53275
53366
53415
53464
53513
53602
53650
53699
53747
53796
53844
53893
53941
53990
54039
54087
54136
54184
54232
54281
54329
54378
54426
54475
54523
54572
54620
54670
54719
54769
54818
54868
54917
55006
55055
55103
55152
55200
55249
55299
55349
55399
55449
55499
55548
55598
55647
55697
55746
55795
55844
55892
55941
55989
56038
56086
56135
56184
56233
56282
56331
56381
56430
56478
56527
56575
56623
56672
56720
56769
56817
56865
56914
56962
57010
57059
57107
57155
57204
57252
57301
57350
57400
57450
57500
57550
57600
57650
57699
57749
57798
57847
57896
57944
57992
58041
58089
58138
58186
58234
58284
58333
58382
58431
58481
58530
58579
58628
58677
58725
58774
58822
58871
58921
58970
59020
59070
59120
59169
59218
59267
59317
59366
59415
59464
59513
59563
59612
59661
59710
59759
59809
59857
59905
59994
60042
60091
60140
60189
60238
60288
60337
60386
60435
60484
60532
60581
60629
60678
60727
60777
60825
60874
60922
60971
61019
61068
61117
61167
61217
61267
61317
61367
61417
61466
61515
61564
61613
61662
61712
61761
61811
61861
61910
61960
62009
62058
62108
62157
62207
62256
62306
62355
62405
62454
62503
62553
62602
62651
62701
62750
62799
62848
62898
62947
62996
63087
63136
63184
63273
63322
63370
63419
63467
63515
63564
63612
63661
63709
63757
63806
63854
63902
63951
63999
64048
64097
64147
64197
64247
64297
64345
64393
64442
64491
64540
64589
64639
64689
64738
64788
64836
64885
64933
64982
65031
65079
65127
65177
65227
65276
65326
65375
65425
65475
65524
65573
65622
65672
65721
65770
65819
65869
65918
65967
66017
66066
66115
66164
66212
66260
66309
66358
66406
66454
66504
66554
66603
66653
66702
66752
66802
66893
66943
66992
67041
67090
67140
67189
67238
67287
67335
67384
67433
67482
67530
67580
67671
67720
67770
67820
67869
67919
67969
68019
68069
68201
68251
68300
68349
68398
68447
68496
68545
68594
68643
68691
68740
68789
68837
68886
68935
68984
69033
69123
69173
69264
69313
69361
69410
69459
69508
69558
69607
69656
69705
69754
69804
69853
69902
69951
70001
70050
70099
70147
70196
70244
70292
70341
70390
70440
70489
70539
70588
70637
70686
70736
70784
70833
70883
70932
71022
71072
71121
71171
71221
71270
71320
71370
71419
71509
71557
71606
71654
71702
71751
71800
71849
71898
71948
71997
72046
72095
72145
72194
72244
72293
72384
72434
72484
72533
72582
72631
72680
72730
72779
72828
72877
72927
72976
73026
73118
73168
73218
73266
73314
73363
73411
73460
73508
73557
73606
73655
73705
73754
73804
73894
73942
73991
74039
74088
74136
74185
74233
74282
74330
74378
74427
74475
74524
74572
74622
74672
74722
74771
74820
74870
74919
74968
75018
75068
75117
75167
75216
75266
75316
75366
75415
75465
75515
75565
75614
75665
75715
75765
75814
75864
75914
75963
76013
76061
76109
76198
76247
76295
76345
76395
76445
76495
76545
76595
76644
76694
76743
76792
76842
76891
76940
76990
77039
77089
77138
77188
77237
77287
77337
77387
77437
77487
77536
77585
77634
77683
77732
77781
77831
77880
77929
77977
78026
78074
78163
78212
78260
78308
78357
78405
78454
78502
78551
78600
78650
78698
78747
78795
78844
78892
78941
78990
79039
79088
79137
79186
79236
79285
79334
79383
79433
79481
79530
79579
79628
79676
79725
79774
79822
79871
79919
79968
80016
80064
80114
80163
80212
80302
80350
80399
80447
80496
80544
80592
80641
80689
80738
80786
80835
80883
80932
80981
81031
81080
81130
81179
81229
81278
81328
81378
81427
81476
81526
81575
81624
81673
81721
81770
81820
81869
81918
81967
82017
82066
82116
82166
82215
82265
82314
82364
82413
82462
82511
82560
82609
82658
82706
82755
82804
82853
82902
82951
82999
83048
83097
83146
83195
83244
83294
83343
83392
83441
83490
83539
83587
83635
83684
83733
83781
83829
83878
83926
83975
84025
84074
84124
84173
84222
84313
84362
84411
84460
84510
84559
84608
84658
84707
84756
84806
84855
84905
84954
85004
85053
85103
85152
85200
85250
85300
85350
85400
85450
85499
85549
85598
85648
85697
85747
85796
85845
85895
85945
85995
86044
86094
86144
86194
86244
86335
86385
