2
51
100
149
198
246
295
343
392
442
491
541
590
639
689
738
787
836
886
935
984
1034
1083
1132
1181
1231
1280
1329
1378
1428
1477
1526
1576
1625
1675
1724
1774
1823
1872
1921
1970
2020
2068
2117
2165
2213
2262
2310
2359
2409
2458
2506
2555
2603
2653
2702
2752
2802
2852
2901
2951
3001
3050
3099
3147
3196
3244
3293
3342
3392
3441
3490
3540
3589
3637
3687
3736
3785
3835
3884
3933
3982
4030
4079
4128
4176
4225
4274
4323
4373
4422
4471
4520
4570
4619
4668
4717
4767
4816
4865
4914
4964
5013
5062
5112
5161
5210
5259
5308
5358
5407
5456
5506
5555
5605
5655
5704
5752
5801
5849
5898
5947
5996
6045
6093
6142
6191
6239
6288
6336
6384
6433
6481
6530
6578
6626
6675
6723
6772
6820
6868
6917
6966
7015
7064
7114
7163
7212
7261
7310
7358
7406
7455
7503
7552
7600
7649
7697
7746
7794
7843
7892
7942
7991
8041
8090
8140
8188
8237
8285
8333
8382
8430
8479
8528
8578
8628
8678
8728
8777
8828
8879
8930
8981
9031
9082
9130
9179
9227
9275
9325
9374
9424
9473
9523
9572
9622
9671
9720
9769
9819
9868
9917
9966
10015
10063
10112
10160
10208
10258
10308
10357
10405
10454
10502
10551
10599
10648
10696
10745
10793
10842
10891
10941
10990
11039
11089
11137
11186
11235
11284
11333
11381
11430
11479
11528
11578
11627
11676
11725
11774
11823
11872
11920
11969
12017
12066
12115
12164
12214
12263
12312
12361
12411
12460
12510
12559
12608
12658
12707
12757
12805
12854
12903
12953
13002
13051
13100
13149
13197
13246
13294
13343
13391
13440
13488
13537
13586
13635
13684
13734
13783
13832
13881
13931
13980
14029
14078
14127
14177
14226
14275
14324
14372
14420
14469
14517
14566
14615
14665
14715
14763
14812
14860
14909
14957
15006
15055
15104
15154
15203
15252
15302
15351
15401
15451
15501
15551
15601
15651
15700
15749
15799
15848
15897
15947
15995
16044
16093
16142
16190
16239
16288
16337
16385
16434
16483
16531
16582
16632
16682
16732
16782
16833
16881
16930
16979
17029
17079
17129
17179
17230
17280
17329
17378
17426
17475
17523
17572
17620
17670
17720
17769
17818
17867
17916
17965
18014
18062
18111
18159
18208
18257
18305
18354
18402
18451
18500
18548
18597
18646
18695
18745
18794
18844
18893
18943
18992
19042
19091
19140
19190
19239
19288
19338
19387
19436
19486
19535
19583
19632
19680
19729
19777
19826
19875
19924
19974
20023
20072
20122
20171
20220
20269
20318
20368
20417
20466
20515
20564
20614
20662
20710
20759
20807
20855
20904
20953
21001
21051
21101
21150
21200
21249
21299
21348
21397
21447
21496
21545
21594
21644
21693
21742
21791
21839
21888
21936
21985
22034
22084
22133
22182
22231
22279
22328
22376
22425
22473
22522
22571
22621
22670
22719
22769
22818
22866
22915
22963
23011
23061
23110
23159
23209
23259
23309
23359
23410
23460
23508
23557
23606
23654
23702
23751
23801
23850
23900
23950
23999
24049
24099
24150
24199
24248
24298
24347
24397
24445
24494
24542
24591
24639
24688
24737
24787
24836
24885
24935
24983
25032
25080
25129
25177
25226
25275
25324
25374
25423
25472
25521
25571
25620
25669
25719
25768
25818
25867
25915
25964
26012
26061
26109
26158
26207
26255
26304
26352
26401
26450
26498
26546
26595
26643
26692
26741
26790
26839
26888
26938
26987
27036
27086
27135
27183
27232
27280
27329
27377
27426
27474
27523
27572
27621
27671
27720
27769
27818
27868
27917
27965
28014
28063
28111
28159
28208
28257
28306
28355
28405
28454
28503
28552
28601
28649
28698
28747
28795
28843
28892
28941
28989
29038
29087
29135
29184
29234
29282
29331
29379
29428
29476
29525
29574
29624
29674
29723
29773
29823
29872
29921
29971
30020
30069
30119
30168
30217
30267
30316
30365
30414
30464
30513
30562
30612
30661
30710
30759
30809
30858
30907
30957
31005
31054
31103
31152
31200
31249
31297
31346
31394
31443
31491
31539
31589
31639
31689
31738
31788
31838
31887
31936
31986
32035
32084
32133
32182
32231
32279
32328
32377
32427
32476
32525
32574
32623
32673
32721
32770
32818
32866
32915
32963
33013
33062
33111
33161
33210
33260
33308
33357
33407
33456
33505
33555
33604
33653
33703
33752
33802
33851
33901
33950
33998
34047
34095
34143
34193
34243
34292
34342
34392
34441
34490
34538
34587
34636
34684
34733
34782
34830
34879
34928
34978
35027
35076
35125
35175
35225
35274
35323
35371
35420
35469
35517
35567
35617
35666
35716
35766
35815
35864
35912
35961
36010
36058
36107
36157
36206
36256
36306
36356
36405
36454
36504
36553
36602
36651
36701
36750
36799
36848
36897
36947
36995
37044
37092
37141
37189
37238
37286
37335
37383
37431
37480
37528
37577
37625
37674
37722
37770
37819
37868
37916
37964
38014
38063
38112
38162
38211
38261
38310
38358
38407
38456
38505
38553
38602
38651
38700
38748
38798
38848
38897
38947
38997
39046
39095
39143
39191
39239
39288
39336
39385
39434
39483
39533
39582
39631
39679
39728
39776
39824
39873
39921
39971
40020
40069
40118
40168
40217
40265
40313
40362
40410
40458
40507
40555
40603
40652
40701
40750
40799
40849
40898
40947
40996
41046
41095
41143
41192
41241
41291
41340
41390
41439
41489
41538
41587
41637
41686
41735
41784
41832
41881
41929
41978
42026
42074
42123
42172
42221
42271
42320
42369
42418
42466
42515
42564
42612
42662
42711
42759
42808
42856
42905
42953
43003
43052
43101
43150
43199
43248
43297
43346
43394
43443
43491
43540
43588
43637
43686
43735
43784
43833
43883
43932
43981
44030
44079
44128
44176
44225
44274
44322
44371
44419
44468
44516
44565
44613
44662
44710
44759
44808
44858
44907
44957
45006
45056
45104
45153
45201
45250
45299
45347
45397
45446
45495
45544
45594
45643
45693
45743
45792
45842
45892
45942
45992
46042
46092
46142
46190
46239
46287
46336
46384
46433
46482
46531
46580
46629
46677
46726
46774
46823
46871
46921
46970
47019
47067
47116
47164
47213
47261
47312
47362
47412
47522
47570
47619
47669
47718
47768
47818
47869
47918
47967
48016
48066
48115
48164
48213
48262
48311
48361
48410
48459
48508
48557
48607
48656
48704
48752
48801
48850
48899
48949
48997
49046
49094
49143
49191
49239
49288
49336
49384
49433
49481
49529
49579
49628
49677
49727
49776
49825
49873
49923
49972
50022
50071
50121
50170
50219
50268
50317
50365
50414
50462
50511
50559
50608
50656
50705
50753
50802
50850
50898
50947
50996
51045
51094
51143
51193
51242
51291
51340
51390
51441
51491
51541
51592
51642
51690
51739
51787
51835
51884
51932
51981
52029
52077
52126
52174
52222
52271
52319
52368
52417
52465
52514
52562
52611
52660
52709
52758
52807
52855
52905
52954
53003
53052
53102
53151
53200
53250
53299
53349
53398
53448
53497
53546
53595
53644
53694
53743
53792
53841
53890
53940
53990
54040
54090
54139
54188
54237
54287
54336
54384
54433
54482
54530
54579
54628
54677
54727
54776
54826
54875
54925
54973
55023
55072
55121
55170
55220
55269
55319
55369
55419
55468
55518
55568
55617
55667
55716
55765
55814
55864
55913
55963
56013
56062
56112
56161
56210
56259
56308
56358
56407
56457
56507
56557
56607
56657
56707
56755
56804
56853
56903
56952
57001
57051
57100
57149
57197
57247
57296
57345
57395
57444
57493
57542
57592
57641
57690
57739
57789
57838
57887
57936
57986
58035
58084
58133
58181
58229
58277
58326
58374
58422
58471
58519
58568
58617
58665
58714
58763
58811
58860
58908
58957
59005
59053
59102
59150
59198
59247
59295
59344
59392
59441
59489
59537
59586
59634
59683
59731
59779
59828
59876
59924
59973
60021
60071
60121
60171
60221
60271
60321
60370
60418
60467
60517
60566
60616
60665
60714
60762
60811
60859
60908
60956
61004
61054
61104
61153
61203
61252
61302
61350
61399
61449
61499
61549
61597
61646
61694
61743
61791
61840
61888
61936
61985
62033
62082
62130
62178
62227
62275
62324
62373
62421
62472
62522
62572
62623
62673
62723
62772
62820
62869
62917
62965
63014
63062
63111
63161
63210
63259
63309
63358
63407
63456
63506
63555
63604
63653
63703
63752
63801
63851
63900
63949
63998
64047
64095
64144
64192
64241
64289
64337
64386
64434
64484
64534
64584
64634
64685
64734
64782
64831
64879
64928
64976
65024
65073
65121
65171
65219
65267
65316
65364
65413
65461
65510
65559
65609
65659
65709
65759
65808
65858
65908
65956
66005
66053
66102
66151
66199
66249
66298
66348
66396
66445
66493
66542
66590
66639
66688
66736
66785
66834
66882
66931
66979
67028
67076
67125
67173
67222
67270
67318
67367
67416
67465
67514
67564
67613
67662
67711
67761
67810
67859
67909
67958
68007
68057
68106
68155
68205
68255
68304
68354
68403
68453
68502
68551
68601
68650
68699
68748
68798
68847
68897
68946
68995
69044
69094
69143
69191
69240
69288
69338
69387
69436
69486
69535
69584
69633
69681
69730
69778
69827
69875
69923
69973
70022
70072
70122
70171
70221
70270
70320
70370
70419
70469
70518
70567
70617
70666
70716
70766
70814
70863
70911
70960
71008
71057
71106
71155
71203
71252
71300
71349
71397
71446
71495
71544
71594
71642
71691
71739
71788
71836
71885
71933
71982
72030
72078
72127
72175
72224
72272
72321
72370
72420
72470
72519
72569
72620
72670
72720
72770
72820
72869
72917
72966
73014
73063
73111
73160
73209
73257
73307
73356
73406
73455
73504
73552
73601
73649
73698
73747
73796
73845
73895
73944
73994
74043
74093
74143
74191
74240
74289
74338
74386
74435
74484
74534
74582
74631
74680
74728
74777
74826
74876
74925
74975
75024
75073
75123
75172
75222
75271
75321
75370
75420
75469
75518
75567
75616
75664
75713
75762
75811
75860
75910
75960
