25
74
124
173
222
271
320
369
418
467
516
564
613
661
711
760
809
858
908
957
1047
1097
1146
1277
1326
1375
1424
1473
1521
1570
1619
1667
1757
1807
1856
1946
1994
2083
2132
2181
2229
2278
2327
2376
2425
2516
2565
2614
2664
2714
2763
2812
2862
2911
2960
3009
3058
3106
3195
3243
3292
3340
3389
3478
3527
3575
3623
3672
3721
3771
3820
3869
3918
3967
4015
4064
4112
4161
4210
4260
4310
4361
4411
4461
4512
4561
4611
4661
4710
4801
4850
4900
4950
5000
5050
5140
5190
5239
5289
5338
5388
5437
5486
5536
5585
5635
5684
5733
5782
5830
5879
5927
5977
6027
6076
6126
6216
6264
6313
6361
6451
6500
6549
6598
6648
6697
6746
6795
6843
6893
6942
6991
7040
7089
7139
7188
7278
7327
7375
7423
7472
7520
7568
7618
7667
7716
7766
7815
7864
7996
8045
8136
8186
8236
8286
8336
8386
8436
8486
8536
8585
8634
8683
8732
8780
8829
9000
9049
9098
9148
9197
9246
9336
9384
9433
9522
9571
9620
9668
9718
9767
9816
9864
9913
10002
10050
10100
10148
10197
10245
10294
10342
10391
10439
10490
10540
10590
10682
10730
10779
10827
10878
10928
10978
11028
11078
11128
11177
11227
11276
11325
11375
11424
11473
11562
11611
11660
11709
11758
11807
11857
11905
11955
12004
12052
12101
12149
12198
12246
12295
12344
12392
12440
12489
12578
12627
12676
12726
12816
12864
12954
13004
13054
13104
13154
13203
13252
13302
13392
13441
13490
13539
13588
13637
13687
13736
13784
13833
13881
13930
13978
14068
14117
14166
14216
14265
14314
14404
14453
14502
14551
14601
14650
14781
14871
14920
14969
15059
15149
15198
15248
15297
15346
15395
15444
15494
15583
15632
15680
15728
15777
15825
15874
15922
15971
16019
16068
16157
16205
16294
16343
16391
16439
16488
16536
16585
16633
16681
16730
16778
16827
16876
16925
17018
17069
17119
17170
17219
17267
17316
17365
17413
17462
17510
17641
17689
17738
17787
17835
17884
17974
18022
18072
18122
18172
18221
18271
18320
18370
18419
18467
18516
18564
18613
18661
18710
18758
18807
18856
18905
18955
19004
19054
19105
19196
19245
19295
19345
19394
19484
19533
19583
19632
19682
19731
19781
19830
19879
19928
19977
20025
20074
20164
20213
20263
20312
20361
20411
20461
20511
20562
20610
20658
20707
20755
20803
20934
21024
21074
21166
21216
21266
21357
21406
21454
21503
21551
21600
21648
21697
21746
21796
21845
21894
21943
22036
22087
22138
22230
22279
22328
22457
22546
22595
22645
22694
22743
22792
22842
22890
22939
22987
23036
23125
23173
23222
23270
23318
23367
23415
23464
23513
23561
23651
23700
23748
23797
23847
23896
23946
23995
24044
24094
24143
24193
24242
24334
24384
24434
24484
24534
24585
24634
24685
24735
24785
24836
24886
24936
25026
25075
25124
25174
25223
25271
25320
25368
25417
25507
25555
25604
25652
25701
25790
25879
25928
25976
26025
26114
26162
26211
26260
26308
26357
26406
26456
26505
26555
26604
26653
26703
26752
26802
26851
26901
26951
27000
27049
27098
27148
27197
27247
27296
27345
27395
27444
27493
27541
27590
27638
27688
27737
27787
27836
27886
27935
27984
28032
28081
28130
28179
28229
28278
28327
28377
28425
28474
28563
28611
28660
28708
28757
28805
28854
28903
28951
29000
29049
29097
29146
29194
29243
29291
29340
29388
29437
29487
29536
29585
29635
29684
29734
29783
29833
29883
29933
29983
30033
30123
30172
30221
30270
30319
30369
30418
30467
30516
30566
30615
30664
30713
30763
30812
30861
30911
30960
31009
31057
31105
31154
31202
31251
31300
31350
31399
31448
31497
31546
31596
31644
31693
31741
31790
31838
31886
31935
31983
32073
32121
32170
32301
32349
32398
32446
32495
32544
32593
32642
32691
32740
32790
32839
32889
32939
32989
33038
33087
33136
33185
33234
33284
33333
33382
33430
33479
33529
33578
33627
33677
33726
33775
33825
33875
33924
33973
34023
34113
34162
34212
34261
34310
34359
34408
34458
34507
34557
34607
34657
34706
34755
34804
34852
34901
34949
34998
35049
35100
35149
35198
35247
35296
35346
35395
35444
35494
35543
35593
35684
35734
35783
35874
35923
36093
36182
36231
36280
36328
36377
36426
36476
36525
36575
36624
36713
36762
36810
36859
36908
36957
37005
37055
37105
37154
37204
37253
37303
37352
37402
37451
37501
37550
37599
37649
37698
37747
37796
37845
37894
37942
37990
38039
38128
38176
38225
38273
38323
38372
38421
38470
38520
38569
38619
38668
38717
38766
38816
38865
38913
38961
39010
39059
39109
39158
39207
39257
39306
39355
39404
39452
39501
39549
39598
39647
39697
39746
39796
39845
39895
39944
39994
40043
40093
40143
40192
40241
40290
40339
40387
40436
40484
40533
40582
40630
40679
40728
40777
40827
40876
40925
40974
41024
41073
41122
41171
41220
41270
41319
41368
41416
41465
41513
41562
41611
41660
41709
41758
41808
41858
41908
41957
42007
42056
42105
42155
42203
42251
42300
42348
42396
42445
42494
42545
42594
42645
42695
42745
42793
42841
42890
42938
42987
43037
43086
43136
43185
43235
43284
43334
43383
43432
43480
43528
43577
43625
43674
43722
43770
43818
43867
43915
43965
44016
44066
44116
44166
44215
44264
44314
44363
44412
44461
44510
44560
44609
44658
44707
44756
44806
44855
44904
44953
45002
45051
45099
45148
45196
45285
45335
45384
45433
45483
45532
45582
45631
45680
45729
45779
45828
45877
45927
45976
46026
46075
46125
46175
46225
46275
46325
46374
46424
46472
46521
46569
46618
46666
46714
46763
46811
46860
46909
46958
47008
47057
47106
47155
47205
47254
47303
47352
47402
47451
47501
47550
47600
47650
47699
47748
47796
47845
47934
47982
48031
48079
48128
48177
48227
48276
48325
48375
48425
48475
48525
48575
48625
48674
48724
48773
48823
48872
48921
48970
49018
49066
49115
49163
49211
49260
49308
49357
49405
49454
49502
49551
49600
49650
49700
49751
49801
49851
49902
49951
50000
50049
50099
50148
50197
50245
50334
50383
50431
50479
50529
50578
50627
50676
50725
50775
50824
50873
50922
50972
51021
51070
51119
51167
51216
51265
51315
51364
51413
51462
51512
51560
51609
51658
51707
51797
51847
51896
51944
51993
52041
52090
52138
52187
52235
52284
52334
52383
52433
52482
52532
52580
52631
52682
52732
52782
52831
52881
52930
52980
53030
53080
53130
53180
53229
53279
53328
53378
53427
53477
53526
53576
53625
53674
53723
53772
53820
53869
53918
53966
54015
54065
54114
54164
54213
54263
54312
54362
54411
54461
54511
54561
54610
54660
54751
54800
54849
54898
54948
54997
55046
55096
55145
55195
55245
55295
55344
55393
55443
55493
55543
55593
55642
55692
55742
55792
55842
55892
55941
55991
56040
56090
56180
56230
56279
56329
56378
56428
56477
56526
56576
56625
56674
56723
56771
56820
56869
56917
56966
57015
57063
57112
57162
57212
57261
57311
57360
57409
57459
57509
57558
57608
57657
57706
57755
57803
57852
57900
57949
58039
58089
58139
58189
58238
58288
58338
58387
58437
58486
58535
58585
58675
58725
58775
58825
58875
58925
58975
59023
59072
59121
59169
59218
59266
59315
59364
59412
59461
59510
59600
59650
59699
59748
59797
59845
59895
59945
59995
60045
60095
60145
60194
60244
60293
60342
60392
60441
60491
60540
60590
60639
60688
60737
60787
60836
60885
60935
60984
61034
61084
61133
61183
61232
61282
61331
61381
61431
61481
61530
61579
61628
61676
61725
61774
61823
61873
61922
61971
62020
62070
62119
62169
62218
62267
62316
62364
62412
62462
62511
62561
62610
62659
62709
62759
62809
62859
62908
62958
63008
63057
63105
63154
63202
63250
63299
63347
63396
63486
63536
63585
63675
63724
63774
63823
63914
63963
64012
64060
64109
64157
64206
64255
64305
64354
64403
64452
64501
64550
64598
64647
64696
64745
64794
64844
64893
64942
64991
65041
65089
65137
65186
65234
65323
65372
65420
65470
65519
65568
65617
65667
65716
65765
65815
65864
65914
65964
66013
66104
66152
66201
66249
66297
66346
66394
66443
66491
66580
66628
66718
66766
66815
66864
66914
66963
67011
67060
67108
67156
67205
67253
67303
67353
67403
67453
67503
67553
67602
67652
67701
67751
67801
67850
67900
67950
67999
68049
68100
68151
68201
68294
68345
68393
68442
68491
68539
68588
68636
68685
68734
68783
68832
68881
68929
68978
69027
69076
69126
69175
69225
69275
69325
69373
69421
69470
69518
69567
69615
69664
69712
69760
69809
69857
69906
69954
70002
70051
70099
70148
70238
70287
70336
70386
70435
70484
70533
70582
70631
70679
70728
70777
70825
70874
70924
70973
71064
71113
71162
71213
71263
71313
71362
71410
71459
71507
71555
71604
71653
71703
71753
71803
71852
71901
71951
71999
72048
72096
72145
72194
72243
72332
72381
72429
72519
72567
72616
72664
72713
72762
72810
72859
72908
72957
73006
73055
73104
73154
73203
73252
73300
73350
73399
73448
73497
73546
73596
73645
73695
73744
73794
73843
73893
73942
73991
74041
74090
74139
74189
74238
74288
74337
74386
74436
74485
74534
74583
74633
74682
74772
74821
74869
74918
74966
75015
75064
75113
75162
75211
75261
75310
75359
75409
75458
75508
75558
75607
75657
75707
75756
75805
75853
75902
75951
76001
76050
76099
76148
76197
76246
76296
76346
76396
76446
76496
76545
76595
76645
76696
76746
76796
76847
76896
76946
76995
77045
77094
77144
77192
77241
77289
77337
77427
77476
77566
77615
77664
77714
77762
77811
77859
77907
77956
78005
78054
78104
78153
78202
78252
78301
78351
78400
78449
78499
78548
78597
78687
78735
78784
78832
78881
78929
78978
79028
79077
79126
79175
79225
79275
79324
79374
79423
79472
79522
79571
79621
79670
79719
79769
79819
79869
79918
79968
80018
80107
80157
80206
80256
80305
80355
80404
80454
80504
80554
80604
80654
80704
80755
80804
80854
80904
80954
81004
81053
81103
81152
81201
81250
81299
81347
81397
81447
81497
81547
81597
81687
81736
81784
81832
81881
81930
81978
82027
82075
82165
82213
82263
82312
82362
82411
82460
82510
82559
82609
82658
82708
82757
82806
82856
82945
82993
83042
83132
83182
83232
83283
83333
83383
83433
83483
83533
83584
83634
83684
83734
83783
83831
83880
83929
83977
84026
84074
84123
84171
84220
84268
84317
84367
84416
84466
84516
84566
84616
84665
84714
84763
84812
84901
84949
84998
85046
85095
85143
85192
85241
85290
85340
85389
85439
85489
85538
85587
85636
85684
85733
85823
85872
85922
85971
86021
86070
86119
86168
86216
86265
86314
86362
