+3.999443298451225370 
+3.928482849601428573 
+3.856730713718466319 
+3.788469752753311770 
+3.719411455227695118 
+3.650981570502316309 
+3.583177291630462502 
+3.515995818777464699 
+3.449434359212513623 
+3.383490127300474715 
+3.318160344493705782 
+3.252127811258501033 
+3.188031017394933997 
+3.124540323238178097 
+3.061652978652606993 
+2.998101317142007449 
+2.936424622467385781 
+2.875343013581606044 
+2.813625443080113975 
+2.753737852654069229 
+2.693233021736046062 
+2.633336406507028826 
+2.574045145176154570 
+2.516524272681310848 
+2.459579361521623042 
+2.402063248632937853 
+2.346273867678291047 
+2.291052397639991689 
+2.236396187136588942 
+2.181204480416204738 
+2.126595784758894325 
+2.072567305408622218 
+2.019116255096542023 
+1.967291768434292543 
+1.914975833877501366 
+1.864258441963243307 
+1.813066783205073307 
+1.763445891222498840 
+1.714363809059054056 
+1.665817961960376792 
+1.616831480351291983 
+1.569361218750453979 
+1.522419456900630852 
+1.476003647496572313 
+1.429180102658035523 
+1.383819187283422458 
+1.338976571748572209 
+1.294649736065067724 
+1.249947339261033630 
+1.206654928029522456 
+1.164738809799313657 
+1.122450028994217419 
+1.081512280487755273 
+1.040217387219851908 
+1.000248489965857246 
+0.959937793547311902 
+0.920928280149001299 
+0.880794459977736199 
+0.841956923739134666 
+0.802827916958578580 
+0.764970125595755501 
+0.726835798847392578 
+0.689947849165153393 
+0.653536275218308038 
+0.617598671063404048 
+0.582132637391857166 
+0.547845328995564707 
+0.514006000672000862 
+0.479921439715318421 
+0.446980583032982715 
+0.414480967625031393 
+0.381757098473420431 
+0.349488381576983809 
+0.318317263478622881 
+0.286307022870739836 
+0.255389706618013523 
+0.224918193718258053 
+0.194281947807655619 
+0.164704064937676087 
+0.135564995384304332 
+0.106862437981509739 
+0.078594098067689355 
+0.050194078844191026 
+0.022796060507521254 
-0.004174631745415880 
-0.031257604192496125 
-0.057371838627830130 
-0.083065579345787732 
-0.108341075443125767 
-0.133200569577976324 
-0.157646297978029537 
-0.182166714727728163 
-0.205783264449051373 
-0.228992763795791809 
-0.251797423225230688 
-0.274199446805294400 
-0.296201032222735527 
-0.317804370791321844 
-0.339440340386229167 
-0.360245717952211386 
-0.380659428720014681 
-0.401088255346910394 
-0.420717241019727517 
-0.439961082105297052 
-0.458821925278012799 
-0.477301910905083560 
-0.495403173054719481 
-0.513127839504320171 
-0.530478031748648604 
-0.547455865008024567 
-0.564063448236503895 
-0.580302884130063035 
-0.595855967689090882 
-0.611059753660740057 
-0.626222031030987836 
-0.640725918743146217 
-0.655177782205568882 
-0.668989725083672937 
-0.682739269674991434 
-0.695867173988055754 
-0.708922446668981188 
-0.721630048642636801 
-0.733743171433629549 
-0.745768523055201804 
-0.757452249355940133 
-0.769024357628291355 
-0.779802886634612946 
-0.790473812599771009 
-0.800603498716887074 
-0.810414939476835627 
-0.820104464898265384 
-0.829278478064653157 
-0.838321170308399033 
-0.846865334549251614 
-0.855268906591189371 
-0.863352541377091498 
-0.870962872153586254 
-0.878269889994688135 
-0.885418172414379256 
-0.892254203142884172 
-0.898649820052987991 
-0.904997208493321992 
-0.911025468433921404 
-0.916736627266773851 
-0.922027859063561550 
-0.927117113506572998 
-0.931895269994748254 
-0.936277965154100222 
-0.940365682066415687 
-0.944234694863705926 
-0.947732140819815605 
-0.951002716170353146 
-0.953917483505944297 
-0.956546648203742578 
-0.958936975995107410 
-0.960994721226279935 
-0.962772409612031588 
-0.964271865423281582 
-0.965517001695103794 
-0.966459856397529293 
-0.967129952935253279 
-0.967529092011917058 
-0.967659068489794549 
-0.967527136270744492 
-0.967140308645528357 
-0.966484241368030794 
-0.965587407266335518 
-0.964414174414107706 
-0.963014113463422916 
-0.961293593594803930 
-0.959349748962798898 
-0.957152527453457580 
-0.954703666317870514 
-0.952004897055280352 
-0.949057945421269977 
-0.945864531435939959 
-0.942426369392095786 
-0.938667522645673102 
-0.934740076948541443 
-0.930485501542816174 
-0.926075699616874637 
-0.921332440391362972 
-0.916447162731564013 
-0.911222216708091004 
-0.905868297016227508 
-0.900168613538069984 
-0.894231789766180007 
-0.888185319730191658 
-0.881784128043225479 
-0.875285930212691632 
-0.868427201127667914 
-0.861483946268668532 
-0.854174463111796456 
-0.846639889538610468 
-0.839039274857438677 
-0.831064067807381512 
-0.823034904271477963 
-0.814796041817323236 
-0.806349069563584209 
-0.797695571091694866 
-0.788654216877891834 
-0.779588260417910739 
-0.770320527265189625 
-0.760657281596944124 
-0.751185970993825336 
-0.741322254199161534 
-0.731470209483868317 
-0.721220848431747719 
-0.710993979543937726 
-0.700364986105884491 
-0.689323743604280281 
-0.678086799119694383 
-0.666655759430418549 
-0.655032225435860482 
-0.643217792165611257 
-0.631455968644549337 
-0.619268237534774002 
-0.607143618251929418 
-0.594588774099867656 
-0.582107397967076778 
-0.569451665752732872 
-0.556623040634354638 
-0.543355898246904445 
-0.530182401523267011 
-0.517114359459352357 
-0.503608687662849164 
-0.490218011936985221 
-0.476385794484325942 
-0.462677979461984634 
-0.448815249287462414 
-0.434211608149862371 
-0.419442815630561405 
-0.404810607725901050 
-0.389719213876749571 
-0.374773707992665628 
-0.359675235873834431 
-0.344112387084638982 
-0.328709077655248372 
-0.313156965748001781 
-0.297135494948051360 
-0.281286910164938675 
-0.264965748828057457 
-0.248495372232258482 
-0.232211013853332204 
-0.215449407999359188 
-0.198542835371200432 
-0.181835110697000424 
-0.164645671663028459 
-0.147663439361467752 
-0.130547329400952705 
-0.113298652459169702 
-0.095562663876026299 
-0.078050125815900095 
-0.060047594163583184 
-0.042276482349051570 
-0.024012781501099312 
-0.005988341394335350 
+0.012159555655376408 
+0.030055568050403991 
+0.048444119665378871 
+0.066952359836951914 
+0.085579033846800545 
+0.104706631135958350 
+0.123568781922009929 
+0.142545607225810667 
+0.161635872458324226 
+0.180838348016763906 
+0.200151809276395198 
+0.219177555005373836 
+0.239106815241419746 
+0.259147843105981490 
+0.278895253745015115 
+0.299153810359297445 
+0.319520335926553489 
+0.339583064185512651 
+0.359747086978103425 
+0.379596677617453970 
+0.399957747237664751 
+0.419998112581734251 
+0.440551643233584311 
+0.460778309614640502 
+0.481519753324302080 
+0.502780564610024516 
+0.523709145410830246 
+0.545158531187923234 
+0.566701355227820169 
+0.588336415490016584 
+0.609627108689558828 
+0.631004114528970206 
+0.652027467844218833 
+0.673572048478785490 
+0.694757426754583740 
+0.716021414596171635 
+0.737808413448657774 
+0.759228112498426366 
+0.781171929128927189 
+0.802743160784046506 
+0.824839547923563288 
+0.846558169576126840 
+0.868802916637651634 
+0.891121019282009375 
+0.913511417077122356 
+0.935513948366678783 
+0.958044351986596432 
+0.980643918888003618 
+1.003311607262337368 
+1.026046379960418697 
+1.048381228079062311 
+1.071245759797569530 
+1.093705750220915984 
+1.116696030803128625 
+1.139277252794817841 
+1.162389307945850270 
+1.185087885837911248 
+1.209267175393625493 
+1.233033362573447089 
+1.256381801794102859 
+1.279786241961750726 
+1.302766393129981104 
+1.326278800691905069 
+1.349844296757333861 
+1.372979406116187739 
+1.396647144042164168 
+1.419880562776266064 
+1.443161271385617894 
+1.467947840535038129 
+1.492298216448357362 
+1.516696910102016460 
+1.541142926108902689 
+1.565635273929568694 
+1.590172967863147324 
+1.614262957396496390 
+1.638887547512790199 
+1.663060824782873759 
+1.687768503049421387 
+1.712021354451541910 
+1.736808350080810026 
+1.761137098442126625 
+1.785004462406690529 
+1.809404042928193235 
+1.833838086662199718 
+1.858305714738610614 
+1.882305724539844682 
+1.907338230250503752 
+1.931901381733490464 
+1.956494645637532948 
+1.981117164831152966 
+2.006271456318807545 
+2.030950485503340008 
+2.056160677745836551 
+2.080892771260278273 
+2.105649865075782667 
+2.130431128051760936 
+2.154729288994503555 
+2.179555962565316030 
+2.203897032398464795 
+2.228765909303140003 
+2.254163038833849608 
+2.279071716299795547 
+2.304507784988696351 
+2.329962255611365052 
+2.355434285694913754 
+2.380923037319855773 
+2.406427677111060426 
+2.431436840004059796 
+2.456459689979914263 
+2.481495455325433142 
+2.506543368485901979 
+2.532114193499930721 
+2.557184325182287665 
+2.582264311516773159 
+2.607353401584928676 
+2.632963123181649046 
+2.658068332111458432 
+2.683180401660603565 
+2.707785924762192931 
+2.732909413544446497 
+2.758037586728659729 
+2.782656786464783760 
+2.807792106657374109 
+2.832416932768774931 
+2.858069669755961328 
+2.883723581214380438 
+2.908864834989866033 
+2.934005802263976115 
+2.959145789017189720 
+2.984797109882684207 
+3.009933014330534284 
+3.035065866305568072 
+3.060707783470540733 
+3.086345100306894906 
+3.110951935725031703 
+3.136065713642473884 
+3.161173075351451534 
+3.185761186996682870 
+3.210853910071857165 
+3.235426429792759073 
+3.260501965611768416 
+3.286079303922597727 
+3.311645924613923597 
+3.336690164718778107 
+3.362233579032579023 
+3.387764278486437242 
+3.413281601212133420 
+3.437765035660566681 
+3.462744599932892076 
+3.487200135264551637 
+3.512150025010716270 
+3.536575328856255584 
+3.561493177941546406 
+3.586393951397965907 
+3.611277056774715444 
+3.636141905410718689 
+3.660987912426417967 
+3.685814496715605681 
+3.711127125482197364 
+3.736923921254631242 
+3.762192629577045810 
+3.787438685238476488 
+3.812661491102653510 
+3.837356712287846694 
+3.862028480274788400 
+3.886676244302894823 
+3.911801712411523191 
+3.936399313264461242 
+3.960971269060495459 
+3.985517043859603703 
+4.010036105387569272 
+4.034527925027783013 
+4.058991977813037444 
+4.082929339528567070 
+4.107336891284911751 
+4.131217914752298270 
+4.155566950660841030 
+4.180381651141197530 
+4.205164250172241047 
+4.229419540724059345 
+4.253642995080459066 
+4.277834120750730662 
+4.302485110389538292 
+4.326609430796319877 
+4.350699956621713049 
+4.375246793414204305 
+4.399267584970725231 
+4.423742279573785297 
+4.447691413945749517 
+4.471116724032514256 
+4.494993811722094001 
+4.518833822098977215 
+4.542150914846804000 
+4.565916193006994916 
+4.590126871178448198 
+4.613814071482955192 
+4.637944159008949185 
+4.661551486590564508 
+4.685118625910505763 
+4.709124854832856144 
+4.732609491066538610 
+4.756530649833322855 
+4.779453920879330298 
+4.802812879828371351 
+4.825653705525447812 
+4.848927697080369192 
+4.872158161135311083 
+4.895344695502577892 
+4.918958726921870195 
+4.942055291930397942 
+4.965576697802966954 
+4.989050705960621279 
+5.012008854118007228 
+5.035387810434684752 
+5.058252031548503780 
+5.081069195026070240 
+5.103838928841884837 
+5.127024076956825382 
+5.149696861765554523 
+5.172321113125081915 
+5.194436241605348670 
+5.216963361242891395 
+5.239440887658850521 
+5.261411267324934471 
+5.283789592540729885 
+5.305662134358705373 
+5.327939914749425299 
+5.350619466886593401 
+5.372793269689719153 
+5.395366031442480725 
+5.417434509209944515 
+5.439001590859446900 
+5.461413281127422081 
+5.483322937370614270 
+5.505624502942268350 
+5.527425598834074805 
+5.549172496212055883 
+5.570864890275131209 
+5.592502479330171639 
+5.614084964783788934 
+5.635173278535575037 
+5.656645812828720921 
+5.678062372131372548 
+5.699422670104851818 
+5.721160603215014184 
+5.742406369154984702 
+5.763595027445884256 
+5.784726303997842045 
+5.806229399516436906 
+5.827243917589131073 
+5.848200244399552439 
+5.869098117974321127 
+5.889937279333256726 
+5.911140942279939026 
+5.931860702988448253 
+5.952942004777465712 
+5.973961115416457801 
+5.994499256143943633 
+6.015394466597053125 
+6.035810696245220264 
+6.056581014951075481 
+6.076874373860372103 
+6.097106570323250097 
+6.117277378040437696 
+6.137386573606848472 
+6.157842421005259581 
+6.177826465011713175 
+6.197748239582011820 
+6.217607532864185771 
+6.237807493963041239 
+6.257539914789774116 
+6.277209231738382300 
+6.296415755758445698 
+6.315959564391972592 
+6.335042764802812698 
+6.354460301513929821 
+6.373813767979109812 
+6.393102977672690201 
+6.411936049955604844 
+6.431097518235805666 
+6.449805111271115443 
+6.469225891000261797 
+6.488578840280455395 
+6.507478747389164653 
+6.526696862365963803 
+6.545464293312514670 
+6.564546888816085612 
+6.582801552131099854 
+6.601371064614868445 
+6.619874293377256080 
+6.638311087443526048 
+6.656681298512003409 
+6.674984780945838025 
+6.693592870218068036 
+6.711761100057211493 
+6.729862177475846252 
+6.748263302447215395 
+6.766228295357164413 
+6.784125736071652923 
+6.802681803454454723 
+6.821164413639162483 
+6.839573429342259203 
+6.857549910374684643 
+6.875812786851223102 
+6.894001677621397484 
+6.911052935841808242 
+6.928391608375598310 
+6.945309892900394466 
+6.962162227832894956 
+6.979297529605474892 
+6.996363907730196452 
+7.013015071823362589 
+7.029599916634721168 
+7.046461783930496381 
+7.062912349419351088 
+7.079636968564729571 
+7.095952923719430316 
+7.112202150909416432 
+7.129057392859748710 
+7.145505126688512121 
+7.162216611103632502 
+7.178523313911116865 
+7.195090742564268282 
+7.211256132060256618 
+7.227679227040802346 
+7.244029327012322383 
+7.259981544351052918 
+7.275863539583575346 
+7.291675258039854057 
+7.307737167610593332 
+7.323406741126806452 
+7.339005887038736020 
+7.354534560116353425 
+7.369992717457050979 
+7.385380318477491102 
+7.400697324905490149 
+7.415943700771737923 
+7.431119412401683277 
+7.446224428407342444 
+7.461258719679062068 
+7.476222259377395041 
+7.491418219769931497 
+7.518585164402816545 
+7.533275595022777438 
+7.547895175732462825 
+7.562740067478946671 
+7.577216462926093854 
+7.591621973809331791 
+7.605956593084091111 
+7.620510674059280731 
+7.634702050798693129 
+7.648822527911570468 
+7.662872107105666686 
+7.677135333400119777 
+7.691041683880543545 
+7.704877154660101368 
+7.718921928467985083 
+7.732614227037924337 
+7.746512934964318475 
+7.771344784578687381 
+7.785037057848233744 
+7.798383997861051853 
+7.811930403601003547 
+7.825134446195418647 
+7.838267804489084334 
+7.851330509510024314 
+7.864322594328609917 
+7.877244094049387968 
+7.889833486412492825 
+7.902615367898135013 
+7.915068068382565158 
+7.927710492754290961 
+7.950493283270819056 
+7.963444052262083517 
+7.976067015069999044 
+7.988366614292104373 
+8.000844931516589043 
+8.013002891665172100 
+8.025090835129326194 
+8.037108822438426614 
+8.049300027379517886 
+8.061418525112971523 
+8.073464386108270219 
+8.085437682890326272 
+8.097338490030509206 
+8.109166884137490428 
+8.130742192931950996 
+8.142133612895904093 
+8.153686130602714854 
+8.165166632818003478 
+8.176120244704289775 
+8.187233765740705493 
+8.198278377779471882 
+8.209030860918566930 
+8.219939324057467189 
+8.230999654076956773 
+8.241769533248668012 
+8.252470963912330149 
+8.263104043494021056 
+8.273668871176639072 
+8.284165547891953807 
+8.294594176312205747 
+8.304954860842077125 
+8.315038326899726329 
+8.325264824905371341 
+8.335423700294299465 
+8.345515064284274587 
+8.355539029784724292 
+8.365495711388479805 
+8.375586353632225922 
+8.385607184064689079 
+8.395558329806279474 
+8.405439919766671153 
+8.415056520850445310 
+8.424800777632466264 
+8.434475873305826710 
+8.444081943811845292 
+8.453429057373984534 
+8.462898865920742253 
+8.472300064713301992 
+8.481446811987590095 
+8.490712586488758262 
+8.499726897191500541 
+8.508493888017200746 
+8.517378988582075650 
+8.526019677761151883 
+8.534598070544451076 
+8.543467799591645928 
+8.552094846537482198 
+8.560831490698420865 
+8.569328418684547088 
+8.577932601996472783 
+8.586300028739231038 
+8.601334771639191246 
+8.609356268392993172 
+8.617482102882696893 
+8.625380761278453434 
+8.633544137581974809 
+8.641641977469339153 
+8.649674455354038116 
+8.657483039023102123 
+8.665386620685151087 
+8.673225369147159469 
+8.680999464866891557 
+8.688555527929295863 
+8.696049845881045570 
+8.703633641564723078 
+8.711003741519343535 
+8.718312626049140590 
+8.725560473225304037 
+8.732893503291013104 
+8.740018578867458032 
+8.747083162982843163 
+8.754229756761773729 
+8.761313752003403010 
+8.768335346326411539 
+8.775156159174969162 
+8.782054788120712274 
+8.788891613251760049 
+8.795531935539145252 
+8.802113288897688292 
+8.808768370191554453 
+8.815231174389651869 
+8.821635598305974213 
+8.827981839283541632 
+8.834525530633186463 
+8.840753648283671495 
+8.847049521810998129 
+8.853161521906919518 
+8.859339330448870342 
+8.865336043130847443 
+8.871396638672448987 
+8.877159421229407599 
+8.882868143254176729 
+8.888640239509079777 
+8.894240315297546218 
+8.899901914870122610 
+8.905394155704403403 
+8.911058821656046902 
+8.916554557032155159 
+8.922105902946722011 
+8.927491026062249091 
+8.932929954967800512 
+8.938205355190408596 
+8.943426779836485707 
+8.948594449954057950 
+8.958049695835152093 
+8.963065008796460731 
+8.968128154198577562 
+8.973036836088887469 
+8.977991646019059857 
+8.982794623489830599 
+8.987449186658556854 
+8.992149501714290949 
+8.996703939899862945 
+9.001209160431070444 
+9.005849997920190475 
+9.010437916580247730 
+9.014973165731007043 
+9.019366851175231403 
+9.023798554138039663 
+9.028178336447272301 
+9.032420393741197984 
+9.036527996122760698 
+9.040672529736545115 
+9.044685060414211719 
+9.048733014666519026 
+9.052732542526086945 
+9.056683887514161313 
+9.060587293990540303 
+9.064521200294061387 
+9.068328500394320812 
+9.072088605057036403 
+9.075877053547356965 
+9.079468219460686385 
+9.083088226882269467 
+9.086589559523520876 
+9.090118352777992072 
+9.096341202802543435 
+9.099811800384973282 
+9.103167534746852141 
+9.106545640427151866 
+9.109877436514294047 
+9.113163194840335990 
+9.116403188005740788 
+9.119597689370383620 
+9.122809499383858878 
+9.125789665720777322 
+9.128850229939139638 
+9.131806507615291224 
+9.134720407617066940 
+9.137592191304634071 
+9.140479440381218623 
+9.143266932012014792 
+9.145957467671802732 
+9.148663412430673603 
+9.151274572523604434 
+9.153900006883910478 
+9.156432809016539665 
+9.158927213829000991 
+9.161484992108965386 
+9.163951730476323831 
+9.166379257142930115 
+9.168767840615522857 
+9.171165306480403956 
+9.173476030299806183 
+9.175748625198199449 
+9.177983361822025898 
+9.180224961650013782 
+9.182384036994641008 
+9.184506074600506054 
+9.186591347121355611 
+9.188681561489731919 
+9.190734069944674900 
+9.192749163690860925 
+9.194766317190815386 
+9.196706723459332267 
+9.198610597406936762 
+9.200478232161326986 
+9.202273637888943369 
+9.204070385600987336 
+9.205796887263979045 
+9.207523902321799625 
+9.209182632851199202 
+9.210841072936021945 
+9.212433168422005991 
+9.213992704172778048 
+9.215489111944787481 
+9.216985017076513742 
+9.218449196014599778 
+9.219881929176089841 
+9.221311778200531606 
+9.222681834981685256 
+9.224021294879626964 
+9.225330439554689121 
+9.226635344532617466 
+9.227884100665985301 
+9.229103394025031548 
+9.230293507381105655 
+9.231454723761171266 
+9.232610144832795740 
+9.233713842110848447 
+9.234789498740052949 
+9.235858497387303245 
+9.236878367149250479 
+9.237891032515111789 
+9.238856276328320405 
+9.239813793857123869 
+9.240743909988193394 
+9.242367393983995427 
+9.243188197417374852 
+9.244001144584771623 
+9.244789161929944044 
+9.245537200728332294 
+9.246276710416974964 
+9.246992142432223005 
+9.247669903810560754 
+9.248325104057226298 
+9.248983903799516071 
+9.249606353460203323 
+9.250218158575670202 
+9.250795138481468172 
+9.251361142941217253 
+9.251893823431622366 
+9.252405011056378470 
+9.252885203108618839 
+9.253354689596314131 
+9.253803537949579550 
+9.254223491759063336 
+9.254632331137900181 
+9.255021387210568662 
+9.255398287897454779 
+9.255748248925847577 
+9.256079293063367075 
+9.256391707098039490 
+9.256917949632473608 
+9.257179075239996280 
+9.257417872578971085 
+9.257640117167348137 
+9.257850197860115316 
+9.258039813764771253 
+9.258217146907430362 
+9.258375232829786583 
+9.258520939586535548 
+9.258648593361034074 
+9.258763793948169507 
+9.258862112419041779 
+9.258947925979338578 
+9.259019319633079448 
+9.259076578493644405 
+9.259119987499495608 
+9.259150301216722667 
+9.259166596517896863 
+9.259169901449254780 
+9.259160500163130081 
+9.259138676596037953 
+9.259103896952677104 
+9.259057840736870659 
+9.259000218448756314 
+9.258929791341319770 
+9.258774375441294779 
+9.258674789652598491 
+9.258562665236162559 
+9.258442773634786960 
+9.258197693322447464 
+9.258051229274752103 
+9.257892677172687712 
+9.257728664021364295 
+9.257556387673982812 
+9.257376127582945813 
+9.257188162847327817 
+9.256996832160421462 
+9.256794437067505044 
+9.256585166757059113 
+9.256369298841718773 
+9.256151706346246399 
+9.255923595048667352 
+9.255694539978451374 
+9.255460204774722754 
+9.255215810361757889 
+9.254971595179288357 
+9.254722881189771044 
+9.254464613067110434 
+9.254202199229240478 
+9.253941384348408405 
+9.253671569399070762 
+9.253398421806799945 
+9.253116546615839155 
+9.252837494877940827 
+9.252555930256054495 
+9.252272123131135118 
+9.251992193540967691 
+9.251704742521074110 
+9.251415851483585584 
+9.251131718270922732 
+9.250840767160998013 
+9.250549173650334467 
+9.250251243698002668 
+9.249959165021266472 
+9.249667247295542793 
+9.249375755305393909 
+9.249090879329997961 
+9.248801008644210953 
+9.248518226196431158 
+9.248231007273584936 
+9.247945518091501782 
+9.247667783767486327 
+9.247386488033775720 
+9.247107697937497761 
+9.246826069987992724 
+9.246547595289623445 
+9.246272547636522177 
+9.246006588996772635 
+9.245739131680354106 
+9.245475912808117869 
+9.245222331375565261 
+9.244968302595797383 
+9.244719316722814995 
+9.244480461824348794 
+9.244242251828453050 
+9.244009882026109182 
+9.243783618313283768 
+9.243563725742010462 
+9.243354666924606278 
+9.243152228549275762 
+9.242798472868964055 
+9.242612513858187384 
+9.242437918449153855 
+9.242271135787863301 
+9.242109255165726012 
+9.241956019794816513 
+9.241814483836078509 
+9.241679121515268491 
+9.241553165659794900 
+9.241441333004148717 
+9.241336585421834116 
+9.241243424847915833 
+9.241159839502079976 
+9.241083191631895843 
+9.241018629225244752 
+9.240964747507458554 
+9.240921778719167534 
+9.240889954151269237 
+9.240869206834979366 
+9.240860658041356146 
+9.240863644257714782 
+9.240878261092856150 
+9.240905340174997207 
+9.240943991847260008 
+9.240994856191974804 
+9.241059595333910082 
+9.241135779597865252 
+9.241226800993533885 
+9.241329155140658003 
+9.241447322430143885 
+9.241579528337450000 
+9.241725990104242783 
+9.241883493456436227 
+9.242058812491080744 
+9.242249028289606372 
+9.242450011030207691 
+9.242670343240243724 
+9.242901233314650966 
+9.243147221052543827 
+9.243414109854013461 
+9.243691204650620108 
+9.243983986024547406 
+9.244299247467196778 
+9.244624316253688079 
+9.244965650843884220 
+9.245331071103507270 
+9.245705853677877784 
+9.246097471391280465 
+9.246514806142613452 
+9.246941012218268696 
+9.247384612673982929 
+9.247865390255666895 
+9.248355254392460978 
+9.248863825088928792 
+9.249391293145272641 
+9.249949202347840682 
+9.250515427805755309 
+9.251101119245159765 
+9.251706462357663696 
+9.252331641544063956 
+9.252976839905757700 
+9.253656030421730350 
+9.254342229017709087 
+9.255048991857719898 
+9.255791560987614019 
+9.256555914869640134 
+9.257326296504631458 
+9.258117952551074836 
+9.258947873783466065 
+9.259783037212063306 
+9.260639991354658207 
+9.261518904366058180 
+9.262419943002903722 
+9.263362349329977263 
+9.264308593814336135 
+9.265277459024872542 
+9.266289582040871053 
+9.267304640265678017 
+9.268342801261308495 
+9.269404221708224867 
+9.270489056822938778 
+9.271574603276848237 
+9.272706241871913946 
+9.273861748856145226 
+9.275041273538807474 
+9.276244963724202819 
+9.277447660465011126 
+9.278699618459043563 
+9.279949874406181465 
+9.281223866793737898 
+9.283649315921721268 
+9.284991776264767793 
+9.286387204716508137 
+9.287778773470998672 
+9.289194832518024469 
+9.290696069154943615 
+9.292193325335642129 
+9.293685146703566602 
+9.295233816700726237 
+9.296776243618422697 
+9.298376816292794445 
+9.299970321438770782 
+9.301623272950138244 
+9.303268316499874402 
+9.306386506608147258 
+9.308141180854599739 
+9.309886291608211906 
+9.311694660141487390 
+9.313530315070076782 
+9.315431670541265419 
+9.317322779181843373 
+9.319241491509083986 
+9.321227921077106515 
+9.323202712211175580 
+9.325164257546065372 
+9.327194382793999594 
+9.329210316113753620 
+9.331253295640479450 
+9.333366823372184484 
+9.335464718228607239 
+9.337589912717380258 
+9.339787624414906730 
+9.341968231035657766 
+9.344222671880441311 
+9.346552786674948265 
+9.348912948805393697 
+9.351303239566867376 
+9.353723738238194585 
+9.356125209111390006 
+9.358605745396261000 
+9.361116713794935151 
+9.363555940067820771 
+9.366075043510864617 
+9.368571264008297206 
+9.371148670999078334 
+9.373702120992309261 
+9.376338064233809888 
+9.379003661032840000 
+9.381643661491846586 
+9.384368116413973837 
+9.387065871103391856 
+9.389849378955140935 
+9.392605071203657729 
+9.395389496751835878 
+9.398261609483759216 
+9.401104218451649785 
+9.404035802942077638 
+9.407058240409972072 
+9.410050667768150134 
+9.413073258305260538 
+9.416126041747411080 
+9.419272279063843456 
+9.422386146784194949 
+9.425594766095404253 
+9.428769813980395043 
+9.431975173146664559 
+9.435210860777383246 
+9.438543861689169034 
+9.441840869009531900 
+9.445168243878500292 
+9.448594836835031430 
+9.451983590781361855 
+9.455472826741239345 
+9.458852262467390304 
+9.462332182417723558 
+9.465842489633711665 
+9.469310617142884468 
+9.472881063876787522 
+9.476481878527016178 
+9.480038641319417536 
+9.483699537867751772 
+9.487390763419947248 
+9.491112300493966814 
+9.494864129371338279 
+9.498646228089548060 
+9.502458572433743811 
+9.506301135927934354 
+9.510094552456195061 
+9.513996850567124852 
+9.517848720976655130 
+9.521810623356991243 
+9.529083572986081663 
+9.533130013493385846 
+9.537206389250529881 
+9.541228553836941018 
+9.545364049291006125 
+9.549444030809791428 
+9.553638444892005310 
+9.557776037422694770 
+9.562116257009758868 
+9.566399535956801259 
+9.570712313459619480 
+9.575143446532242919 
+9.579515620738590087 
+9.583917088248131932 
+9.588347776247502452 
+9.592898929426549870 
+9.597388422623392756 
+9.601906901592315080 
+9.606454283697885899 
+9.610936804515290532 
+9.615541149682936606 
+9.620079300669431177 
+9.628662110483285019 
+9.633278789109390061 
+9.638116682982673211 
+9.642886280994694914 
+9.647683948245401098 
+9.652509577615422387 
+9.657462399317708446 
+9.662344186326432549 
+9.667253596432901830 
+9.672190512241339633 
+9.677256410350606686 
+9.682248530159839106 
+9.687267785411787457 
+9.692314048302709040 
+9.697491000817347384 
+9.702591429525377009 
+9.707718463975739454 
+9.712871965823975273 
+9.718157777980827916 
+9.723364321842474567 
+9.728596899168504564 
+9.733855360942015977 
+9.739139555470060827 
+9.744449328377010389 
+9.749675388022339462 
+9.755035329857225435 
+9.760310225406572116 
+9.765609054038417725 
+9.771042797300047766 
+9.776389506703512922 
+9.781759665079183819 
+9.787265716860513720 
+9.792795853914110893 
+9.798349894862283804 
+9.803927655554893761 
+9.809643504878961195 
+9.815268615873005587 
+9.820916873485067811 
+9.826588082335538488 
+9.832282044230744589 
+9.837881670519426081 
+9.843620078599187195 
+9.854099397572149144 
+9.859781049182434032 
+9.865602400065830224 
+9.871325636071350829 
+9.877189008776610990 
+9.882952983399219349 
+9.888736797770047104 
+9.894661348839569825 
+9.900606118939338174 
+9.906570873388314880 
+9.912677711184947782 
+9.918682114138157146 
+9.924705774809762460 
+9.930748446705624843 
+9.936809880372756254 
+9.942765559584771040 
+9.948738760336294007 
+9.954979214501383566 
+9.961363504664962676 
+9.967640980918019977 
+9.973684202342525396 
+9.979870076184546690 
+9.986072603063583131 
+9.992164428212985783 
+9.998399102892612689 
+10.004521880362460706 
+10.010915627154973961 
+10.017325248475536625 
+10.023621780098217471 
+10.030061915209799395 
+10.036387745315050068 
+10.048172755420976543 
+10.054537913404134386 
+10.060916241956583406 
+10.067437991948910536 
+10.073841971650642435 
+10.080258166470734693 
+10.086686253747222608 
+10.093257447297686369 
+10.099708564733507643 
+10.106170580818659488 
+10.112643160125578845 
+10.119258370222528498 
+10.125751255008625051 
+10.132120875122542003 
+10.138632289009709808 
+10.145019388510910119 
+10.151681276023154510 
+10.158218136456651948 
+10.164762760963968802 
+10.171448574313238566 
+10.178007769905075719 
+10.184573618699962694 
+10.191145746315800835 
+10.197858079339889414 
+10.204441736932459150 
+10.211030522525160080 
+10.217624048442345952 
+10.224356616723964564 
+10.230823753906143736 
+10.237294304688978386 
+10.243902788106751700 
+10.250379083446091499 
+10.262392917960605487 
+10.269009704589331378 
+10.275492615867269919 
+10.281976278267041636 
+10.288595377888906768 
+10.295349496623067864 
+10.301968031676455695 
+10.308720673711516014 
+10.315471878942183537 
+10.322221178655805573 
+10.328833188336275839 
+10.335442466045094534 
+10.342183342046642025 
+10.348785718364130304 
+10.355383987919855926 
+10.361977688527145958 
+10.368566354494085147 
+10.380653304051756791 
+10.387225122967434388 
+10.393790087829902546 
+10.400481465222320310 
+10.407031105390579739 
+10.413572422512123339 
+10.420104923065718339 
+10.426761135733226382 
+10.433274302735426886 
+10.439777140775380104 
+10.446269141897117194 
+10.452881930979181391 
+10.459350472436838686 
+10.465806620781727077 
+10.472249853490232852 
+10.478679644394096826 
+10.485226249549310040 
+10.491757740124159071 
+10.498273545288023811 
+10.504773090223840981 
+10.511255796119026940 
+10.517721080156132274 
+10.524168355504446737 
+10.530468643910653626 
+10.536878515033063053 
+10.543141000773941229 
+10.549383921130903730 
+10.555606704959185294 
+10.561935130562265073 
+10.573395512105932426 
+10.579659798118516534 
+10.585775579577525463 
+10.591991860214552190 
+10.597935800182394672 
+10.603979041139504957 
+10.609874341741994286 
+10.615988760280551162 
+10.621954017353459676 
+10.627892052290686564 
+10.633922566835032342 
+10.639803705689221403 
+10.645655737488613823 
+10.651596538597772224 
+10.657387830357118119 
+10.663265323646596627 
+10.668993264116837238 
+10.674804768642141894 
+10.680466714387428340 
+10.686095008165272802 
+10.691575174986528651 
+10.697134903047402332 
+10.702659002701011559 
+10.708035174133236467 
+10.713486760811562704 
+10.718790599555454435 
+10.724167012232520335 
+10.729504428970944474 
+10.734909857681877554 
+10.740166374378562253 
+10.745381796031729493 
+10.750555419594858719 
+10.755790807137000087 
+10.760981181301964682 
+10.766023343613531082 
+10.771122344975697871 
+10.776174055256532824 
+10.781177701355314724 
+10.786033893359524782 
+10.790842441875550861 
+10.795602606879491248 
+10.800409271090137153 
+10.804974805727685094 
+10.809585338971844592 
+10.814051962283873110 
+10.818560037267634044 
+10.822924829514146694 
+10.827238141546793315 
+10.831675649176379039 
+10.836055683261287541 
+10.840377413680513996 
+10.844555338909561470 
+10.852160961315249210 
+10.856172244664708870 
+10.860043624536919182 
+10.863856799299597355 
+10.867688587540849099 
+10.871381810877380758 
+10.875089548906933246 
+10.878659678466288341 
+10.885185719942317206 
+10.888645181033295373 
+10.892106102856864425 
+10.898156919600122450 
+10.901288503019877396 
+10.904415712672010486 
+10.907410084866690170 
+10.910395535486909324 
+10.913308084004613718 
+10.916204017342783672 
+10.918966605863598573 
+10.921653642401928153 
+10.924316716227595592 
+10.926848398635303994 
+10.929252557044168981 
+10.931628480612854304 
+10.933878328560108883 
+10.936094951850915180 
+10.938187003383646356 
+10.940240750650122692 
+10.942171486145607417 
+10.944021082996325589 
+10.945824613249479640 
+10.947507569719618914 
+10.952788086885984598 
+10.954135396177834494 
+10.955363240925951374 
+10.956498531773434024 
+10.958339413178132205 
+10.959206869918126870 
+10.959992762327702920 
+10.960664652317554157 
+10.961238253618621030 
+10.961712571476986966 
+10.962093188713534886 
+10.962363859517228803 
+10.962532214447184842 
+10.962597484300504291 
+10.962554082979375281 
+10.962405069826836268 
+10.962149618105996751 
+10.961778163020055032 
+10.961304508431076954 
+10.960708233453907212 
+10.959996759523615850 
+10.959186673075990370 
+10.958263821732227683 
+10.957227145239096799 
+10.956050873518369926 
+10.954780969463342899 
+10.953394009292345856 
+10.951888913807501069 
+10.950230200821737370 
+10.948519976431871470 
+10.946653952448619052 
+10.944623563606484140 
+10.942508903631875228 
+10.940269510825267218 
+10.937854684250037707 
+10.935359880451954950 
+10.932736968701128433 
+10.929927302079295970 
+10.927042115968390590 
+10.923962459861559893 
+10.920810358800149942 
+10.917455957582149040 
+10.914032261098988386 
+10.910398318379000315 
+10.906698305985553787 
+10.902779984468406127 
+10.898798895522030961 
+10.894591316870275932 
+10.890324350437410317 
+10.885822595131111612 
+10.881359376103549863 
+10.876658981432232309 
+10.871912115532527565 
+10.866919807081229621 
+10.861884665984188558 
+10.856595699816868006 
+10.851155059928432323 
+10.845677211286654185 
+10.839932700758669881 
+10.834154816798289289 
+10.828101595087291642 
+10.822018915070570344 
+10.815783635639737881 
+10.809259827985265190 
+10.802574507017293826 
+10.795584946808681082 
+10.788569437982712174 
+10.781388579626597135 
+10.773889398732899636 
+10.766370555206858484 
+10.758682479766193296 
+10.750661712462978414 
+10.742793445666078966 
+10.734759039481030385 
+10.719242436821740938 
+10.710723499638042711 
+10.701850756146320975 
+10.692985086769208891 
+10.683755775767652452 
+10.674538247583976514 
+10.664947115650905474 
+10.655372562825519367 
+10.645414316438383651 
+10.635477533792009552 
+10.624934033107136244 
+10.605235585934734033 
+10.594353903054297916 
+10.583049991401860979 
+10.571542435573631380 
+10.560302215754582278 
+10.548871631363979873 
+10.537005180865641307 
+10.524937559912471485 
+10.512667350562910684 
+10.500449754208688091 
+10.487774300060994648 
+10.474892001256925766 
+10.461801418769681504 
+10.448501108251809555 
+10.434711666326002444 
+10.420983190758267511 
+10.407040592264250378 
+10.392591207344212378 
+10.378211515042799817 
+10.363313046269670537 
+10.348490232383259269 
+10.333136506338835403 
+10.317864498711376342 
+10.302049296623000174 
+10.286321978582236625 
+10.270039036184911652 
+10.253850246408282132 
+10.237430758197913150 
+10.220436786181274158 
+10.203546531801467978 
+10.186420953859638416 
+10.169058510083969438 
+10.151095958232623673 
+10.133250220567447286 
+10.115162925496758106 
+10.096832508683075247 
+10.078638940404442081 
+10.060209085241432092 
+10.040758457459697084 
+10.021444906400379438 
+10.001478460621118671 
+9.981656153220013650 
+9.961579619016832865 
+9.941664763622704015 
+9.921080214582836732 
+9.900664608505406861 
+9.879565697452669326 
+9.858643101809285270 
+9.836579461622708465 
+9.814239335103412287 
+9.791620971647652993 
+9.769183337017688373 
+9.746475137412678791 
+9.723494708086878546 
+9.700240378639591654 
+9.676710473004558111 
+9.652903309444432978 
+9.628817200540453314 
+9.604450453185663150 
+9.579801368575896703 
+9.555379932021253353 
+9.529649363841832255 
+9.504143017550767070 
+9.478347481655806206 
+9.452261028744807447 
+9.425340517265107465 
+9.398660999009639028 
+9.371685311329667201 
+9.344411703662776958 
+9.316272566910960506 
+9.288391674265305653 
+9.259629182776848211 
+9.231133787908438748 
+9.201740552727894595 
+9.172623390493590989 
+9.142591973719015996 
+9.087099035084772680 
+9.056768054599531936 
+9.025490829733566756 
+8.995151929182757300 
+8.963863138194438918 
+8.932899798287827764 
+8.900969963741726332 
+8.869375129953171566 
+8.836797027463745735 
+8.804563600391404066 
+8.771329959701873236 
+8.738450794947807410 
+8.705249433606331522 
+8.671022207846775132 
+8.637164344877074740 
+8.602263241946836558 
+8.567741620151252846 
+8.532159208488653945 
+8.495492910598915870 
+8.459207431406616351 
+8.422571072230212508 
+8.385581906685224851 
+8.347472174628201458 
+8.308991017270926704 
+8.271697751411355881 
+8.234058442151530599 
+8.195276137905089797 
+8.156931912783260685 
+8.118236071061675219 
+8.078369457146269639 
+8.038957385478820328 
+7.998355733384183708 
+7.958219805312635842 
+7.916875306018665626 
+7.874297133401035431 
+7.832186369012076099 
+7.789693298851245729 
+7.746815899562236929 
+7.702665170641269654 
+7.659005070747949340 
+7.614954492966173660 
+7.570511389151161730 
+7.526592717489849704 
+7.481366507764813711 
+7.435741632658183775 
+7.389716019355536680 
+7.343287588825630152 
+7.296454255808402678 
+7.248245588048805921 
+7.200587798633380388 
+7.152518770505517764 
+7.103042638259339014 
+7.054136294330327850 
+7.004812318354025180 
+6.954049017024708235 
+6.904902946630048000 
+6.855349968421371898 
+6.804342827156011353 
+6.753961386465837435 
+6.703166920174709276 
+6.650886097922826146 
+6.597090196739229029 
+6.542839345318425259 
+6.488131220999475701 
+6.434071367959644405 
+6.379567913732251405 
+6.323492582059518696 
+6.268086136593193913 
+6.212229409256799784 
+6.155920175332117772 
+6.099156203687407185 
+6.041935256764896067 
+5.984255090575865133 
+5.926113454690887572 
+5.868708770290005816 
+5.810856966302663906 
+5.751336511383905226 
+5.692574635073309963 
+5.632120682093530561 
+5.572439971667416003 
+5.512301324645622280 
+5.450435195452054238 
+5.386809848474747753 
+5.323967943383551393 
+5.260639576253132610 
+5.196822419266205806 
+5.131196594005634104 
+5.066384752522461454 
+4.999739060638454191 
+4.933922951574971627 
+4.867606218721346245 
+4.744487874845164654 
+4.676738099519012870 
+4.552376958043513611 
+4.483185454907318679 
+4.353314817599305719 
+4.282641199847625479 
+4.211444175308019844 
+4.138252089294662817 
+4.065990146346645240 
+3.993197435014376850 
+3.918369487742833446 
+3.844496922969987018 
+3.770086167187179704 
+3.695134749415129871 
+3.621186342719156404 
+3.543600010373419096 
+3.465442962373665559 
+3.388292789231877045 
+3.308997887148929173 
+3.232330424167582983 
+3.153513202322955955 
+3.075760836035084100 
+2.995831154412379682 
+2.916984165536856910 
+2.835932076008118141 
+2.754309198195107111 
+2.672112973227079191 
+2.587645593476883832 
+2.504283137596249986 
+2.420339564223703555 
+2.334081144617934811 
+2.248955577970495945 
+2.163241060968958074 
+2.078702265286244355 
+1.991814171431040670 
+1.904329338726631793 
+1.814441243519561819 
+1.725742729974778733 
+1.634610690492367624 
+1.544687712782462974 
+1.452300696481976683 
+1.363008929987051143 
+1.271247792766187157 
+1.180760077538789421 
+1.089676745989493156 
+0.996078859852632004 
+0.903784161445852163 
+0.807002309367792492 
+0.711518229734343866 
+0.532506127397252893 
+0.353292783870739147 
+0.252791749942287147 
+0.151616968662366070 
+0.053852596676268405 
-0.048651238149280296 
-0.149767085044171466 
-0.253625025812408644 
-0.356073577298603006 
-0.461297232386713496 
-0.567215073060007846 
-0.671690931486620180 
-0.865339069703220609 
-0.971729643245192065 
-1.080992846763836113 
-1.188761043830361075 
-1.297215395963768003 
-1.408593370640134346 
-1.520691811725894738 
-1.631250221396578048 
-1.744784196348597050 
-1.854463165656387247 
-1.964817239138531235 
-2.078169535851341898 
-2.189896212788561947 
-2.304655414072261266 
-2.420129670078925876 
-2.538700677208263201 
