+5.482198019865806238 
+5.264602302691399061 
+5.145444883461026464 
+5.027514642345832563 
+4.913127633617434320 
+4.797608913750582182 
+4.685573323390008760 
+4.574692809519842918 
+4.462734108580718839 
+4.354169708562797503 
+4.246742982451428006 
+4.140448199969528176 
+3.950258737637985629 
+3.847121217839773344 
+3.745093916123819699 
+3.642122990858100096 
+3.542321543010005236 
+3.443613278915100384 
+3.344011615908116131 
+3.247494931950094976 
+3.152054538429295061 
+3.055770071592260440 
+2.962487268865164669 
+2.870264003761413996 
+2.780944857887865496 
+2.690802792832899915 
+2.603511830350335732 
+2.513642637769130772 
+2.424848230256090531 
+2.337122828569243360 
+2.252183530565749159 
+2.166557775117824214 
+2.081983901217741906 
+1.998456195235436272 
+1.915968959975158370 
+1.834516514654961572 
+1.754093194886182427 
+1.676271355870295299 
+1.599427163997218404 
+1.523555333700720382 
+1.448650594460279883 
+1.373208630105465566 
+1.298762592798683002 
+1.225306931030584856 
+1.154275910242279046 
+1.084185535333145545 
+1.016432634575773264 
+0.948189092960229019 
+0.882235435477550567 
+0.815818544559236969 
+0.751644416176261210 
+0.687034108706147784 
+0.624619908101690768 
+0.561796231893280762 
+0.501122470320985336 
+0.440065587965522198 
+0.381112888974874942 
+0.321803077556540806 
+0.264552176713888976 
+0.206969827525013805 
+0.150252695470927122 
+0.095527190390845895 
+0.040508221120754584 
-0.013660266754341066 
-0.065903386563697097 
-0.117339710182334578 
-0.169020212221512089 
-0.218840145349412651 
-0.268880116806679226 
-0.317102312202822034 
-0.364540739471989284 
-0.412163738373206634 
-0.459926543354065132 
-0.504992786309251152 
-0.550208395645525705 
-0.595529440515161212 
-0.639147904145513479 
-0.681983011207592860 
-0.724889697595829219 
-0.766156476811060472 
-0.806654097468498144 
-0.846387231513130445 
-0.886148031191371643 
-0.924350787084302183 
-0.962559631835978813 
-0.999250904997373901 
-1.035201025079967252 
-1.069703266593688085 
-1.104896135954454017 
-1.167006823217518807 
-1.199422032110993186 
-1.231762293335713743 
-1.262738576562640880 
-1.293619910224076186 
-1.323175592243539533 
-1.352616637732476867 
-1.380769927368326044 
-1.408235804684136561 
-1.435558196987930302 
-1.461648688213995406 
-1.487065070271934353 
-1.511313351697289420 
-1.534923058571654231 
-1.559313256615243226 
-1.582534583216155255 
-1.605076737060665337 
-1.627374795667135388 
-1.648558962501585512 
-1.669077730274311833 
-1.688153945813433587 
-1.707003511239806315 
-1.724861108901828644 
-1.742474957364233745 
-1.759130150494099709 
-1.775524780072451847 
-1.791625577645308276 
-1.806792751724158208 
-1.821649712472292570 
-1.835606393944267722 
-1.848970183887334251 
-1.861745196813190617 
-1.874178256940012943 
-1.885776198998540210 
-1.896797709492317630 
-1.907039295539871837 
-1.917323423305675512 
-1.926812524969934159 
-1.935718424338237043 
-1.944045377569501021 
-1.951797626320154855 
-1.958979397764640140 
-1.965468116693700473 
-1.971300912618169754 
-1.976724690346259194 
-1.981521825275420312 
-1.985812028869723633 
-1.989672535492124084 
-1.992949490034215287 
-1.995783239600104508 
-1.998104074914298423 
-1.999947543854463383 
-2.001265027835639643 
-2.002049763088224132 
-2.002337757093713755 
-2.002111819103396861 
-2.001415139765231110 
-2.000252063427672589 
-1.998587348622060667 
-1.996492521231123973 
-1.993941921206418222 
-1.990871697078315350 
-1.987256811017656055 
-1.979346352136944986 
-1.974370003046034050 
-1.968921733037415578 
-1.963005408879991087 
-1.956624883401482329 
-1.943982395128036167 
-1.936480102365920608 
-1.928545857048798773 
-1.920183223104251269 
-1.911395751709972224 
-1.901994685264680740 
-1.892359652234131495 
-1.882310430535666157 
-1.871850520274378482 
-1.860757415592123820 
-1.849478374691845062 
-1.827721705515361172 
-1.815316398513534324 
-1.802520649998410107 
-1.789610756121517099 
-1.776332667584645364 
-1.762113233458652672 
-1.747501326734129279 
-1.732500521398308457 
-1.717425854153371567 
-1.701984446748146418 
-1.685853317195161516 
-1.669681080851297850 
-1.653152112763785375 
-1.636269701654860853 
-1.619037123903356523 
-1.601457643563223066 
-1.583534512382110293 
-1.564894722637793834 
-1.546287148091696650 
-1.527345669778652493 
-1.508073490157030960 
-1.488473799471977443 
-1.468959609579575165 
-1.448720941609033197 
-1.428164195976491690 
-1.407721594573406065 
-1.386544439158166497 
-1.365058531709038903 
-1.343266977990762889 
-1.321172871702456675 
-1.299239279470681296 
-1.277021200546924362 
-1.254049791876824749 
-1.231265575291072167 
-1.188292103079659157 
-1.163740448817059736 
-1.138898387325114392 
-1.114274474092050937 
-1.088866761402234928 
-1.041905866267827996 
-1.016240340712943890 
-0.989781539686078737 
-0.963590783735166490 
-0.936602099540472466 
-0.909897978800035645 
-0.882391469732092482 
-0.855185752929997989 
-0.827173378585291275 
-0.800045345656513085 
-0.772688681579973391 
-0.744529019111703327 
-0.716718422600982841 
-0.688100871260078684 
-0.659847096821255974 
-0.630187119702279475 
-0.601496430204872645 
-0.571991372417486765 
-0.541661374146003460 
-0.511722414478375853 
-0.481572810306427179 
-0.450593583306067025 
-0.420026646511617585 
-0.389257213944463665 
-0.357653873065276073 
-0.327121549878652829 
-0.295760634129996092 
-0.264853688911325769 
-0.233115509930085452 
-0.201844037345501270 
-0.169738856231025359 
-0.138112865062214318 
-0.106315117509740986 
-0.073680268805696336 
-0.041542804706796943 
-0.008566172747190848 
+0.023901212168627950 
+0.056528259962184357 
+0.090681995959626782 
+0.124315679713398630 
+0.158108225841181671 
+0.220581757647404508 
+0.254811466409388565 
+0.289893714892978771 
+0.324422728654798931 
+0.358387155280573744 
+0.393199799407126349 
+0.427437431891826591 
+0.461806847533629217 
+0.527319281988325450 
+0.562782724385554545 
+0.599102073413502190 
+0.634822168596368641 
+0.670665761299402696 
+0.706630526841936835 
+0.741976577957486505 
+0.778174402576365942 
+0.815228775582956366 
+0.851655201391082528 
+0.888191338258812024 
+0.924834926025007498 
+0.962334770180659937 
+0.998435467031550949 
+1.065626384864162723 
+1.101997470501599352 
+1.169674080090021384 
+1.207062643354169573 
+1.245305375008025628 
+1.282870370851153297 
+1.320519443400664628 
+1.358250455682416202 
+1.396061281194876713 
+1.434723833272993687 
+1.472689468374005273 
+1.510728557200718747 
+1.548839015168665512 
+1.618235848939019395 
+1.655753911184500549 
+1.694116488048532876 
+1.731755813809634059 
+1.769452266560752385 
+1.807991019698919732 
+1.846585326762972823 
+1.885233193412591213 
+1.923142348488811937 
+1.994348956997790356 
+2.032390097213116587 
+2.071267434295389620 
+2.110186972565244012 
+2.149146786752057725 
+2.188144961676347311 
+2.226382615229781425 
+2.265451119920726342 
+2.303754039870402615 
+2.342086589260898855 
+2.381246473917250306 
+2.420433552395367727 
+2.459645979024981610 
+2.498881918079693509 
+2.538940932850275445 
+2.577417040167187867 
+2.615910482364278256 
+2.655221997961384250 
+2.693745326698854470 
+2.732280917334952708 
+2.771630255259612596 
+2.811792204586047283 
+2.851158509935125984 
+2.890530583999536329 
+2.929906698814558119 
+2.970088789900761750 
+3.105094655270430604 
+3.192659278530296518 
+3.232812907437680572 
+3.272955526081342548 
+3.313887853482868184 
+3.354805087434281408 
+3.395705407383865282 
+3.435785595391555258 
+3.476647089869417506 
+3.515885213911506657 
+3.554301106463171323 
+3.593493889974563871 
+3.631862369917945976 
+3.671003711510839373 
+3.709318837657495926 
+3.748402708721794596 
+3.786658611036254563 
+3.825679055454818123 
+3.863869934775562065 
+3.902026514623966769 
+3.940941196399967428 
+3.980610182772424288 
+4.020237347983296239 
+4.060612368803591998 
+4.099360039806440703 
+4.138852503743745359 
+4.177508610417728363 
+4.216904678464421075 
+4.256249826578556217 
+4.294757236087768604 
+4.332428639731686459 
+4.370832321298148138 
+4.408399470931885666 
+4.477912625134420566 
+4.516102420727611033 
+4.554232640660190512 
+4.592301955536100877 
+4.630309044889685310 
+4.669026284657848080 
+4.706903660436896786 
+4.743943888725117297 
+4.781689049290195115 
+4.819365515310535919 
+4.856972019513087879 
+4.895272579280175229 
+4.933497654495643481 
+4.970883722678133054 
+5.008955458726971344 
+5.046947810000062873 
+5.084102051889624718 
+5.152138678741244426 
+5.189819380323634768 
+5.226663556830163593 
+5.263424479746486639 
+5.299353336985561214 
+5.335946028902282201 
+5.372452026006072856 
+5.408127847968484225 
+5.444458877029725308 
+5.480699845894505096 
+5.517586435860144078 
+5.553642060464590635 
+5.589604290289680755 
+5.625472038291489341 
+5.661244225838720112 
+5.697646841671966556 
+5.733222701250372921 
+5.769422779903494281 
+5.804798011730635032 
+5.840791200755328205 
+5.875961573737927601 
+5.911743590619122912 
+5.946704942044002351 
+5.982271573884602844 
+6.017019809109630302 
+6.052366912315169323 
+6.086898004460277178 
+6.121320152719931684 
+6.184954689841055675 
+6.219060297839503093 
+6.253745852492675894 
+6.287622985267503850 
+6.322073472600095556 
+6.355718365194187314 
+6.417211422054829306 
+6.451202627100502518 
+6.484393936762440802 
+6.518139183803921988 
+6.551087676230565648 
+6.583914684593908717 
+6.617285520059320802 
+6.649864491349442019 
+6.682980479407793162 
+6.715308002981229762 
+6.747509830705372025 
+6.779585150683576700 
+6.812183827757680277 
+6.844001104977749605 
+6.875689469373655882 
+6.907890838889452212 
+6.939316372615355277 
+6.970610658932841375 
+7.001772940350976526 
+7.033434335174350238 
+7.063698496769919011 
+7.093833849741730369 
+7.125087134663104393 
+7.155578296412741679 
+7.186551128428218860 
+7.216766001167971289 
+7.247455446867012263 
+7.278000673360852879 
+7.308400956654842240 
+7.338051920415581186 
+7.366961483027510305 
+7.396333561836532233 
+7.424968673300946342 
+7.454059313705232448 
+7.483006831645713675 
+7.511810597503666642 
+7.541053366939495461 
+7.569564803786280827 
+7.597930631314394390 
+7.626150249288622618 
+7.677599330124083465 
+7.705966824642866086 
+7.733617001439906602 
+7.761677848680077929 
+7.789026365055906176 
+7.816778241182212206 
+7.843822849275874809 
+7.870716224587188670 
+7.898002001286441143 
+7.924588217369638699 
+7.951559486532923771 
+7.977301713125340754 
+8.003427984121948668 
+8.028871448820554590 
+8.054166377955175093 
+8.080356828019844784 
+8.105866141050269036 
+8.131219245879373503 
+8.156928261836867478 
+8.182473670038458380 
+8.207348981887879091 
+8.232569058260121864 
+8.256625109414990504 
+8.281025068945250922 
+8.304772620487522516 
+8.328856841166743408 
+8.352294314740708714 
+8.376061211561880882 
+8.399667224793367026 
+8.423588752368722510 
+8.446868549074100230 
+8.470456423135665602 
+8.493408489167499908 
+8.516197801757311225 
+8.539284068646137982 
+8.561743489053387890 
+8.584039116293858740 
+8.606170619342529804 
+8.628584266411520431 
+8.650383188291485226 
+8.672017025778862021 
+8.693921881434011567 
+8.714788234656641208 
+8.735925015731389465 
+8.756895531745101380 
+8.777276599303608151 
+8.798336658590606874 
+8.818806730381449910 
+8.839522056170787678 
+8.859653765015927718 
+8.880023301032633043 
+8.899815637829336268 
+8.919439645240927916 
+8.938895095032194149 
+8.958573611810994208 
+8.977687835515760995 
+8.996632850058185582 
+9.015789862367933338 
+9.034014444808486033 
+9.052076086698123802 
+9.070345764526464905 
+9.088077606132525688 
+9.106010268386718565 
+9.123411646384955276 
+9.141006639485297569 
+9.158430823880562954 
+9.175684050785511303 
+9.192419273789562695 
+9.209333659307294084 
+9.226076679523494306 
+9.242648209425929906 
+9.259381034527880416 
+9.275605726778051618 
+9.291332695929449770 
+9.307217132726464115 
+9.322610601416112530 
+9.337838908710297758 
+9.353214031807738138 
+9.368108339731840317 
+9.383142357249734999 
+9.397702386987456080 
+9.412395036649199298 
+9.427209689379303370 
+9.441553708410371115 
+9.455725103422750522 
+9.469723836023531405 
+9.483830239141525453 
+9.497480029136893265 
+9.510957074990429305 
+9.524531078038997123 
+9.537659067831743442 
+9.550614282790192533 
+9.563396723911186115 
+9.576261939158003500 
+9.588695332201046639 
+9.600707496905767968 
+9.612553924407329475 
+9.624234641360532194 
+9.635987814521461914 
+9.647333759861780322 
+9.658745268715151155 
+9.669756612724428990 
+9.680826651938666316 
+9.691503605656780707 
+9.702232411365212528 
+9.712788944239672873 
+9.723173280330604129 
+9.741798224321950528 
+9.751694543775560220 
+9.761419006894087147 
+9.771164880603004477 
+9.788257149160184412 
+9.797319733106563788 
+9.806211001179956810 
+9.815107258875823248 
+9.823480099909930985 
+9.831858198355096334 
+9.840065516467346285 
+9.848102200744976997 
+9.855968402694626818 
+9.863664278812443342 
+9.871341805871312047 
+9.878694052101977263 
+9.885876475290473309 
+9.892889251806547435 
+9.899594596234617683 
+9.906137496546984167 
+9.912649337897384783 
+9.918864517961104355 
+9.925042199601104898 
+9.930930428778871999 
+9.936774754736639181 
+9.942451001967214097 
+9.948070059691300315 
+9.953514574945458548 
+9.958784791008504556 
+9.963880956247640697 
+9.968803324097841312 
+9.973552153041479684 
+9.978037891887186817 
+9.982270974282668519 
+9.986344850311855481 
+9.990339638188260096 
+9.997172659400286321 
+10.000702360772923072 
+10.004067449866639095 
+10.007268210157587163 
+10.010365197456906117 
+10.013234829716408214 
+10.015994545030418195 
+10.018534261326585977 
+10.020957960046821711 
+10.023169008802039315 
+10.025217856695407548 
+10.027104822736706780 
+10.028863762747938893 
+10.030424652407088359 
+10.031851548398634577 
+10.033998938837964232 
+10.034941112008269215 
+10.035738025891109970 
+10.036358162564710028 
+10.036827206564616688 
+10.037126763329759171 
+10.037268198655285190 
+10.037253789281923133 
+10.037083301893524379 
+10.036764056145871749 
+10.036283125138339756 
+10.035631316516180789 
+10.034835098819783639 
+10.033883422485022407 
+10.032752486884511711 
+10.031487937901349738 
+10.030069143260565312 
+10.028496512494490034 
+10.026807215474867974 
+10.024931275066817804 
+10.022945663056326282 
+10.020722041064255237 
+10.018389601338045125 
+10.015905855428268723 
+10.013215904333264916 
+10.010427793930041673 
+10.007489707253059308 
+10.004337525843965295 
+10.001097796313807464 
+9.997709454635728576 
+9.994172959897834829 
+9.990565435531475913 
+9.986737026506453674 
+9.982679203235630183 
+9.978554760381939559 
+9.974284514678409153 
+9.969868946990985137 
+9.965213967575433429 
+9.959429653928058457 
+9.954545885815544892 
+9.949414796397345384 
+9.944242137169617024 
+9.938817304630848781 
+9.933357807107592308 
+9.927641340672785475 
+9.921897086037347435 
+9.916012669616003805 
+9.909864221205808121 
+9.903698211160225640 
+9.897393620427429539 
+9.890818063006609151 
+9.884235103803369782 
+9.877515175277444825 
+9.870658817502629745 
+9.863810627340885873 
+9.856832554732967822 
+9.849575672808342119 
+9.842336709534324157 
+9.834969433560669216 
+9.827159310719164154 
+9.819371439984232453 
+9.811288539741097381 
+9.803400182385043848 
+9.795217935407359633 
+9.787076317565482242 
+9.778810193523247207 
+9.770244001308935111 
+9.761370433724350093 
+9.744878969520009093 
+9.736003616662619820 
+9.726818336120910402 
+9.717698609052320080 
+9.708265037330512826 
+9.698903241911237316 
+9.689223744067630761 
+9.679420921650496723 
+9.669291551288999642 
+9.659241433113475495 
+9.648861003546512549 
+9.638566110789168917 
+9.627937206283453619 
+9.617400082853414744 
+9.606962671080907512 
+9.596411714210116628 
+9.585524446694874356 
+9.574745855649045012 
+9.563855527201431173 
+9.552623690063530404 
+9.541509402824207342 
+9.530285207877048137 
+9.518714443413749393 
+9.507270009045136305 
+9.495475696687073253 
+9.483325289571903127 
+9.471305474674112546 
+9.459175045781277547 
+9.446934667270781461 
+9.434331838849200125 
+9.421615932657651626 
+9.408787662360447612 
+9.396107632066293291 
+9.383058996359270765 
+9.369900138468835848 
+9.356898217710762466 
+9.343791818256947934 
+9.330310954285405245 
+9.316995560236456697 
+9.303577765908919162 
+9.290058263929561022 
+9.276158732549765418 
+9.262154763919312472 
+9.248613389099430648 
+9.234692015315900449 
+9.220672444152794966 
+9.206844454425004542 
+9.192632575626296543 
+9.178324608144835750 
+9.163921263817812246 
+9.149126398179269870 
+9.134532534002698156 
+9.119544753506652057 
+9.104763300158523975 
+9.089585603647892142 
+9.074619508105403298 
+9.059563119204213422 
+9.044107136127951918 
+9.028870540339745787 
+9.013545855105371984 
+8.998133813852238205 
+8.982635151843842536 
+8.966731665138112817 
+8.951060244719574399 
+8.934982014689147434 
+8.919464979346258815 
+8.903542621052636719 
+8.887865545390738475 
+8.871781275827775204 
+8.855947029782361923 
+8.839703785222193133 
+8.823381354081105243 
+8.806644967697868864 
+8.790164850270274499 
+8.773269135359246462 
+8.756634423562591252 
+8.739582541775403612 
+8.722452993604012050 
+8.705246590487016434 
+8.687964145490663981 
+8.670606473288366089 
+8.653174390140090821 
+8.636019543312706048 
+8.618442540731688695 
+8.601147248286284963 
+8.583783610531160235 
+8.565995965782574828 
+8.548496609823956760 
+8.530931254577712508 
+8.512940198158421623 
+8.495243876851354514 
+8.477846993462218705 
+8.460025447815381128 
+8.442507400196296530 
+8.424563704313543511 
+8.406927508470936061 
+8.388864745856755789 
+8.370743011285400215 
+8.352563095087273126 
+8.333953006786520845 
+8.315657956030374720 
+8.297307117546429467 
+8.278525089851680008 
+8.260063963464810755 
+8.241171055626429265 
+8.222223410324883019 
+8.203221876391133094 
+8.184167303717471142 
+8.165060543237135704 
+8.146669745709125721 
+8.127847790474683976 
+8.109363689237030215 
+8.090448062030397125 
+8.071873745563218350 
+8.052867602571605943 
+8.034206165875765748 
+8.014722556941917375 
+7.995585270854689952 
+7.976014039643251508 
+7.956792536602616650 
+7.937137057912224236 
+7.917834648262818575 
+7.898098303021130917 
+7.878718302959429209 
+7.859301128147325954 
+7.840244961975967541 
+7.820756598728610953 
+7.801233489113248432 
+7.781676449330921841 
+7.761686158051452011 
+7.742063058211237525 
+7.722408496850874826 
+7.702321240159248461 
+7.682605611268949808 
+7.662860994196836195 
+7.642684394984171625 
+7.622883711872434631 
+7.603056518097358385 
+7.583203634752160305 
+7.563325883313708253 
+7.543830479700332603 
+7.523905923687745911 
+7.504366249112255360 
+7.484805835359060744 
+7.464817324829018830 
+7.445217362572511099 
+7.425190093171321060 
+7.405553744136256000 
+7.385490944375938227 
+7.365411424193048617 
+7.345726272031606996 
+7.325616083868695227 
+7.305902472515515278 
+7.285353742176132741 
+7.265203238527902840 
+7.244629354119047626 
+7.224455883571653914 
+7.204272291774317161 
+7.183667213210387814 
+7.163053332155952191 
+7.143256538869359851 
+7.123453217008219873 
+7.103231397587001617 
+7.083417250146853306 
+7.063598917177858816 
+7.043364190466347985 
+7.022713703052082757 
+7.002061250583715868 
+6.981407709135801554 
+6.960753954597731052 
+6.940100862653327596 
+6.919449308760106554 
+6.899626076443245992 
+6.879392958169717076 
+6.859576582845325454 
+6.839764769248166232 
+6.819958290690245839 
+6.799745482957155751 
+6.779952144783548462 
+6.759754361486912444 
+6.739977317867906770 
+6.720209503244884530 
+6.700040179627322345 
+6.680293369032979101 
+6.660147093432302157 
+6.640013681261375922 
+6.620304415776159246 
+6.599788721432224392 
+6.579698809609308086 
+6.559625032849950799 
+6.539568207711905501 
+6.519120380539205506 
+6.499508675627417631 
+6.479915584809058160 
+6.460341873393243617 
+6.424102828154704348 
+6.404182321739091854 
+6.367249472547948486 
+6.346992754230416978 
+6.326762702849205056 
+6.306963952799808482 
+6.287595669197479253 
+6.267851633622135488 
+6.248538496172211687 
+6.228852334549869418 
+6.193174237658522152 
+6.173575843916093042 
+6.154409113406556386 
+6.135274510405587023 
+6.115377606549666112 
+6.095914072612309553 
+6.059863299175748175 
+6.040504386599669928 
+6.020789727981743944 
+6.001508717372860957 
+5.981875203363419047 
+5.962283925775802906 
+5.943126261253617315 
+5.924010757168069574 
+5.904549418903578761 
+5.885521500728349231 
+5.866538120919028820 
+5.831789332540786575 
+5.812936563325894035 
+5.793748057422440922 
+5.774992148411612014 
+5.756285356987346447 
+5.737628460533843011 
+5.718643049245052623 
+5.700089327468980116 
+5.681587840458774963 
+5.662763417820211309 
+5.644369820061283072 
+5.626030784111437200 
+5.607747077513480782 
+5.589148063720744908 
+5.570608270653018224 
+5.552128509009270907 
+5.533709587830915488 
+5.515352314481610563 
+5.497057494626328200 
+5.479189938345252031 
+5.461383889562370086 
+5.443640101701802791 
+5.425599155772027338 
+5.407983452524505630 
+5.390432275804911022 
+5.372946372325088760 
+5.355526487080863873 
+5.337819918295891419 
+5.320535682873501315 
+5.303319705269934126 
+5.286172723394383155 
+5.269095473346899539 
+5.251742351031705169 
+5.234808226254973107 
+5.217946045455704507 
+5.186823922660016351 
+5.169832230982345678 
+5.152918380442013557 
+5.136083137236957974 
+5.119995966801691445 
+5.103649797587522130 
+5.087712504137440028 
+5.071520733609690801 
+5.055736054699170978 
+5.039701469498702124 
+5.024072127045066338 
+5.008197497707860713 
+4.992083274457190356 
+4.976374738835925626 
+4.960749467152874459 
+4.945208155697638830 
+4.929436942885016215 
+4.914067380897400028 
+4.898472861198067463 
+4.883277863635558269 
+4.867862899977016156 
+4.852845263142637755 
+4.837612699259405069 
+4.822775200493116365 
+4.808027882565568234 
+4.793073257980492663 
+4.778510194067111527 
+4.764039337334592616 
+4.749368897274346857 
+4.735086366398070901 
+4.720898046959780991 
+4.706517968584914335 
+4.692237369108119616 
+4.678056942894899706 
+4.664257979855069181 
+4.650277934451777284 
+4.636400115153903378 
+4.622625205274689009 
+4.608953885298769926 
+4.595386832862647708 
+4.581924722733479172 
+4.568568226788897846 
+4.555318013996241255 
+4.542436563268701377 
+4.529658450670220660 
+4.516984297579078600 
+4.504159293901329519 
+4.491697066112523729 
+4.479340657818398519 
+4.467090679191605851 
+4.454701041184143229 
+4.442667944095623156 
+4.430743102363637220 
+4.418927114655577526 
+4.406982811582418336 
+4.395388568192237777 
+4.383671766338255615 
+4.372301674947450145 
+4.360814818656701064 
+4.349445017513945189 
+4.338192885319296366 
+4.327280546560171359 
+4.316263196796524149 
+4.305582108128600538 
+4.295230803579624279 
+4.284778531464981555 
+4.274652449854600356 
+4.264431185238471755 
+4.254327440287296369 
+4.244139208564668309 
+4.234274575079176373 
+4.224529111618105404 
+4.214708164366919974 
+4.205205116989642278 
+4.195822860402042664 
+4.186374192841373798 
+4.177237596646546258 
+4.168223381901354330 
+4.159332068521713666 
+4.150741872636023899 
+4.142270591006430358 
+4.133745978231917917 
+4.125516462058808287 
+4.117407298249007752 
+4.109418956470783257 
+4.101389299308532799 
+4.093646539147203889 
+4.085868541967455414 
+4.078373241634467128 
+4.071001082039234831 
+4.063602818790820415 
+4.056480876290703641 
+4.049194571473684334 
+4.042185526926214578 
+4.029652531150048844 
+4.023015368617273602 
+4.016378794410038644 
+4.010008729264830762 
+4.003771539768384180 
+3.997667668466962532 
+3.991577110839787501 
+3.985743931553988872 
+3.980045384125447505 
+3.974481895802969067 
+3.968944527992189109 
+3.963655202056791893 
+3.958502202233243672 
+3.953384994103026351 
+3.948508680638983304 
+3.943769924645560643 
+3.939169125860269460 
+3.934617053045850632 
+3.930296187517821949 
+3.926114462314461040 
+3.921991222585641257 
+3.918091783918305815 
+3.914257377786126035 
+3.910641758038185145 
+3.907167170844401127 
+3.903833979182659952 
+3.900578888994474802 
+3.897532464560158338 
+3.894628506726249828 
+3.891867361673981840 
+3.889249371358778795 
+3.886823936916997013 
+3.884490326426016438 
+3.882300864332549395 
+3.880255875596501980 
+3.878393010914752193 
+3.876669387970037128 
+3.875053784151022196 
+3.873612436813339777 
+3.872311205120838373 
+3.871127681094790773 
+3.870110453704055153 
+3.869217423871336159 
+3.868485315226320331 
+3.867873163383896085 
+3.867414833803511254 
+3.867115188067637988 
+3.866962275510669400 
+3.866962480289530379 
+3.867181429502436707 
+3.867522129427065636 
+3.868023765332314401 
+3.868666519264837511 
+3.869459137439203111 
+3.870401853806888504 
+3.871494897625953779 
+3.872738493444397356 
+3.874102896081124570 
+3.875645167121069434 
+3.877302557954212858 
+3.879144328713944212 
+3.881095497235477421 
+3.883282852300597110 
+3.885628456687652665 
+3.888080873308092045 
+3.890740390349738398 
+3.893500806612277820 
+3.896474971341569393 
+3.899544087311153540 
+3.902833593320447214 
+3.906212068295781492 
+3.909743891644558378 
+3.913429209811972953 
+3.917348110900892522 
+3.921343977517010693 
+3.925580043346139192 
+3.929886993978728427 
+3.934348100717530716 
+3.938867745142596632 
+3.943634354606802894 
+3.948453474622608539 
+3.953526000637960891 
+3.958753206383918588 
+3.964135181989576928 
+3.969786621856842501 
+3.975481549345015964 
+3.981331487082522269 
+3.987336504054597164 
+3.993496663941932923 
+3.999812025100101920 
+4.006149034946751897 
+4.012771782457949854 
+4.019409991943543758 
+4.026340291877865241 
+4.033279843173946055 
+4.040517819656820109 
+4.047758813706459513 
+4.055148999882945304 
+4.062847044872210489 
+4.070538747211887021 
+4.078379654889596750 
+4.086537809072622984 
+4.094680212640064987 
+4.103146115427080076 
+4.111589948561643837 
+4.120182905090725711 
+4.129108664288593467 
+4.138002871682482819 
+4.147236074904343539 
+4.156431359988916441 
+4.165971808378576391 
+4.175667373419949868 
+4.185517987306662135 
+4.195317832177235751 
+4.205475156949662008 
+4.215787294283616760 
+4.226254153321781004 
+4.236875637369181824 
+4.247651643873552985 
+4.258806741231740745 
+4.269894609214780701 
+4.281367688109311231 
+4.302423343400658240 
+4.314345182966171421 
+4.325940669118724102 
+4.337929668141605966 
+4.349822684548557916 
+4.361862706208152751 
+4.374305029376893472 
+4.386641638395524900 
+4.399124760574609994 
+4.412018890337125576 
+4.436098631277744175 
+4.449697833928370372 
+4.463178330008535255 
+4.488615341521323465 
+4.502528138540201397 
+4.516591798943994540 
+4.542521076581973460 
+4.557008311044665305 
+4.571345247589973404 
+4.586128999682349772 
+4.600755890974829398 
+4.615525876226602264 
+4.630750890616607940 
+4.646124458233781063 
+4.661328032110144015 
+4.676994798180155399 
+4.692485002201669531 
+4.708443760415762291 
+4.738138556177299954 
+4.754513532589027314 
+4.771034590277975163 
+4.788043037021312287 
+4.804858176419822158 
+4.821818332353133840 
+4.838923138986838346 
+4.856525745596721677 
+4.873921662210070060 
+4.891461084069729459 
+4.909143618470315218 
+4.926968865975362988 
+4.945304584046654739 
+4.963416923886321719 
+4.981296791412082925 
+5.000065573657593632 
+5.018601023400210970 
+5.037659229514003023 
+5.056862904832265748 
+5.075823175723106040 
+5.094922230423698295 
+5.113765621896160241 
+5.133138024448918202 
+5.152248266851080949 
+5.171489868443949867 
+5.191267345425019109 
+5.210772973130380237 
+5.230818985103554475 
+5.250999882650939199 
+5.270899205456289316 
+5.291345570335431070 
+5.311503917572753863 
+5.331789671849278101 
+5.352628923499884728 
+5.373599846890938281 
+5.394701876077680147 
+5.416369110603329595 
+5.437734270753585619 
+5.459228783568899068 
+5.480852054075542767 
+5.502603480031550198 
+5.524482451909856984 
+5.546488352879361372 
+5.568167622743136924 
+5.589967501323536148 
+5.612345324403495539 
+5.634387093677217351 
+5.657010574008801029 
+5.679291726245715211 
+5.702158275094705076 
+5.724676246149665637 
+5.747783217049792448 
+5.770535386084880258 
+5.793402460051115810 
+5.816863763757773143 
+5.839961011634004606 
+5.863655881321923502 
+5.887467657986219294 
+5.911395606647920964 
+5.935930862537072805 
+5.960091252296696673 
+5.984365547796313578 
+6.008752983321961949 
+6.033252785470165414 
+6.057360789708948978 
+6.081575129994809537 
+6.106402840289020695 
+6.130829775676810200 
+6.155872927141991191 
+6.180509341500060039 
+6.205764722825221291 
+6.232682232444005876 
+6.258676060168788524 
+6.284255286016957598 
+6.312564305464697156 
+6.338359764679433184 
+6.364256738198311503 
+6.390785947087118224 
+6.416885315869049755 
+6.443619184581089954 
+6.470454983528922455 
+6.496852021067660132 
+6.545585884149998535 
+6.573343350881772018 
+6.601749171186017229 
+6.629160517585811263 
+6.656666960629109120 
+6.684267466742794817 
+6.712515805629950094 
+6.739746489549776065 
+6.766506106416603217 
+6.793908651199047632 
+6.820834682623221568 
+6.848405113522957777 
+6.876058821426568102 
+6.903794767364354712 
+6.932180438705651149 
+6.960079334845300281 
+6.988057280287096162 
+7.016113202479656863 
+7.044820952655336477 
+7.073031112750401306 
+7.101893970655015487 
+7.130253886640199212 
+7.159267243213319531 
+7.187772363265143127 
+7.216931538051763795 
+7.246162556787305142 
+7.275464198045115793 
+7.304247138413607843 
+7.333095555689136624 
+7.362598990968978185 
+7.391576102287427119 
+7.420615113329079193 
+7.450309317517783469 
+7.479469715523353379 
+7.508688357051747531 
+7.538562061500929445 
+7.592480132175402296 
+7.621911846199649787 
+7.651395757188099722 
+7.680327342128029144 
+7.709910826054347410 
+7.740147921759122696 
+7.769827826219116496 
+7.799553486180512252 
+7.829931593259411571 
+7.860354566647369090 
+7.889601516686334470 
+7.920108310503943372 
+7.950044412284201556 
+7.980018190208832962 
+8.010028275199463366 
+8.040686806676346166 
+8.070766032441420990 
+8.101492216959670145 
+8.131019429419835021 
+8.161190780530676037 
+8.190773424914612022 
+8.220381469575258393 
+8.250631140377965522 
+8.280904417632541481 
+8.311199841305462854 
+8.341515942147687213 
+8.371851241675086541 
+8.401584635780725563 
+8.431953544325658356 
+8.461716979573596475 
+8.492113595003974780 
+8.521901254346904153 
+8.552319602250841868 
+8.583367673493633276 
+8.614423137166689060 
+8.644241796515796494 
+8.674685593080752710 
+8.704510410939132470 
+8.734957387509522775 
+8.764782259152971378 
+8.795226147073334388 
+8.825044895708849424 
+8.880318544984849183 
+8.910738706067967030 
+8.940528171355781595 
+8.970926532534639009 
+9.001311392533461131 
+9.031681067972522570 
+9.062033865817095801 
+9.092986943565897207 
+9.123300436366200472 
+9.153591879102043194 
+9.183859539733003174 
+9.214101676470404456 
+9.243700192176955710 
+9.273886626930785582 
+9.303427187613493743 
+9.333550980413964027 
+9.363640466786076644 
+9.393080885025174354 
+9.422484953835782662 
+9.452462337466721820 
+9.481787719449416230 
+9.511681182475058449 
+9.540920816583961184 
+9.570723112256709797 
+9.600476574774408078 
+9.630179325150489689 
+9.659224907587423914 
+9.688821687897872792 
+9.718362097944972078 
+9.747844218738322297 
+9.777865927584493022 
+9.807224383703845305 
+9.837115854452861186 
+9.866938451178473457 
+9.896095757076079025 
+9.925775796966618714 
+9.954789344463126355 
+9.983728721949859164 
+10.012003648045437743 
+10.040790257368300331 
+10.068911643128641842 
+10.098120853817086129 
+10.126660746573712402 
+10.155694059793454187 
+10.183479407706071740 
+10.211754019616130051 
+10.239361827194386478 
+10.267451087270170973 
+10.294873277160229819 
+10.322768899302666057 
+10.351129699216022217 
+10.379383062081664946 
+10.407526696682070977 
+10.435558300387436148 
+10.462918349563292253 
+10.490721294113621198 
+10.518405278057050722 
+10.545417903710841756 
+10.572859406744804289 
+10.600174917394355134 
+10.626819583864342889 
+10.653878589222106399 
+10.680804467809203118 
+10.707594802447481186 
+10.734247164324852264 
+10.760759112969683571 
+10.807595319477695028 
+10.832662510116813692 
+10.858109666333774612 
+10.882895881994587128 
+10.907539713069624554 
+10.933056560670681989 
+10.957908393885496423 
+10.982604703409919011 
+11.007143085875870980 
+11.031025234644486588 
+11.055243855143853438 
+11.078808102397536217 
+11.102211568547639686 
+11.126416718667847761 
+11.150442280127606409 
+11.174285617880055810 
+11.197944084863918235 
+11.240983732260589889 
+11.264102626404206120 
+11.286113203906358748 
+11.307941540100499012 
+11.330034160741362825 
+11.351486869949532377 
+11.372750045009141218 
+11.394258175563496849 
+11.415563653412560186 
+11.436235318277368833 
+11.457131909993043095 
+11.477397986151238740 
+11.497875365011658744 
+11.518548261092817597 
+11.538587043837516433 
+11.558404701186436370 
+11.578396065966714445 
+11.597758733812899123 
+11.616892110250946146 
+11.636176775617649071 
+11.654838558293267425 
+11.673262778921301930 
+11.691815254298699500 
+11.709751065001450243 
+11.727440937880391658 
+11.745235408653822873 
+11.762767905750243003 
+11.780035433087217456 
+11.797034981966607603 
+11.813763531052373423 
+11.830218046352300121 
+11.846395481196065447 
+11.862292776213738676 
+11.877597373063160546 
+11.892930915673371572 
+11.907677097374147479 
+11.922142477327218657 
+11.936324116633588943 
+11.950499629054652573 
+11.964098980814608097 
+11.977405643378627786 
+11.990679060857580396 
+12.003385246773836670 
+12.015789686555326199 
+12.027889357651186941 
+12.039681225552680388 
+12.050931064639627266 
+12.062104611655446007 
+12.072742867066009964 
+12.083286061569141978 
+12.093300901511913281 
+12.103002842942533590 
+12.112581119546998565 
+12.121641787875704566 
+12.130916098323082153 
+12.139652477801885055 
+12.148032914252800296 
+12.156210763968093858 
+12.163861879177105152 
+12.171146810399015692 
+12.177927477628291086 
+12.184222481326106191 
+12.190170714791966233 
+12.195882011420540181 
+12.201225486203369996 
+12.206295451356179882 
+12.210885761849084474 
+12.215098312613054787 
+12.218929788535529468 
+12.222376862103107698 
+12.225494567926613598 
+12.228104429998300162 
+12.230335768716049216 
+12.232219862005283773 
+12.233676566323062218 
+12.234745122208989798 
+12.235432243920477902 
+12.235708104688900022 
+12.235562089686272458 
+12.234996528662165360 
+12.233984717480906212 
+12.232563591816253634 
+12.230671499859376183 
+12.228380562518889718 
+12.225653809322762910 
+12.222418498170171119 
+12.218800439727434792 
+12.214648244579095149 
+12.210027336433137535 
+12.205040435337583205 
+12.199480240166197476 
+12.193565491195673900 
+12.187050988893400216 
+12.180193619438519192 
+12.172864202529376954 
+12.164894813262588258 
+12.156600493711632538 
+12.147823039330177153 
+12.138558753307385984 
+12.129007931888455829 
+12.118768964614115902 
+12.099128021777977082 
+12.087244637989307705 
+12.075085245025631409 
+12.062413552933328731 
+12.048951224329147891 
+12.035232875694923393 
+12.020990715395594606 
+12.005913959717586792 
+11.990601761851877427 
+11.974754119891461102 
+11.958367156051115998 
+11.941085782055857578 
+11.923597281821852079 
+11.889653518082027972 
+11.870184866688404668 
+11.850537413761905725 
+11.829905075113742896 
+11.809109093467030860 
+11.787296477720193622 
+11.765335654200198334 
+11.742792223562153353 
+11.720140082045869434 
+11.696431408932149054 
+11.672128061076222139 
+11.647225961595935928 
+11.621194205364759000 
+11.593990636416425133 
+11.566677612892339866 
+11.538723677108166044 
+11.510702761971899122 
+11.481466810618368157 
+11.452181016586681750 
+11.421645666560102939 
+11.391077902005211087 
+11.359225655455379211 
+11.326701622857704876 
+11.294171960157783019 
+11.260304478883940149 
+11.225751735371437334 
+11.191220818598852205 
+11.156023106312886739 
+11.120154286624661211 
+11.083610033830687769 
+11.045619225890913384 
+11.007697067255385548 
+10.969086326073469451 
+10.928973258325026308 
+10.888957916190751263 
+10.847402413116284947 
+10.805111411677252420 
+10.762080196713011304 
+10.718304037906612791 
+10.673778189761611301 
+10.628497891582998847 
+10.584314585608751713 
+10.538484671555732319 
+10.492874432304898136 
+10.445578981075390956 
+10.398524391890244800 
+10.308349782186605026 
+10.258178589637036993 
+10.207242803080575300 
+10.154474557489226783 
+10.101979870012311125 
+10.048706593294840062 
+9.993538682455833211 
+9.938678097456083549 
+9.883024797917318693 
+9.825413686905932309 
+9.768144408418899971 
+9.708874494232022201 
+9.649969910962941100 
+9.589021412897071883 
+9.524727573123769275 
+9.462028808082992626 
+9.401023578577042628 
+9.337919735055223214 
+9.275288318669673515 
+9.210514918090353831 
+9.146238692183118246 
+9.079776667615174546 
+9.013836899139722192 
+8.947066971729038087 
+8.878044916029834255 
+8.806712379032820337 
+8.734463637637416511 
+8.661293414256128642 
+8.587196415400507377 
+8.512167331661744996 
+8.436200837687689358 
+8.359291592161302020 
+8.284566803000366519 
+8.207379037845198511 
+8.130873967187913109 
+8.053480717902662178 
+7.973554002168031118 
+7.894351242442143146 
+7.812567280444724815 
+7.728139215962892550 
+7.644438923517428819 
+7.559782336626214239 
+7.475921218077200336 
+7.389356238024863188 
+7.303615668971374930 
+7.216937637801771999 
+7.123809530214193053 
+7.031468948352301851 
+6.941849385784202298 
+6.849374773036887021 
+6.757814505867298038 
+6.663348338676169824 
+6.489169739015082428 
+6.393830846409685797 
+6.295487190596517735 
+6.194070205684524488 
+6.093631066145290376 
+5.992146578609741425 
+5.889611299966105662 
+5.783894622648716677 
+5.679219646475078598 
+5.573477346053554271 
+5.466662216815238118 
+5.360981462057148761 
+5.249791376949245247 
+5.141981768102179551 
+5.030842373710816773 
+4.920904157803038359 
+4.809904672058356923 
+4.690798981400415180 
+4.572853729508101317 
+4.453739108477297926 
+4.333449105849168426 
+4.211977692346239976 
+4.089318821842732987 
+3.970443518763255408 
+3.847951500229035204 
+3.721766327264992569 
+3.594369711251850230 
+3.465755522555337809 
+3.338526405020828758 
+3.207483272337645630 
+3.075204199967444207 
+2.944365627923601902 
+2.812328258873528775 
+2.679086228360066269 
+2.541877080241253584 
+2.406183183599180264 
+2.266459834789081640 
+2.128289938434074546 
+1.986027696268480192 
+1.845357536087880224 
+1.703440854539084448 
+1.557336755593366817 
+1.412883292497659760 
+1.267165161057850042 
+1.117163275403290967 
+0.968871551255866770 
+0.819296866297571036 
+0.665340815588023382 
+0.513155432289146063 
+0.359668649706418542 
+0.201701605605036249 
+0.045566723545801047 
-0.115115294861514172 
-0.273923460183527645 
-0.434064123662963652 
-0.595543503429403209 
-0.758367833781965928 
-0.919179296470807650 
-1.084684529504623463 
-1.251553384855880857 
-1.423239914113788807 
-1.596359560168488123 
-1.770919050543548146 
-1.946925130434467022 
-2.120821087403526484 
-2.299711383487166749 
-2.480068474784951960 
-2.658248077437477264 
-2.841529548196353616 
-3.022588186411802269 
-3.208820895160581443 
-3.396554379992288375 
-3.585795545023580999 
-3.776551312250884251 
-3.964968119295813054 
-4.162634430791621654 
-4.354053797109489921 
-4.550906633324238726 
-4.745325537687996587 
-4.945252888158453430 
-5.142698336552879113 
-5.345727828350144151 
-5.546226963930012133 
-5.752386364251846018 
-5.955966467648302398 
-6.165283684133360254 
-6.371972173762269875 
-6.584475254806680056 
-6.790001961804151165 
-7.001356811856124907 
-7.209919580913988213 
-7.424387086563619675 
-7.636012089468776409 
