31
80
129
179
229
278
328
377
426
475
523
572
620
669
717
766
815
864
913
962
1010
1059
1108
1156
1204
1334
1383
1431
1479
1528
1577
1627
1676
1726
1775
1825
1874
1965
2015
2064
2114
2163
2213
2262
2312
2361
2493
2541
2589
2638
2727
2776
2824
2873
2921
2969
3058
3107
3156
3206
3255
3305
3355
3445
3494
3544
3634
3684
3733
3783
3831
3880
3928
3977
4025
4074
4122
4172
4221
4270
4320
4369
4417
4467
4517
4567
4617
4667
4717
4806
4854
4904
4954
5004
5054
5103
5194
5324
5372
5421
5469
5518
5566
5615
5664
5712
5761
5809
5858
5906
5957
6008
6059
6110
6159
6209
6258
6348
6479
6528
6577
6626
6718
6810
6902
6953
7002
7052
7101
7192
7242
7291
7340
7389
7439
7489
7539
7590
7640
7691
7741
7831
7962
8011
8061
8111
8161
8210
8259
8309
8358
8449
8499
8548
8598
8648
8697
8746
8796
8845
8895
8945
8994
9044
9092
9141
9189
9238
9327
9377
9426
9476
9526
9575
9625
9674
9724
9774
9823
9872
9922
9971
10021
10071
10121
10171
10221
10272
10443
10532
10581
10629
10677
10726
10855
10905
10954
11003
11053
11185
11234
11283
11333
11382
11431
11479
11528
11617
11666
11714
11764
11813
11863
11912
11962
12011
12061
12110
12159
12209
12258
12307
12356
12406
12455
12505
12554
12602
12650
12699
12748
12796
12845
12894
12943
12993
13042
13091
13139
13188
13236
13286
13335
13385
13435
13485
13535
13583
13632
13682
13731
13781
13830
13879
13929
13978
14027
14077
14126
14174
14263
14312
14481
14530
14579
14628
14678
14726
14774
14823
14912
14960
15010
15060
15110
15160
15210
15260
15310
15359
15408
15458
15507
15556
15605
15654
15704
15753
15802
15851
15901
15950
15998
16047
16095
16143
16192
16240
16289
16338
16427
16476
16524
16573
16621
16670
16718
16766
16815
16863
16911
16960
17008
17057
17105
17154
17202
17251
17300
17349
17397
17446
17496
17545
17595
17684
17732
17782
17835
17887
17937
17986
18035
18083
18132
18181
18230
18278
18327
18375
18423
18472
18520
18570
18619
18669
18719
18769
18820
18870
18921
18971
19021
19072
19122
19172
19222
19311
19360
19409
19458
19508
19557
19606
19655
19704
19754
19803
19852
19902
19952
20002
20052
20102
20153
20202
20252
20302
20352
20402
20451
20500
20549
20598
20648
20697
20747
20796
20845
20895
20944
20994
21043
21093
21183
21233
21324
21374
21423
21473
21523
21571
21620
21668
21717
21766
21814
21864
21914
21962
22010
22099
22148
22196
22245
22334
22382
22431
22479
22527
22577
22626
22676
22725
22774
22824
22873
22922
22971
23020
23070
23120
23170
23220
23270
23320
23369
23418
23468
23516
23565
23613
23703
23752
23801
23851
23901
23950
24000
24050
24100
24150
24198
24247
24295
24343
24392
24440
24489
24538
24586
24634
24683
24731
24780
24828
24878
24928
24978
25068
25117
25166
25216
25265
25313
25362
25410
25459
25548
25596
25645
25694
25784
25833
25883
25933
25983
26033
26083
26133
26183
26232
26323
26372
26420
26469
26558
26606
26654
26703
26753
26801
26849
26898
26946
27036
27084
27133
27182
27230
27279
27328
27376
27425
27473
27521
27570
27618
27666
27715
27763
27812
27862
27911
28002
28051
28101
28150
28199
28249
28298
28347
28396
28445
28495
28543
28591
28682
28731
28781
28871
28960
29009
29058
29107
29155
29205
29254
29303
29352
29401
29451
29500
29549
29598
29647
29695
29743
29832
29881
29929
29978
30027
30077
30127
30176
30267
30316
30364
30413
30461
30550
30600
30649
30698
30748
30797
30887
30937
30986
31036
31085
31135
31184
31233
31283
31332
31462
31510
31559
31648
31777
31826
31875
31923
31972
32020
32069
32119
32168
32217
32266
32356
32406
32455
32504
32553
32603
32652
32701
32750
32798
32847
32896
32986
33035
33084
33134
33224
33314
33363
33453
33502
33552
33600
33649
33698
33747
33796
33885
33935
34025
34074
34123
34173
34222
34270
34319
34367
34456
34505
34553
34644
34693
34742
34792
34923
34972
35021
35069
35118
35168
35217
35266
35316
35365
35414
35464
35513
35562
35652
35702
35751
35800
35849
35898
35947
35997
36046
36095
36144
36192
36241
36290
36339
36389
36439
36489
36539
36587
36636
36684
36732
36821
36869
36959
37009
37059
37109
37159
37250
37299
37347
37396
37444
37492
37541
37589
37638
37686
37734
37783
37831
37880
37928
37976
38025
38114
38163
38212
38261
38309
38359
38408
38458
38507
38556
38605
38654
38785
38834
38884
38933
38982
39031
39081
39131
39181
39230
39279
39327
39376
39424
39472
39522
39571
39620
39669
39760
39809
39858
39908
39957
40007
40057
40106
40156
40206
40254
40303
40351
40399
40448
40577
40626
40689
40737
40786
40834
40884
40933
40983
41032
41082
41131
41180
41228
41358
41407
41496
41546
41596
41645
41693
41742
41790
41839
41887
41937
41985
42034
42163
42211
42260
42308
42357
42406
42456
42505
42554
42604
42653
42784
42833
42882
42931
42981
43030
43080
43130
43180
43270
43359
43407
43496
43544
43594
43643
43693
43743
43793
43843
43891
43940
43988
44036
44085
44133
44182
44271
44320
44369
44418
44468
44517
44566
44615
44665
44714
44763
44813
44862
44912
44961
45010
45060
45151
45201
45251
45299
45348
45396
45446
45495
45544
45593
45642
45733
45782
45832
45923
45973
46023
46073
46123
46173
46265
46315
46365
46415
46463
46512
46561
46651
46701
46750
46799
46848
46898
46948
46997
47047
47097
47146
47195
47245
47294
47344
47394
47443
47493
47542
47632
47681
47729
47778
47826
47875
47923
47973
48022
48072
48122
48171
48221
48270
48320
48368
48417
48465
48554
48603
48651
48700
48750
48799
48889
48938
48987
49037
49086
49135
49183
49313
49362
49452
49502
49592
49641
49731
49821
49870
49919
49969
50018
50109
50158
50248
50297
50346
50395
50484
50532
50580
50629
50717
50808
50858
50907
50957
51006
51056
51146
51196
51244
51292
51381
51430
51478
51568
51618
51667
51757
51807
51856
51905
51954
52002
52051
52099
52148
52196
52245
52294
52342
52431
52520
52570
52619
52708
52756
52805
52853
52901
52951
53002
53052
53143
53193
53242
53292
53341
53391
53440
53489
53539
53588
53637
53687
53736
53785
53834
53884
53933
53981
54031
54080
54129
54179
54228
54277
54326
54376
54424
54473
54521
54610
54658
54708
54757
54847
54896
54945
54994
55042
55131
55179
55227
55276
55326
55375
55424
55474
55524
55574
55623
55673
55763
55813
55944
55994
56043
56092
56142
56191
56240
56289
56337
56426
56515
56564
56613
56662
56712
56760
56849
56898
56987
57076
57165
57214
57262
57311
57360
57408
57457
57506
57554
57603
57651
57701
57750
57799
57848
57898
57947
57996
58045
58093
58142
58190
58239
58288
58337
58385
58434
58482
58531
58580
58629
58678
58727
58776
58826
58875
58924
58973
59062
59151
59199
59248
59298
59347
59396
59486
59536
59584
59632
59682
59731
59781
59830
59878
59926
59975
60024
60073
60122
60172
60302
60351
60399
60448
60496
60544
60593
60642
60732
60781
60830
60879
60929
60977
61066
61115
61163
61252
61301
61350
61439
61487
61536
61584
61632
61681
61730
61779
61827
61876
61924
61973
62022
62070
62161
62210
62259
62309
62358
62407
62457
62505
62553
62602
62650
62699
62788
62877
62927
62977
63027
63118
63168
63217
63266
63315
63365
63414
63463
63514
63564
63613
63663
63712
63761
63811
63860
63909
63958
64006
64056
64105
64154
64204
64253
64301
64351
64401
64451
64501
64550
64599
64648
64697
64787
64837
64886
64936
65068
65117
65167
65216
65266
65314
65363
65412
65461
65510
65560
65609
65658
65708
65757
65807
65856
65905
65955
66004
66054
66104
66154
66203
66253
66303
66352
66402
66451
66501
66550
66599
66690
66740
66789
66839
66888
66937
66986
67036
67085
67134
67183
67232
67282
67331
67381
67430
67480
67529
67578
67627
67677
67726
67774
67824
67873
67923
67972
68022
68071
68121
68171
68221
68271
68321
68371
68420
68468
68517
68607
68655
68704
68752
68801
68851
68900
68949
68998
69047
69097
69145
69194
69243
69291
69340
69388
69438
69487
69536
69586
69676
69724
69773
69821
69870
69919
69969
70019
70068
70118
70168
70217
70266
70315
70363
70412
70460
70509
70558
70688
70736
70785
70833
70883
70932
70982
71031
71081
71130
71179
71268
71317
71366
71414
71463
71512
71562
71611
71661
71710
71759
71808
71857
71905
71954
72004
72094
72144
72234
72284
72333
72383
72432
72481
72530
72578
72627
72675
72724
72773
72821
72870
72918
72967
73015
73105
73195
73245
73294
73344
73393
73442
73533
73581
73629
73678
73727
73775
73823
73873
73922
73971
74020
74069
74118
74167
74215
74264
74312
74360
74450
74541
74591
74641
74690
74739
74789
74838
74887
74936
74985
75035
75084
75133
75182
75231
75279
75369
75418
75467
75517
75567
75616
75666
75715
75764
75813
75863
75912
75962
76011
76142
76191
76240
76290
76339
76429
76519
76568
76618
76668
76717
76767
76816
76865
76915
76963
77052
77101
77149
77198
77247
77297
77347
77396
77446
77495
77585
77716
77806
77856
77905
77954
78004
78053
78101
78150
78199
78247
78296
78346
78395
78445
78494
78543
78592
78642
78691
78741
78791
78841
78891
78981
79031
79081
79131
79181
79231
79320
79369
79419
79469
79519
79567
79657
79705
79754
79802
79931
79980
80030
80122
80172
80223
80273
80321
80371
80461
80511
80560
80610
80699
80747
80797
80887
80937
80986
81036
81125
81174
81222
81271
81319
81368
81417
81466
81515
81645
81734
81783
81831
81880
81929
81978
82027
82076
82126
82175
82224
82272
82321
82370
82461
82510
82559
82609
82699
82748
82797
82847
82896
82946
82995
83045
83094
83144
83193
83242
83292
83341
83390
83439
83488
83538
83586
83635
83725
83774
83824
83873
83923
83973
84023
84114
84164
84214
84264
84314
84364
84414
84463
84512
84561
84610
84660
84709
84758
84807
84857
84906
84955
85005
85054
85103
85153
85202
85252
85301
85350
85399
85449
85498
85547
85596
85645
85695
85744
85793
85883
85933
85982
86031
86080
86130
86179
86228
86277
86327
86376
