0.471521
0.471521
0.471521
0.471521
0.471521
0.471521
0.471521
0.471521
0.471521
0.471521
0.471521
0.471521
0.471521
0.471521
0.471521
0.471521
0.471521
0.471521
0.471521
0.471521
0.471521
0.471521
0.471521
0.471521
0.471521
0.471521
4.85211
4.85211
0.471521
0.471521
0.471521
0.471521
0.471521
0.471521
0.471521
0.471521
0.471521
0.471521
0.471521
0.471521
0.471521
0.471521
0.471521
0.471521
0.471521
0.471521
0.471521
0.471521
0.471521
0.471521
0.471521
0.471521
0.471521
0.471521
0.471521
0.471521
0.471521
0.471521
0.471521
0.471521
0.471521
0.471521
0.471521
0.471521
0.471521
0.471521
7.55955
7.55955
0.471521
0.471521
0.471521
0.471521
0.471521
0.471521
0.471521
0.471521
0.471521
0.471521
0.471521
0.471521
0.471521
0.471521
0.471521
0.471521
0.471521
0.471521
0.471521
0.471521
0.471521
0.471521
0.471521
0.471521
0.471521
0.471521
0.471521
0.471521
0.471521
0.471521
0.471521
0.471521
0.471521
4.44143
4.44143
4.44143
0.471521
0.471521
0.471521
0.471521
0.471521
0.471521
0.471521
0.471521
0.471521
0.471521
0.471521
0.471521
0.471521
0.471521
0.471521
0.471521
0.471521
0.471521
0.471521
0.471521
0.471521
0.471521
0.471521
0.471521
0.471521
0.471521
0.471521
0.471521
0.471521
0.471521
0.471521
0.471521
0.471521
0.471521
0.471521
0.471521
0.471521
0.471521
0.471521
0.471521
0.471521
0.471521
0.471521
0.471521
0.471521
0.471521
0.471521
0.471521
0.471521
0.471521
0.471521
0.471521
0.471521
0.471521
0.471521
0.471521
0.471521
0.471521
0.471521
0.471521
0.471521
0.471521
0.471521
0.471521
0.471521
0.471521
0.471521
0.471521
0.471521
0.471521
0.471521
0.471521
0.471521
0.471521
0.471521
0.471521
0.471521
0.471521
0.471521
0.471521
0.471521
0.471521
0.471521
0.471521
0.471521
0.471521
0.471521
0.471521
0.471521
0.471521
0.471521
0.471521
0.471521
0.471521
0.471521
0.471521
0.471521
0.471521
0.471521
0.471521
0.471521
0.471521
0.471521
0.471521
0.471521
0.471521
0.471521
0.471521
0.471521
0.471521
0.471521
0.471521
0.471521
0.471521
0.471521
0.471521
0.471521
0.471521
0.471521
0.471521
0.471521
0.471521
0.471521
0.471521
0.471521
0.471521
0.471521
0.471521
0.471521
0.471521
0.471521
0.471521
0.471521
0.471521
0.471521
0.471521
0.471521
0.471521
0.471521
0.471521
0.471521
0.471521
0.471521
0.471521
0.471521
0.471521
0.471521
0.471521
0.471521
0.471521
0.471521
0.471521
0.471521
0.471521
0.471521
0.471521
0.471521
0.471521
0.471521
0.471521
0.806149
0.806149
0.806149
0.806149
0.806149
0.806149
0.806149
0.806149
0.806149
0.806149
0.806149
0.806149
0.806149
0.806149
0.806149
0.806149
0.806149
0.806149
0.806149
0.806149
0.806149
0.806149
0.806149
0.806149
0.806149
0.471521
0.471521
0.471521
0.471521
0.471521
0.471521
0.471521
0.471521
0.471521
0.471521
0.471521
0.471521
0.471521
0.471521
0.471521
0.471521
0.471521
0.471521
0.471521
0.471521
0.471521
0.471521
0.471521
0.471521
0.471521
0.471521
0.471521
0.471521
0.471521
0.471521
0.471521
0.471521
0.471521
0.471521
0.471521
0.471521
0.471521
0.471521
0.471521
0.471521
0.471521
3.48317
7.30098
6.69256
6.69256
6.69256
6.69256
6.69256
6.69256
6.69256
0.471521
0.471521
0.471521
0.471521
0.471521
0.471521
0.471521
0.471521
0.471521
0.471521
0.471521
0.471521
0.471521
0.471521
0.471521
0.471521
0.471521
4.44143
4.44143
0.471521
0.471521
0.471521
0.471521
0.471521
0.471521
0.471521
0.471521
0.471521
0.471521
0.471521
0.471521
0.471521
0.471521
0.471521
0.471521
0.471521
0.471521
0.471521
0.471521
0.471521
0.471521
0.471521
0.471521
0.471521
0.471521
0.471521
0.471521
0.471521
0.471521
0.471521
0.471521
0.471521
0.471521
0.471521
0.471521
0.471521
0.471521
0.471521
0.471521
0.471521
7.55955
7.55955
7.55955
11.9553
11.9553
0.471521
0.471521
0.471521
4.44143
4.85211
4.3958
4.85211
4.85211
4.85211
4.85211
0.471521
0.471521
0.471521
0.471521
0.471521
0.471521
0.471521
0.471521
0.471521
0.471521
0.471521
0.471521
0.471521
0.471521
0.471521
0.471521
0.471521
0.471521
0.471521
0.471521
4.85211
4.85211
4.3958
4.85211
4.85211
4.85211
4.85211
4.85211
4.85211
0.471521
0.471521
0.471521
0.471521
8.38091
8.38091
0.471521
0.471521
0.471521
0.471521
0.471521
0.471521
0.471521
0.471521
0.471521
0.471521
0.471521
0.471521
0.471521
0.471521
0.471521
0.471521
0.471521
0.471521
0.471521
0.471521
0.471521
0.471521
0.471521
0.471521
0.471521
0.471521
0.471521
0.471521
0.471521
0.471521
0.471521
0.471521
0.471521
0.471521
0.471521
0.471521
8.38091
8.38091
8.38091
8.38091
8.38091
8.38091
8.38091
0.471521
0.471521
0.471521
0.471521
0.471521
0.471521
0.471521
0.471521
0.471521
0.471521
0.471521
0.471521
0.471521
0.471521
0.471521
0.471521
0.471521
0.471521
0.471521
0.471521
0.471521
0.471521
0.471521
0.471521
0.471521
0.471521
0.471521
0.471521
0.471521
0.471521
0.471521
0.471521
0.471521
0.471521
0.471521
0.471521
0.471521
0.471521
0.471521
0.471521
0.471521
0.471521
0.471521
0.471521
4.44143
0.471521
0.471521
0.471521
0.471521
0.471521
0.471521
0.471521
0.471521
0.471521
0.471521
0.471521
0.471521
0.471521
0.471521
0.471521
0.471521
0.471521
0.471521
0.471521
0.471521
0.471521
0.471521
0.471521
0.471521
0.471521
0.471521
0.471521
0.471521
0.471521
0.471521
0.471521
0.471521
0.471521
0.471521
0.471521
0.471521
0.471521
0.471521
0.471521
8.38091
8.38091
8.38091
8.38091
8.38091
0.471521
0.471521
0.471521
0.471521
0.471521
0.471521
0.471521
0.471521
0.471521
0.471521
0.471521
0.471521
0.471521
0.471521
0.471521
0.471521
0.471521
0.471521
0.471521
0.471521
0.471521
0.471521
0.471521
0.471521
0.471521
0.471521
0.471521
0.471521
0.471521
0.471521
0.471521
0.471521
0.471521
0.471521
0.471521
0.471521
0.471521
0.471521
0.471521
0.471521
0.471521
0.471521
0.471521
0.471521
0.471521
0.471521
0.471521
7.54434
0.471521
0.471521
0.471521
0.471521
0.471521
0.471521
0.471521
0.471521
4.42622
4.42622
0.471521
0.806149
0.806149
0.806149
0.806149
0.806149
0.806149
0.806149
0.806149
0.471521
0.471521
7.54434
12.5029
0.471521
0.471521
0.471521
0.471521
0.471521
0.471521
0.471521
0.471521
0.471521
0.471521
0.471521
0.471521
0.471521
0.471521
2.03819
2.03819
2.03819
2.03819
2.03819
4.59353
4.59353
4.59353
6.87509
6.87509
8.54822
7.3314
7.31619
0.471521
7.3314
7.3314
7.3314
4.42622
4.42622
4.88253
9.30874
4.88253
4.88253
4.88253
4.42622
4.88253
4.42622
4.88253
4.88253
4.88253
4.88253
2.92039
2.90518
2.92039
0.471521
0.471521
0.471521
0.471521
0.471521
0.471521
0.471521
0.471521
0.471521
0.471521
0.471521
0.471521
0.471521
0.471521
0.471521
0.471521
0.471521
0.471521
0.471521
0.471521
0.471521
0.471521
0.471521
0.471521
0.471521
0.471521
0.471521
0.471521
0.471521
0.471521
0.471521
0.471521
0.471521
0.471521
0.471521
0.471521
0.471521
0.471521
0.471521
0.471521
0.471521
0.471521
0.471521
0.471521
0.471521
0.471521
0.471521
0.471521
0.471521
0.471521
0.471521
0.471521
0.471521
0.471521
0.471521
0.471521
0.471521
0.471521
0.471521
2.90518
0.471521
0.471521
0.471521
0.471521
0.471521
2.3424
0.471521
0.471521
0.471521
0.471521
0.471521
0.471521
0.471521
0.471521
0.471521
0.471521
0.471521
0.471521
0.471521
0.471521
0.471521
0.471521
0.471521
0.471521
0.471521
0.471521
0.471521
0.471521
0.471521
0.471521
0.471521
4.88253
4.88253
12.3356
0.471521
0.471521
0.471521
0.471521
0.471521
0.471521
0.471521
0.471521
0.471521
0.471521
8.3657
8.3657
0.471521
0.471521
0.471521
0.471521
0.471521
0.471521
0.471521
0.471521
0.471521
4.88253
4.42622
4.88253
4.42622
3.98512
4.88253
4.88253
4.42622
4.88253
4.42622
3.98512
3.98512
4.44143
4.3958
4.03075
8.8068
9.30874
8.82201
7.95502
9.30874
8.00065
7.95502
8.00065
8.45696
10.7233
9.67379
9.67379
9.70421
10.1605
10.1605
9.70421
10.4799
9.978
10.4343
10.0997
10.556
10.1757
10.5864
12.2748
13.157
12.2443
12.7007
12.7007
13.4308
14.024
13.5524
14.0544
14.0392
13.5524
11.5903
13.5829
13.5829
14.024
13.5372
13.6437
13.5372
13.3395
12.8528
13.157
13.157
13.5372
13.5524
21.4618
14.024
14.0392
14.0392
14.0392
14.0392
14.0392
12.7007
10.5256
17.568
10.1301
10.1301
12.6854
12.6854
12.6854
12.2291
13.5372
13.5372
14.024
12.6702
14.0392
13.6285
12.2443
12.6702
12.7007
13.5524
13.5524
12.7007
12.944
12.9136
12.9897
12.3204
13.5524
14.0392
14.0392
13.5524
12.2139
14.024
14.024
13.6285
14.1152
14.1
13.6285
11.5751
12.1531
12.1683
12.1683
9.29353
9.30874
3.98512
4.44143
3.98512
0.471521
4.42622
0.471521
0.471521
0.471521
0.471521
0.471521
0.471521
0.471521
0.471521
0.471521
0.471521
0.471521
0.471521
0.471521
0.471521
0.471521
4.88253
4.42622
0.471521
0.471521
0.471521
0.471521
0.471521
0.471521
0.471521
0.471521
0.471521
0.471521
0.471521
0.471521
0.471521
0.471521
0.471521
0.471521
0.471521
0.471521
0.471521
0.471521
0.471521
4.88253
4.42622
4.88253
4.88253
0.471521
0.471521
0.471521
0.471521
0.471521
0.471521
0.471521
0.471521
0.471521
0.471521
0.471521
4.88253
0.471521
0.471521
0.471521
0.471521
0.471521
4.88253
0.471521
0.471521
0.471521
0.471521
0.471521
0.471521
0.471521
0.471521
0.471521
0.471521
0.471521
0.471521
0.471521
0.471521
8.38091
0.471521
0.471521
0.471521
0.471521
0.471521
0.471521
0.471521
0.471521
0.471521
4.3958
0.471521
0.806149
0.806149
0.806149
0.471521
0.471521
0.471521
0.471521
0.471521
0.471521
0.471521
0.471521
0.471521
0.471521
0.471521
0.471521
0.471521
0.471521
0.471521
4.85211
0.471521
0.471521
0.471521
0.471521
0.471521
0.471521
0.471521
0.471521
0.471521
0.471521
0.471521
0.471521
0.471521
0.471521
0.471521
0.471521
0.471521
0.471521
2.92039
2.90518
0.471521
4.85211
0.471521
0.471521
0.471521
0.471521
0.471521
0.471521
0.471521
0.471521
0.471521
0.471521
0.471521
0.471521
0.471521
0.471521
0.471521
0.471521
0.471521
0.471521
0.471521
0.471521
0.471521
0.471521
0.471521
0.471521
0.471521
0.471521
0.471521
0.471521
0.471521
0.471521
0.471521
0.471521
0.471521
0.471521
0.471521
0.471521
0.471521
0.471521
0.471521
0.471521
0.471521
0.471521
0.471521
0.471521
0.471521
0.471521
0.471521
0.471521
0.471521
0.471521
0.471521
0.471521
0.471521
0.471521
0.471521
0.471521
0.471521
0.471521
4.88253
0.471521
0.471521
0.471521
0.471521
4.42622
4.88253
4.88253
4.42622
4.88253
4.88253
4.88253
4.42622
0.471521
0.471521
0.471521
0.471521
0.471521
0.471521
0.471521
0.471521
4.88253
0.471521
0.471521
0.471521
0.471521
0.471521
0.471521
0.471521
0.471521
0.471521
0.471521
0.471521
4.88253
4.42622
0.471521
0.471521
0.471521
0.471521
0.471521
0.471521
0.471521
0.471521
0.471521
0.471521
0.471521
0.471521
0.471521
0.471521
0.471521
0.471521
0.471521
0.471521
0.714887
0.714887
0.471521
0.471521
0.471521
0.471521
0.471521
0.471521
0.471521
0.471521
4.88253
4.42622
4.88253
4.88253
4.42622
4.88253
0.471521
0.471521
0.471521
0.471521
4.42622
4.42622
4.88253
4.88253
4.42622
4.42622
4.42622
0.471521
0.471521
0.471521
4.42622
4.88253
4.88253
4.42622
4.88253
4.42622
4.88253
4.42622
4.88253
0.471521
0.471521
0.471521
0.471521
0.471521
0.471521
0.471521
0.471521
0.471521
0.471521
0.471521
0.471521
0.471521
0.471521
0.471521
0.471521
0.471521
0.471521
0.471521
0.471521
0.471521
0.471521
0.471521
0.471521
0.471521
0.471521
0.471521
0.471521
0.471521
0.471521
0.471521
0.471521
4.42622
4.88253
4.42622
4.42622
4.42622
11.5295
4.89774
4.88253
4.42622
4.88253
4.42622
4.88253
4.88253
4.88253
0.471521
0.471521
0.471521
0.471521
4.88253
4.88253
4.42622
4.88253
0.471521
0.471521
4.88253
4.88253
4.88253
4.42622
4.88253
4.42622
0.471521
2.85955
4.88253
4.88253
4.88253
4.88253
4.42622
4.42622
4.88253
4.42622
4.88253
6.85987
4.42622
4.88253
4.42622
8.82201
8.82201
9.29353
9.29353
14.0087
12.6854
10.5408
13.5372
12.2291
13.5676
13.5676
13.5676
16.0013
14.0087
12.1531
12.1531
14.024
13.6437
13.5829
13.6437
14.0392
13.5524
10.4799
10.0693
10.4343
10.4191
11.5751
11.1188
13.157
12.1835
13.5372
12.6398
12.1835
13.2786
15.3168
14.8301
16.0013
12.7007
13.5829
13.0961
10.1301
10.0693
12.6094
12.3052
11.1036
13.5981
13.8262
14.024
14.024
13.5372
14.024
12.2291
13.6437
12.6854
13.5372
12.2291
14.024
12.6094
14.024
21.9333
14.0392
14.024
13.8414
14.024
13.1265
12.7159
14.024
12.6398
12.2443
12.655
20.8534
14.8757
14.389
20.8534
12.7007
12.2443
12.2291
12.2291
12.2443
12.29
12.2291
12.4421
12.4421
7.42266
12.2291
13.5372
13.5372
14.024
13.1418
13.1722
12.7159
12.4421
13.157
12.7007
12.7007
12.2596
9.70421
12.7311
12.2748
13.157
12.7007
13.3395
13.157
13.7197
12.6854
12.6854
12.2291
12.6094
12.7007
12.6854
12.2291
12.6398
12.1835
13.0809
14.024
15.5146
13.5524
9.67379
12.5029
15.5146
13.5372
12.7007
12.7311
12.6702
12.6398
14.1608
12.6094
12.2596
12.6854
12.7007
11.8032
11.5751
12.7007
12.2748
12.2596
12.6854
12.2443
12.2443
10.0845
12.5029
12.6398
10.0693
12.7007
12.6702
12.2443
12.4421
12.6854
12.6702
12.7007
14.7845
14.2521
14.2521
15.5602
15.5602
22.3744
22.8612
20.5796
21.0664
13.157
12.7007
12.2443
9.689
10.1301
10.0693
12.7007
12.6702
12.2139
12.5486
10.6777
12.6702
14.024
12.1835
9.11101
5.99288
14.024
20.1233
21.9333
18.9977
17.2181
8.82201
9.15664
13.5372
14.024
9.00454
8.41133
9.30874
4.42622
6.12978
11.2861
10.7994
11.2709
9.29353
4.3958
0.471521
0.471521
0.471521
0.471521
0.471521
0.471521
0.471521
0.471521
5.76473
0.471521
0.471521
0.471521
0.471521
6.82945
2.44887
4.3958
0.471521
0.775729
7.01198
0.775729
0.806149
0.806149
0.806149
0.471521
0.471521
0.471521
0.471521
4.85211
0.471521
0.471521
0.471521
0.471521
0.471521
0.471521
0.471521
0.471521
0.471521
0.471521
0.471521
0.471521
0.471521
0.471521
0.471521
0.471521
0.471521
0.471521
0.471521
0.471521
11.0579
11.2252
11.2252
11.0731
11.0731
9.689
8.68512
8.68512
11.2252
11.2252
11.1188
8.38091
8.38091
8.38091
8.38091
8.38091
8.38091
8.38091
0.471521
0.471521
0.471521
2.44887
0.471521
0.471521
2.44887
0.471521
0.471521
0.471521
0.471521
0.471521
0.471521
0.471521
0.471521
0.471521
0.471521
6.52525
0.471521
0.471521
0.471521
0.471521
0.471521
0.471521
0.471521
0.471521
0.471521
0.471521
0.471521
0.471521
0.471521
0.471521
0.471521
0.471521
0.471521
0.471521
0.471521
0.471521
0.471521
0.471521
0.471521
0.471521
0.471521
0.471521
0.486732
0.486732
2.46408
2.46408
2.46408
2.46408
2.46408
2.46408
0.486732
0.486732
0.486732
0.471521
0.471521
0.471521
0.471521
0.471521
0.471521
0.471521
0.471521
0.471521
0.471521
0.471521
0.471521
0.471521
0.471521
0.471521
6.26667
6.37314
2.44887
2.44887
2.17508
2.44887
2.44887
2.3424
2.61618
2.26634
2.26634
2.26634
6.82945
6.82945
7.01198
6.55567
2.63139
2.61618
2.61618
2.61618
2.61618
2.61618
0.806149
0.806149
8.66991
0.806149
0.806149
0.806149
2.50971
2.26634
2.61618
2.61618
2.61618
2.61618
2.50971
0.806149
2.44887
2.44887
2.46408
2.46408
2.46408
9.3848
2.61618
2.61618
0.775729
2.52492
2.63139
2.63139
2.63139
2.63139
11.21
11.21
2.61618
2.50971
0.882201
0.882201
0.882201
0.806149
0.806149
0.806149
2.44887
2.3424
0.471521
4.3958
4.3958
2.44887
2.44887
2.17508
0.471521
0.471521
2.44887
0.471521
0.471521
0.471521
11.0579
2.44887
2.44887
2.44887
11.0579
6.37314
2.44887
2.44887
0.471521
0.471521
4.44143
6.82945
2.44887
2.44887
0.471521
0.471521
2.44887
2.44887
2.44887
0.471521
0.471521
0.471521
