+6.647661413966539534 
+6.515668536180419856 
+6.387518551340023443 
+6.257974802839470385 
+6.132213172240335908 
+6.007624958397175696 
+5.881697754236919096 
+5.759462827101380356 
+5.635925032841775817 
+5.513584992257960060 
+5.392436674494146764 
+5.272474065376780317 
+5.156055302896501047 
+5.038422719078681666 
+4.924275907597769120 
+4.808949965518221958 
+4.697052252292531982 
+4.586259313258448600 
+4.476565596209310272 
+4.365760586053914594 
+4.256088490093324239 
+4.147543458215025680 
+4.042257182391443493 
+3.938042260955845197 
+3.836987697412477250 
+3.734877532027967462 
+3.635874333198468644 
+3.535847644107995791 
+3.438875021860366754 
+3.338922155623115007 
+3.242012600714204051 
+3.144185269720736642 
+3.049347824628464210 
+2.953623785582403904 
+2.860836713658340802 
+2.767193849270964012 
+2.676435537201610870 
+2.586673400553198832 
+2.496100813382129857 
+2.408335355122143362 
+2.321550261440130214 
+2.235740327510123748 
+2.149178998809032848 
+2.065323465053245933 
+1.984109658104348028 
+1.902148610970333387 
+1.821136921333978975 
+1.742694097742750969 
+1.665152572573888712 
+1.586920291789330584 
+1.509617198589992881 
+1.434787785095208434 
+1.359309200899488701 
+1.224550087395217979 
+1.151633259935283427 
+1.081077272355724261 
+1.009937402408377594 
+0.939687775389220548 
+0.870323446514142951 
+0.801839485490387638 
+0.732860292107415212 
+0.666140049188657102 
+0.547164750325189075 
+0.484173377948571293 
+0.420712937028804745 
+0.359369028296437243 
+0.297580919354377471 
+0.235395233813636473 
+0.175294528156049623 
+0.116021783758399444 
+0.057572240175849387 
-0.001226504640845505 
-0.056876215058350610 
-0.114019213554215959 
-0.171442452538866696 
-0.226899105380383936 
-0.281528440519918988 
-0.336403193992037330 
-0.389376432683940621 
-0.440501972032559586 
-0.491871392173242938 
-0.542438096090539723 
-0.591219368445183413 
-0.640211060360110551 
-0.687458141534542655 
-0.734893813477409452 
-0.818318955147628202 
-0.861790413053872939 
-0.904556405934072494 
-0.947490065108797630 
-0.988843266033935464 
-1.030343433970593026 
-1.070300927975605276 
-1.110384991913286434 
-1.149760280355940800 
-1.187648998747139473 
-1.225634151548734785 
-1.262923585692835360 
-1.299521655896383798 
-1.336158458525405379 
-1.371372922509554115 
-1.434288606873170835 
-1.467590121577872608 
-1.500225503496730894 
-1.532199013593482206 
-1.563514899231453370 
-1.594177394191895303 
-1.624190718692272384 
-1.653559079404585574 
-1.681706769571864157 
-1.709810718597029933 
-1.737282157871822719 
-1.764125240344270651 
-1.790344105508122396 
-1.815942879421164946 
-1.840925674723528971 
-1.865787613873044037 
-1.889538374795790787 
-1.913151631149499821 
-1.935686980732500118 
-1.957626879134613418 
-1.978545560282567450 
-1.999318586645246754 
-2.019101910651986742 
-2.038329083433760402 
-2.057387056011640070 
-2.075501745554213073 
-2.093431817291502739 
-2.111146569614993140 
-2.127941406610531772 
-2.144505921187093378 
-2.160181499950844852 
-2.175308979829992495 
-2.190184212985450074 
-2.204216117073986680 
-2.217711584246021772 
-2.230674449335340981 
-2.243356811892089908 
-2.255255251142843420 
-2.266632592130276791 
-2.277708890642873740 
-2.288044928658809596 
-2.298066510236779436 
-2.307376579497423918 
-2.316359037003364207 
-2.324493948489781303 
-2.332308670525266692 
-2.339632344393654861 
-2.346468649180582844 
-2.352821251178143669 
-2.358693803903209485 
-2.364089948115729811 
-2.369108891275764961 
-2.373553552561766367 
-2.377532724647027251 
-2.381116993915904700 
-2.384166627539608285 
-2.386809824279614745 
-2.388944468240120855 
-2.390661385027611274 
-2.391916072107289182 
-2.392712262027099968 
-2.393051278328830023 
-2.392950602385097270 
-2.392417795499504507 
-2.391458715369667587 
-2.390044231253547480 
-2.388234418444456608 
-2.386008714258485597 
-2.383370530935339460 
-2.380323268308716322 
-2.376795644857578438 
-2.372849187511427260 
-2.368396023129104577 
-2.363614404092970744 
-2.358424699157685822 
-2.352946267463279284 
-2.347082614364229158 
-2.340705625276887858 
-2.334073723282225288 
-2.326919640409171208 
-2.319223503181891743 
-2.311128083609036210 
-2.302637032012619045 
-2.293931906604138149 
-2.284668065394933834 
-2.275019387099732171 
-2.265389933791038146 
-2.255411727320288051 
-2.244873664604401853 
-2.234200472728595344 
-2.223188044330690616 
-2.211604425404992469 
-2.199916128434672657 
-2.187649321665441349 
-2.175297820539091376 
-2.162360698557460381 
-2.149089894125221889 
-2.135488652280004729 
-2.121278320891548219 
-2.107019440925636644 
-2.092439845552057420 
-2.077241569010940481 
-2.062023855901678360 
-2.046495032617093202 
-2.030977987246535221 
-2.015493696502202781 
-1.999731201494034494 
-1.983356227590226339 
-1.967039936542839484 
-1.950105344934081941 
-1.932892385662061230 
-1.915403946929311374 
-1.897642905331025531 
-1.879612125873364903 
-1.860938281339867828 
-1.842371215803744633 
-1.823156046886326820 
-1.803671949826131993 
-1.783921906745444375 
-1.763908887322445551 
-1.743635848811468492 
-1.723518838658156582 
-1.702739638317373405 
-1.681709158030111340 
-1.660858298144480827 
-1.639771627399987608 
-1.618451859960236661 
-1.596459519405838634 
-1.574677036725303125 
-1.552218131177466987 
-1.529983873163962116 
-1.507530027933020378 
-1.484394332007648032 
-1.461504892883555229 
-1.437930188738146597 
-1.415093738533592216 
-1.392059211302088428 
-1.368343016781173205 
-1.344915629440835758 
-1.321297488396995234 
-1.296993043113000788 
-1.272494864281775051 
-1.247805486989601143 
-1.222927435286082165 
-1.197863222202466993 
-1.172615349769936977 
-1.146665480049334107 
-1.121054130152344896 
-1.095266611459602579 
-1.068773769396943685 
-1.042637806403896583 
-1.015794493693895184 
-0.988778020341179342 
-0.962136347781417989 
-0.935333237927797434 
-0.908922905060639330 
-0.881807259776512531 
-0.853979152192731128 
-0.826554106840245773 
-0.798979477183916487 
-0.771257601576868623 
-0.742820604915682914 
-0.714808323481269881 
-0.687231722109153509 
-0.658365311750315207 
-0.629357639504281252 
-0.600211121530456637 
-0.571515143306355000 
-0.542100794006376674 
-0.512554731094698290 
-0.484068795128466789 
-0.454868616748622223 
-0.426148153851894307 
-0.397314764752432659 
-0.367766338120054215 
-0.338711016444159796 
-0.308940293527932397 
-0.279060497605957636 
-0.249073776921115986 
-0.218367080802252644 
-0.188170840826623831 
-0.157254769299390418 
-0.126857651588153431 
-0.095740979140323645 
-0.065151540210362846 
-0.034470051496092502 
-0.003698578121805518 
+0.026530175850927762 
+0.083429828297363784 
+0.115161371072046492 
+0.146339254827139165 
+0.178233950616056624 
+0.209567641071547683 
+0.241617178050165471 
+0.273098571277741620 
+0.304650097347210824 
+0.336269801405525648 
+0.368603066465079898 
+0.399705974201997272 
+0.430868735555516302 
+0.462740588563359978 
+0.494018819224828931 
+0.525351493714242501 
+0.557391248407719253 
+0.588828544248809038 
+0.620971434209934614 
+0.652506188327010683 
+0.685403355113407109 
+0.717688703190640709 
+0.750017870804469133 
+0.782389041039452060 
+0.814800406753979800 
+0.847250170562029226 
+0.879736544814834431 
+0.912921799951273094 
+0.945476727442567721 
+0.978062924884647522 
+1.010678643591647052 
+1.043988615553384847 
+1.076658683045789822 
+1.109353048546041443 
+1.142070002035209697 
+1.175476167885115331 
+1.208902286121385394 
+1.241677518422373616 
+1.275137882960954983 
+1.336072135833654251 
+1.368899299247014589 
+1.401735846571305899 
+1.435250513900465208 
+1.468101071152221770 
+1.500956131928608883 
+1.534484689167187277 
+1.567343985978042475 
+1.600873569318421730 
+1.633730660416833125 
+1.667254735848088032 
+1.700103256243515659 
+1.732275035306101607 
+1.765109058385383456 
+1.797933485745509152 
+1.830746804339796974 
+1.862878244094434699 
+1.895665145533519613 
+1.928436484344421054 
+1.961190783934440240 
+1.994594451291312964 
+2.027309856529664778 
+2.060003817900384782 
+2.093341403701391990 
+2.125321657842715872 
+2.157942683400373873 
+2.190536559025930252 
+2.223101880714217771 
+2.256300919052381282 
+2.288804302842565086 
+2.321274946400954775 
+2.354373087079657978 
+2.386773416966119221 
+2.419136901633301306 
+2.451462199826988098 
+2.483747979131760708 
+2.515992915952755205 
+2.547538925940929566 
+2.580355011756412686 
+2.612469567487090139 
+2.644538074193282462 
+2.676559252107983511 
+2.708531830174840671 
+2.741105502038923447 
+2.773625923832725881 
+2.806091773010245483 
+2.838501736389033248 
+2.869561513490112237 
+2.901212815076755547 
+2.932162593972506226 
+2.963699243055919474 
+2.995176193209115212 
+3.026592259822618036 
+3.058585490101153326 
+3.089874967372274739 
+3.121100034685034608 
+3.152259541526248654 
+3.183352345817601403 
+3.213744836799190541 
+3.244702261973253510 
+3.275589631498211585 
+3.306405836681493238 
+3.337776444415521571 
+3.368445519805975508 
+3.399663729709110349 
+3.430181252194447250 
+3.461242585762487778 
+3.491604200510667777 
+3.521887058605995158 
+3.552705668911426695 
+3.607966283447925360 
+3.638546430375151353 
+3.669039362112757718 
+3.699444013981439294 
+3.729759330090476332 
+3.759984263317484476 
+3.790719505944571743 
+3.819558927771534496 
+3.848910329399013008 
+3.877574783011512594 
+3.906745711795163611 
+3.935231569292828357 
+3.963627726155964481 
+3.992522046724309881 
+4.020734297145734715 
+4.049439097360219009 
+4.077463963988856577 
+4.105975724643575298 
+4.133809789991111927 
+4.163278647774403041 
+4.191489230746864081 
+4.219598362418332194 
+4.247605191692999327 
+4.275508875233471784 
+4.303874829797481816 
+4.331567575269913206 
+4.358592734067130436 
+4.386075555823875760 
+4.412893522980058769 
+4.439607826746033936 
+4.466770982097525433 
+4.493273540678711875 
+4.520219014162778493 
+4.546506853529455938 
+4.573231638544292821 
+4.599301842172287991 
+4.625263288676502604 
+4.651652699274260172 
+4.677927321515785053 
+4.704619084442545507 
+4.730659590245164026 
+4.756583147835256042 
+4.782914478394708624 
+4.808599624179445975 
+4.834686242514464993 
+4.860648191893682579 
+4.885969262050643636 
+4.911682273395871157 
+4.958154158901219688 
+4.983507923060640721 
+5.008732997578695390 
+5.033328073589226292 
+5.058296383960029452 
+5.083134041682601634 
+5.107347567120272380 
+5.131924642442057483 
+5.156369171181406585 
+5.180680533174816915 
+5.204858115956247921 
+5.228421771599362167 
+5.252332694672544378 
+5.276108058833134606 
+5.299275835495178555 
+5.322781083222637655 
+5.345683049328950887 
+5.368452653745858782 
+5.390628734515324538 
+5.413134790879153613 
+5.435506957573207565 
+5.457744735529773017 
+5.479847632559836867 
+5.501368202646417238 
+5.523202665758890184 
+5.544900822024294129 
+5.566900807361769843 
+5.588322156394914586 
+5.609605814793709122 
+5.631181437906499276 
+5.652185555583182364 
+5.673050660421958824 
+5.693776328149690258 
+5.714780800696932062 
+5.735223481275793844 
+5.755525483730071556 
+5.775686410519107916 
+5.795705870705512908 
+5.815987665772085258 
+5.836121359672268305 
+5.856106558185121713 
+5.875942874168584851 
+5.895629927539066450 
+5.915167345251178155 
+5.934554761277651913 
+5.953791816588832830 
+5.972497911510398438 
+5.991436220686153113 
+6.010223140536962383 
+6.028858339683457856 
+6.046605090758713885 
+6.064576739670575201 
+6.082039469696308487 
+6.099361243383299325 
+6.131458734438435698 
+6.148373810543207973 
+6.165494870137150585 
+6.182467751530257516 
+6.199634013264816446 
+6.216306756521381871 
+6.232830584034152466 
+6.249205263994976889 
+6.265760142558177925 
+6.281832801322801529 
+6.298079044251373659 
+6.314169079336469537 
+6.330102692968754496 
+6.345565674646223897 
+6.361188969198219745 
+6.376039610594743223 
+6.391050205214628299 
+6.405607912300723683 
+6.420319140782942746 
+6.434583280164055452 
+6.448701928499056990 
+6.462964502132266809 
+6.476788719674154038 
+6.491033806017342478 
+6.505120449668843285 
+6.519048518727465158 
+6.532544056244029562 
+6.546157783052135137 
+6.559612579391716380 
+6.572643982306542121 
+6.585261251055406717 
+6.597990017393220441 
+6.610310659823536383 
+6.622736461719008538 
+6.634760178192579794 
+6.646636864605439676 
+6.658609265423359957 
+6.670188657813246991 
+6.681857466984269855 
+6.693139372141690302 
+6.704504413994510692 
+6.715715953227983093 
+6.726773961474734165 
+6.737678415854051472 
+6.748647105603220453 
+6.759241271021786623 
+6.769893320316569429 
+6.780177170547219134 
+6.790307434453005442 
+6.800284121907053780 
+6.810306121309200655 
+6.819972573659985215 
+6.829485511834359812 
+6.839034378559365024 
+6.848237256431111142 
+6.857469816958111863 
+6.866362805785391821 
+6.875279256945730388 
+6.884036145670732409 
+6.892633539004243914 
+6.901071509597990428 
+6.909350135691533445 
+6.917469501091878747 
+6.925429695153229481 
+6.933230812756755235 
+6.940872954290278507 
+6.948208116418127744 
+6.955390804334157906 
+6.962421127803414933 
+6.969437986006644437 
+6.976160826469420151 
+6.982731664335416255 
+6.989280048254542521 
+6.995544179929754414 
+7.001779884192462333 
+7.007737880008518161 
+7.013661507180994015 
+7.019313977760052836 
+7.024815466999030811 
+7.030273767315177835 
+7.035470718641699150 
+7.040618623130658449 
+7.045610042443808396 
+7.050349999372794052 
+7.055032158317845692 
+7.059469429300787802 
+7.063843132115735557 
+7.067895620015726799 
+7.071884949390049080 
+7.075648493019759400 
+7.079269358916767452 
+7.082747754693819786 
+7.086219813884983232 
+7.089472907128569368 
+7.092640058761300992 
+7.095653592771641094 
+7.098458065774002179 
+7.101115501259426921 
+7.103675863103907417 
+7.106036998407426530 
+7.108295553435273639 
+7.110361456653065737 
+7.112281641248038078 
+7.114056382163569836 
+7.115685958703506842 
+7.117170654513986783 
+7.118510757565043257 
+7.119729463834555183 
+7.120778326743170794 
+7.121683492746504918 
+7.122445267013622683 
+7.123075097683262413 
+7.123564389333798097 
+7.123894297559697719 
+7.124078376156402825 
+7.124108883601815378 
+7.123986192963621455 
+7.123717550755630512 
+7.122852864330559086 
+7.122187005357362821 
+7.121381415597190845 
+7.120436450122531014 
+7.119352468016412416 
+7.118129832354382458 
+7.116798063956462528 
+7.115333944504757646 
+7.113703172788067519 
+7.111972673110053655 
+7.110070717402177998 
+7.108075306072173305 
+7.105903680606145301 
+7.103547918794221872 
+7.101051347200695751 
+7.098414392729599065 
+7.095637486395541593 
+7.092721063303915940 
+7.089603037062852664 
+7.086406133894700865 
+7.083139105470594110 
+7.079810488654032952 
+7.073304167070686432 
+7.069537294014054396 
+7.065639785159652853 
+7.061612082752808384 
+7.057454632630611790 
+7.053167884203715765 
+7.048843689508040633 
+7.044302322499862434 
+7.039633017253352776 
+7.034836237218609512 
+7.030014201247920980 
+7.024966453570396396 
+7.019578785144990007 
+7.014055079817278937 
+7.008395879715587640 
+7.002601730946102165 
+6.996673183570536914 
+6.990971097943542212 
+6.985028409759563850 
+6.979088153998789679 
+6.972903312766011830 
+6.966596896798948890 
+6.960036983721060722 
+6.953486489812608973 
+6.946678585325157584 
+6.939886112799403151 
+6.932832372553967559 
+6.925944744446757007 
+6.918796899589175986 
+6.911531653487475779 
+6.904301359493165258 
+6.896959423185862192 
+6.889349901136402110 
+6.881783904841626054 
+6.873946720633898444 
+6.865995347375502433 
+6.857764565068607432 
+6.849584168900097580 
+6.841120847571109387 
+6.832713703907332459 
+6.824020177814965393 
+6.815388586312155716 
+6.806646762627384994 
+6.797795278861927137 
+6.788834709973439629 
+6.779951797742254094 
+6.770776991578367543 
+6.761685331293941559 
+6.752105899705417080 
+6.742610789047878583 
+6.733207074033304096 
+6.723702594950191624 
+6.713896753966237974 
+6.704190363021838905 
+6.685931403830990050 
+6.675734668616810197 
+6.665436412118536325 
+6.655250479155082388 
+6.644753060333786543 
+6.634155952347687624 
+6.623240458675036635 
+6.612222472376637405 
+6.601326047525923890 
+6.590107087864490509 
+6.569889101402300646 
+6.558854167600176588 
+6.547728311110362576 
+6.536512132945280662 
+6.524969747098936956 
+6.513572887332643724 
+6.501847319919515478 
+6.490272259855853321 
+6.478366052927067464 
+6.466369567207725488 
+6.454531005041836522 
+6.442357739637885494 
+6.430347270192099174 
+6.418252672369990641 
+6.405819976757985756 
+6.393300928238534020 
+6.380438068592172662 
+6.367746594530698800 
+6.354970793844620935 
+6.341848037614738587 
+6.328903924915358914 
+6.315610834441939048 
+6.302501182890846820 
+6.289040596599389410 
+6.275496500682135270 
+6.262142969693596406 
+6.248435682077221109 
+6.234923632734121313 
+6.221612276385472207 
+6.207667993024491793 
+6.193925795543031576 
+6.180108278069464944 
+6.165931856757403295 
+6.151964303509088516 
+6.137923553731401860 
+6.123521539026665295 
+6.109335060625106451 
+6.094785820791800646 
+6.080456513407910712 
+6.066057590116255227 
+6.051589766536564774 
+6.036756401899391555 
+6.022151562106533795 
+6.007780075801830932 
+5.993043841186545428 
+5.978545029646987530 
+5.963984241240351203 
+5.949056885931359062 
+5.934372940480152181 
+5.919629087444239879 
+5.904516992575042700 
+5.889343918120017563 
+5.874422080293401294 
+5.859130459663471235 
+5.844093909588959690 
+5.828686633810905349 
+5.813222036946753768 
+5.797700861018519447 
+5.781805375095263599 
+5.766172156151806227 
+5.750163893279040650 
+5.734099855095817766 
+5.718303751307820093 
+5.702131626860098557 
+5.685906102461506961 
+5.670280102835841163 
+5.654279296144959055 
+5.638229466329980788 
+5.622131369911820720 
+5.605985764608897526 
+5.590124327843541074 
+5.573886913591457493 
+5.557604255067833066 
+5.540943449817922861 
+5.524237139608869640 
+5.507821589527633677 
+5.491027577067528753 
+5.474190483705967836 
+5.457311125138668118 
+5.440729135205823574 
+5.424108107981065352 
+5.407789177211279608 
+5.391093146067968966 
+5.374702224148260932 
+5.358276775581736651 
+5.341474273165626840 
+5.324981274821713129 
+5.308111335294779742 
+5.291553766667718151 
+5.274619434892861669 
+5.257653734670979517 
+5.240310269342757010 
+5.223283571048572327 
+5.206227860824791165 
+5.188794980079160624 
+5.171683039841973972 
+5.154544450942649902 
+5.137379997215281158 
+5.120541515498960194 
+5.103328174232593106 
+5.085739295291642037 
+5.068479233645399873 
+5.051197235970358967 
+5.033540749712976492 
+5.016216835901048832 
+4.999227505109200997 
+4.981865644364700252 
+4.964840656291726440 
+4.947443943155707125 
+4.930386331025132129 
+4.912957863717169360 
+4.895870664218344714 
+4.878413544355767684 
+4.860943130658085920 
+4.843460215773772504 
+4.825965592707460061 
+4.808817414545886848 
+4.790944395718281790 
+4.773419409420537995 
+4.755885890154271323 
+4.738344632430242065 
+4.720796431005028992 
+4.703600389124064307 
+4.686040786766185740 
+4.668476610037771479 
+4.650908654494085859 
+4.633337715845543769 
+4.615764589939248985 
+4.597831400219938303 
+4.580614960315450901 
+4.563040048811022764 
+4.545466134438335359 
+4.528252604988932895 
+4.510683012864927122 
+4.493116790452491571 
+4.475913096453837170 
+4.458355893054025465 
+4.441162562298205607 
+4.423617498066787945 
+4.406437586790575622 
+4.389265446255031122 
+4.371744345065962101 
+4.354232917094897459 
+4.336731957903233514 
+4.319599077590913438 
+4.302121187876027264 
+4.284656136292764650 
+4.267204717606677633 
+4.250123433848939314 
+4.232701345669138249 
+4.215650318072729164 
+4.198260671816511191 
+4.181242947160621171 
+4.163888851847490358 
+4.146907474424462947 
+4.128885718305130403 
+4.110886430038022787 
+4.092910502044556864 
+4.075310581124943710 
+4.057734810640900136 
+4.040534795354246533 
+4.023359570003478325 
+4.006209923706025577 
+3.988737470466732216 
+3.971641909921828972 
+3.954574308643680425 
+3.937188026633159588 
+3.919485720773130843 
+3.902162447869214734 
+3.884871627392542770 
+3.867269287249234910 
+3.850734805035891384 
+3.833545631947877119 
+3.816734935986633825 
+3.799617382872252147 
+3.782878468837518326 
+3.765835787885567498 
+3.749171839775705450 
+3.732546171976782290 
+3.716297668778989038 
+3.700087375718199567 
+3.683579538266544606 
+3.667448686977817118 
+3.651358246692850695 
+3.634975026497672346 
+3.618635448509663011 
+3.602008197632107223 
+3.585428010272098120 
+3.569225875564760564 
+3.552741284787732656 
+3.536634402084412265 
+3.520575822204861982 
+3.504240101997127432 
+3.488281447537413094 
+3.472373404132687469 
+3.456516733784859241 
+3.440390203971988914 
+3.424960554601762297 
+3.409262564048484379 
+3.393937690975376231 
+3.378348142378955643 
+3.362814499091112630 
+3.347337514846141726 
+3.331917942121064513 
+3.316869443946706575 
+3.301565736784272787 
+3.286321675579217061 
+3.271138007622372612 
+3.256015478855722289 
+3.240954833853729955 
+3.225651391101595600 
+3.210718042746933065 
+3.195848818590156348 
+3.181044457524880631 
+3.166005594171724002 
+3.151334531573883879 
+3.136730554894269662 
+3.122194397049140591 
+3.107726789422290192 
+3.093035344902996364 
+3.078708461954930975 
+3.064452328810871151 
+3.050267670508054696 
+3.035867957885936441 
+3.021829913527077416 
+3.008149770537387635 
+2.994258229202480859 
+2.980722976694109239 
+2.967260438595336058 
+2.953593129907738035 
+2.940003007325961537 
+2.926215836998198760 
+2.912783825849522668 
+2.899159466392823070 
+2.885888449386008414 
+2.872698178197170549 
+2.859589353452524296 
+2.846827698791115413 
+2.834145525738396731 
+2.821020151338475390 
+2.808242354845323252 
+2.795549465263217570 
+2.782942171698089329 
+2.770166533656587049 
+2.757481464329304632 
+2.744887689410362430 
+2.732635061071817972 
+2.720224181321261092 
+2.708152173643674665 
+2.695927007901233630 
+2.684038374680772776 
+2.672001724020554470 
+2.660299201490590626 
+2.648689801169951785 
+2.637174186800992359 
+2.625520922919902134 
+2.614196810615982969 
+2.602968475527442038 
+2.591610399353847960 
+2.580577568709427894 
+2.569642485855746727 
+2.558585670741446272 
+2.547850052401918752 
+2.537430190064515756 
+2.526892552619046661 
+2.516667858188756490 
+2.506330702978113223 
+2.496303617573585321 
+2.486169427137162380 
+2.476138703033027078 
+2.466413611116115234 
+2.456788992621832257 
+2.447068102740004747 
+2.437648304192757465 
+2.428137711082441363 
+2.418925097726203788 
+2.409627205908836167 
+2.400437668854160655 
+2.391541317119417975 
+2.382568062347126592 
+2.373704959553045057 
+2.365130115071352179 
+2.356486828810150591 
+2.347955467890126435 
+2.339707306672226927 
+2.331399248838001981 
+2.323204865370710692 
+2.315288492393134057 
+2.307320849907474880 
+2.299627698579624457 
+2.292045822428424806 
+2.284421323929255010 
+2.277065949752918428 
+2.269823461905107642 
+2.262547075757332493 
+2.255389437445094458 
+2.248493546040522872 
+2.241432624466497714 
+2.234497073792656607 
+2.227687474944041846 
+2.221136823236541602 
+2.214578309959460256 
+2.208147460088000003 
+2.201844841342263770 
+2.195793228709737477 
+2.189746169277587029 
+2.183829012723036200 
+2.178271269523606612 
+2.172834242907581093 
+2.167408963152789525 
+2.162217360027741009 
+2.157043617018176818 
+2.152099390944166579 
+2.147179166319578947 
+2.142387752971216308 
+2.137819496015555210 
+2.133284535657319125 
+2.128968440266410411 
+2.124691850253634051 
+2.120463268671387347 
+2.116532862245097846 
+2.112729307867825312 
+2.108977817667534893 
+2.105431962218047737 
+2.102014290502951077 
+2.098590990590709637 
+2.095307737519970459 
+2.092226488881232527 
+2.089221951097382401 
+2.086358889448290732 
+2.083637775861386210 
+2.081109253625247568 
+2.078717944655420702 
+2.076508896540550708 
+2.074432337837129658 
+2.072449591839863992 
+2.070641990880864647 
+2.068934629826435057 
+2.067397593765685215 
+2.065967243829759603 
+2.064677436328608451 
+2.063550609649759338 
+2.062521059860762840 
+2.061655286988909985 
+2.060931648705047969 
+2.060350533453912725 
+2.059912325806284805 
+2.059612882291426139 
+2.059464563810728066 
+2.059461706023687277 
+2.059604798309019991 
+2.059885352384785762 
+2.060315412712586891 
+2.060890969871128853 
+2.061596193912357933 
+2.062460812101921448 
+2.063471966502768318 
+2.064655162854426962 
+2.065963415663091496 
+2.067450470369616156 
+2.069057178676236397 
+2.070849459141360427 
+2.072715551144148627 
+2.074767850969780447 
+2.076922889231898495 
+2.079221349596958923 
+2.081715925724517469 
+2.084305084132012098 
+2.087155541463252995 
+2.090162851529474786 
+2.093262486847032200 
+2.096581257455436109 
+2.100057772632996311 
+2.103692322253187363 
+2.107407780695913502 
+2.111275553155783413 
+2.115295899105523958 
+2.119469073574914653 
+2.123795327132133259 
+2.128367924013113033 
+2.133004206011785975 
+2.137695000703105919 
+2.142533608743621976 
+2.147625708324436111 
+2.152872291170454311 
+2.158273576200440580 
+2.163714835946682236 
+2.169422995745346583 
+2.175165265674916526 
+2.181181104107265512 
+2.187352661939852005 
+2.193680130362571035 
+2.200029816658941151 
+2.206666469798962638 
+2.213459575161999204 
+2.220409305058412386 
+2.227515827009658445 
+2.234779303729173883 
+2.242199893103563824 
+2.249934036828451944 
+2.257672519813884726 
+2.265731348128638523 
+2.273788309249361816 
+2.282172397988430745 
+2.290720965374021922 
+2.299434142341795884 
+2.308312054434320970 
+2.317354821781441032 
+2.326562559079365045 
+2.335935375570461936 
+2.345088682281470938 
+2.354589796221578268 
+2.364051000569111771 
+2.373866593287462301 
+2.383636012006166816 
+2.393766386969074844 
+2.403844297802219643 
+2.414504548197347056 
+2.425112453414944191 
+2.436101043161708724 
+2.447030821019816393 
+2.458119974311357758 
+2.469368538844851635 
+2.481011021943802852 
+2.492581749877298414 
+2.504070978578784690 
+2.515957440163167469 
+2.528003412368414971 
+2.539958212966386242 
+2.552319957147103580 
+2.564584077337388024 
+2.577521951347365281 
+2.590362171277356573 
+2.603361843930402486 
+2.616791153316258445 
+2.630112892183723794 
+2.643870763317362815 
+2.657514405624835874 
+2.671600649084821200 
+2.685565986264391025 
+2.699690454824808850 
+2.713973986766871960 
+2.728416508456429135 
+2.743317583058101139 
+2.757778198252569091 
+2.772391135452749733 
+2.787156304134340346 
+2.802386002721734659 
+2.817458507958675362 
+2.833001729515496780 
+2.848381136352685861 
+2.863912237628549295 
+2.879923243922923870 
+2.895760514478102010 
+2.912083795944274911 
+2.928226690539089461 
+2.944861667803949423 
+2.961309596512487818 
+2.977908237928978519 
+2.995007972380041572 
+3.012264419812530569 
+3.030034392549863842 
+3.047606899308092032 
+3.065698981282358737 
+3.083586750435778789 
+3.102000103056190117 
+3.120202287822228637 
+3.138936021473285987 
+3.157451724911674695 
+3.176122256910066000 
+3.195333173349112599 
+3.214315788937873286 
+3.233452494701839264 
+3.252743033734391886 
+3.272187142908617119 
+3.291784552859319035 
+3.311939649452090073 
+3.331438166331088802 
+3.351904683765648763 
+3.372115579976699973 
+3.392478329720633123 
+3.412992625689318160 
+3.434081472137053392 
+3.454900989614028362 
+3.475871086387606557 
+3.496558902423204884 
+3.518261679318304580 
+3.539681490103251615 
+3.561692244573393840 
+3.583857978441060688 
+3.605730384319981052 
+3.628201824578987100 
+3.650827065755275491 
+3.673148625037998993 
+3.696077176714283929 
+3.718695173054837877 
+3.741459281715387775 
+3.764838151778322484 
+3.787896202368915777 
+3.811574133653121699 
+3.834924388560815522 
+3.858418609985482917 
+3.882540246088711289 
+3.906323970914397758 
+3.930740068507614815 
+3.954811420516030296 
+3.978528866439440481 
+4.003378593004219610 
+4.028374802600119153 
+4.053516970390523610 
+4.078804564076428996 
+4.103726977922187658 
+4.129300915182092524 
+4.154502887410327361 
+4.179323926315481330 
+4.204797714955230248 
+4.230408007512384216 
+4.256154254076253807 
+4.282565500371037892 
+4.308584722850260285 
+4.334738195619760148 
+4.361025340391790905 
+4.387445571772803810 
+4.413455084445356391 
+4.440682917160329701 
+4.468047450829884859 
+4.495548033018737399 
+4.522629961582065761 
+4.549841288377129089 
+4.577740674690655709 
+4.605211490827673337 
+4.632809762275400089 
+4.661101964478326032 
+4.688955732715792024 
+4.716934946848741816 
+4.745613771768796951 
+4.773844355284482255 
+4.802198308283041506 
+4.831257356254164748 
+4.860443375129711363 
+4.889755602693328207 
+4.918603291052218829 
+4.947570717916480731 
+4.976062358157271603 
+5.005264628636266977 
+5.034584410433740942 
+5.064020941076336157 
+5.094177765133296454 
+5.123847818664238218 
+5.153632272054964325 
+5.183530332307460853 
+5.213541198785529573 
+5.243664063195287994 
+5.273279982277434996 
+5.303622143026522018 
+5.333451294922883612 
+5.363384776709551716 
+5.394048659081830621 
+5.424819580354277804 
+5.455696678600563843 
+5.487312468434669910 
+5.518401425647259551 
+5.549593909016207860 
+5.581528763313534647 
+5.612285872722892144 
+5.643783542603515002 
+5.675381117688284682 
+5.706429821234094923 
+5.738222432135722251 
+5.770112168601361446 
+5.802098081872933300 
+5.834834916905523805 
+5.867012218956402236 
+5.899942330670044477 
+5.932307049694676593 
+5.965426351315197273 
+5.997974448966458816 
+6.030611795183984825 
+6.064006156746543752 
+6.096820719705788427 
+6.129721444256025720 
+6.163381351491988625 
+6.197128779511773544 
+6.230285091251250407 
+6.264202494378838360 
+6.298204051062997522 
+6.332288613523203047 
+6.366455024978793453 
+6.400016394628166516 
+6.433654146787651129 
+6.467367167440597697 
+6.501154334196352025 
+6.535706292681773277 
+6.569639805824521339 
+6.603644023964498011 
+6.637021720333562413 
+6.671162487386162354 
+6.705370489326778483 
+6.738944421696098530 
+6.773282028546150357 
+6.807683324695454452 
+6.842147103185303614 
+6.877377370603016793 
+6.911963671132955511 
+6.946608756356164704 
+6.982020192040691242 
+7.016780249128266256 
+7.052306389961094268 
+7.087176279446569360 
+7.122811844526963476 
+7.157786355235500331 
+7.192810698082436893 
+7.227883570063986518 
+7.263720878313847606 
+7.298887787282335005 
+7.334099236413644363 
+7.370073810372789858 
+7.405371155848421871 
+7.441430563687790212 
+7.476808268978840211 
+7.512946823778420047 
+7.549123166600410606 
+7.584611218779261144 
+7.620858007911224696 
+7.656412227790435843 
+7.692723587758111492 
+7.727611069910610198 
+7.762525175220772233 
+7.798192706171611199 
+7.833156452994233909 
+7.868871798641171367 
+7.904609107090669440 
+7.941096849144937408 
+7.976143672127450124 
+8.011937935698739466 
+8.047748176002544440 
+8.083572873567407058 
+8.118679000473257190 
+8.154527800221458733 
+8.190386475096129715 
+8.226253468830133642 
+8.262127215864914831 
+8.297273877033672917 
+8.333156339281110547 
+8.369040834836006582 
+8.404925760982068894 
+8.440077206790121522 
+8.477422670757722045 
+8.512566954950877118 
+8.548437388367700507 
+8.584300097687179942 
+8.620153423621955469 
+8.655264343946736716 
+8.691094163906008419 
+8.726909600130953848 
+8.762708955450253967 
+8.797760476157478138 
+8.833522955127175891 
+8.869264239526897242 
+8.904982594010807162 
+8.940676273592154999 
+8.976343523628930399 
+9.012709601495217271 
+9.048318059670641844 
+9.083894729748873687 
+9.119437818080012192 
+9.155669787128642767 
+9.191139513903955560 
+9.226570182110716445 
+9.261959958794605541 
+9.298027911452452443 
+9.333329437622788660 
+9.368584476287256990 
+9.403791154890630111 
+9.438947590982040836 
+9.473336011548642688 
+9.508387397469917346 
+9.542669251244577211 
+9.576895646892682024 
+9.611776003201843110 
+9.646594732656078364 
+9.682058496692473426 
+9.716746749486468104 
+9.751367450080286048 
+9.786623004349078059 
+9.821101163899260911 
+9.855505753962271243 
+9.889834761982022826 
+9.923387946137072646 
+9.957561357424232540 
+9.991653129815230017 
+10.024968017951323418 
+10.058892113931740653 
+10.093418031828891301 
+10.127162615656505551 
+10.160815192837848286 
+10.195057530933439693 
+10.228517785514174676 
+10.261879645895238156 
+10.295140976490317897 
+10.328975254388288008 
+10.362026915195414745 
+10.394971532830126648 
+10.427806929897940336 
+10.460530918558774260 
+10.493805620127687916 
+10.526959683714672167 
+10.559990751027516609 
+10.592896452366860061 
+10.625020114904010882 
+10.657670555799377610 
+10.716752654482190721 
+10.748379197286112685 
+10.780513269197752990 
+10.812505606235951916 
+10.844989224417673768 
+10.876687744202733654 
+10.908237067232672501 
+10.939634699349436886 
+10.971501413383837331 
+11.001964855977227842 
+11.032275361316120410 
+11.062430538079002673 
+11.092427984133287566 
+11.122265286511641591 
+11.151336055600044261 
+11.180849180103754392 
+11.210194906873329757 
+11.239370779651503440 
+11.268374331258076637 
+11.296616505351515514 
+11.324688602377200652 
+11.353167665262887454 
+11.380888882123493033 
+11.408432892693408434 
+11.436365481943685296 
+11.464108380466928594 
+11.491659033939942702 
+11.518458558712129758 
+11.545621068884472038 
+11.572583657363448850 
+11.599343725596753529 
+11.625898663872565209 
+11.652245851299559476 
+11.678382655791534006 
+11.704833254051617786 
+11.730536922168729674 
+11.756540003880710188 
+11.781799652798277123 
+11.807344065615463791 
+11.832148719483003063 
+11.857223215980273068 
+11.881561805617200989 
+11.905665593023144311 
+11.930016405569098481 
+11.953637406163517554 
+11.977015275724088639 
+12.000616734482861148 
+12.023959175570027469 
+12.046580598051974675 
+12.069401383678151518 
+12.091954237621290957 
+12.114236143754487429 
+12.135806619458859856 
+12.156678998274744075 
+12.177720137638328168 
+12.198068456144362415 
+12.218153338592401269 
+12.238382091189539125 
+12.257926258234940420 
+12.277995779261882348 
+12.297767331120983414 
+12.317237774375859871 
+12.336403956873175147 
+12.355262713718520473 
+12.373810867262589497 
+12.392045227075840330 
+12.409607370023536532 
+12.427210955732968856 
+12.444148750125012981 
+12.461108904193876512 
+12.477409896734178218 
+12.493713861731254866 
+12.509365501075471627 
+12.524691069608428151 
+12.539687456523560982 
+12.554351539040066399 
+12.568969088931959632 
+12.582952203567391081 
+12.596593508861392507 
+12.609889833719909902 
+12.623098595594690607 
+12.635688194082410618 
+12.647923160815455645 
+12.659800276086492943 
+12.671316308054002775 
+12.682915398599512002 
+12.693900371855285414 
+12.704082509990380245 
+12.714106306365167143 
+12.723559476707009708 
+12.732647233418081356 
+12.741544167313236358 
+12.750053724034211555 
+12.758172561681583090 
+12.765743639060303849 
+12.773079108313970309 
+12.779876331166803993 
+12.786285807083121568 
+12.792425543013191458 
+12.798041671050008006 
+12.803469126123623312 
+12.808270364874987379 
+12.812754832411313188 
+12.816736175391376662 
+12.820376864723471044 
+12.823524963306912383 
+12.826308199151764455 
+12.828696323639560362 
+12.830624248587447767 
+12.832063504667114984 
+12.833053620041450671 
+12.833591029279730833 
+12.833669033775008117 
+12.833268124881069383 
+12.832384473602314046 
+12.831078437394054959 
+12.829279100680441417 
+12.827056422442154826 
+12.824314198242728224 
+12.821160848091619044 
+12.817461364674709756 
+12.813363215564363529 
+12.808792282102340110 
+12.803634829314658461 
+12.798097797362757433 
+12.792077387047978476 
+12.785570067522687765 
+12.778270026282847027 
+12.770595797891626688 
+12.762230183513512571 
+12.753503934745939574 
+12.744056885733748175 
+12.734263018736729833 
+12.723718564153026378 
+12.712613759547529924 
+12.700944488957871314 
+12.688956978592456082 
+12.676157866889543158 
+12.662781939411516419 
+12.649394507686082534 
+12.635172036582948962 
+12.620691254095103062 
+12.605344895019300111 
+12.589755535322600721 
+12.573269693346906806 
+12.556556429490447258 
+12.539281307083086858 
+12.521062811203437448 
+12.502640685207740745 
+12.483645214131803058 
+12.464072570859904943 
+12.443066514750180218 
+12.421425666759429163 
+12.399597550784644540 
+12.377151460338492228 
+12.353605970569383032 
+12.329898678122772182 
+12.305560870316131883 
+12.280588368004426769 
+12.254447615346311551 
+12.228179964300423421 
+12.201820699880579824 
+12.174267357680658819 
+12.146058222270452731 
+12.117189033182025781 
+12.088264909933526425 
+12.058076465760905194 
+12.027215192647055630 
+11.995676775821804583 
+11.962792211931603248 
+11.929872467071739095 
+11.896262462932424953 
+11.861957829590066282 
+11.826232514062235524 
+11.790511056264394441 
+11.754081686658743422 
+11.716174537661212085 
+11.677520963025370904 
+11.638911717653346756 
+11.598766246120838730 
+11.557860203908283836 
+11.517029773528378200 
+11.474603694744500260 
+11.432274409546936411 
+11.388309450481949980 
+11.344462786030291568 
+11.298939985345754167 
+11.253557301774971933 
+11.208356967710781049 
+11.161451105392323768 
+11.114749818833605133 
+11.066302663170656473 
+11.016057034668714110 
+10.964988548246594746 
+10.912045827995692449 
+10.859299988550548122 
+10.804635973981891794 
+10.749094863422254065 
+10.694900693180599660 
+10.639887186470490477 
+10.582901419279538757 
+10.526217959601838814 
+10.468700722711160367 
+10.409145198159846402 
+10.349928700245321522 
+10.288629173249919546 
+10.227693662047741441 
+10.167169687809156642 
+10.104530618831347510 
+10.041023702097126247 
+9.972673951261963765 
+9.906020636608491969 
+9.839808384079340442 
+9.774086449839364477 
+9.706111534257839679 
+9.638653356705896513 
+9.568896245766513431 
+9.498231389149660586 
+9.428123684273552740 
+9.354158313438679428 
+9.282247586404974271 
+9.207920312195213342 
+9.134205392855816896 
+9.058026359292878027 
+8.982487667742670823 
+8.902834048137158618 
+8.822187808319458924 
+8.740543466472443512 
+8.659558354510306089 
+8.577604195816139310 
+8.494675786106130388 
+8.412490137091458209 
+8.327617701558743590 
+8.241755420346803973 
+8.154898030028080669 
+8.067040252271954870 
+7.980000421394271015 
+7.890146659631074755 
+7.801141376659148641 
+7.709270771744494155 
+7.618279546316326645 
+7.526297972874258946 
+7.431373350549060675 
+7.335406016525671369 
+7.238390558717872736 
+7.140321549954003366 
+7.039159462674995815 
+6.938945229617939248 
+6.837660961528087000 
+6.735301170384904168 
+6.631860352989125573 
+6.527332990943593316 
+6.421713550631938716 
+6.314996483204204480 
+6.207176224558102362 
+6.098247195316621294 
+5.988203800814797972 
+5.879320303444504958 
+5.767054360945552460 
+5.655982862247514120 
+5.541472268490135633 
+5.428191057918531293 
+5.311413590394381323 
+5.191063706400280253 
+5.071949586815712507 
+4.951670293215091334 
+4.830220077655699384 
+4.705078294359441138 
+4.581244736873081536 
+4.456222802168808172 
+4.330006679918196433 
+4.202590544222710278 
+4.073968553603218190 
+3.944134850982192297 
+3.810396328435360580 
+3.678096537814159905 
+3.541829318572729424 
+3.404275615882327077 
+3.268218762762261864 
+3.130914361651952138 
+2.995196726753677652 
+2.855405074605334104 
+2.717239449498210391 
+2.574937037677254459 
+2.434300333520641679 
+2.289463530873689479 
+2.143337446162396631 
+1.995916001969150422 
+1.844144349873769961 
+1.694087142286528902 
+1.542716122472302054 
+1.390025149076886457 
+1.236008064796370931 
+1.077474385529085588 
+0.917546912065070330 
+0.756219050900449830 
+0.593484191159202368 
+0.429335704576203625 
+0.267092282391724112 
+0.103478559429772687 
-0.058130800614075717 
-0.224475717468392233 
-0.388772646324637705 
-0.557873520361259700 
-0.724882337319981751 
-0.896764057202100062 
-1.066509204504350272 
-1.248357156139236146 
-1.428140329093004368 
-1.609416389194072039 
-1.792192188414961862 
-1.976474596394556471 
-2.162270500463861822 
-2.345825534885889851 
-2.530847277994016764 
-2.717342261655197433 
-2.905317034129483389 
-3.098660236195874162 
-3.289644833421583314 
-3.482129097584254040 
-3.676119643029204909 
-3.867618067468599818 
-4.064610006496854666 
-4.263128032656963384 
-4.463178826000476107 
-4.664769083138379457 
-4.867905517253106495 
-5.072594858121698636 
-5.278843852133743297 
-5.482402429159652257 
-5.691758861245727275 
-5.902695146625513090 
-6.115218097976869771 
