13
63
112
162
211
260
310
359
409
459
509
559
608
658
707
757
806
855
904
954
1004
1054
1103
1152
1200
1249
1297
1346
1394
1444
1493
1543
1592
1642
1691
1741
1790
1839
1889
1938
1987
2036
2086
2135
2183
2232
2281
2329
2377
2426
2475
2523
2572
2661
2710
2758
2807
2856
2905
2954
3004
3053
3142
3190
3239
3287
3336
3386
3435
3484
3533
3583
3631
3681
3732
3782
3832
3883
3933
3982
4032
4082
4131
4181
4230
4280
4370
4418
4466
4515
4563
4612
4660
4709
4758
4806
4855
4904
4953
5003
5052
5142
5191
5240
5289
5338
5387
5436
5485
5533
5582
5631
5680
5729
5778
5827
5877
5926
5976
6025
6074
6122
6171
6219
6267
6316
6364
6413
6463
6512
6562
6611
6660
6710
6759
6808
6857
6907
6956
7005
7055
7104
7154
7203
7253
7301
7350
7399
7448
7497
7546
7595
7645
7694
7743
7793
7842
7892
7941
7991
8041
8091
8140
8190
8239
8288
8338
8387
8436
8485
8534
8584
8634
8685
8735
8785
8834
8883
8933
8982
9032
9083
9134
9185
9235
9286
9337
9386
9435
9485
9534
9583
9633
9682
9732
9781
9831
9881
9931
9982
10032
10082
10133
10183
10233
10282
10330
10378
10427
10475
10524
10573
10622
10671
10720
10770
10819
10869
10919
10969
11019
11069
11118
11168
11218
11267
11316
11365
11415
11464
11514
11563
11612
11662
11711
11761
11809
11857
11906
11954
12002
12051
12100
12149
12198
12247
12296
12346
12395
12444
12494
12543
12593
12643
12692
12741
12789
12838
12888
12937
12986
13035
13085
13134
13182
13232
13282
13332
13381
13431
13481
13529
13578
13626
13674
13723
13771
13820
13869
13918
13968
14017
14067
14116
14166
14215
14264
14313
14361
14451
14501
14550
14600
14649
14699
14748
14797
14846
14896
14944
14992
15041
15089
15137
15186
15234
15283
15331
15381
15430
15479
15528
15577
15626
15675
15725
15774
15823
15872
15922
15971
16020
16069
16119
16169
16218
16268
16359
16408
16457
16507
16556
16605
16655
16704
16754
16803
16853
16902
16950
16999
17048
17097
17145
17194
17243
17292
17342
17391
17440
17490
17538
17587
17636
17685
17735
17784
17833
17883
17932
17981
18030
18079
18128
18176
18226
18275
18324
18373
18422
18472
18522
18572
18622
18670
18719
18767
18816
18865
18914
18964
19013
19062
19111
19160
19208
19257
19306
19355
19405
19454
19504
19553
19603
19652
19701
19751
19841
19891
19941
19991
20041
20091
20142
20190
20239
20287
20336
20384
20432
20481
20529
20578
20626
20675
20723
20774
20823
20872
20921
20970
21020
21069
21117
21166
21214
21262
21311
21359
21408
21456
21505
21553
21601
21650
21699
21749
21798
21847
21897
21946
21996
22046
22095
22145
22236
22286
22336
22385
22435
22485
22534
22584
22634
22684
22734
22783
22833
22883
22932
22982
23031
23080
23128
23177
23226
23275
23324
23372
23421
23470
23520
23569
23618
23668
23717
23766
23815
23865
23914
23963
24012
24061
24111
24161
24211
24261
24311
24361
24411
24461
24510
24560
24610
24660
24708
24757
24805
24853
24943
24991
25040
25089
25139
25188
25237
25286
25336
25385
25435
25485
25535
25584
25634
25682
25731
25779
25828
25876
25924
25973
26021
26071
26121
26171
26220
26270
26320
26369
26417
26466
26514
26563
26611
26659
26708
26756
26805
26853
26902
26951
27000
27049
27099
27148
27198
27247
27296
27345
27395
27444
27493
27543
27592
27642
27691
27741
27791
27841
27891
27941
27991
28041
28091
28141
28190
28239
28288
28338
28387
28436
28486
28535
28585
28634
28684
28733
28782
28832
28881
28931
28981
29030
29080
29129
29179
29227
29276
29324
29372
29420
29470
29519
29569
29619
29668
29717
29767
29816
29866
29915
29964
30013
30062
30111
30160
30210
30259
30308
30357
30407
30458
30508
30559
30610
30661
30711
30802
30851
30900
30949
30998
31047
31095
31143
31192
31240
31289
31337
31386
31436
31486
31536
31586
31636
31687
31737
31786
31834
31923
31972
32021
32070
32119
32168
32216
32265
32314
32363
32411
32460
32511
32562
32613
32664
32715
32763
32812
32860
32909
32958
33008
33057
33107
33156
33206
33254
33303
33352
33400
33448
33497
33545
33594
33643
33693
33742
33792
33841
33891
33940
33989
34038
34087
34135
34184
34232
34282
34331
34379
34427
34476
34524
34613
34662
34711
34759
34808
34857
34907
34957
35006
35056
35145
35193
35241
35289
35338
35386
35435
35483
35532
35581
35629
35678
35726
35774
35823
35872
35922
35971
36020
36070
36119
36169
36218
36268
36318
36367
36417
36466
36514
36564
36613
36662
36712
36761
36810
36860
36909
36959
37008
37057
37106
37156
37205
37253
37302
37350
37398
37447
37495
37543
37592
37641
37689
37738
37786
37835
37884
37933
37983
38032
38082
38132
38181
38231
38281
38329
38378
38427
38476
38525
38573
38622
38671
38721
38771
38820
38870
38920
38970
39019
39068
39116
39165
39213
39261
39310
39358
39407
39455
39504
39553
39603
39652
39701
39751
39800
39849
39898
39946
39995
40045
40094
40143
40193
40242
40290
40339
40387
40436
40484
40533
40581
40630
40679
40728
40777
40825
40875
40924
40973
41022
41071
41119
41168
41217
41266
41315
41364
41414
41462
41511
41560
41608
41657
41706
41754
41803
41851
41900
41948
41996
42045
42094
42143
42191
42240
42289
42338
42386
42435
42483
42532
42580
42629
42677
42728
42779
42830
42880
42930
42979
43028
43077
43127
43176
43225
43275
43326
43376
43426
43477
43525
43575
43624
43674
43723
43773
43822
43871
43919
43967
44016
44064
44112
44161
44210
44260
44310
44359
44409
44458
44507
44557
44606
44655
44704
44754
44802
44851
44899
44948
44997
45046
45095
45143
45192
45241
45290
45339
45388
45438
45487
45536
45585
45635
45684
45733
45782
45831
45881
45930
45979
46028
46078
46127
46175
46224
46272
46320
46369
46418
46468
46517
46567
46616
46665
46714
46762
46810
46860
46909
46958
47007
47057
47107
47157
47206
47256
47305
47355
47404
47454
47503
47552
47601
47651
47700
47749
47799
47848
47897
47947
47996
48044
48093
48141
48190
48238
48287
48336
48384
48432
48481
48529
48578
48626
48675
48724
48772
48821
48870
48918
48967
49016
49064
49113
49162
49210
49259
49307
49355
49404
49452
49500
49549
49598
49646
49696
49746
49796
49845
49895
49945
49995
50044
50094
50144
50192
50240
50289
50337
50386
50434
50483
50532
50580
50629
50677
50726
50776
50824
50872
50921
50969
51017
51067
51117
51166
51216
51266
51316
51365
51414
51462
51510
51559
51607
51656
51704
51753
51802
51850
51900
51949
51998
52047
52096
52146
52195
52245
52294
52342
52391
52440
52488
52537
52586
52636
52685
52735
52784
52834
52882
52931
52979
53027
53076
53124
53174
53224
53273
53323
53373
53423
53472
53521
53570
53619
53668
53718
53767
53815
53863
53912
53961
54010
54058
54107
54155
54204
54253
54302
54350
54399
54448
54497
54546
54595
54644
54694
54743
54793
54842
54892
54942
54992
55042
55092
55142
55192
55240
55289
55337
55386
55434
55483
55531
55581
55630
55680
55729
55778
55827
55877
55926
55974
56023
56072
56120
56169
56217
56267
56316
56365
56415
56464
56514
56563
56613
56662
56711
56760
56809
56859
56907
56955
57003
57052
57100
57149
57197
57245
57294
57342
57391
57439
57488
57536
57584
57633
57682
57732
57781
57831
57880
57930
57979
58029
58078
58127
58177
58226
58275
58324
58373
58422
58472
58520
58570
58619
58668
58717
58767
58816
58865
58913
58963
59012
59062
59112
59161
59211
59261
59310
59360
59409
59458
59508
59557
59607
59656
59705
59755
59804
59854
59903
59951
60001
60051
60101
60151
60200
60250
60299
60347
60396
60445
60494
60544
60593
60642
60691
60740
60788
60838
60888
60938
60987
61036
61086
61135
61184
61234
61283
61332
61382
61431
61480
61530
61580
61630
61679
61728
61776
61825
61874
61923
61973
62022
62071
62120
62169
62218
62266
62315
62363
62411
62460
62509
62558
62608
62657
62706
62756
62804
62853
62902
62950
62999
63048
63097
63147
63196
63246
63295
63345
63394
63443
63493
63542
63591
63641
63691
63740
63790
63840
63890
63940
63989
64038
64087
64136
64186
64235
64284
64332
64381
64430
64478
64527
64576
64625
64675
64724
64773
64823
64872
64922
64971
65021
65070
65119
65168
65218
65267
65316
65366
65415
65465
65514
65564
65614
65663
65713
65762
65812
65860
65908
65957
66005
66054
66103
66153
66201
66250
66299
66348
66396
66445
66494
66543
66592
66640
66689
66738
66787
66835
66886
66934
66983
67032
67081
67129
67178
67227
67276
67324
67373
67422
67471
67520
67569
67619
67668
67717
67766
67816
67865
67914
67963
68013
68062
68111
68160
68209
68257
68306
68354
68402
68451
68500
68550
68599
68648
68698
68747
68796
68845
68893
68942
68991
69039
69088
69138
69187
69236
69286
69335
69384
69433
69483
69532
69581
69630
69679
69729
69779
69829
69879
69928
69978
70069
70118
70168
70218
70269
70319
70369
70419
70470
70519
70568
70617
70666
70715
70763
70812
70861
70910
70959
71007
71055
71104
71152
71200
71249
71298
71347
71395
71444
71493
71542
71591
71640
71689
71739
71788
71838
71887
71937
71986
72036
72085
72134
72184
72233
72282
72332
72382
72431
72481
72531
72581
72630
72678
72727
72775
72823
72872
72920
72970
73020
73070
73120
73170
73220
73270
73319
73369
73418
73468
73517
73567
73616
73665
73714
73763
73813
73862
73911
73960
74010
74059
74108
74157
74206
74257
74307
74355
74404
74452
74500
74549
74598
74647
74695
74744
74792
74840
74889
74937
74987
75035
75084
75132
75181
75229
75278
75328
75378
75427
75476
75525
75575
75625
75675
75723
75772
75820
75869
75917
75966
76014
76062
76111
76159
76207
76255
76305
76354
76404
76453
76503
76552
76602
76652
76702
76751
76801
76851
76899
76948
76996
77045
77093
77142
77190
77238
77287
77335
77383
77431
77481
77531
77580
77629
77679
77728
77777
77826
77876
77925
77973
78022
78071
78120
78168
78217
78266
78315
78365
78414
78463
78512
78562
78611
78660
78710
78760
78809
78859
78909
78958
79008
79057
79107
79156
79206
79255
79303
79352
79400
79449
79499
79549
79600
79650
79701
79752
79801
79850
79900
79949
79998
80048
80097
80147
80196
80244
80293
80342
80394
80444
80493
80541
80590
80638
80687
80736
80784
80834
80882
80931
80979
81028
81076
81126
81176
81226
81275
81324
81373
81421
81470
81519
81568
81617
81665
81714
81762
81811
81859
81907
81956
82005
82054
82103
82153
82202
82251
82300
82349
82398
82447
82496
82545
82594
82643
82691
82740
82788
82837
82885
82934
82984
83033
83082
83131
83181
83230
83279
83328
83377
83426
83475
83525
83574
83624
83674
83723
83772
83820
83869
83917
83966
84014
84063
84112
84161
84211
84260
84309
84358
84407
84457
84507
84557
84607
84657
84706
84755
84803
84852
84900
84949
84997
85046
85094
85145
85195
85245
85295
85345
85395
85444
85493
85542
85591
85641
85690
85739
85788
85836
85885
85934
85983
86032
86081
86130
86179
86227
86276
86325
86374
