+2.783758144002970170 
+2.737868325736870556 
+2.691497238336513220 
+2.646497447905574507 
+2.602839887991869716 
+2.522994358569462747 
+2.479642135399569014 
+2.437590357004361330 
+2.395084700770088837 
+2.352149018342601483 
+2.310498509731253591 
+2.268430872710483381 
+2.227626598378700251 
+2.187237885596912346 
+2.147262569753597639 
+2.106895329190225041 
+2.067748664729357699 
+2.029008897126272082 
+1.989895739206038350 
+1.951201761400700674 
+1.913686173831266490 
+1.875815512293422360 
+1.838357316522176710 
+1.802046300378706833 
+1.766127163442860581 
+1.730597810072761700 
+1.694742996249376521 
+1.659994795693243930 
+1.625630086404661334 
+1.591646797477077158 
+1.558042864136494510 
+1.524816227733550633 
+1.491964835735595241 
+1.459486641718767741 
+1.427379605360076242 
+1.396285728629010903 
+1.364907439473915796 
+1.333894264739972524 
+1.302622443133608199 
+1.272340803196588821 
+1.242418206654370749 
+1.212852655668230861 
+1.183049708841266145 
+1.153614345875876523 
+1.124544463518065918 
+1.095837965033364947 
+1.067492760198070156 
+1.039506765290477697 
+1.012426993830094268 
+0.985146112589267542 
+0.958218270257358729 
+0.931641408903777002 
+0.905413477056286720 
+0.879532429692245765 
+0.853996228229842114 
+0.828802840519327511 
+0.804443966176789260 
+0.779923379578792542 
+0.756219977184147130 
+0.732838144959520488 
+0.709308659607449155 
+0.686570791639003364 
+0.663694509992000192 
+0.641592969097114718 
+0.619803567383696130 
+0.598324451636679910 
+0.576724918490388205 
+0.555867076351345801 
+0.535313958167809023 
+0.515063734175031485 
+0.495114580421204042 
+0.475464678759529580 
+0.456112216840303564 
+0.437055388102991049 
+0.418292391768305905 
+0.399821432830287371 
+0.382008867462938717 
+0.364473147697299549 
+0.332685870509196402 
+0.315238906350962633 
+0.298425515526951290 
+0.281892115706997348 
+0.265636956621913445 
+0.249335065310076764 
+0.233636748919879622 
+0.218523506591182137 
+0.203363921707816697 
+0.188775106070833143 
+0.174147505206498909 
+0.160076527998755047 
+0.146259377225808951 
+0.132134700422295026 
+0.118556312722154722 
+0.104968230317543654 
+0.091912265253468295 
+0.078853768943659031 
+0.066313381506658331 
+0.053777510155862185 
+0.041988946766632562 
+0.030201585117597407 
+0.018894965076605708 
+0.007596361997467049 
-0.003234623060011987 
-0.014050885818356562 
-0.024412502086142318 
-0.034752799784156796 
-0.044651271404331005 
-0.054521936435491636 
-0.063963445617575054 
-0.073370767630022371 
-0.082731264104495938 
-0.091672130891800929 
-0.100559955374929455 
-0.109040829042756471 
-0.117462552517288987 
-0.125489850119045343 
-0.133451997663379895 
-0.141032091332214282 
-0.148541142255104397 
-0.155680359335911067 
-0.162742747311155789 
-0.169447370492575189 
-0.176069483693715334 
-0.182345751140136958 
-0.188533932375151814 
-0.194388037858715723 
-0.200035472330766240 
-0.205368711256714409 
-0.210716327373865919 
-0.215853423185115023 
-0.220685050921122894 
-0.225409965905864151 
-0.229929045528567411 
-0.234243850457278135 
-0.238195324976983702 
-0.241961343713997579 
-0.245615948247873028 
-0.249011355723428363 
-0.252225418628943654 
-0.255320793614125297 
-0.258287473642457854 
-0.261061855713565105 
-0.263645450243510826 
-0.267905802973600338 
-0.269955747060699469 
-0.271820651014383241 
-0.273470160257562434 
-0.274973054669509942 
-0.276270627506574495 
-0.277417282969218082 
-0.278386199151569702 
-0.279164696860711103 
-0.279775255878075502 
-0.280219235534225231 
-0.280501967984851497 
-0.280613515989424300 
-0.280562559235819631 
-0.280350436468079778 
-0.279987661137298893 
-0.279472759561766537 
-0.278791509931780812 
-0.277972979465592296 
-0.276962577166292689 
-0.275792560433035572 
-0.274464314063680881 
-0.273010447557520575 
-0.271407235156309046 
-0.269655964954367722 
-0.267717665118013759 
-0.265671167472587566 
-0.263480472141294886 
-0.261146847078471023 
-0.258619572838246103 
-0.256001019803329566 
-0.253243336514135997 
-0.250287250786432658 
-0.247252270208096370 
-0.244015811470294164 
-0.240639704678832000 
-0.237196890821272266 
-0.233548124657489975 
-0.229917554895008980 
-0.226083463944895868 
-0.222203500845442825 
-0.218201837474928606 
-0.213992446479331022 
-0.209748281437662776 
-0.205385805926769027 
-0.200811568268590701 
-0.196213399980526670 
-0.191500270164296271 
-0.186571513221341245 
-0.181629417148154726 
-0.176362687963154574 
-0.171084935253936532 
-0.165693158210572733 
-0.160188502620840278 
-0.154572109480689779 
-0.148727093888644912 
-0.142888407175578713 
-0.136941400171798566 
-0.130762531129767989 
-0.124600090895761184 
-0.118332704206065564 
-0.111961478542459414 
-0.105354332972181552 
-0.098911916587904436 
-0.092235771651542287 
-0.085320864928890128 
-0.078444895069762044 
-0.071328337773549855 
-0.064256948086988785 
-0.056943215518034940 
-0.049680772531201622 
-0.042174300702401801 
-0.034725132506297829 
-0.027030318277319054 
-0.019398714658784844 
-0.011519915870767061 
-0.003710128444480265 
+0.004024279187322843 
+0.012004563750391384 
+0.019904020828764413 
+0.027883703491903500 
+0.036111389517837100 
+0.044250289425351141 
+0.052466548087723996 
+0.061106397662507472 
+0.069652878384898642 
+0.078276986704048923 
+0.087156093096249165 
+0.095934034158388304 
+0.104968071536501562 
+0.113712924247036273 
+0.122711931158447474 
+0.131596863587834179 
+0.140736983428783269 
+0.149946961513290677 
+0.159225846854139874 
+0.168381267859116779 
+0.177793774236985502 
+0.187272380719762932 
+0.197011596916861986 
+0.206817680100717549 
+0.216689648207937235 
+0.226626523957137227 
+0.236627334840183945 
+0.246691113113428173 
+0.256613778698019157 
+0.266799395971724085 
+0.277045124927643549 
+0.287350016697929256 
+0.297505300467922229 
+0.307715613198216165 
+0.317980074994260065 
+0.328086717506189451 
+0.338455794310297264 
+0.348876424096684623 
+0.359347744157161308 
+0.370084126337639319 
+0.380655246691959270 
+0.391057283337267858 
+0.401722823271450924 
+0.412215733717876898 
+0.422972396379367233 
+0.433773847236380572 
+0.444841044503565097 
+0.455730461867060122 
+0.466885708489519491 
+0.477859744762084038 
+0.489099642579705840 
+0.500154984932037028 
+0.511249354727639993 
+0.522609541433931568 
+0.533780329349481608 
+0.544987744492637205 
+0.556231000578104151 
+0.567739844749462375 
+0.579053132016294381 
+0.590399910523184523 
+0.601779410644847523 
+0.613424081133279397 
+0.624867360824765239 
+0.636341062555434434 
+0.647844433231969052 
+0.659612372616313003 
+0.671409632993771766 
+0.683235427366491344 
+0.695088973147051536 
+0.706969492149692069 
+0.719114606892702568 
+0.730569471806109316 
+0.742286435924116805 
+0.753786570973814296 
+0.765548349231992109 
+0.777331708674953603 
+0.789135945200297062 
+0.801201878464139039 
+0.813046163172392200 
+0.824909222517797192 
+0.836790368416436614 
+0.848931920689284247 
+0.861090870342937853 
+0.873266499039634381 
+0.885702082547731973 
+0.897909229289050259 
+0.910130911589200897 
+0.922611274879628240 
+0.934369984893544281 
+0.946385506610634142 
+0.958166790668720569 
+0.970204090499464655 
+0.982005475184086762 
+0.994308189281024157 
+1.006866366771680621 
+1.019186850816109269 
+1.031515127232293771 
+1.043850536276982988 
+1.056439321663306785 
+1.068540134020840471 
+1.080645919570593305 
+1.092756072903596554 
+1.124901706950176994 
+1.136775345584877028 
+1.148897943817010603 
+1.161268998032882527 
+1.173393075811217878 
+1.185764435052178767 
+1.197887638817044742 
+1.210256917208403671 
+1.222376924172182466 
+1.234494498969576748 
+1.246856285187077917 
+1.258967247833587599 
+1.271074104755511192 
+1.283176309276104821 
+1.295520138242308938 
+1.307611289981448044 
+1.319449596684463266 
+1.331527798139501950 
+1.343352401168621091 
+1.355169476153017971 
+1.367224466371498748 
+1.379024836299899803 
+1.390816208167664492 
+1.403088801530721907 
+1.415105446078049667 
+1.427356091160638440 
+1.439594858211953321 
+1.461593026205677326 
+1.473307896909433978 
+1.485253667885248374 
+1.496942295153977698 
+1.508860333933260467 
+1.520520878846928214 
+1.532409321861915252 
+1.544282114621398305 
+1.556138792028670004 
+1.567737426503130083 
+1.579560844083176541 
+1.591366781179271106 
+1.602914397204730612 
+1.614684402585796485 
+1.626195963903979358 
+1.637928296015678020 
+1.649640943693920780 
+1.661095053673449007 
+1.673005452481618027 
+1.684656455499512706 
+1.696286057884986098 
+1.707893839099268840 
+1.719715587182984118 
+1.731278011412578755 
+1.742817364813825209 
+1.754333240423172180 
+1.766059513654378410 
+1.777292947187482541 
+1.788735981167121514 
+1.799921176556192881 
+1.811314199479958198 
+1.822449658456758659 
+1.833791153709190658 
+1.845106051096019772 
+1.856393973444486090 
+1.867884067117947966 
+1.879116351465575985 
+1.890092167770242471 
+1.901268483833112644 
+1.912188778395361055 
+1.923081089003582100 
+1.934171112191801267 
+1.945005858024461798 
+1.956036432088980481 
+1.966812277038737289 
+1.977558488498840639 
+1.988497682866800842 
+1.999183041633898483 
+2.009837814486862051 
+2.020461692029220657 
+2.031715367074150791 
+2.042713836105680247 
+2.053677759610387454 
+2.064825024184752778 
+2.075718143908846791 
+2.086575713276750843 
+2.097181326190640682 
+2.107967547589546964 
+2.118502623016325970 
+2.129002335310483218 
+2.139466390216307801 
+2.150106938720639072 
+2.160498065890946506 
+2.171063601608632432 
+2.181380637739891881 
+2.191869986484100696 
+2.210652550116251280 
+2.220617779668064173 
+2.230752869965159757 
+2.240849560530003171 
+2.250907590179732853 
+2.261130765335500836 
+2.271109899460135306 
+2.281049601933385684 
+2.291151249914966659 
+2.301010527076921885 
+2.310829628941526437 
+2.320807457770409421 
+2.330544659050468148 
+2.340240968259225784 
+2.349896153970203461 
+2.359509987670645792 
+2.369277161432060907 
+2.378612699509953465 
+2.388294337609942364 
+2.397739671917848980 
+2.407142550741177889 
+2.416693341956016372 
+2.426009802106441793 
+2.435283177760685813 
+2.444513266388833816 
+2.453699868295140973 
+2.462656634379073228 
+2.471756572434818722 
+2.480628073461068617 
+2.489640598003113325 
+2.498608687102693793 
+2.507532157789188254 
+2.516591559553789992 
+2.525424335904490114 
+2.534390825894003996 
+2.543132195171017518 
+2.551828065863094519 
+2.560478271666727590 
+2.569257770233622562 
+2.577815218053582491 
+2.586326515231037071 
+2.594963778087962858 
+2.603381360859242211 
+2.611752331931980198 
+2.620076544064040114 
+2.628522287980169736 
+2.636751589629009462 
+2.644933703817577975 
+2.653068494011903589 
+2.660991253974791082 
+2.669031969646658897 
+2.683352559871229559 
+2.691259553079374367 
+2.698958580045505595 
+2.706770316768226436 
+2.714375805677966547 
+2.722091830387020739 
+2.729915312738894428 
+2.737533203042152863 
+2.745102360436448397 
+2.752775648241825746 
+2.760246032383641968 
+2.767667379029138619 
+2.775039592424765722 
+2.782511514845193545 
+2.789784177146097832 
+2.797007432241898961 
+2.804181194456725201 
+2.811450255382919039 
+2.818523770520573457 
+2.825547549067413566 
+2.832663321958447611 
+2.839586383780954737 
+2.846459487770821806 
+2.853282565592457409 
+2.865547338893775553 
+2.872093318525356764 
+2.878725921727463444 
+2.885174375727162843 
+2.891707312648513106 
+2.898189824027027850 
+2.904752600365543280 
+2.911262770092387875 
+2.917720285566657079 
+2.924125101698710871 
+2.930477175941450962 
+2.936525510478892542 
+2.942649643010203597 
+2.948599577348726797 
+2.954623197201957652 
+2.960474613313869519 
+2.966397608944855602 
+2.972150406292665359 
+2.977854370765502079 
+2.983626779368162563 
+2.989464497590634373 
+2.995134001539085045 
+3.000752552640608251 
+3.006320140500764015 
+3.011948810192627946 
+3.017302396083983318 
+3.022607060544982627 
+3.028080729681548178 
+3.033393423350037033 
+3.038655138058712790 
+3.043971689828591565 
+3.049130423995516814 
+3.054238201190070612 
+3.059192341554410888 
+3.064199281142297338 
+3.069155304784448646 
+3.074060430517613796 
+3.078914678510102920 
+3.083815570117049987 
+3.088567094520540124 
+3.093267814961484063 
+3.097917760098011009 
+3.102610293774122230 
+3.107157748058777091 
+3.111654526266439014 
+3.116190875950704431 
+3.120585382892675064 
+3.124841184918042636 
+3.129135649576325839 
+3.133293535836858545 
+3.137488135380434695 
+3.141548287136243012 
+3.145643214438375690 
+3.149687870121190780 
+3.153682309377539905 
+3.157706563036652092 
+3.161599721145793129 
+3.165442841577283950 
+3.169159075442761875 
+3.172903329796130656 
+3.176522842015672143 
+3.180094588925892474 
+3.183691548046018394 
+3.187166974277338305 
+3.190665750410580870 
+3.194115042021125728 
+3.197583799076396449 
+3.200933353001115034 
+3.204233665039872392 
+3.207550658151982592 
+3.210751740090227457 
+3.213967659091752527 
+3.217132671688349710 
+3.220246875253788055 
+3.223310369154852140 
+3.226323254742576641 
+3.229285635343445371 
+3.232139869859111947 
+3.235002563109199869 
+3.237759311860070710 
+3.240467967053622722 
+3.243128635022102024 
+3.245794248327660281 
+3.248358294205131891 
+3.250874684763756406 
+3.253343533420345324 
+3.255813879101666419 
+3.258187026887906068 
+3.262376827864803541 
+3.264572128686867192 
+3.266766795869074258 
+3.268914740238879180 
+3.271058489006530845 
+3.273112422937303201 
+3.275120022234459416 
+3.277081418773026389 
+3.279035355654163375 
+3.280903812907963513 
+3.282689735386370877 
+3.284467672650478232 
+3.286200091219009689 
+3.287887132786626143 
+3.289495885569389877 
+3.291093523367470741 
+3.292614976554729900 
+3.294123784541018729 
+3.295558506400846355 
+3.298105829062232264 
+3.299419045337444345 
+3.300715999239052678 
+3.301943904047576872 
+3.303154078314342712 
+3.304344007946409256 
+3.305466260093581354 
+3.306545240770902616 
+3.307601807178969455 
+3.309391082690385844 
+3.310304714267094717 
+3.311193225929915496 
+3.312037711373761795 
+3.312822770284031826 
+3.313580628448692167 
+3.314295013619375840 
+3.314966114537598152 
+3.315569826210923665 
+3.316145326313418629 
+3.316669299011913985 
+3.317163756678079167 
+3.317608693972007750 
+3.318014784428089836 
+3.318396676740630991 
+3.318730414482386593 
+3.319024236154022311 
+3.319278333214107146 
+3.319496867087273984 
+3.319671293883096119 
+3.319808937318537545 
+3.319955554904919115 
+3.319979323840799079 
+3.319964028962252733 
+3.319908998753400731 
+3.319816725954463088 
+3.319683657946375543 
+3.319511501925521024 
+3.319305077792898739 
+3.319056177680743680 
+3.318768848962392326 
+3.318450199202161777 
+3.318095069694141586 
+3.317695309874764575 
+3.317267128246328411 
+3.316793273338381365 
+3.316292919913592208 
+3.315745873220892204 
+3.315174238118247629 
+3.314567654473427272 
+3.313912895871912845 
+3.313236379210332760 
+3.312525586790964205 
+3.311780743653680581 
+3.310985834188351795 
+3.310172885953851285 
+3.309326573528560189 
+3.308428835144826774 
+3.307515814909161023 
+3.306550488813383204 
+3.305571706699704571 
+3.304560728472180298 
+3.303496173486571763 
+3.302443124609088621 
+3.300410812188937282 
+3.299248076817404396 
+3.298079191238971308 
+3.296855688796162198 
+3.295627739804198431 
+3.294317916670338686 
+3.293004133965224511 
+3.291660746466394727 
+3.290288000124559353 
+3.288857231122344515 
+3.287425922346367990 
+3.285966003458894225 
+3.284477724264158738 
+3.282992561534476383 
+3.281417088855008490 
+3.279780496980065241 
+3.278147239861505025 
+3.276485784329459250 
+3.274762331081846334 
+3.273044743390025602 
+3.271334945447806675 
+3.269599113646592947 
+3.267837506943477521 
+3.266013649435471677 
+3.264200760548526148 
+3.262362884094349269 
+3.260462014550826293 
+3.258496895441398422 
+3.256544875490204216 
+3.254567958051923782 
+3.252526145634050181 
+3.250499797211211295 
+3.248490648028488526 
+3.246458676675303412 
+3.244446304762004019 
+3.242369948520173573 
+3.240314615771342499 
+3.238194934171829242 
+3.234245876960452737 
+3.232065969029362051 
+3.229865354821253476 
+3.227644308938785844 
+3.225403106684612720 
+3.223095674447930659 
+3.220814590928750665 
+3.218467040484672470 
+3.216147207925110774 
+3.213760697416133461 
+3.211403253517855383 
+3.209027616462853061 
+3.206634066907124936 
+3.204173496757790396 
+3.201744615545504935 
+3.199298673310076335 
+3.196835953185020340 
+3.194356738900167691 
+3.191912401949574818 
+3.189401375027926200 
+3.186926422044920493 
+3.184384701134152618 
+3.181880230083266703 
+3.179256310779671413 
+3.176670216115943024 
+3.174069905875350983 
+3.171455668777146464 
+3.168827794058108438 
+3.166132532014592549 
+3.163477988337725755 
+3.160701547287353197 
+3.157911610710020245 
+3.155163594821564388 
+3.152458560293536660 
+3.147460218281746602 
+3.144779112708337987 
+3.142031525758281596 
+3.139273496640913486 
+3.136505320158883503 
+3.133670496556542950 
+3.130882719455028163 
+3.128085687900309608 
+3.125279698315291288 
+3.122465047505986302 
+3.119642032653528130 
+3.116868807143658771 
+3.114030112771979830 
+3.111242099864452992 
+3.108388894751501486 
+3.105587240677631478 
+3.102720696237331488 
+3.099847859510835857 
+3.097027839911405955 
+3.094084509018144136 
+3.091194595914370957 
+3.088299591833444602 
+3.085340570592544740 
+3.082436199510839803 
+3.079468247946127502 
+3.076555740966094632 
+3.073639663234951858 
+3.070720317095176011 
+3.067738337343841604 
+3.064693870262907183 
+3.061706634065031629 
+3.058657475645777168 
+3.055666297647192220 
+3.052673655307816425 
+3.049739756220153808 
+3.046745167045398883 
+3.043750076079789757 
+3.040814711727647168 
+3.037879480507511776 
+3.034884800012248807 
+3.031950767445014350 
+3.028957944956377268 
+3.026026355684065194 
+3.023156212051737235 
+3.020168492619372813 
+3.017242829416558525 
+3.014319752312102363 
+3.011340003446247415 
+3.008423083576283297 
+3.005450254104688579 
+3.002600076782493410 
+2.999753853531259562 
+2.996852711012312653 
+2.994015355700175185 
+2.991182822887812343 
+2.988237705954563950 
+2.985357184057421343 
+2.982482605315388557 
+2.977277627588355013 
+2.974421430418739742 
+2.971630415145654958 
+2.968788590061234967 
+2.965896724111924954 
+2.963070802832315831 
+2.960253214705844460 
+2.957444265279440376 
+2.954644260023607583 
+2.951853504324278177 
+2.949015645902639982 
+2.943933606745836595 
+2.941181386771278827 
+2.938439898197976685 
+2.935709445758266423 
+2.932934962188504358 
+2.930172610423323665 
+2.927477587545713966 
+2.924794830674128043 
+2.922124643760709795 
+2.919413235872495349 
+2.916769372093982238 
+2.914138995215976191 
+2.911522408424223052 
+2.908919914693826492 
+2.906384489212116229 
+2.903758417217387588 
+2.901200018297618310 
+2.898605183606529412 
+2.896078013486368619 
+2.893617844682966567 
+2.891122466336821351 
+2.888643596322985729 
+2.886181535365306416 
+2.883736583897748673 
+2.881259683764235469 
+2.878850215917633015 
+2.876458763154780662 
+2.874133871024218578 
+2.871778962821618819 
+2.869442960184717784 
+2.867173248984820066 
+2.864875550711759367 
+2.860753011370760213 
+2.858511816248045179 
+2.856291249893252449 
+2.854091608333490182 
+2.851913187196706723 
+2.849712489320505693 
+2.847577842455896846 
+2.845508196452524619 
+2.843417605029690431 
+2.841391679167599715 
+2.839387804334444709 
+2.837324179639136634 
+2.835325630054721380 
+2.833350936333283165 
+2.831360836078865795 
+2.829435228986687978 
+2.827534355844415703 
+2.825620486312812041 
+2.823770469315988407 
+2.821946059776024196 
+2.820147545848002757 
+2.818339319781371977 
+2.816558661565298216 
+2.814805875614468267 
+2.813081265738664793 
+2.811351505089549452 
+2.809684735048316284 
+2.808047054826480871 
+2.806438765713561878 
+2.804891447376860469 
+2.802154865103184456 
+2.800718985541517991 
+2.799253469761182167 
+2.797819055728942406 
+2.796443790894096004 
+2.795071833143173201 
+2.793758343514368914 
+2.792475848624436985 
+2.791249845871516033 
+2.790029523084939900 
+2.788864952623451465 
+2.787731171820583942 
+2.786605796494008302 
+2.785535021591760252 
+2.784474499332036057 
+2.783447143077449670 
+2.782473171870243789 
+2.781512269249780012 
+2.780585337862397477 
+2.779710520613981384 
+2.778868811954037010 
+2.778027509519239047 
+2.777222687823829528 
+2.776454629080296055 
+2.775723614630685621 
+2.775043431139460282 
+2.774399357490046292 
+2.773779634480563416 
+2.773209316968573646 
+2.772675899043196779 
+2.772179640474512929 
+2.771720800173938848 
+2.771291435105958545 
+2.770908981425920015 
+2.770564722738218855 
+2.770253075579931057 
+2.769986764654488898 
+2.769759417321388639 
+2.769567856910898129 
+2.769420001847245238 
+2.769310079245393741 
+2.769242740097150879 
+2.769215495891839574 
+2.769229688532325540 
+2.769286155312920439 
+2.769382887711135055 
+2.769524089933824929 
+2.769882437918185669 
+2.770133008606384006 
+2.770443562316751152 
+2.770792613812641747 
+2.771186066622053801 
+2.771624173621954679 
+2.772117306583119056 
+2.772624348509661552 
+2.773173232038259162 
+2.773764176898556588 
+2.774411045172733736 
+2.775087655606200077 
+2.775806985108931979 
+2.776601945325650522 
+2.777426439102224087 
+2.778314356688073250 
+2.779230411360656294 
+2.780192124397602882 
+2.781220762115275580 
+2.782275405495739040 
+2.783376379841491222 
+2.784547810654913746 
+2.785767945115801503 
+2.787011152377063539 
+2.788328402102262071 
+2.789695041860427605 
+2.791082486532570961 
+2.792547589210529146 
+2.794031961316038704 
+2.795596409587031150 
+2.797178569097601653 
+2.798843235298817955 
+2.800489239602954150 
+2.802218163197467415 
+2.803996418651626854 
+2.805824209101343225 
+2.807662921032716863 
+2.809589364627059105 
+2.811565940860408119 
+2.813592847728720869 
+2.817491303539127578 
+2.819663091487031981 
+2.823785305940308188 
+2.826054692957565617 
+2.828422451421805928 
+2.830792117676632635 
+2.833262611031602596 
+2.837883404322799397 
+2.840555277884658114 
+2.843226940927186863 
+2.845951474143588733 
+2.848729055754295914 
+2.851559862553598279 
+2.854503488522324162 
+2.857442365494784919 
+2.860496627804906211 
+2.863544278845553848 
+2.866709889622048646 
+2.869867006567807355 
+2.875807717839286237 
+2.879187835557202035 
+2.882625116717907776 
+2.886119732054205578 
+2.889671850650152418 
+2.893281639932337779 
+2.896801448108396571 
+2.900449715761525660 
+2.904153833788924111 
+2.907913953560561815 
+2.911808693676409820 
+2.915682415271394046 
+2.919612586253399922 
+2.923599351638082045 
+2.927725967084074288 
+2.931827512185065210 
+2.935986079945399396 
+2.940288440326923602 
+2.944650464249189525 
+2.948983271717346533 
+2.953463851549807728 
+2.958095944902484398 
+2.962605408609213953 
+2.967172843182854347 
+2.971798375392536329 
+2.976482130318785391 
+2.981126869750430064 
+2.989987060924912843 
+2.994894131955487815 
+2.999961961629099783 
+3.004884792847994479 
+3.009864268987793245 
+3.019247288510200189 
+3.024496735742407072 
+3.029805626984965361 
+3.035063911203896847 
+3.040490784951078940 
+3.046090004754753000 
+3.051637703044626448 
+3.057245351846101578 
+3.062913047030729974 
+3.068640882642125867 
+3.074547702528303894 
+3.080397325781353057 
+3.086428604975673728 
+3.092400377017276547 
+3.098432735426069673 
+3.104650742814889064 
+3.110805761199349817 
+3.122269427335130132 
+3.128467457787905470 
+3.134855034581720101 
+3.141303726203351854 
+3.147680135788313294 
+3.154250013796390917 
+3.160881208869728454 
+3.167436587851562901 
+3.174189352537418074 
+3.181003619181320463 
+3.188020410287867534 
+3.194959111294797705 
+3.201959483767953252 
+3.209166347266247055 
+3.216291478184233998 
+3.223478431820068657 
+3.230875833849952361 
+3.238337702338628166 
+3.245712921709096310 
+3.253302562918368945 
+3.260956796622999754 
+3.268675660672990535 
+3.276459190670477639 
+3.284149821117574586 
+3.291902618047024998 
+3.299877745999421297 
+3.307756225334190336 
+3.315696946803692313 
+3.323863905850160894 
+3.331930443072566916 
+3.340225822110896026 
+3.348418242364259445 
+3.356842101018165270 
+3.365160453854282085 
+3.373712833592544147 
+3.382157150705311643 
+3.390663819968748438 
+3.399408369800273721 
+3.408041017130805095 
+3.416914111475518379 
+3.425852119707889720 
+3.434674339254133457 
+3.443740850200945225 
+3.452688979579628725 
+3.461883941913619811 
+3.470957921548652791 
+3.480281264979463884 
+3.489481016644691458 
+3.498932651784023573 
+3.516108754203238540 
+3.525548330817148912 
+3.534855477977798976 
+3.544417959142827534 
+3.554042471769968348 
+3.571682255986503129 
+3.581481249176504011 
+3.591543996103346181 
+3.601671110212644411 
+3.611862537313289323 
+3.622323989308233294 
+3.632438100803453196 
+3.642613807453946695 
+3.652851048508382714 
+3.663149760801541976 
+3.673509878746027191 
+3.683718038897410452 
+3.694414057081977010 
+3.705173792748426287 
+3.715780075230242563 
+3.726665732658049901 
+3.737395257000865278 
+3.748406501447133721 
+3.759258929385327797 
+3.769948733897699800 
+3.780921234665061803 
+3.791728485706555851 
+3.802820695417183483 
+3.813745026963073492 
+3.824956562171780483 
+3.836228223192812425 
+3.847559904609249237 
+3.859184603011247994 
+3.870637218010404723 
+3.882385085041834216 
+3.893958171676883850 
+3.905828725104240284 
+3.917521800111821939 
+3.929514535882653092 
+3.941327094550325150 
+3.953198598236038919 
+3.965373002693397986 
+3.977363195233334814 
+3.989411927387930490 
+4.001766751033610348 
+4.013933328565167713 
+4.026408103558526186 
+4.038691934862734811 
+4.051286046263206764 
+4.063686517628204875 
+4.076144486044771753 
+4.088403806498243753 
+4.100717997526922787 
+4.113345171399346079 
+4.125769773965079601 
+4.138509330592828661 
+4.151043694886279667 
+4.174427437253877216 
+4.187380587063772808 
+4.200123528163750564 
+4.213187034320119650 
+4.226037721381445067 
+4.239210847085371547 
+4.252168547702190438 
+4.265450534393290916 
+4.278787217394688369 
+4.291904562017834657 
+4.305348922960533287 
+4.318571352231764138 
+4.332399692648586154 
+4.346005677585004889 
+4.359665108595683236 
+4.373377766591823423 
+4.387424911828492036 
+4.401244429753814913 
+4.415116495360491555 
+4.428756185413650570 
+4.442445859191720636 
+4.456472060148694680 
+4.470262061313070134 
+4.484390207847060772 
+4.498279606155390908 
+4.512217839719125934 
+4.526788508373577713 
+4.541118665598438575 
+4.555498951805417640 
+4.569929106936907459 
+4.584112868508437799 
+4.598640965059957786 
+4.612920155771940145 
+4.627545139525289564 
+4.642218658071032067 
+4.656639508455596932 
+4.671408283148420715 
+4.685921903324843818 
+4.700784820912989659 
+4.715390108717540052 
+4.730346032170960946 
+4.757629705518897190 
+4.772715940078629870 
+4.787847866168467803 
+4.803335387078916163 
+4.818558685413229625 
+4.833826735181609990 
+4.849139218837214216 
+4.864809672677252728 
+4.879896201879860840 
+4.895340050407218868 
+4.910827031086852479 
+4.926039450688334043 
+4.941610829214060807 
+4.957224337210118570 
+4.972879631798630129 
+4.988576366892173652 
+5.004314193185185999 
+5.020415191371176533 
+5.036234959648988152 
+5.052094744462595877 
+5.067994183489077820 
+5.083932911147992506 
+5.100237035672529728 
+5.116254013573881210 
+5.132309156045524290 
+5.148402084329507744 
+5.164861993584422883 
+5.181030095464555174 
+5.197234819101176129 
+5.213807594927128974 
+5.230085109730689297 
+5.246398051934122009 
+5.263080013240275967 
+5.279463302741559616 
+5.296216198867385039 
+5.312668166402358949 
+5.328816733834033315 
+5.345671780461140443 
+5.362560692540635721 
+5.379144246501711635 
+5.396098873441742327 
+5.413086006261706551 
+5.429764486851387240 
+5.446814609982178368 
+5.463553919867961461 
+5.480665186835464553 
+5.497463502248955081 
+5.514634037517379461 
+5.531489506144181334 
+5.548372568620124845 
+5.565282760661714789 
+5.582219614488716175 
+5.598836215567514429 
+5.615824455554850658 
+5.632837942721200086 
+5.649876195290341130 
+5.666590273516431964 
+5.683676116783957788 
+5.700435872861975284 
+5.717917234147346761 
+5.735071512881063427 
+5.752247602119788361 
+5.769796180696251220 
+5.787014786500568775 
+5.804253661627668315 
+5.821512288579043570 
+5.839142952144010579 
+5.856793081779017918 
+5.874108553684719070 
+5.891795565794014422 
+5.909500359048555751 
+5.926867755229342727 
+5.944606060011946802 
+5.962005184881171260 
+5.979419184067680249 
+5.996847503182262784 
+6.014645684335738096 
+6.032101228861370679 
+6.049569396361523133 
+6.067049617540547501 
+6.084541319374563884 
+6.102401230610695393 
+6.119914364344953839 
+6.137437225255667705 
+6.155327112186522953 
+6.172867827656588702 
+6.190416482527137276 
+6.207972477304789294 
+6.225893697687629569 
+6.243462677369750580 
+6.261037163191572219 
+6.278975349767211611 
+6.296917972067257452 
+6.314505408015810062 
+6.332454857613788235 
+6.350047701792777666 
+6.368001353167514367 
+6.385597016667912129 
+6.403552211818986706 
+6.421148073836084436 
+6.438743054661216547 
+6.456336500523283561 
+6.474286731453076982 
+6.491875065290407143 
+6.509459865778683962 
+6.527040463406287074 
+6.544257549740486901 
+6.561827837501841287 
+6.579391904170478256 
+6.596949064527628082 
+6.614140555491813345 
+6.631682007807471635 
+6.649214488592209094 
+6.666737296794933876 
+6.684249727366767146 
+6.702108121104281224 
+6.719597416970525927 
+6.737074181314179455 
+6.754537692931959825 
+6.772343188864482499 
+6.789777707491870373 
+6.807196770516647177 
+6.824599640453400617 
+6.841630934928445207 
+6.858999558248781270 
+6.876349766916696638 
+6.893327309099796629 
+6.910638837436229309 
+6.927929693214775142 
+6.944846892745715650 
+6.961742796009619205 
+6.978967975061493689 
+6.996169424739051124 
+7.012996063135152447 
+7.030148227040367459 
+7.046925072013685565 
+7.078311617584079229 
+7.095359994838931428 
+7.112032208724188287 
+7.129022137841905860 
+7.145981329662913772 
+7.163254092700403142 
+7.179804220818328808 
+7.196666269282314232 
+7.227205612391469636 
+7.243969654468338959 
+7.260356281148083291 
+7.277047434895108857 
+7.293361029035994036 
+7.309975954676822596 
+7.326213228370660246 
+7.342411509139918913 
+7.359242373469953691 
+7.375693816678813519 
+7.392102004551610150 
+7.408466054840141091 
+7.424785080953798300 
+7.441389811903589724 
+7.457284492533008624 
+7.473463083032378051 
+7.489593059409192399 
+7.505673513240157746 
+7.521703531712935487 
+7.538007751683585056 
+7.553933066952729369 
+7.569805163059649011 
+7.585623109460919444 
+7.601707082099439461 
+7.617412766570859972 
+7.633061463786886769 
+7.648652225346019407 
+7.664500455513514332 
+7.679656125570318181 
+7.695067345091877620 
+7.710104160539942519 
+7.725392151589728584 
+7.740306385921774002 
+7.755467326897436564 
+7.770255219370119093 
+7.797504594815577228 
+7.812411096168790259 
+7.827248176683620606 
+7.841714180804318701 
+7.856410865394047427 
+7.870737395076549348 
+7.885585920570896690 
+7.900062247522124714 
+7.914756171579463206 
+7.929078884779796610 
+7.943613903099831397 
+7.957778765323513248 
+7.972150534772872277 
+7.986438192270656877 
+8.000640615017410084 
+8.014475207640785470 
+8.028505533354554302 
+8.042447248439760443 
+8.056299209978257991 
+8.069785947060069020 
+8.083184297094769377 
+8.107290460217063455 
+8.120166696746355939 
+8.133219575848663396 
+8.145915267417144889 
+8.158781664926085142 
+8.171552198281355928 
+8.184225745517540673 
+8.196801179908934643 
+8.209277369961792914 
+8.221653179406308354 
+8.233927467188248528 
+8.246099087462109622 
+8.258166889581804782 
+8.270372756303924433 
+8.282227272827327624 
+8.293974466553649449 
+8.305849554075191321 
+8.317376336915945245 
+8.328792248237480322 
+8.339866540387109950 
+8.351286712800863654 
+8.362362882114450002 
+8.373545883809995871 
+8.384387173039677066 
+8.395327988017957210 
+8.406144566995550349 
+8.416623032328530485 
+8.426979713319717291 
+8.437420941805363839 
+8.447732773606499990 
+8.458116172279526168 
+8.468362174159157263 
+8.478469370619269085 
+8.488436347203595744 
+8.497687669003290978 
+8.507001077142138712 
+8.515995218217938145 
+8.524860287281420312 
+8.540951979758965251 
+8.549792882810882233 
+8.558488621102346983 
+8.566868275911712516 
+8.575105885323038635 
+8.583363827417549885 
+8.591471108093816866 
+8.599268720654634990 
+8.606918967499399997 
+8.614572054464460393 
+8.621920500691764744 
+8.629117550190365193 
+8.636161858106589762 
+8.643052074468968726 
+8.649786844179821799 
+8.656497408856195008 
+8.662913957169553925 
+8.669170934679993223 
+8.675266965601698743 
+8.681320065051368218 
+8.687086699202694717 
+8.692575543441648733 
+8.698013926715946198 
+8.703178533612653922 
+8.708180698165328693 
+8.713118142003313693 
+8.725290162799399951 
+8.729595679093776539 
+8.733641453515446074 
+8.737594643054919175 
+8.741367700570560118 
+8.744887703525176192 
+8.748299886319358620 
+8.751527595613197263 
+8.754629494309931204 
+8.757480008350116307 
+8.760141599944867963 
+8.762612785448185448 
+8.764892075884169742 
+8.766977976941454642 
+8.768868988963447464 
+8.770530995976452360 
+8.772031763539551719 
+8.773308586280764487 
+8.774433610171099573 
+8.775331641847982311 
+8.776037735192357303 
+8.776522082986188522 
+8.776799351140507355 
+8.776867209181030915 
+8.776721362664424930 
+8.776363744016395074 
+8.775792788717383885 
+8.775006926800660523 
+8.773981861685456352 
+8.772784175958243225 
+8.771375714758658404 
+8.769718948540003112 
+8.767879972833558355 
+8.765825686150254370 
+8.761388301885492780 
+8.758648341985711738 
+8.755677839682238783 
+8.752407376212492096 
+8.748966107430714345 
+8.745289358568754778 
+8.741457739849298747 
+8.737309977023983265 
+8.733013781815909482 
+8.728388511771253633 
+8.723519544463634645 
+8.718298265390497903 
+8.712931817772016529 
+8.707316600809411611 
+8.701450923944824112 
+8.695460476453765963 
+8.689093983416693590 
+8.682609668775638667 
+8.675735668823254088 
+8.668602741868971506 
+8.661055548242391211 
+8.653394216201816036 
+8.645468732007726587 
+8.637277354281348352 
+8.628642903873636527 
+8.620089924211663757 
+8.611090360583039782 
+8.602009854805391598 
+8.592468312552988152 
+8.582853486361699424 
+8.572971727844619139 
+8.562607022837511295 
+8.552180706070231508 
+8.541256579821133954 
+8.530278801409211908 
+8.518788184292198196 
+8.507251996903438140 
+8.495187774378614165 
+8.483086186625069303 
+8.470441199117706432 
+8.457500099313868702 
+8.444534218215341781 
+8.431001491988613594 
+8.417452501803570186 
+8.403320876225963687 
+8.376871023823914797 
+8.362183877782115360 
+8.346883337156773663 
+8.331270337938219583 
+8.315342984378670366 
+8.299099374821329533 
+8.282196280088550466 
+8.265307877731096653 
+8.248097439629640704 
+8.230563040285556298 
+8.212334845617915491 
+8.194140012862323630 
+8.175615366916130000 
+8.156758958312574137 
+8.137568831602726149 
+8.117641030514889167 
+8.097770665998602624 
+8.077560640724264829 
+8.057008975114321458 
+8.035683657147925985 
+8.014435673842960739 
+7.992840034479258726 
+7.970443217115272816 
+7.948139050174728659 
+7.925481156300528518 
+7.902467513351685291 
+7.840164475089284934 
+7.815841407953781683 
+7.791153144448903056 
+7.766097628099179140 
+7.740150062259096408 
+7.714346245445772077 
+7.688168927190204727 
+7.661070205105531272 
+7.634131905079071245 
+7.606813798946130412 
+7.579682924674985500 
+7.551606758977738032 
+7.523729247891257188 
+7.495479262639660689 
+7.466254467274668905 
+7.437245673128021650 
+7.407242080142713014 
+7.376841884846335518 
+7.346675488343334059 
+7.315483838889917934 
+7.283889165928484566 
+7.252546424960128135 
+7.220147531564380827 
+7.188012804683111767 
+7.155483066329071384 
+7.121866043370678412 
+7.087833032611812634 
+7.053381829239434353 
+7.017794163757741011 
+6.982491287411197511 
+6.947496920595590986 
+6.911350772297475409 
+6.875526056560659960 
+6.838527872149400721 
+6.770216104011268499 
+6.732775049024489533 
+6.693324857956575613 
+6.654216772977562755 
+6.613852163723576538 
+6.573843289293383130 
+6.532554738877385248 
+6.491635716035698778 
+6.450262736938411123 
+6.408433489460076515 
+6.365277846750819535 
+6.322519669726961666 
+6.279298201598819240 
+6.235611104283790951 
+6.191456033222621613 
+6.145915001311832881 
+6.099881746861807841 
+6.054289182373420175 
+6.007273909719295091 
+5.960714121817345834 
+5.913672010227049469 
+5.866145184434310877 
+5.818131247384782156 
+5.768632815231811151 
+5.719627373879106358 
+5.670127541397858906 
+5.620130894360724660 
+5.568599258986564493 
+5.517591422418284708 
+5.466079411569816138 
+5.414060776511629314 
+5.360455748525019715 
+5.306318031791758649 
+5.252743725662289975 
+5.198652828188887298 
+5.144042856033427924 
+5.087780737602237480 
+5.032114418280693613 
+4.975921483162303538 
+4.920362320845653059 
+4.863119492117540688 
+4.806527025607923775 
+4.749419644349561764 
+4.690588931844937193 
+4.632433709324823567 
+4.573756350254370773 
+4.512076286937116265 
+4.451074999354263539 
+4.389521903075889853 
+4.327414421333008576 
+4.263465286757870842 
+4.200229830130531639 
+4.136432164058297722 
+4.072069684539012080 
+4.007139780776545201 
+3.940297147734249439 
+3.874212821440768728 
+3.807553143902961068 
+3.740315476930526017 
+3.672497175499744415 
+3.604095587744551299 
+3.535108054949982925 
+3.464105842714525707 
+3.393926321383079259 
+3.323152782939395866 
+3.251782541050623809 
+3.179812902494676852 
+3.107241167152624772 
+3.034064627999542019 
+2.960280571098374391 
+2.824701935078413495 
+2.750739446506081265 
+2.676184037616496258 
+2.597888876634208088 
+2.522114896907046155 
+2.380025615999370459 
+2.300909026915853417 
+2.222792451520571255 
+2.142418292146191394 
+2.059744689402910112 
+1.910929087887879074 
+1.759977705949967275 
+1.677673220948636024 
+1.593005427789440320 
+1.509427437460728827 
+1.425215218406885587 
+1.338591604571387261 
+1.253089516339576548 
+1.166945072068817479 
+1.078340574788088313 
+0.990889777184283060 
+0.902788436596519306 
+0.812177809214152502 
+0.722753510435222069 
+0.630786665891487353 
+0.385365503070442816 
+0.290880141748035115 
+0.197644253568323602 
+0.103733770167902417 
+0.007168107176436678 
-0.090106415656359129 
-0.186085914573306255 
-0.282751289354549407 
-0.384176753866699805 
-0.484301776026285324 
-0.587216227568505555 
-0.688806590661427354 
-0.791126774823109447 
-0.894179803487024749 
-0.997968707352536288 
-1.102496524394246169 
-1.205610500488468517 
-1.311610052078000521 
-1.416171593160105324 
-1.523654869596374084 
-1.629675749026171516 
-1.738654797316575795 
-1.846146844064743497 
-1.956633768047249866 
-2.159276294101820426 
-2.271929414446932860 
-2.385357643935076766 
-2.499564113874519933 
-2.614551962956644715 
-2.730324337264824486 
-2.844497719346257725 
-2.966638455757324877 
-3.087219335753187188 
-3.208630404665597347 
-3.330875044948205854 
-3.453956647120431711 
-3.577878609775635432 
-3.702644339590363209 
-3.828257251333329947 
-3.952183139437552839 
-4.079483577361960656 
-4.205069839557675770 
-4.542272657088400223 
-4.668261361206678117 
-4.797704840930374637 
-4.925322825067121713 
-5.053751713609146989 
-5.188397434073918291 
-5.321210547320828432 
-5.454878609413333912 
-5.592159332176675157 
-5.727564867851332231 
