0.471521
0.471521
0.471521
0.471521
0.471521
0.471521
0.471521
0.471521
0.471521
0.471521
0.471521
0.471521
0.471521
0.471521
0.471521
0.471521
0.471521
0.471521
0.471521
0.471521
0.471521
0.471521
0.471521
0.471521
0.471521
0.471521
0.471521
0.471521
0.471521
0.471521
0.471521
0.471521
0.471521
0.471521
0.471521
0.471521
0.471521
0.471521
0.471521
0.471521
0.471521
0.471521
0.471521
0.471521
0.471521
0.471521
0.471521
0.471521
0.471521
0.471521
0.471521
0.471521
0.471521
0.471521
0.471521
0.471521
0.471521
0.471521
0.471521
0.471521
0.471521
0.471521
0.471521
0.471521
0.471521
0.471521
0.471521
0.471521
0.471521
0.471521
0.471521
0.471521
0.471521
0.471521
0.471521
0.471521
0.471521
0.471521
0.471521
0.471521
0.471521
0.471521
0.471521
0.471521
0.471521
0.471521
0.471521
0.471521
0.471521
0.471521
0.471521
0.471521
0.471521
0.471521
0.471521
0.471521
0.471521
0.471521
0.471521
0.471521
0.471521
0.471521
0.471521
0.471521
0.471521
0.471521
0.471521
0.471521
0.471521
0.471521
0.471521
0.471521
0.471521
0.471521
0.471521
0.471521
0.471521
0.471521
0.471521
0.471521
0.471521
0.471521
0.471521
0.471521
0.471521
0.471521
0.471521
0.471521
0.471521
0.471521
0.471521
0.471521
0.471521
0.471521
0.471521
0.471521
0.471521
0.471521
0.471521
0.471521
0.471521
0.471521
0.471521
0.471521
0.471521
0.471521
0.471521
0.471521
0.471521
0.471521
0.471521
0.471521
0.471521
0.471521
0.471521
0.471521
0.471521
0.471521
0.471521
0.471521
0.471521
0.471521
0.471521
0.471521
0.471521
0.471521
0.471521
0.471521
0.471521
0.471521
0.471521
0.471521
0.471521
0.471521
0.471521
0.471521
0.471521
0.471521
0.471521
0.471521
0.471521
0.471521
0.471521
0.471521
0.471521
0.471521
0.471521
0.471521
0.471521
0.471521
0.471521
0.471521
0.471521
0.471521
0.471521
0.471521
0.471521
0.471521
0.471521
0.471521
0.471521
0.471521
0.471521
0.471521
0.471521
0.471521
0.471521
0.471521
0.471521
0.471521
0.471521
0.471521
0.471521
0.471521
0.471521
0.471521
0.471521
0.471521
0.471521
0.471521
0.471521
0.471521
0.471521
0.471521
0.471521
0.471521
0.471521
0.471521
0.471521
0.471521
0.471521
0.471521
0.471521
0.471521
0.471521
0.471521
0.471521
0.471521
0.471521
0.471521
0.471521
0.471521
0.471521
0.471521
0.471521
0.471521
0.471521
0.471521
0.471521
0.471521
0.471521
0.471521
0.471521
0.471521
0.471521
0.471521
0.471521
0.471521
0.471521
0.471521
0.471521
0.471521
0.471521
0.471521
0.471521
0.471521
0.471521
0.471521
0.471521
0.471521
0.471521
0.471521
0.471521
0.471521
0.471521
0.471521
0.471521
0.471521
0.471521
0.471521
0.471521
0.471521
0.471521
0.471521
0.471521
0.471521
0.471521
0.471521
0.471521
0.471521
0.471521
0.471521
0.471521
0.471521
0.471521
0.471521
0.471521
0.471521
0.471521
0.471521
0.471521
0.471521
0.471521
0.471521
0.471521
0.471521
0.471521
0.471521
0.471521
0.471521
0.471521
0.471521
0.471521
0.471521
0.471521
0.471521
0.471521
0.471521
0.471521
0.471521
0.471521
0.471521
0.471521
0.471521
0.471521
0.471521
0.471521
0.471521
0.471521
0.471521
0.471521
0.471521
0.471521
0.471521
0.471521
0.471521
0.471521
0.471521
0.471521
0.471521
0.471521
0.471521
0.471521
0.471521
0.471521
0.471521
0.471521
0.471521
0.471521
0.471521
0.471521
0.471521
0.471521
0.471521
0.471521
0.471521
0.471521
0.471521
0.471521
0.471521
0.471521
0.471521
0.471521
0.471521
0.471521
0.471521
0.471521
0.471521
0.471521
0.471521
0.471521
0.471521
0.471521
0.471521
0.471521
0.471521
0.471521
0.471521
0.471521
0.471521
0.471521
0.471521
0.471521
0.471521
0.471521
0.471521
0.471521
0.471521
0.471521
0.471521
0.471521
0.471521
0.471521
0.471521
0.471521
0.471521
0.471521
0.471521
0.471521
0.471521
0.471521
0.471521
0.471521
0.471521
0.471521
0.471521
0.471521
0.471521
0.471521
0.471521
0.471521
0.471521
0.471521
0.471521
0.471521
8.38091
8.38091
8.38091
8.38091
8.38091
12.4269
0.471521
0.471521
0.471521
0.471521
0.471521
0.471521
4.3958
4.3958
4.3958
4.41101
0.486732
0.486732
0.486732
4.41101
4.86732
4.86732
4.41101
0.486732
0.486732
0.486732
0.486732
0.486732
0.486732
0.471521
8.38091
8.38091
8.38091
8.38091
8.38091
0.471521
0.471521
0.486732
0.486732
0.486732
0.486732
0.486732
0.486732
0.486732
0.486732
0.775729
0.775729
0.775729
0.775729
0.775729
0.775729
0.775729
0.775729
8.68512
0.775729
0.775729
0.775729
0.775729
7.87897
0.775729
0.775729
0.775729
0.775729
0.775729
0.775729
0.775729
0.775729
0.775729
0.775729
0.486732
0.486732
0.486732
0.486732
8.39612
8.39612
0.486732
0.486732
0.486732
0.486732
0.486732
0.486732
0.486732
0.486732
0.471521
0.471521
0.471521
0.471521
0.471521
0.471521
0.471521
0.471521
0.471521
0.471521
0.471521
0.471521
0.471521
0.471521
0.471521
0.471521
0.471521
0.471521
0.471521
0.471521
0.471521
0.471521
0.471521
0.471521
0.471521
0.471521
8.38091
0.471521
0.471521
0.471521
0.471521
0.471521
0.471521
0.471521
0.471521
0.471521
0.471521
0.471521
0.471521
0.471521
0.471521
2.03819
0.471521
0.471521
0.471521
0.471521
0.471521
0.471521
0.471521
0.471521
0.471521
0.471521
0.471521
0.471521
0.471521
0.471521
0.471521
0.471521
0.471521
0.471521
0.471521
0.471521
0.471521
0.471521
2.92039
12.5029
17.0812
4.60874
4.62395
3.07249
4.41101
4.41101
4.41101
4.3958
3.05728
4.60874
9.01975
9.03496
9.01975
13.6437
14.1304
8.35049
6.05373
6.05373
9.01975
14.0392
14.0392
13.5524
13.5524
16.0013
15.5146
16.0013
13.6589
13.6589
13.5676
13.5676
13.6589
13.6437
13.5676
13.5829
13.5829
13.5676
14.0544
13.5676
13.5524
13.5524
13.6437
14.0544
13.5676
13.5676
13.5676
11.5903
11.5903
13.5676
14.1456
13.5829
14.1456
13.5676
14.0544
14.1456
13.446
22.055
12.0162
12.077
12.5029
12.0314
12.0466
12.077
12.0162
12.0162
12.6854
13.5524
14.024
12.1987
12.2443
12.2443
13.5524
13.5524
13.5676
13.5676
14.0544
13.5524
13.5829
12.7311
12.2596
12.2596
13.3395
13.5676
11.8489
20.7926
13.5829
13.5829
13.5676
13.5676
13.5524
14.0392
12.7007
13.1418
14.0392
12.2596
12.2596
12.2596
12.1987
13.5524
12.7615
13.1722
13.1722
13.1113
13.5981
13.1722
13.5676
13.5676
13.5676
13.6437
12.5029
13.5676
12.2596
12.2596
12.7007
14.0392
13.5676
13.5676
14.0696
13.3699
12.8832
13.6589
13.6589
10.8146
10.8146
10.0236
10.0236
9.62816
12.2139
12.7767
13.6437
13.3395
13.3243
13.3243
13.3243
12.2443
11.2252
11.2252
8.82201
7.95502
8.82201
9.11101
4.71521
0.714887
4.71521
5.1411
9.11101
8.82201
11.0884
11.5751
11.0884
10.2214
10.2366
9.62816
9.73463
11.0884
9.73463
11.0884
9.67379
9.67379
9.67379
10.0997
9.70421
10.556
10.0997
10.0997
10.0997
12.1987
13.5524
13.5524
13.6437
13.5524
13.5524
14.0392
13.5524
13.157
14.0392
13.5524
14.0544
14.0544
13.5524
13.5524
13.5524
13.5524
12.6854
13.5524
13.5676
13.5676
11.7272
11.6968
9.30874
11.5903
7.97023
7.97023
7.97023
8.83722
8.83722
8.83722
8.83722
8.82201
8.83722
4.44143
4.44143
4.00033
4.00033
3.98512
7.95502
3.98512
4.42622
4.88253
4.42622
4.42622
4.88253
4.88253
4.42622
4.42622
4.42622
0.471521
0.471521
0.486732
0.775729
0.775729
0.775729
0.806149
0.806149
0.471521
8.38091
0.486732
0.486732
0.486732
0.486732
0.486732
0.471521
0.471521
0.471521
0.471521
0.471521
0.471521
0.471521
0.486732
0.486732
0.471521
0.471521
0.471521
0.471521
0.471521
0.471521
0.471521
0.471521
0.471521
0.471521
0.471521
0.471521
0.471521
0.471521
0.471521
0.471521
0.471521
0.471521
0.471521
0.471521
0.471521
0.471521
0.471521
2.03819
0.471521
0.471521
0.471521
0.471521
0.471521
0.471521
0.471521
0.471521
0.471521
0.471521
0.471521
0.471521
0.471521
0.471521
0.471521
0.471521
0.471521
0.471521
0.471521
0.471521
0.471521
0.471521
0.471521
4.42622
4.42622
4.42622
4.42622
4.42622
4.42622
4.42622
0.471521
0.471521
0.471521
0.471521
0.471521
0.471521
0.471521
0.471521
0.471521
0.471521
0.471521
0.471521
0.471521
0.471521
0.471521
0.471521
0.471521
0.471521
0.471521
0.471521
0.471521
0.471521
0.471521
0.471521
0.471521
0.471521
0.471521
0.471521
0.471521
0.471521
0.471521
0.471521
0.471521
0.471521
0.471521
0.471521
0.471521
0.471521
0.471521
0.471521
0.471521
0.471521
0.471521
0.471521
0.471521
0.471521
0.471521
0.486732
0.486732
0.471521
0.471521
0.471521
2.19029
2.19029
10.0997
2.46408
10.9667
2.35761
2.46408
2.46408
2.52492
2.52492
8.39612
10.9667
10.9667
2.35761
11.1036
11.1036
0.806149
0.806149
0.806149
0.806149
0.806149
0.486732
0.471521
0.471521
0.471521
0.471521
0.471521
0.471521
0.471521
0.471521
0.471521
0.471521
0.471521
0.471521
0.471521
0.471521
0.471521
0.471521
0.471521
0.471521
0.471521
0.471521
0.471521
0.471521
0.471521
0.471521
0.471521
0.471521
0.471521
0.471521
0.471521
0.471521
0.471521
0.471521
0.471521
0.471521
0.471521
0.471521
0.471521
0.471521
0.471521
0.471521
0.471521
0.471521
0.471521
0.471521
0.471521
0.471521
8.38091
8.38091
0.471521
0.471521
0.471521
0.471521
0.471521
0.471521
0.471521
0.471521
0.471521
0.471521
0.471521
0.471521
0.471521
0.471521
0.471521
0.471521
0.471521
0.471521
0.471521
0.471521
0.471521
0.471521
0.471521
0.471521
0.471521
0.471521
4.3958
4.42622
4.42622
4.42622
4.42622
0.471521
0.471521
0.471521
0.471521
0.471521
0.471521
0.471521
0.471521
0.471521
0.471521
0.471521
0.471521
0.471521
0.471521
0.471521
0.471521
0.471521
0.471521
0.471521
0.471521
0.471521
0.471521
0.471521
0.471521
0.471521
0.471521
0.471521
0.471521
0.471521
0.471521
0.471521
0.471521
0.471521
0.471521
0.471521
0.471521
0.471521
0.471521
0.471521
0.471521
0.471521
0.471521
0.471521
0.471521
0.471521
0.471521
8.38091
8.38091
4.3958
4.3958
4.3958
0.471521
0.471521
0.471521
0.471521
0.471521
0.471521
0.471521
0.471521
0.471521
0.471521
0.471521
0.471521
0.471521
0.471521
0.471521
0.471521
0.471521
0.471521
0.471521
0.471521
0.471521
0.471521
0.471521
0.471521
0.471521
0.471521
0.471521
0.471521
0.471521
0.471521
0.471521
0.471521
0.471521
0.471521
8.3657
0.471521
0.471521
0.471521
0.471521
0.471521
0.471521
0.471521
0.471521
0.471521
0.471521
0.471521
0.471521
0.471521
0.471521
0.471521
0.471521
0.471521
0.471521
0.471521
0.471521
0.471521
0.471521
0.471521
4.85211
0.471521
0.471521
0.471521
0.471521
0.471521
0.471521
0.471521
0.471521
0.471521
0.471521
0.471521
0.471521
0.471521
0.471521
0.471521
0.471521
0.471521
0.471521
0.471521
0.471521
0.471521
0.471521
0.471521
0.471521
0.471521
0.806149
0.806149
0.806149
0.806149
0.471521
0.471521
0.471521
0.471521
0.471521
0.471521
4.42622
0.471521
0.471521
0.471521
0.471521
0.471521
0.471521
0.471521
0.471521
4.3958
4.42622
4.42622
4.42622
4.88253
4.42622
4.44143
6.41877
4.44143
4.44143
4.44143
4.44143
4.89774
9.32395
8.83722
7.97023
8.83722
7.95502
8.8068
8.8068
4.85211
0.471521
0.471521
0.471521
6.29709
8.82201
8.82201
8.82201
4.88253
4.42622
4.88253
4.42622
4.42622
4.88253
4.42622
4.42622
4.42622
8.82201
9.30874
8.41133
8.82201
8.83722
11.1036
11.1036
13.4612
12.9592
14.0392
12.1987
11.712
20.5036
13.5676
8.82201
4.42622
8.82201
10.7994
11.2709
10.7841
10.7994
9.30874
8.82201
8.82201
4.42622
6.7534
6.40356
0.471521
0.471521
0.471521
0.471521
0.471521
4.3958
4.88253
0.486732
0.486732
0.486732
4.44143
6.85987
9.30874
8.82201
8.82201
11.5751
10.6777
11.5751
8.82201
4.42622
7.95502
7.95502
8.82201
8.82201
7.95502
11.5751
11.5751
11.5751
11.5751
12.2596
18.7848
11.3774
10.6168
13.0657
16.0165
13.5524
13.6437
13.6437
13.6437
14.1304
10.3583
11.712
11.2252
10.8146
11.712
11.21
11.21
10.2366
10.2214
10.3126
9.67379
11.5447
11.8945
15.4233
13.8414
13.8414
13.8414
13.8414
13.8414
13.5524
13.5524
14.0392
13.6437
13.6437
21.4618
21.9486
12.2443
14.0392
12.2443
12.3812
16.0165
24.1541
13.5676
13.5676
13.5524
13.5524
13.5524
13.5524
13.5524
13.5524
11.712
13.5524
12.1987
9.30874
7.95502
7.95502
8.82201
17.2181
8.06149
8.06149
11.6511
10.0693
11.6207
5.73431
8.24402
7.3314
9.17185
13.5524
9.17185
15.5146
16.0013
12.6702
12.2139
12.6702
12.6702
12.6702
12.2139
8.04628
0.471521
4.42622
2.44887
2.44887
0.471521
3.34628
2.52492
11.1188
11.21
12.366
17.6288
17.6288
17.7657
4.68479
4.68479
9.0958
8.82201
4.88253
4.88253
4.88253
4.42622
4.3958
4.3958
4.85211
4.42622
4.42622
0.471521
0.471521
0.471521
0.471521
0.471521
0.471521
11.21
2.61618
0.471521
0.471521
8.38091
8.66991
8.66991
0.806149
0.806149
0.806149
0.775729
2.44887
2.32719
2.32719
3.68091
3.68091
2.32719
2.54013
2.54013
2.54013
0.471521
0.471521
0.471521
2.3424
11.0579
2.44887
2.44887
9.5369
2.44887
2.46408
0.471521
0.471521
0.471521
0.471521
0.471521
0.471521
0.471521
0.471521
0.471521
0.471521
0.471521
2.3424
2.46408
11.21
11.21
11.0579
11.0731
2.44887
2.44887
2.44887
0.471521
8.38091
0.471521
0.471521
0.471521
0.471521
0.471521
0.471521
0.471521
0.471521
0.714887
0.806149
0.471521
0.471521
0.471521
0.471521
0.471521
0.471521
0.471521
0.471521
0.471521
0.471521
0.471521
0.471521
0.471521
0.471521
0.471521
0.471521
0.471521
0.471521
8.38091
8.38091
8.38091
8.38091
0.471521
0.471521
0.471521
0.806149
0.471521
0.471521
0.471521
0.471521
6.72298
6.72298
6.26667
4.3958
4.85211
4.3958
0.471521
0.471521
2.3424
9.27832
7.39224
0.471521
0.471521
10.9363
0.471521
0.471521
0.471521
0.471521
0.471521
4.3958
4.3958
4.3958
0.471521
4.85211
0.471521
0.471521
6.72298
13.8719
14.8757
6.26667
12.3052
12.3052
4.3958
4.85211
4.3958
4.85211
4.85211
4.3958
4.3958
4.3958
4.85211
4.85211
4.85211
4.3958
6.84466
0.471521
0.471521
0.471521
0.471521
4.3958
4.85211
4.85211
4.3958
4.3958
4.3958
4.85211
4.3958
4.3958
0.471521
0.471521
0.471521
0.471521
0.471521
0.471521
0.471521
0.471521
0.471521
0.471521
0.471521
0.471521
0.471521
0.471521
0.471521
0.471521
0.471521
8.38091
7.58997
8.38091
8.38091
8.38091
8.38091
0.471521
0.471521
8.38091
0.471521
0.471521
0.471521
0.471521
0.471521
0.471521
0.471521
0.471521
0.471521
0.471521
0.471521
0.471521
0.471521
0.471521
0.471521
0.471521
0.471521
0.471521
0.471521
0.471521
0.471521
0.471521
7.58997
7.58997
0.471521
0.471521
0.471521
0.471521
0.471521
0.471521
0.471521
0.471521
0.471521
0.471521
0.471521
0.471521
0.471521
0.471521
0.471521
0.471521
0.471521
0.471521
0.471521
0.471521
0.471521
0.471521
0.471521
0.471521
0.471521
0.471521
0.471521
0.471521
0.471521
