0.471521
0.471521
0.471521
0.471521
0.471521
0.471521
0.471521
0.471521
0.471521
0.471521
0.471521
0.471521
0.471521
0.471521
0.471521
0.471521
0.471521
0.471521
0.471521
0.471521
0.471521
0.471521
0.471521
0.471521
0.471521
0.471521
0.471521
0.471521
0.471521
0.471521
0.471521
0.471521
0.471521
0.471521
0.471521
0.471521
0.471521
0.471521
0.471521
0.471521
0.471521
0.471521
0.471521
0.471521
0.471521
0.471521
0.471521
0.471521
0.471521
0.471521
0.471521
0.471521
0.471521
0.471521
0.471521
0.471521
0.471521
0.471521
0.471521
0.471521
0.471521
0.471521
0.471521
0.471521
0.471521
0.471521
0.471521
0.471521
0.471521
0.471521
0.471521
0.471521
0.471521
0.471521
0.471521
0.471521
0.471521
0.471521
0.471521
0.471521
0.471521
0.471521
0.471521
0.471521
0.471521
0.471521
0.471521
0.471521
0.471521
0.471521
0.471521
0.471521
0.471521
0.471521
0.471521
0.471521
0.471521
0.471521
0.471521
0.471521
0.471521
0.471521
0.471521
0.471521
0.471521
0.471521
0.471521
0.471521
0.471521
0.471521
0.471521
0.471521
0.471521
0.471521
0.471521
0.471521
0.471521
0.471521
0.471521
0.471521
0.471521
0.471521
0.471521
0.471521
0.471521
0.471521
0.471521
0.471521
0.471521
0.471521
0.471521
0.471521
0.471521
0.471521
0.471521
0.471521
0.471521
0.471521
0.471521
0.471521
0.471521
0.471521
0.471521
0.471521
0.471521
0.471521
0.471521
0.471521
0.471521
0.471521
0.471521
0.471521
0.471521
0.471521
0.471521
0.471521
0.471521
0.471521
0.471521
0.471521
0.471521
0.471521
0.471521
0.471521
0.471521
0.471521
0.471521
0.471521
0.471521
0.471521
0.471521
0.471521
0.471521
0.471521
0.471521
0.471521
0.471521
0.471521
0.471521
0.471521
0.471521
0.471521
0.471521
0.471521
0.471521
0.471521
0.471521
0.471521
0.471521
0.471521
0.471521
0.471521
0.471521
0.471521
0.471521
0.471521
0.471521
0.471521
0.471521
0.471521
0.471521
0.471521
0.471521
0.471521
0.471521
0.471521
0.471521
0.471521
0.471521
0.471521
0.471521
0.471521
0.471521
0.471521
0.471521
0.471521
0.471521
0.471521
0.471521
0.471521
0.471521
0.471521
0.471521
0.471521
0.471521
0.471521
0.471521
0.471521
0.471521
0.471521
7.55955
7.55955
7.55955
7.55955
0.471521
0.471521
0.471521
0.471521
0.471521
0.471521
0.471521
0.471521
0.471521
0.471521
0.471521
0.471521
0.471521
0.471521
0.471521
0.471521
0.471521
0.471521
0.471521
0.471521
0.471521
0.471521
0.471521
0.471521
0.471521
0.471521
0.471521
0.471521
0.471521
0.471521
0.471521
0.471521
0.471521
0.471521
0.471521
0.471521
0.471521
0.471521
0.471521
0.471521
0.471521
0.471521
0.471521
0.471521
0.471521
0.471521
0.471521
0.471521
0.471521
0.471521
0.471521
0.471521
0.471521
0.471521
0.471521
0.471521
0.471521
0.471521
0.471521
0.471521
0.471521
0.471521
0.471521
0.471521
0.471521
0.471521
0.471521
0.471521
0.471521
0.471521
0.471521
0.471521
0.471521
0.471521
0.471521
0.471521
0.471521
0.471521
0.471521
0.471521
0.471521
0.471521
0.471521
0.471521
0.471521
0.471521
0.471521
0.471521
0.471521
0.471521
0.471521
0.471521
0.471521
0.471521
0.471521
0.471521
0.471521
0.471521
0.471521
0.471521
0.471521
0.471521
0.471521
0.471521
0.471521
0.471521
0.471521
0.471521
0.471521
0.471521
0.471521
0.471521
0.471521
0.471521
0.471521
0.471521
0.471521
0.471521
0.471521
0.471521
0.471521
0.471521
0.471521
0.471521
0.471521
0.471521
0.471521
0.471521
0.471521
0.471521
0.471521
0.471521
0.471521
0.471521
0.471521
0.471521
0.471521
0.471521
0.471521
0.471521
0.471521
0.471521
7.55955
0.471521
0.471521
0.471521
0.471521
0.471521
0.471521
0.471521
0.471521
0.471521
8.38091
8.38091
8.38091
4.85211
4.85211
4.3958
4.85211
0.471521
0.471521
0.471521
0.471521
0.471521
0.471521
0.471521
0.471521
0.471521
0.471521
0.471521
0.471521
0.471521
0.471521
0.471521
0.471521
0.471521
0.471521
0.471521
0.471521
0.471521
2.3424
2.3424
2.3424
2.3424
16.0774
16.0774
8.38091
8.38091
8.38091
8.38091
8.38091
8.38091
8.38091
8.38091
0.471521
7.54434
16.0774
16.0774
16.0774
16.0774
16.0774
16.0774
16.0774
16.0774
16.0774
16.0774
16.0774
16.0774
16.0774
17.0812
21.4618
21.0055
9.74984
1.84045
1.84045
1.84045
1.84045
1.84045
0.471521
0.471521
0.471521
0.471521
0.471521
0.471521
0.471521
0.471521
0.471521
0.471521
8.38091
8.38091
8.38091
8.38091
0.471521
0.471521
0.471521
0.471521
0.471521
0.471521
0.471521
0.471521
0.471521
0.471521
0.471521
8.38091
8.97412
8.97412
8.97412
8.97412
1.84045
1.84045
1.84045
1.84045
1.84045
1.84045
1.84045
1.84045
9.74984
8.38091
8.38091
7.60518
7.60518
9.50648
10.9515
10.9515
10.9515
10.9667
8.39612
8.39612
8.39612
8.3657
8.3657
0.471521
0.471521
0.471521
0.471521
8.38091
8.38091
8.38091
8.38091
0.471521
7.57476
16.0926
16.0926
16.0926
16.0926
8.39612
8.39612
9.67379
11.1036
11.1036
11.1036
8.66991
8.66991
8.66991
8.38091
8.38091
8.38091
8.38091
8.39612
8.39612
8.39612
0.775729
0.775729
0.775729
0.775729
0.775729
0.775729
0.775729
0.806149
8.66991
8.66991
8.66991
8.66991
0.806149
8.66991
8.66991
0.806149
0.806149
0.471521
8.38091
8.38091
0.471521
0.471521
2.03819
2.03819
2.03819
5.96246
0.471521
0.471521
0.471521
0.471521
0.471521
2.03819
9.94758
10.9667
10.9515
14.8909
3.05728
7.43787
7.42266
4.88253
0.471521
0.471521
0.471521
0.471521
4.85211
4.3958
2.03819
2.03819
0.471521
0.471521
0.471521
0.471521
4.3958
4.42622
4.42622
4.42622
0.471521
4.42622
4.89774
4.44143
4.44143
4.44143
12.3508
4.42622
0.471521
4.88253
4.88253
4.42622
4.88253
4.42622
4.42622
4.42622
4.42622
0.471521
0.471521
0.471521
0.471521
0.471521
0.471521
4.42622
4.42622
4.89774
9.32395
4.44143
4.44143
4.42622
4.88253
9.30874
9.30874
9.30874
9.30874
8.82201
11.0884
11.0884
11.0884
10.6777
10.6777
10.6777
11.0884
8.83722
8.83722
8.83722
11.712
12.1987
11.7272
11.7272
11.7272
14.0392
13.5676
13.5676
14.0392
13.5524
13.5524
13.5524
13.5524
14.0392
13.5524
12.6854
12.6854
12.2443
13.5524
8.56344
13.5524
13.5524
13.5524
9.01975
13.5524
12.2443
13.5524
18.5414
10.6777
12.2596
12.7007
13.5676
13.5676
11.7272
10.845
13.0809
13.5524
13.5524
13.1418
12.2443
13.5524
13.5524
14.0392
13.5524
13.5524
12.1987
10.6777
11.712
12.1987
8.83722
8.82201
8.82201
8.82201
8.82201
7.95502
8.82201
8.82201
8.82201
11.0884
11.5751
13.4916
14.1304
14.1304
13.6437
14.0392
13.5524
13.5524
13.6437
14.3282
13.8414
13.8414
13.9327
14.4194
13.9327
14.4194
13.9327
13.9327
13.9327
14.4194
11.3774
11.3774
11.5751
11.0884
10.6777
14.0392
13.5524
7.46829
8.82201
8.82201
8.82201
7.95502
8.82201
9.30874
9.29353
8.00065
9.30874
8.82201
7.95502
7.95502
8.82201
8.82201
8.82201
8.82201
9.30874
9.30874
4.42622
4.88253
4.42622
4.42622
4.42622
0.471521
0.471521
0.471521
0.471521
0.471521
0.471521
0.471521
0.471521
0.471521
0.471521
0.471521
0.471521
0.471521
0.471521
0.471521
0.471521
0.471521
0.471521
0.471521
0.471521
0.471521
0.471521
8.38091
8.3657
8.3657
0.471521
0.471521
0.471521
0.471521
0.471521
0.471521
0.471521
0.471521
0.471521
4.44143
4.44143
0.471521
0.471521
0.471521
0.471521
0.471521
0.471521
0.471521
0.471521
0.471521
0.471521
0.471521
0.471521
0.471521
0.471521
2.3424
0.471521
0.471521
0.471521
0.471521
0.471521
0.471521
0.471521
0.471521
0.471521
0.471521
0.471521
0.471521
0.471521
0.471521
0.471521
0.471521
0.471521
0.471521
0.471521
2.44887
2.3424
2.35761
0.486732
0.486732
0.486732
0.471521
0.471521
0.471521
0.471521
0.471521
0.471521
0.471521
0.471521
0.471521
0.471521
0.471521
0.471521
0.471521
0.471521
0.471521
0.471521
0.471521
0.471521
8.38091
0.471521
0.471521
0.471521
0.471521
0.471521
0.471521
0.471521
0.471521
0.471521
0.471521
0.471521
0.471521
0.471521
0.471521
0.471521
0.471521
0.471521
0.471521
0.471521
0.471521
0.471521
0.471521
0.471521
0.471521
0.471521
0.471521
0.471521
0.471521
0.471521
0.471521
0.471521
0.471521
0.471521
0.471521
0.471521
0.471521
0.471521
0.471521
0.471521
0.471521
0.471521
0.471521
0.471521
0.471521
0.471521
2.44887
0.471521
0.471521
0.471521
0.471521
0.471521
0.471521
0.471521
0.471521
0.471521
0.471521
0.471521
0.471521
0.471521
0.471521
2.44887
0.471521
8.38091
0.471521
0.471521
0.471521
0.471521
0.471521
0.471521
0.471521
0.471521
0.471521
0.471521
0.471521
0.471521
0.471521
0.471521
0.471521
0.471521
0.471521
0.471521
0.471521
4.44143
4.44143
11.0884
11.4382
17.4919
9.58253
17.4919
4.71521
0.760518
0.775729
0.486732
0.486732
0.486732
0.486732
0.486732
0.486732
0.486732
0.486732
0.471521
0.471521
0.471521
0.471521
0.471521
0.471521
0.471521
0.471521
0.471521
0.471521
0.471521
0.471521
0.471521
0.471521
0.471521
0.471521
0.471521
0.471521
0.471521
0.471521
0.471521
0.471521
0.471521
0.471521
0.471521
0.471521
0.471521
0.471521
0.471521
0.471521
0.471521
0.471521
0.471521
0.471521
0.471521
0.471521
0.471521
0.471521
0.471521
0.471521
0.471521
0.471521
0.471521
0.471521
0.471521
0.471521
0.471521
0.471521
0.471521
0.471521
0.471521
0.471521
0.471521
0.471521
0.471521
0.471521
0.471521
0.471521
0.471521
0.471521
0.471521
0.471521
0.471521
0.471521
0.471521
0.471521
0.471521
0.471521
0.471521
0.471521
0.471521
0.471521
0.471521
0.471521
0.471521
0.471521
0.471521
0.471521
0.471521
0.471521
0.471521
0.471521
0.471521
0.471521
0.471521
0.471521
0.471521
0.471521
0.471521
0.471521
0.471521
0.471521
0.471521
0.471521
0.471521
0.471521
0.471521
0.471521
0.471521
0.471521
0.471521
0.471521
0.471521
0.471521
0.471521
0.471521
0.471521
0.471521
0.471521
0.471521
0.471521
0.471521
0.471521
0.471521
0.471521
0.471521
0.471521
0.471521
0.471521
0.471521
0.471521
0.471521
0.471521
0.471521
0.471521
0.471521
0.471521
0.471521
0.471521
0.471521
0.471521
0.471521
0.471521
0.471521
0.471521
0.471521
0.471521
0.471521
0.471521
0.471521
0.471521
0.471521
0.471521
0.471521
0.471521
0.471521
0.471521
0.471521
0.471521
0.471521
0.471521
0.471521
0.471521
0.471521
0.471521
0.471521
0.471521
0.471521
0.471521
0.471521
0.471521
0.471521
0.471521
4.3958
0.471521
0.471521
0.471521
0.471521
0.471521
0.471521
0.471521
0.471521
0.471521
0.471521
0.471521
0.471521
0.471521
0.471521
0.471521
0.471521
0.471521
0.471521
0.471521
2.03819
0.471521
0.471521
0.471521
0.471521
0.471521
0.471521
0.471521
0.471521
0.471521
0.471521
0.471521
0.471521
0.471521
0.471521
0.471521
0.471521
0.471521
0.471521
0.471521
0.471521
0.471521
0.471521
0.471521
5.99288
4.88253
6.44919
9.29353
8.8068
9.30874
8.8068
9.29353
4.3958
4.85211
4.85211
4.85211
4.42622
4.85211
0.471521
2.3424
6.26667
6.26667
4.85211
4.3958
4.86732
0.471521
0.471521
0.471521
4.42622
6.7534
6.26667
2.3424
0.471521
0.471521
0.471521
0.471521
0.471521
4.3958
4.42622
4.42622
0.471521
0.486732
0.471521
0.471521
0.471521
0.471521
0.471521
0.471521
0.471521
0.471521
4.42622
0.471521
5.99288
6.70777
0.471521
0.471521
0.471521
0.471521
0.471521
2.3424
6.29709
10.6929
4.42622
4.88253
4.88253
4.88253
4.42622
0.486732
0.486732
6.38835
8.01586
8.8068
11.5751
11.5751
11.5751
11.0884
11.0884
11.5751
11.0884
11.0884
11.0884
11.712
11.2252
11.0884
11.0884
11.0884
11.712
11.712
10.1909
12.7007
13.5524
13.5524
14.0392
14.024
13.5372
13.5676
14.0544
14.0544
13.6437
13.6437
13.6437
14.1304
13.6437
14.1304
14.0544
14.0544
13.5676
13.6589
13.1113
13.0961
13.5981
13.735
11.8337
11.5751
11.5751
11.712
11.2252
11.2252
14.1304
14.1304
13.5676
14.0544
29.5081
13.6437
13.6437
14.0392
14.1304
14.1304
13.6437
21.4618
13.5524
11.5751
11.712
11.2252
11.712
10.8146
13.6437
14.0392
11.5751
14.0544
13.157
13.157
13.157
13.157
12.6702
12.868
13.1418
14.024
14.0392
13.5524
13.5676
14.0544
13.5676
14.0544
14.0544
13.5676
13.5676
13.5676
13.5676
14.3434
21.5531
12.7007
20.1537
12.7159
14.0544
13.1113
13.5676
13.5676
15.6058
24.7929
22.922
22.7547
22.7699
13.1265
12.2139
13.1265
13.1265
13.157
11.5903
11.5903
11.1036
11.1188
11.1188
10.8754
11.5751
11.0884
11.3317
14.0392
13.5981
12.2596
12.2596
12.2291
12.29
12.1987
12.7159
12.2596
13.157
12.7007
12.7007
12.7007
12.7007
10.6777
10.2214
10.2214
11.0884
11.3774
14.389
14.389
12.9592
13.8566
14.3434
13.1113
13.6589
12.7159
12.7159
13.1874
13.5524
20.1537
20.61
20.61
20.5492
12.2443
14.0392
10.845
10.845
12.7159
12.2596
13.5524
12.2443
12.2443
20.0929
20.5492
12.2443
14.0392
10.1301
10.6777
11.0884
13.3547
12.868
12.868
13.5524
16.0165
24.6256
24.6256
12.6854
23.6369
20.899
20.899
21.3554
20.899
20.9143
20.4579
20.4275
12.5333
12.868
12.868
13.3547
11.8032
11.5751
13.5676
12.7007
12.7007
12.7311
12.7007
12.2443
14.0392
22.0246
12.7767
12.6854
13.5524
13.5524
13.5524
12.2596
12.7159
12.1987
13.5524
13.5524
11.5751
11.0884
11.5751
11.5751
11.5751
11.3774
10.2214
10.6777
10.2214
11.0884
11.0884
11.5751
11.3774
10.8906
12.579
10.4039
12.7615
14.0392
14.0392
14.0392
13.5524
13.6437
12.7311
12.5181
12.3052
13.6589
13.6589
23.7586
23.2871
20.1537
20.1537
20.61
20.5796
12.7159
12.655
12.1987
12.868
13.3547
13.3395
12.868
14.8453
23.2871
24.3366
23.713
20.5948
18.4198
12.2596
20.5796
12.2596
14.4042
21.7812
14.8301
10.4495
10.4495
10.3887
9.47606
9.11101
9.30874
8.41133
8.41133
8.41133
17.2181
17.2181
11.5599
6.85987
4.42622
4.42622
4.42622
0.471521
0.471521
0.471521
0.471521
7.90939
0.806149
5.17152
5.17152
13.7654
10.1757
10.1757
11.21
11.21
11.0579
11.0579
10.9363
11.0579
11.0579
10.1757
10.1757
10.1757
9.78026
11.2252
11.2252
11.2252
2.63139
8.68512
0.775729
8.68512
8.68512
8.68512
8.66991
8.68512
8.39612
8.39612
2.46408
2.46408
11.0731
2.46408
2.46408
0.486732
0.486732
0.486732
2.35761
10.9667
11.0579
2.44887
11.0579
11.0579
11.0579
8.38091
8.3657
8.38091
0.486732
8.38091
0.486732
0.486732
8.38091
0.471521
0.471521
0.471521
0.471521
8.38091
0.471521
2.3424
0.471521
0.471521
0.471521
0.486732
0.486732
0.471521
0.471521
0.471521
0.471521
0.471521
0.471521
0.471521
0.486732
0.471521
8.38091
0.471521
8.38091
8.38091
0.806149
2.50971
0.471521
0.806149
0.806149
0.806149
0.882201
0.547573
0.547573
0.547573
0.882201
0.806149
8.38091
0.471521
0.471521
0.471521
0.547573
0.547573
0.577994
0.471521
0.471521
0.471521
7.57476
0.471521
0.471521
0.471521
0.471521
0.471521
8.38091
8.38091
0.471521
0.471521
0.471521
0.806149
9.52169
10.9667
8.39612
0.486732
7.58997
7.58997
8.39612
8.39612
0.471521
0.471521
0.471521
0.471521
0.471521
0.471521
0.471521
0.471521
0.471521
0.471521
0.471521
8.38091
10.9515
18.6631
18.6631
8.38091
16.0926
16.0926
0.471521
11.0579
0.471521
0.471521
0.471521
0.471521
0.471521
0.471521
0.471521
2.44887
0.471521
8.66991
10.9971
11.1036
11.1036
11.1036
11.1036
2.50971
0.806149
0.882201
0.882201
8.74596
16.5641
0.806149
8.38091
0.547573
0.547573
2.43366
2.60097
0.547573
0.547573
0.547573
0.547573
0.547573
0.547573
0.547573
0.547573
0.547573
0.547573
0.547573
0.471521
0.471521
0.471521
0.471521
0.471521
0.471521
0.471521
0.471521
0.471521
7.54434
0.471521
0.471521
0.471521
0.471521
0.471521
0.471521
0.471521
0.471521
0.471521
0.471521
0.471521
0.471521
