+4.020154590874066791 
+3.944003333774913855 
+3.867027632072542076 
+3.792303042347749287 
+3.716776024941717882 
+3.643464208255068115 
+3.570846526167622770 
+3.497458875471835871 
+3.426233338501882386 
+3.354259243116376243 
+3.284412148510196694 
+3.213837665065037541 
+3.145355386523760455 
+3.078920838832891693 
+3.011762661624962423 
+2.946618847749834735 
+2.880771835344430265 
+2.816906117748995797 
+2.752357404996746304 
+2.689757215983552108 
+2.625209645245425882 
+2.562604096177787838 
+2.499381857748541158 
+2.436823863853636585 
+2.374926694576686259 
+2.313686939871645531 
+2.254306526960587753 
+2.194358431360238448 
+2.136237340665052109 
+2.078734754719877120 
+2.021847509826161016 
+1.964430332949969049 
+1.908776711903700019 
+1.853728931056663587 
+1.799283862964056180 
+1.744345723301836681 
+1.691108875172589787 
+1.638465348167274627 
+1.585355862756200995 
+1.533901663378859581 
+1.483031475182263748 
+1.432742233765986750 
+1.382022362102743429 
+1.332897556531331240 
+1.284344496040190631 
+1.236360151973648680 
+1.187979646129348588 
+1.141135136474386691 
+1.094850249228328298 
+1.049121991295248080 
+1.004863794767085317 
+0.960228642955158307 
+0.916141254475841382 
+0.872598671249749991 
+0.828725999451769724 
+0.786275155281402682 
+0.745210303786264294 
+0.703817536018151557 
+0.663783565414118648 
+0.623437453364195981 
+0.584423209150071177 
+0.544315548847874364 
+0.504747907859216305 
+0.466492606650322106 
+0.427985213764839223 
+0.390763122690889197 
+0.354048117819714125 
+0.317837362993635075 
+0.282128030665030227 
+0.246917301884889806 
+0.212905896992478638 
+0.177980422098344526 
+0.144248676083967187 
+0.111004343579218734 
+0.078244648456460730 
+0.045313090012639723 
+0.013524124479986632 
-0.017788536965369417 
-0.048627636226727944 
-0.079610784045141436 
-0.109501425898717031 
-0.138926735770916743 
-0.167889421525707405 
-0.196392182589150366 
-0.224437709960850995 
-0.252587053205144407 
-0.280265944067859429 
-0.318231421827175787 
-0.345319281299848235 
-0.371410575087596229 
-0.396027292683814203 
-0.420724046548706987 
-0.444495311453997566 
-0.468334124057504297 
-0.491743426075423429 
-0.514261034517840443 
-0.536371406360338199 
-0.558524877449109169 
-0.579819682933730540 
-0.601145625334204681 
-0.621634700872927048 
-0.642143123967470864 
-0.661836243409724467 
-0.681537092802652289 
-0.700833753395410319 
-0.720110185857467222 
-0.738971042600744532 
-0.757783741620404072 
-0.775813218289558293 
-0.793435104230546528 
-0.810992251546409193 
-0.827134235022504605 
-0.842907771871002076 
-0.858949225325391197 
-0.874595976596356017 
-0.889850608680743171 
-0.904715695843652412 
-0.919193803631093154 
-0.933287488882640126 
-0.946728789456339648 
-0.959542478175484881 
-0.972264800678151353 
-0.984378749369776429 
-0.996391398526728977 
-1.007814691728731837 
-1.019126910456946256 
-1.029868572246364522 
-1.040489541830246445 
-1.050558535995450349 
-1.060497376262605762 
-1.070095083345663944 
-1.079353960930272471 
-1.088454905440462639 
-1.097036206039070372 
-1.105285587467153441 
-1.113205321835248007 
-1.120645985045660709 
-1.127919823063741944 
-1.134732095331381529 
-1.141368849685315823 
-1.147561334242523934 
-1.153689100098782561 
-1.159489865608439807 
-1.164859623107719067 
-1.169919786927800409 
-1.174578614678703836 
-1.178944517906004741 
-1.183101363200344203 
-1.186881560476670039 
-1.190444745450085051 
-1.193774846239628040 
-1.196740844338311405 
-1.199466038021771652 
-1.201889104477782411 
-1.204012302147028812 
-1.205804271788309734 
-1.207312518747495567 
-1.208516913624410272 
-1.209469699162272427 
-1.210155911727978761 
-1.210550218334208061 
-1.210671239666035071 
-1.210521040577051011 
-1.210101678404900127 
-1.209398426343939015 
-1.208419217043117833 
-1.207193941608967869 
-1.205674706788074424 
-1.203924336008935114 
-1.201917111950161932 
-1.199606234902921287 
-1.197140114936575905 
-1.194315286151275579 
-1.191295562128242835 
-1.188028973889994511 
-1.184517488873784608 
-1.180683930468251042 
-1.176683626994647014 
-1.172444324528442827 
-1.167967960961193263 
-1.163256466864252658 
-1.158311765500225299 
-1.153243704685809057 
-1.147842991644796307 
-1.142331882297791701 
-1.136360900006263108 
-1.130283302737294271 
-1.123983846646073204 
-1.117464404301815151 
-1.110587081661575937 
-1.103628861432187414 
-1.096456267098347759 
-1.089071142281786919 
-1.081475323432829150 
-1.073509198606460657 
-1.065493265978773252 
-1.057272142722363917 
-1.048673602823524398 
-1.040043419172151928 
-1.031031213171194061 
-1.021999289771893693 
-1.012580857879976648 
-1.002960070248197333 
-0.992940344425091936 
-0.983118920056972101 
-0.973108533467163639 
-0.962700876320027099 
-0.952314020729186694 
-0.941743446901561754 
-0.930990876961751646 
-0.920058026059391132 
-0.908946602380598101 
-0.897890437323014545 
-0.886430523008640670 
-0.875036224979541366 
-0.863476992918420727 
-0.851262436969749459 
-0.839121903785458478 
-0.826561595886658118 
-0.814085606918271587 
-0.801186432833152828 
-0.788381707837243262 
-0.775150495639733705 
-0.762023697932152189 
-0.748467218200921103 
-0.735024954847529166 
-0.721428979041331964 
-0.707962972105084631 
-0.694067414813636319 
-0.680310988348383106 
-0.665830965547575815 
-0.651199108312087382 
-0.636714180343137315 
-0.621786587553338599 
-0.607015010979584879 
-0.592103893144684257 
-0.576746220330134562 
-0.561557856263189770 
-0.546234574214546242 
-0.530461070585956485 
-0.514869821932803617 
-0.499148217982400055 
-0.483297756055264038 
-0.467319926875840785 
-0.450886267030546684 
-0.434655625642910159 
-0.418302079666506010 
-0.401827093422324921 
-0.385232124692738154 
-0.368176308853205292 
-0.351688038282397031 
-0.334394767935140891 
-0.317332000628842259 
-0.300156471089810140 
-0.282515655216427852 
-0.264760405105486818 
-0.247250675150764820 
-0.229273244294218692 
-0.211548626117137317 
-0.194084633474894019 
-0.176154956392796436 
-0.158492731980376611 
-0.140734357571703050 
-0.122508170117046511 
-0.104184472363201941 
-0.085387705201602770 
-0.066492236626165990 
-0.047880284725241751 
-0.028793566620864297 
-0.010381400250087047 
+0.008116613812642726 
+0.027475338341850453 
+0.046534631418774897 
+0.066071067525196980 
+0.085301875815176231 
+0.105010644552545163 
+0.124407722373688578 
+0.143885170280134478 
+0.163041826271765000 
+0.182674645497863164 
+0.201981088984686696 
+0.221359879287531758 
+0.241215805205542200 
+0.260737238771468149 
+0.281554160920025609 
+0.302447414343042897 
+0.322591948381765636 
+0.342804466206948710 
+0.363498312916398447 
+0.383844515296470234 
+0.404255080365388597 
+0.425147302382825831 
+0.445264557764909696 
+0.465861114765659057 
+0.486095179893954565 
+0.506808696185006902 
+0.527155107646854137 
+0.547555476328618784 
+0.568435389898122256 
+0.589369271567669717 
+0.609927167132205295 
+0.630534703381501416 
+0.651621671095497401 
+0.672326310688711182 
+0.693510224448424140 
+0.714307706962630462 
+0.735584240417461288 
+0.756905930862278087 
+0.778271691767151275 
+0.799680442442827655 
+0.821569305640016179 
+0.843061639593669199 
+0.864593734541611703 
+0.886164533160954893 
+0.908214357405987105 
+0.929860150741034008 
+0.952427181918193533 
+0.974587978812103906 
+0.996783573590076966 
+1.018567970597959782 
+1.040829266813803500 
+1.063122142466433662 
+1.085445529833243050 
+1.107351028822976424 
+1.129731703472636628 
+1.151691322230433467 
+1.173676241623314631 
+1.195685485285399086 
+1.218167963699224643 
+1.239773068046478688 
+1.262300237967337591 
+1.284397535254303335 
+1.306514339768446664 
+1.329101637754964038 
+1.351254984202019838 
+1.373877624065284575 
+1.396063710030860161 
+1.418264607677124367 
+1.440025906118397092 
+1.462253432134939413 
+1.484039075212099767 
+1.505835486756554431 
+1.528096225497800109 
+1.549911840753644299 
+1.572190449015845370 
+1.594021880518603940 
+1.616314921313164010 
+1.638158822792490810 
+1.660462901095300481 
+1.683226589413991725 
+1.705538475441256363 
+1.728308365672893476 
+1.751080056443521382 
+1.773397206283303884 
+1.796169853487678214 
+1.818486254856406692 
+1.840801047851738925 
+1.863568743515085391 
+1.885877812954674049 
+1.907727676862582822 
+1.930027962970066735 
+1.951867698456196898 
+1.974156099226587191 
+1.995982687470219119 
+2.018256141438752316 
+2.040066603245903387 
+2.062322089312225160 
+2.084567363049119493 
+2.107255310823830996 
+2.129477651611240585 
+2.152140641205661620 
+2.174337007460443338 
+2.196519405370027656 
+2.219139349191089128 
+2.241291304292898801 
+2.263878680476288707 
+2.285997256248723186 
+2.308549089682571775 
+2.330631391380439954 
+2.353144749484534337 
+2.375187923948328894 
+2.397210689589848620 
+2.419661151944743960 
+2.441640602162096219 
+2.464045456708692683 
+2.485978841265043648 
+2.507441528788858953 
+2.529327150267257629 
+2.550741789600685649 
+2.572577085357036442 
+2.593941184855091286 
+2.615723630380891063 
+2.637034735669832486 
+2.658318720666482449 
+2.680017538221482809 
+2.701244929225540048 
+2.722884763397553698 
+2.744053198270567151 
+2.765631656448512832 
+2.786738809721471810 
+2.808253536639806036 
+2.829297119341011246 
+2.851183170525940724 
+2.872596908741946287 
+2.894411760990676541 
+2.915319341493499472 
+2.936626895751684785 
+2.957464189162727131 
+2.978698893343728393 
+2.999463756063335040 
+3.020623440117751635 
+3.041313764177319356 
+3.062396294341224845 
+3.083010007231011151 
+3.103585053763361579 
+3.124548350347131187 
+3.145043753374391571 
+3.165499008913790213 
+3.186763355823899246 
+3.207135152151810331 
+3.227888448672007193 
+3.248175694936178637 
+3.268420397928460730 
+3.289042505278709783 
+3.309199834035879917 
+3.330150339848789720 
+3.350635109702456482 
+3.371073150515919714 
+3.391463994826152462 
+3.412221847205081815 
+3.432515927233956265 
+3.452761425908235537 
+3.472957893656255735 
+3.493104885327758868 
+3.513201960182453121 
+3.533248681878548680 
+3.552837048590149038 
+3.572376279911162911 
+3.592271483711129143 
+3.611710210084117634 
+3.631098611137323129 
+3.650838627543610215 
+3.670525391566640039 
+3.689758364530335122 
+3.709338529379367699 
+3.728466319440556287 
+3.747938343365838421 
+3.767750847963704963 
+3.786716400009326300 
+3.806021675522381909 
+3.825270618080868434 
+3.844462859647073127 
+3.863987953492851624 
+3.883064530128059744 
+3.902083319633306235 
+3.921043970808542500 
+3.940331283718364386 
+3.959557335482766671 
+3.979104423948531366 
+3.998205635409729730 
+4.017244512790655975 
+4.035841802315656146 
+4.054756240769170184 
+4.073230927482133445 
+4.092019603638531677 
+4.111118109604241511 
+4.129777154518953886 
+4.148371540108827027 
+4.166900950732216558 
+4.184996434403251975 
+4.203028928180515322 
+4.220998147095675890 
+4.238903810153518137 
+4.256745640320571233 
+4.274161196390414474 
+4.292236713588279962 
+4.309885422327475624 
+4.327469229430145781 
+4.344987877499654871 
+4.362441113032408779 
+4.380182849416732971 
+4.397503167288973280 
+4.414757330460963303 
+4.431594995339475318 
+4.449066244669714010 
+4.466120531266742688 
+4.483453711808651931 
+4.500372232616474122 
+4.517566416919663652 
+4.534690058725996842 
+4.551062180176514538 
+4.567368887895336904 
+4.583947647681605453 
+4.600794067522400610 
+4.617234090980166350 
+4.633938538240896854 
+4.650570981322959874 
+4.667131223615897717 
+4.683619072492907875 
+4.699379124531454011 
+4.715724538734924032 
+4.731672279061839959 
+4.747549800843064105 
+4.763678801829565046 
+4.779413959914336374 
+4.795078418150268362 
+4.810989522483620107 
+4.826194630110096639 
+4.841646090266511493 
+4.856713095820331283 
+4.872023303050271537 
+4.886951676934097932 
+4.902120104279965140 
+4.916909343641494345 
+4.931935491359983104 
+4.946889584468804557 
+4.961468515306044935 
+4.976279627517106618 
+4.990718280397299367 
+5.005385979371620664 
+5.019683943828329831 
+5.034207823825131989 
+5.048658907143593666 
+5.063037100380521238 
+5.077633496129076107 
+5.091864150454763482 
+5.106021653043460340 
+5.120105924001467912 
+5.134402060953966895 
+5.148338143964399372 
+5.162200774213427934 
+5.175989885131865975 
+5.189426240616069386 
+5.203069629785161077 
+5.216639320708707395 
+5.230135259824489680 
+5.243557396810244242 
+5.257177329352623829 
+5.270450215557194618 
+5.283917763454459404 
+5.297308288548984834 
+5.310356240652119197 
+5.323594156921127585 
+5.336754952446661093 
+5.349838601169895291 
+5.362585707237383481 
+5.375516541707220597 
+5.388370171830618283 
+5.401146585004358514 
+5.413592545095645470 
+5.426216044623735080 
+5.438512141061478289 
+5.450982716504645609 
+5.463128951654379506 
+5.475201021624868325 
+5.487198936154785045 
+5.499365278380830446 
+5.511213410657955336 
+5.522987435128672296 
+5.534687373557307666 
+5.546549742507239422 
+5.558100075401399387 
+5.569576405930781071 
+5.580978767700385035 
+5.592537620135899168 
+5.603790649269652313 
+5.614969828805218555 
+5.626301076171129623 
+5.637331190455478591 
+5.648510433742110592 
+5.659391691144948666 
+5.670419154955054886 
+5.681151787280558807 
+5.691594150629261328 
+5.702181407624573595 
+5.712695327571896797 
+5.722923638578291339 
+5.733292592557751810 
+5.743379039835959432 
+5.753603326689869846 
+5.763754654635928176 
+5.773628153226958659 
+5.783635303849973042 
+5.793367737223014124 
+5.803231062256854145 
+5.813021873456704292 
+5.822740268555156362 
+5.832582454444044551 
+5.842154848502411291 
+5.851655137715260580 
+5.861083430413404294 
+5.870439837535052163 
+5.879913208458663831 
+5.889124726475518656 
+5.898264709709277298 
+5.907517609601086406 
+5.916513436152006200 
+5.925619498071878155 
+5.934471684084699383 
+5.943431445343025032 
+5.951963497793183677 
+5.960603396066089132 
+5.969172806478562521 
+5.977671870515461450 
+5.986100732119557399 
+5.994459537679990291 
+6.002579972617837711 
+6.010967578390257415 
+6.019117118447650405 
+6.027197212253654790 
+6.035370783771190517 
+6.043311053737953742 
+6.051182363279342447 
+6.058984877992000584 
+6.066875886885428670 
+6.074539922807144166 
+6.082135678249723121 
+6.089663328160860090 
+6.097123049785475146 
+6.104364842075090003 
+6.111541793517833554 
+6.118949021418660372 
+6.126286278077082592 
+6.133409096542730587 
+6.140465097791080851 
+6.147596422826446805 
+6.154518017213979064 
+6.161373384055089275 
+6.168162722981434420 
+6.174749677893682787 
+6.181408905732615366 
+6.188002713304332048 
+6.194663867917395095 
+6.201126137329985966 
+6.207653509655722601 
+6.213985108276246727 
+6.220252357674777244 
+6.226455476652606791 
+6.232719312179593629 
+6.238793537588099625 
+6.244804305953220336 
+6.250751844320131312 
+6.256755819987141365 
+6.262458149337607693 
+6.268217380141652306 
+6.273798666570154836 
+6.279434795229343891 
+6.284895948597929660 
+6.290409911550497668 
+6.295862522736983991 
+6.301363423065601488 
+6.306800958874221763 
+6.312175394334046175 
+6.317381377687544486 
+6.322631661847381679 
+6.327819645028267104 
+6.332843686527959370 
+6.337909118973961142 
+6.342714086782144101 
+6.347560967305309276 
+6.352252180805645132 
+6.356983455415111450 
+6.361561933408799163 
+6.366178649082865348 
+6.370737897185920318 
+6.375331235180217604 
+6.379775208437750145 
+6.384251491959979319 
+6.388581316851645653 
+6.392941702623728517 
+6.397158519797342180 
+6.401404178901140440 
+6.405509142981827608 
+6.409559176847692719 
+6.413473574073558225 
+6.417335808658232388 
+6.421224986650550193 
+6.424982646047909363 
+6.428688974003957668 
+6.432419859317011657 
+6.436023305432275521 
+6.439576264732570721 
+6.443151461964870208 
+6.446603259616150439 
+6.450005428220768167 
+6.453496889130407865 
+6.456866890502432454 
+6.460186093301548027 
+6.463520992081043914 
+6.466738507337460362 
+6.469906163763321061 
+6.473087396708447017 
+6.476155277791564302 
+6.479174253116571691 
+6.482204757607336276 
+6.485125896403230783 
+6.487999095528209637 
+6.490881849056622244 
+6.493715366512409659 
+6.496444778026885913 
+6.499181829637979746 
+6.501817373074453954 
+6.504459325852804064 
+6.507053772024171678 
+6.509550578521698938 
+6.512002432183123801 
+6.514360984341424299 
+6.516677036947125856 
+6.518997833097930794 
+6.521228970215952714 
+6.523463746377734296 
+6.525655576569942440 
+6.527761364848816861 
+6.529869189995782364 
+6.531976819596188477 
+6.534041165287539421 
+6.536022585321127565 
+6.538002317772910743 
+6.539901528647815709 
+6.541760578865149611 
+6.543616535379174870 
+6.545395518697008086 
+6.547135406777033317 
+6.548836554572849522 
+6.550499318119738845 
+6.552091274390106079 
+6.553679106982992053 
+6.555198349936599556 
+6.556712659156239908 
+6.558160571585446519 
+6.559602773008132104 
+6.561037418731647364 
+6.562407493374385226 
+6.563769299945722224 
+6.565068738630714051 
+6.566359231369222726 
+6.567589532852690759 
+6.568810245076365462 
+6.569972915857832163 
+6.571079942830940546 
+6.572177817619580864 
+6.573222085436208673 
+6.574256624655344439 
+6.575239567262334717 
+6.576231767642823911 
+6.577173122755263890 
+6.578084169234296397 
+6.578982957775544094 
+6.579833921859221668 
+6.580655720696041655 
+6.581464621335381793 
+6.582228655182689181 
+6.582979406105383013 
+6.583687233049872134 
+6.584381427294472289 
+6.585034611557524897 
+6.585673848325288127 
+6.586273960072340117 
+6.586859844532456876 
+6.587408459682253081 
+6.587942602777297374 
+6.588451227908040053 
+6.588925321062497176 
+6.589375692833435494 
+6.589811208146736377 
+6.590214843689020441 
+6.590595937693982442 
+6.590954881983474678 
+6.591298726532798469 
+6.591614117239246617 
+6.591908545144780973 
+6.592182404319003375 
+6.592441059317697416 
+6.592674565812156828 
+6.592892868058608968 
+6.593087636868896872 
+6.593260418465662909 
+6.593418802450683458 
+6.593559398517607306 
+6.593682604667385760 
+6.593788819339378549 
+6.593878441400075729 
+6.593953202869053953 
+6.594010519803135573 
+6.594052451342447441 
+6.594079397955139754 
+6.594091863733732239 
+6.594089758097553045 
+6.594073879309329200 
+6.594044629253684064 
+6.594001416308421959 
+6.593946378388416463 
+6.593877689940118358 
+6.593798508504253419 
+6.593707986320339387 
+6.593606527053695210 
+6.593494534624094072 
+6.593369818289255946 
+6.593234984972259127 
+6.593087478313567118 
+6.592930349676393575 
+6.592764055749250396 
+6.592589053437001745 
+6.592409469462054972 
+6.592222385534293849 
+6.592032182275544550 
+6.591835595938214887 
+6.591637223530668166 
+6.591429198764132913 
+6.591220400944973967 
+6.591002529581881930 
+6.590780289547480741 
+6.590549432511597416 
+6.590314881784479439 
+6.590077069321289116 
+6.589841264895746953 
+6.589598268682554050 
+6.589353298130281367 
+6.589111727844306543 
+6.588874042928315689 
+6.588630739543040349 
+6.588387166369198411 
+6.588148693954532398 
+6.587905785511489754 
+6.587668744332727755 
+6.587428093120067274 
+6.587194042871338695 
+6.586962049315760126 
+6.586727740355831529 
+6.586501067798321785 
+6.586272985815647019 
+6.586048653734289715 
+6.585828476982212187 
+6.585612860816246972 
+6.585402210310651760 
+6.585196930345617261 
+6.584993417040578834 
+6.584800222289840299 
+6.584613619689075215 
+6.584437606065495885 
+6.584265244415837159 
+6.584100677873205854 
+6.583944309639261583 
+6.583799469650884362 
+6.583657779465101889 
+6.583525883275086699 
+6.583404208185459794 
+6.583295294378725515 
+6.583195115692298316 
+6.583106428696238410 
+6.583031074843064268 
+6.582967566543796778 
+6.582915387718561107 
+6.582877031734176043 
+6.582851727623600269 
+6.582839873939571262 
+6.582841868799313545 
+6.582858592445834489 
+6.582889779923175588 
+6.582936015659904605 
+6.582997695906621871 
+6.583076966178875722 
+6.583168972456152623 
+6.583279358749483556 
+6.583403996519965773 
+6.583548466016980072 
+6.583714238572586197 
+6.583895082553100409 
+6.584094522339348998 
+6.584312949332986165 
+6.584555812010460585 
+6.584813792719524272 
+6.585091939163078223 
+6.585396952963987971 
+6.585717028488062397 
+6.586065635052513301 
+6.586429221957459390 
+6.586823033078458067 
+6.587231708130747876 
+6.587672329857147346 
+6.588118136230455946 
+6.588606671695695027 
+6.589109735333649631 
+6.589648259421587717 
+6.590201090679054019 
+6.590791191103283708 
+6.591395342768314514 
+6.592025467928037230 
+6.592695619096907045 
+6.593379373850268621 
+6.594090241327965174 
+6.594828597037885487 
+6.595610745492724192 
+6.596389270925843817 
+6.597195250150178936 
+6.598046701526754987 
+6.598927498135319425 
+6.599838010232522478 
+6.600798118850638829 
+6.601769794335265118 
+6.602772298013546148 
+6.603805996381540311 
+6.604893326115659491 
+6.605991164797877069 
+6.607121299236482059 
+6.608284091981756703 
+6.609479904573694498 
+6.610734533191382489 
+6.611998158303386219 
+6.613322730937785110 
+6.614628082678121856 
+6.615995095599938480 
+6.617368312988194390 
+6.618775616703715059 
+6.620247742864421525 
+6.621756088216031344 
+6.623269106849114962 
+6.624882838684738928 
+6.626501942047109850 
+6.628192865756778573 
+6.629888324985456549 
+6.631622098160617540 
+6.633394529103323833 
+6.635168600348193557 
+6.637056733540107167 
+6.638947188606812766 
+6.640877664563241467 
+6.642848499092362857 
+6.644901506319955686 
+6.646954906814214858 
+6.649049678112310957 
+6.651186152754101855 
+6.653364661971309602 
+6.655585535676393327 
+6.657849102450930090 
+6.660155689534021484 
+6.662554034246066514 
+6.664948532846095119 
+6.667336824652435823 
+6.669818738115498746 
+6.672293277034719416 
+6.674916791894901280 
+6.677533568678797771 
+6.680195933988406054 
+6.682959953409847387 
+6.685715384685680718 
+6.688517350381715687 
+6.691424789621583713 
+6.694321718808940780 
+6.697266114810075166 
+6.700258283294042272 
+6.703361076936735330 
+6.706450691749560100 
+6.709588992978745559 
+6.712776280089042480 
+6.716079418679699486 
+6.719366584559844924 
+6.722772255662313512 
+6.726160503206402907 
+6.729599222010421045 
+6.733160446308081859 
+6.736774830816273152 
+6.740294935600179116 
+6.743864581036205230 
+6.747559970067955604 
+6.751230539694027755 
+6.755029505370439225 
+6.758802073251627185 
+6.762785925212112303 
+6.766825262796018592 
+6.770837925211257158 
+6.774987977868837774 
+6.779194374536096745 
+6.783285787635678687 
+6.787516528747657318 
+6.791714166994893276 
+6.796053861676487173 
+6.800358731387531108 
+6.804808399843764732 
+6.809221493428725402 
+6.813875802845189789 
+6.818399229477181578 
+6.823073008241614446 
+6.827706611024812133 
+6.832493347767528036 
+6.837238076211085591 
+6.842138732794222911 
+6.846995521810752550 
+6.852011045107746057 
+6.856980814841030281 
+6.862112136561239417 
+6.867302303735112190 
+6.872443828726533255 
+6.877860099831917040 
+6.883338360694650326 
+6.888767429995753311 
+6.894369136147515675 
+6.899919636329864936 
+6.905530571301126130 
+6.911202158542946172 
+6.917052237599667919 
+6.922847022226608082 
+6.928703103292257026 
+6.934499306581436429 
+6.940477343972883517 
+6.946393409803320651 
+6.952369077813134624 
+6.958404536509164018 
+6.964627599743730357 
+6.970913361475844283 
+6.977262015741089840 
+6.983805264360340992 
+6.990281570203958239 
+6.996821341171891362 
+7.003424762338084975 
+7.010092016518925107 
+7.016961324856918480 
+7.023758096305429355 
+7.030619239124172637 
+7.037686940773481226 
+7.044678667397187510 
+7.051735282729927334 
+7.059002972117719210 
+7.066191195011805704 
+7.073593517359010541 
+7.080914008428006667 
+7.088451627845233638 
+7.095905028084436239 
+7.103578588566085372 
+7.111010021471930287 
+7.118505086883791577 
+7.126222075791764254 
+7.133846145328029742 
+7.141534251959472002 
+7.149448713978539871 
+7.157266621383357119 
+7.165313850751827474 
+7.173262068265405134 
+7.181442575194544986 
+7.189521593036163338 
+7.197665512199295179 
+7.206046157236058569 
+7.214321573509780094 
+7.223011169557732813 
+7.231595764370048585 
+7.240071295368094795 
+7.248791015142827199 
+7.257399116887320645 
+7.266254371857423955 
+7.275178242522000183 
+7.283986616114006551 
+7.293232215475322633 
+7.302362503350653178 
+7.311373347617230678 
+7.320640284747238269 
+7.329976376450504816 
+7.339381703400124302 
+7.348662290185911772 
+7.358009460625742904 
+7.367620113407561178 
+7.377102043716600832 
+7.386650755787208311 
+7.396467345286037443 
+7.406151193910952557 
+7.416105853074021148 
+7.426335652364482343 
+7.436431453763429289 
+7.446805383213710883 
+7.457252182025959186 
+7.467771897313453699 
+7.478152004264426722 
+7.488388250150425307 
+7.498907180206535017 
+7.509279481625371844 
+7.519937362928865277 
+7.530445834269626992 
+7.541021724087697109 
+7.551887505425439961 
+7.562599694327650113 
+7.573604646897779347 
+7.584453193054709885 
+7.595825529043899849 
+7.607041473951575483 
+7.618327759922125963 
+7.629684387031794301 
+7.641345288020675142 
+7.652844020666218050 
+7.664176270047549977 
+7.675814201180442886 
+7.687522427760696608 
+7.699300931355011812 
+7.711149690405021850 
+7.723312655981619201 
+7.735303281110899043 
+7.747364077490168199 
+7.759495010881728660 
+7.771446342750564895 
+7.783716005363809032 
+7.795803154318933892 
+7.808211374679713046 
+7.820434160525119971 
+7.832980742163107024 
+7.845338960130050054 
+7.858023681402341865 
+7.870517101977645424 
+7.883339715893390220 
+7.896231884923672339 
+7.909458782663188359 
+7.922491255703250523 
+7.935593053698106303 
+7.948764093743751147 
+7.962004289583198613 
+7.975041244236269478 
+7.988418072758075361 
+8.001588690030438045 
+8.015101773781202255 
+8.028683535620121603 
+8.042333869070008134 
+8.056052664221281745 
+8.070121888847108238 
+8.083978655121915935 
+8.098188419597340371 
+8.112182665716439089 
+8.126244766825177379 
+8.140663660041266070 
+8.154862452900230707 
+8.169128694672448177 
+8.183755465046424149 
+8.198157545606703067 
+8.212922620988628353 
+8.227459933249697599 
+8.242063944703915013 
+8.257034586508755325 
+8.271772867023098996 
+8.286577353841916960 
+8.301752042926223041 
+8.316689769596063542 
+8.331693176575731385 
+8.347070291762584304 
+8.362205842178322968 
+8.377406513488329765 
+8.392672113062451089 
+8.408002444561208932 
+8.423082483326741254 
+8.438540364004307293 
+8.454062369488831052 
+8.469967032534615470 
+8.485617947927821092 
+8.501332338667824118 
+8.517109982127905710 
+8.532950651880600645 
+8.549179330431210033 
+8.565473145548976319 
+8.581504036164723459 
+8.597926071593089858 
+8.614412477662217071 
+8.630299741108292011 
+8.646578680070824419 
+8.662584601800514150 
+8.678984162778210276 
+8.695107739503335154 
+8.711626883116416309 
+8.728545002398313102 
+8.745185090843925479 
+8.761884618532533864 
+8.778643300485210688 
+8.795804673865994516 
+8.812681985735860479 
+8.829617566877512758 
+8.846958524803511636 
+8.864010910846419122 
+8.881470417672087336 
+8.898287412492738468 
+8.915510897476503160 
+8.932437565829516757 
+8.949772375447142991 
+8.966807467922329522 
+8.984252310833021227 
+9.002109949006204204 
+9.019306903164844513 
+9.036915964830360082 
+9.054218061948885676 
+9.071933767002008153 
+9.089339647242704601 
+9.107160591305746067 
+9.124668863030148458 
+9.142227278168295612 
+9.160202848771419326 
+9.177861515435973061 
+9.195938679054695086 
+9.213696125518833213 
+9.231501898418144947 
+9.249728085383029708 
+9.268377333181568645 
+9.286703260383934122 
+9.305453436711403015 
+9.323877434714106016 
+9.342726817857197830 
+9.361247181491808789 
+9.380194013179156798 
+9.398809001354750947 
+9.417470168657569474 
+9.436559322075684264 
+9.455312443671061828 
+9.474494498176671442 
+9.493337742518532352 
+9.512610810543673523 
+9.531155521169239364 
+9.550129126819131287 
+9.568756744106204692 
+9.588203415562720267 
+9.607693362829831329 
+9.627617157811009463 
+9.647192946700894112 
+9.666810441551612954 
+9.686469112655881730 
+9.705379679289695360 
+9.724722354221880138 
+9.743707150539828277 
+9.763124593321730771 
+9.782181635201613545 
+9.802069937160467816 
+9.821995659017748181 
+9.841958231985300287 
+9.861957082234418692 
+9.881991630882595246 
+9.902061293981752499 
+9.922165482504809120 
+9.942303602333216972 
+9.962475054244617212 
+9.982679233899702353 
+10.002915531829863482 
+10.023183333424764641 
+10.043482018918977516 
+10.063810963379902219 
+10.084169536694924219 
+10.104149072218604033 
+10.124564431370178141 
+10.144598381750842719 
+10.165067995621706487 
+10.185153860469972287 
+10.205264483029871769 
+10.225399236130595426 
+10.245557487730637902 
+10.265326517159092390 
+10.285116881304862346 
+10.305340919470229011 
+10.325585905731070824 
+10.345437408142634794 
+10.365721922586924819 
+10.386025414855364346 
+10.405932304704180069 
+10.426271381293295448 
+10.446211826951367740 
+10.466999739029617444 
+10.487387643244765911 
+10.508206971753036640 
+10.529041059938023750 
+10.549472063098146890 
+10.569915809526206019 
+10.590371582839615883 
+10.610420857872753686 
+10.630480298696745933 
+10.650967416017250500 
+10.671045296528905766 
+10.691131251301388971 
+10.711643262804287247 
+10.732162205344501160 
+10.752687322033157358 
+10.773217850814880592 
+10.794172152589236902 
+10.814711269617951928 
+10.834834211427141426 
+10.855378664296301494 
+10.875924641082772126 
+10.896890671067668066 
+10.917856613288087431 
+10.938821613549077227 
+10.959365571222541291 
+10.980326163984479138 
+11.000864134099877845 
+11.021816903668657517 
+11.042345516970748065 
+11.062868239127615411 
+11.083384228666467664 
+11.104311092859088461 
+11.124810890343777459 
+11.145301381084077974 
+11.165781702024805355 
+11.186668604124903936 
+11.207125722461777073 
+11.227570031406191475 
+11.248417448635033011 
+11.268833171934947046 
+11.289233396699202672 
+11.309617221630695383 
+11.330399196596783185 
+11.350332039409995133 
+11.370246518723975626 
+11.390556040286945461 
+11.410430755835726302 
+11.430284470747878345 
+11.450529225873960826 
+11.470337800783664051 
+11.490534618257868260 
+11.510294403952379128 
+11.530028683788639654 
+11.550146841716760093 
+11.569826798130625534 
+11.589887589507533505 
+11.609509467073721112 
+11.629509036374832576 
+11.649476199398577592 
+11.669409955428971415 
+11.689715041691291830 
+11.709173215227350440 
+11.729000689109875921 
+11.748387199800454539 
+11.768139506829671248 
+11.787852304035833839 
+11.807524550808896180 
+11.827555385799112031 
+11.847541790862763378 
+11.867084278494175464 
+11.886979389575085264 
+11.906430231564275601 
+11.925438571631762130 
+11.945189889466384159 
+11.964496536460174525 
+11.983752939787770231 
+12.002958000349490675 
+12.022110613169219917 
+12.041209667382229753 
+12.060254046224731184 
+12.079242627021685053 
+12.097788497389288409 
+12.117047874154902587 
+12.136245608197157253 
+12.155380481385694935 
+12.174451269119654029 
+12.193077278986443446 
+12.212017539314281578 
+12.230513248892332712 
+12.248942692168366619 
+12.267304686234776767 
+12.285225402320790522 
+12.303450362236329596 
+12.321604312520708646 
+12.339317761055330180 
+12.357327575716755774 
+12.375262766418664739 
+12.392758397925664582 
+12.410542244520204491 
+12.427887251568701998 
+12.445514905395945959 
+12.462704514948043766 
+12.480171079672210510 
+12.497554392874455687 
+12.514853186708492672 
+12.532066187130226353 
+12.549192113888445022 
+12.565882866819119812 
+12.582832623216024359 
+12.599691454400513635 
+12.616458055300309837 
+12.632791791769591327 
+12.649709314620796619 
+12.665855934026762242 
+12.681909005745868768 
+12.698198720386262295 
+12.714058907589613767 
+12.729821734667979172 
+12.745811207201821702 
+12.761373391655656206 
+12.777155367890319582 
+12.792830482577038254 
+12.808397355356380132 
+12.823854599467729543 
+12.839512844147982662 
+12.854744336045197173 
+12.870169299480949121 
+12.885169299116046915 
+12.900355096985023806 
+12.915117811085981003 
+12.930058504658191509 
+12.944873133767750062 
+12.959267682482828121 
+12.973248245237872567 
+12.987395911651287150 
+13.001416684946239144 
+13.015309093564628284 
+13.029071659387330584 
+13.042426031735132597 
+13.056201317281313834 
+13.069565420196067151 
+13.083062242113527418 
+13.096416036991744392 
+13.109625192046181041 
+13.122428273244004515 
+13.135346255208474986 
+13.147860854218535565 
+13.159979361681738652 
+13.172205190144637754 
+13.184282826721453574 
+13.196210706524265532 
+13.207748443209929690 
+13.219375224260772939 
+13.231080055482546953 
+13.242622367232304015 
+13.254000460929418637 
+13.264990024372668387 
+13.275818621973002109 
+13.286484634455085541 
+13.296986435726864784 
+13.307322392869831873 
+13.317490866127140947 
+13.327490208891124013 
+13.337119902928854742 
+13.346779553341171720 
+13.356265126318209724 
+13.365574947878474887 
+13.374891853118533902 
+13.383841449128826895 
+13.392787254657768869 
+13.401369706531479409 
+13.409767863362244356 
+13.417980009270682018 
+13.426004421401628974 
+13.433997281895702969 
+13.441483117959940330 
+13.448933921693079441 
+13.456190030236271582 
+13.463391702384676307 
+13.470249076087640105 
+13.477040192523613626 
+13.483491597358270297 
+13.489864746679376850 
+13.495902890277250208 
+13.501733774532258536 
+13.507468132914034697 
+13.512874744995681198 
+13.518068615391275245 
+13.523147285945270824 
+13.527905741783644800 
+13.532445908374800325 
+13.536765934602048134 
+13.540863962153061095 
+13.544738125510658477 
+13.548386551938598643 
+13.551739836689637997 
+13.554935844792890265 
+13.557842315213012085 
+13.560578481592084898 
+13.563079516758453025 
+13.565343504727461976 
+13.567368522217076787 
+13.569152638637202557 
+13.570664901631328547 
+13.571942307833246844 
+13.573002173446859331 
+13.573799364443214444 
+13.574365163498363529 
+13.574678444925581289 
+13.574735762877004674 
+13.574525974453905519 
+13.574059190758994475 
+13.573314265363716657 
+13.572318949265106625 
+13.571058990757819629 
+13.569532363195310865 
+13.567776371231531130 
+13.565760612622806747 
+13.563432917919758580 
+13.560886328430452608 
+13.558012707491133852 
+13.554860227419858631 
+13.551426809507834292 
+13.547631560134774986 
+13.543539392030890411 
+13.539238844825931096 
+13.534552182109663931 
+13.529664717288831355 
+13.524374742086639145 
+13.518776691936079004 
+13.513110616253914742 
+13.507029382866942768 
+13.500779144013744570 
+13.494097346791175340 
+13.487254641726554638 
+13.479811751648615115 
+13.472203589628154674 
+13.464117326457540003 
+13.455874173663438853 
+13.447313400106253312 
+13.438248206013934549 
+13.429038936361308743 
+13.419505326134018475 
+13.409440490296724136 
+13.399244735597005018 
+13.388717849550165084 
+13.377857568168153080 
+13.366429619845774823 
+13.354888803858774082 
+13.343007706818269753 
+13.330784033208690431 
+13.318215479645989063 
+13.305032516916284635 
+13.291760104684609445 
+13.277854080246697777 
+13.263579180415025149 
+13.248932915458851767 
+13.233912787040047476 
+13.218516288199200659 
+13.202740903343379131 
+13.186910998324329114 
+13.170712403063465246 
+13.154484607472671343 
+13.137549094261245841 
+13.120594806106542052 
+13.102912939574114404 
+13.084850442386230185 
+13.066024437193547669 
+13.047185482699397596 
+13.027958528220267453 
+13.008341117665239040 
+12.987918304205951614 
+12.967925063446241296 
+12.947121467049569787 
+12.925917509088410640 
+12.904310692852561715 
+12.882298513474236046 
+12.859416641154734151 
+12.836577786430066084 
+12.813325953189078632 
+12.789171252183965777 
+12.764581196773843175 
+12.740562642871285703 
+12.715624772479948490 
+12.690782999058619396 
+12.664999713337948606 
+12.639324819872300054 
+12.612685979946739678 
+12.586168003000370419 
+12.559229125645579472 
+12.530717567620936137 
+12.502327860363632084 
+12.473491647129467452 
+12.444206282781841821 
+12.414469113820462809 
+12.383656571779422251 
+12.353628706166524864 
+12.322520118550574608 
+12.291597977276236264 
+12.260229484843105041 
+12.227744445944566110 
+12.195466186744670978 
+12.162047105461709862 
+12.128152127139980365 
+12.094484819274832432 
+12.059639678223515347 
+12.025036320642133347 
+11.989965845000146061 
+11.953680212283154916 
+11.916902301904784167 
+11.878863478675626197 
+11.841082451295868339 
+11.803586983678302502 
+11.764811998702350948 
+11.725530711219205315 
+11.686557447824229783 
+11.647092951166559516 
+11.606296806244913000 
+11.564983100922356485 
+11.522289773551523950 
+11.479921634503670091 
+11.437907930194352701 
+11.394495247569555119 
+11.351452759659172997 
+11.306984170496210851 
+11.262901734842813539 
+11.217365808602952626 
+11.170340267735703321 
+11.123703140636145292 
+11.076516521352314015 
+11.027797409369661352 
+10.979491548974394277 
+10.929624160456956616 
+10.880186901076845274 
+10.829158792966730118 
+10.778577904033218360 
+10.727426428963715566 
+10.675701344868265608 
+10.622326212369554099 
+10.569432944119750317 
+10.515956882602591094 
+10.460785543281435395 
+10.406122659737382818 
+10.349733879271980186 
+10.293871614762860389 
+10.236252540311559400 
+10.179178262158682600 
+10.119132275832761536 
+10.058427826642786229 
+9.997061383973795401 
+9.937474614850078325 
+9.877270336519250904 
+9.815197579817525053 
+9.753736032854266824 
+9.691647407840266126 
+9.628928518508365286 
+9.565576169517392202 
+9.500274606539242939 
+9.435632623599186530 
+9.370347474549706845 
+9.304415927450531143 
+9.236469154477063626 
+9.169221720736858927 
+9.101318071671254728 
+9.032754938556102786 
+8.963529043487179493 
+8.893637099371577648 
+8.823075809915209788 
+8.750381088637706029 
+8.678457352960709414 
+8.605854259806783091 
+8.532568475774935379 
+8.458596658204182717 
+8.382404555481258512 
+8.307036433010358323 
+8.230972124471817253 
+8.155781874639535189 
+8.076741419880324457 
+7.998568235870628484 
+7.919685289856319699 
+7.841720726636878247 
+7.761422654184379155 
+7.680404609854170950 
+7.598663148386484600 
+7.516194815125814443 
+7.431290585149691097 
+7.347343094763343352 
+7.262658240950853994 
+7.175481410757287293 
+7.089296115491390715 
+7.000580918861524893 
+6.911083200030276430 
+6.820799207465517711 
+6.729725179334716145 
+6.637857343494490969 
+6.545191917476104848 
+6.451725108472889936 
+6.359346468705943778 
+6.264281691335977342 
+6.170329707181744894 
+6.075593552364450645 
+5.978111912416320450 
+5.881780363189111682 
+5.784653685859208139 
+5.686728233287933421 
+5.585977113031949770 
+5.486426640764712204 
+5.386066318839621836 
+5.284892461296582411 
+5.180811386452484513 
+5.077982568586474343 
+4.974329023149848261 
+4.867706087211253418 
+4.762374879635566494 
+4.656207663868293878 
+4.547008099369231005 
+4.439140340182631483 
+4.328197677239843166 
+4.218613968420164007 
+4.105912445219141560 
+3.994597299774861554 
+3.880121071976785352 
+3.762425676738283986 
+3.648457452454231031 
+3.531261903477354025 
+3.415522932085338415 
+3.296512461501246882 
+3.178986970549925406 
+3.058145442391248192 
+2.938817577788749968 
+2.818591738672645342 
+2.699945046634166346 
+2.577930032274126759 
+2.455005352401816054 
+2.333703533859837975 
+2.208966447764998620 
+2.080733834564179929 
+1.954130957526442725 
+1.823986190111759331 
+1.692869371177065041 
+1.563427704493262738 
+1.433044379877941754 
+1.301715373200419634 
+1.166727167378374563 
+1.033475177183181160 
+0.899265289179663974 
+0.761324784634081819 
+0.622378323552608581 
+0.482421565396018881 
+0.341450158626368072 
+0.199459740691580123 
+0.056445938014939578 
-0.084704702026074052 
-0.229757752633812373 
-0.372915309974970022 
-0.520024883798767767 
-0.665206330348283359 
-0.814389788696870731 
-0.958597495661781984 
-1.106815601919731051 
-1.256054332690183628 
-1.409395211628186040 
-1.560708905644601963 
-1.716175914288792015 
-1.869581880477022118 
-2.027192724418602765 
-2.182708356859428100 
-2.339274628952571433 
-2.500123606805876086 
-2.658825707650555259 
-2.818591444580517802 
-2.979425141360120044 
-3.141331132165366746 
-3.300976794874340925 
-3.461659693856753428 
-3.626764290122022949 
-3.789555805312958547 
-3.956821530816617027 
-4.125185505190963831 
-4.294652135170834661 
-4.465225837995494551 
-4.636911041417193680 
-4.806174445722692035 
-4.980073066115708436 
-5.151513264470911402 
-5.327642776283114223 
-5.504905902481660895 
-5.683307133712180992 
-5.866527059974100844 
-6.047241473215700047 
-6.229107619437576737 
-6.412130031945243225 
-6.596313254683676242 
-6.785456632641502672 
-6.971999074026832055 
-7.159716114929026709 
-7.352479677527353097 
-7.542583895471030253 
-7.733876599701107857 
-7.930303146684340554 
-8.124011183627050769 
-8.322912010013652662 
-8.519054323963324293 
-8.720448805921471092 
-8.919044429921150652 
-9.122952034275442657 
