0.471521
0.471521
0.471521
0.471521
0.471521
0.471521
0.471521
0.471521
0.471521
0.471521
0.471521
0.471521
0.471521
0.471521
0.471521
0.471521
0.471521
0.471521
0.471521
0.471521
0.471521
0.471521
0.471521
0.471521
0.471521
0.471521
0.471521
0.471521
0.471521
0.471521
0.471521
0.471521
0.471521
0.471521
0.471521
0.471521
0.471521
0.471521
0.471521
0.471521
0.471521
0.471521
0.471521
0.471521
0.471521
0.471521
0.471521
0.471521
0.471521
0.471521
0.471521
0.471521
0.471521
0.471521
0.471521
0.471521
0.471521
0.471521
0.471521
0.471521
0.471521
0.471521
0.471521
0.471521
0.471521
0.471521
0.471521
0.471521
0.471521
0.471521
0.471521
0.471521
0.471521
0.471521
0.471521
0.471521
0.471521
0.471521
0.471521
0.471521
0.471521
0.471521
0.471521
0.471521
0.471521
0.471521
0.471521
0.471521
0.471521
0.471521
0.471521
0.471521
0.471521
0.471521
0.471521
0.471521
0.471521
0.471521
0.471521
0.471521
0.471521
0.471521
0.471521
0.471521
7.58997
7.58997
7.58997
7.58997
7.58997
7.58997
0.471521
0.471521
0.471521
0.471521
0.471521
0.471521
0.471521
0.471521
0.471521
0.471521
0.471521
0.471521
0.471521
0.471521
0.471521
0.471521
0.471521
0.471521
0.471521
0.471521
0.471521
0.471521
0.471521
0.471521
0.471521
0.471521
0.471521
0.471521
0.471521
0.471521
0.471521
0.471521
0.471521
0.471521
0.471521
0.471521
0.471521
0.471521
0.471521
0.471521
0.471521
0.471521
0.471521
0.471521
0.471521
0.471521
0.471521
0.471521
0.471521
0.471521
0.471521
0.471521
0.471521
0.471521
0.471521
0.471521
0.471521
0.471521
0.471521
0.471521
0.471521
0.471521
0.471521
0.471521
0.471521
0.471521
0.471521
0.471521
0.471521
0.471521
0.471521
0.471521
0.471521
0.471521
0.471521
0.471521
0.471521
0.471521
0.471521
0.471521
0.471521
0.471521
0.471521
0.471521
0.471521
0.471521
0.471521
0.471521
0.471521
0.471521
0.471521
0.471521
0.471521
0.471521
0.471521
0.471521
0.471521
0.471521
0.471521
0.471521
0.471521
0.471521
0.471521
0.471521
0.471521
0.471521
0.471521
0.471521
0.471521
0.471521
0.471521
0.471521
0.471521
0.471521
0.471521
0.471521
0.471521
0.471521
0.471521
0.471521
0.471521
0.471521
0.471521
0.471521
0.471521
0.471521
0.471521
0.471521
0.471521
0.471521
0.471521
0.471521
0.471521
0.471521
0.471521
0.471521
0.471521
0.471521
0.471521
0.471521
0.471521
0.471521
0.471521
0.471521
0.471521
0.471521
0.471521
0.471521
0.471521
0.471521
0.471521
0.471521
0.471521
0.471521
0.471521
0.471521
0.471521
0.471521
0.471521
0.471521
0.486732
0.486732
0.486732
0.486732
0.486732
0.486732
0.486732
0.486732
0.486732
0.486732
0.486732
0.486732
0.486732
0.486732
0.486732
0.486732
0.471521
0.471521
0.471521
0.471521
0.471521
0.471521
0.471521
0.471521
0.471521
0.471521
0.471521
0.471521
0.471521
0.471521
0.471521
0.471521
0.471521
0.471521
0.471521
0.471521
0.471521
0.471521
0.471521
0.471521
0.471521
0.471521
0.471521
0.471521
0.471521
0.471521
0.471521
0.471521
0.471521
0.471521
0.471521
0.471521
0.471521
0.471521
0.471521
0.471521
0.471521
0.471521
0.471521
0.471521
8.38091
8.38091
8.38091
0.471521
0.471521
0.471521
0.471521
0.471521
0.471521
0.471521
0.471521
0.471521
0.471521
4.3958
0.471521
0.471521
0.471521
0.471521
0.471521
0.471521
0.471521
0.471521
0.471521
0.471521
0.471521
0.471521
0.471521
0.471521
0.471521
0.471521
10.9515
10.9515
0.471521
0.471521
0.471521
0.471521
0.471521
0.471521
0.471521
0.471521
0.471521
0.471521
0.471521
0.471521
4.3958
4.85211
4.85211
4.3958
4.3958
4.3958
0.471521
0.471521
0.471521
0.471521
4.44143
4.44143
0.471521
0.471521
0.471521
0.471521
0.471521
0.471521
0.471521
0.471521
0.471521
0.471521
0.471521
0.471521
0.471521
0.471521
0.471521
0.471521
0.471521
0.471521
0.471521
0.471521
0.471521
0.471521
0.471521
0.471521
0.471521
0.471521
0.471521
8.38091
8.38091
0.471521
0.471521
0.471521
0.471521
0.471521
0.471521
0.471521
0.471521
0.471521
0.471521
0.471521
0.471521
0.471521
7.54434
7.54434
0.471521
0.471521
0.471521
0.471521
0.471521
0.471521
0.471521
4.3958
0.471521
0.471521
0.471521
0.471521
0.471521
0.471521
8.38091
0.471521
0.471521
0.471521
0.471521
0.471521
0.471521
0.471521
0.471521
0.471521
0.471521
0.471521
0.471521
0.471521
0.471521
0.471521
0.471521
0.471521
0.471521
0.471521
0.471521
0.471521
0.471521
0.471521
0.471521
0.471521
0.471521
0.471521
0.471521
0.471521
0.471521
0.471521
0.471521
0.471521
0.471521
0.471521
0.471521
0.471521
0.471521
0.471521
0.471521
0.471521
0.471521
0.471521
2.3424
2.3424
0.471521
0.471521
0.471521
0.471521
0.471521
0.471521
0.471521
8.38091
8.38091
8.38091
8.38091
0.471521
0.471521
0.471521
0.471521
0.471521
0.471521
0.471521
0.471521
0.471521
0.471521
0.471521
0.471521
0.471521
0.471521
0.471521
0.471521
2.92039
2.92039
3.05728
3.05728
0.471521
0.471521
0.471521
0.471521
3.04207
3.04207
3.04207
10.9515
10.9667
10.9667
8.38091
0.471521
0.806149
2.50971
2.50971
0.806149
0.806149
0.806149
0.806149
0.775729
0.471521
0.471521
0.471521
0.471521
0.471521
0.471521
0.471521
0.471521
0.471521
2.03819
2.03819
2.03819
4.60874
3.05728
3.05728
3.05728
3.05728
7.43787
6.99677
4.88253
4.88253
0.471521
0.471521
12.7919
12.3204
4.44143
12.3356
15.8492
14.3586
13.446
18.9977
10.2214
18.3437
19.302
19.7887
17.0356
17.5223
19.9256
11.5295
12.0162
11.8793
11.8793
11.8793
19.4388
22.055
21.477
21.477
21.477
21.477
20.5644
20.2754
21.477
12.8832
12.8832
12.0162
13.8871
13.3547
11.0884
11.0884
11.0884
14.0392
13.5524
14.0392
13.157
13.5524
13.5524
14.5259
14.0696
12.1987
13.5524
13.5524
9.17185
13.5524
14.1304
13.8414
14.1304
14.0392
12.6854
13.1874
12.2443
14.0696
23.6521
24.078
22.8155
23.2871
24.1541
14.0392
14.0392
12.2443
14.0392
13.1418
12.7007
9.67379
12.2596
12.2443
13.5524
13.5524
13.5524
14.0544
13.5524
13.5981
13.5981
21.4618
21.4618
21.9486
12.7159
14.0392
13.5524
13.5524
13.5524
13.5524
13.5524
13.1113
13.5524
13.5372
13.5524
11.0884
13.5676
11.0884
11.5751
11.0884
14.0392
11.0884
11.5751
11.0884
11.0884
10.2214
11.5751
11.2405
11.3774
11.3774
13.5524
14.0392
12.6854
12.7767
13.1874
12.2443
12.2443
12.2443
13.5524
14.0392
13.1113
13.5524
9.67379
9.67379
11.0884
13.5524
12.6854
24.5191
13.5524
13.5524
13.5524
13.6437
14.1304
12.0314
13.1722
14.1304
12.001
12.868
12.1987
12.868
11.8337
12.7007
13.5524
14.0392
12.6854
12.2443
12.2443
10.6777
10.845
20.1385
11.712
10.6473
12.1987
18.8304
19.3172
19.3324
11.712
11.6816
11.6816
11.6816
19.089
12.1683
11.6816
11.6816
11.712
11.0731
11.0884
9.29353
4.42622
0.471521
0.471521
0.471521
0.471521
0.471521
0.471521
0.471521
0.471521
0.471521
0.471521
0.471521
0.471521
0.471521
0.471521
0.471521
0.471521
0.471521
0.471521
0.471521
0.471521
0.471521
0.471521
4.42622
0.471521
0.471521
0.471521
0.471521
8.38091
8.38091
0.471521
0.471521
0.471521
0.471521
0.471521
0.471521
4.88253
4.42622
0.471521
0.471521
0.471521
0.471521
0.471521
0.471521
0.471521
0.471521
0.471521
0.471521
0.471521
0.486732
0.486732
0.486732
0.486732
0.486732
0.486732
0.486732
0.486732
0.486732
0.471521
0.471521
0.471521
2.44887
0.471521
2.44887
0.471521
0.471521
2.44887
0.471521
0.471521
0.471521
0.471521
0.471521
0.471521
0.471521
0.471521
0.471521
0.471521
0.471521
0.471521
0.471521
0.471521
0.471521
0.471521
0.471521
0.471521
0.471521
0.471521
0.471521
0.471521
0.471521
0.471521
0.471521
0.471521
0.471521
0.471521
0.471521
0.471521
0.471521
0.471521
4.3958
4.3958
0.471521
0.471521
0.471521
0.471521
0.471521
0.471521
0.486732
8.39612
0.486732
0.471521
0.471521
0.471521
0.471521
0.471521
0.471521
0.471521
0.471521
0.471521
0.471521
0.471521
0.471521
0.471521
0.471521
0.471521
0.471521
0.471521
0.471521
0.471521
0.471521
0.471521
0.471521
0.471521
0.471521
0.471521
0.471521
0.471521
0.471521
0.471521
0.471521
0.471521
0.471521
0.471521
0.471521
0.471521
0.471521
0.471521
0.471521
0.471521
0.471521
0.471521
0.471521
0.471521
0.471521
0.471521
0.471521
0.471521
4.42622
4.42622
0.471521
0.471521
0.471521
0.471521
0.471521
0.471521
0.471521
0.471521
0.471521
0.471521
0.471521
0.471521
0.471521
0.471521
0.471521
0.471521
0.486732
0.486732
0.471521
0.471521
0.471521
0.471521
0.471521
0.471521
0.471521
0.471521
0.471521
0.471521
0.471521
0.471521
0.471521
0.471521
0.471521
0.471521
0.471521
0.471521
0.471521
0.471521
0.471521
0.471521
0.471521
0.471521
0.471521
0.471521
0.471521
0.471521
0.471521
0.471521
0.471521
0.471521
0.471521
0.471521
0.471521
0.471521
0.471521
0.471521
0.471521
0.471521
0.471521
0.471521
0.471521
0.471521
0.471521
0.471521
0.471521
0.471521
0.471521
0.471521
0.471521
0.471521
0.471521
0.471521
0.471521
0.471521
0.471521
0.471521
0.471521
0.471521
0.471521
0.471521
0.471521
0.471521
0.471521
0.471521
0.471521
0.471521
0.486732
0.486732
0.486732
0.486732
4.45664
0.486732
0.486732
0.486732
0.486732
0.471521
0.471521
0.471521
0.471521
0.471521
0.471521
0.471521
0.471521
0.471521
0.471521
0.471521
0.471521
0.471521
0.471521
7.55955
0.471521
0.471521
0.471521
0.471521
0.471521
0.471521
0.471521
0.471521
0.471521
0.471521
0.471521
0.471521
0.471521
0.471521
0.471521
0.471521
0.471521
0.471521
0.471521
0.471521
0.471521
0.471521
0.471521
0.471521
0.471521
0.471521
0.471521
0.471521
0.471521
0.471521
0.471521
0.471521
0.471521
0.471521
0.471521
0.471521
0.471521
0.471521
0.471521
0.471521
0.471521
0.471521
0.471521
0.471521
0.471521
0.471521
0.471521
0.471521
0.471521
0.471521
0.471521
0.471521
0.471521
2.03819
0.684466
7.86376
6.25146
6.25146
6.25146
1.84045
1.82524
1.82524
6.3123
1.82524
0.471521
0.471521
0.471521
0.471521
0.471521
0.471521
0.471521
0.471521
0.471521
0.471521
0.471521
0.471521
4.85211
4.85211
0.471521
0.471521
0.471521
0.471521
0.471521
0.471521
0.486732
0.486732
0.486732
0.486732
0.486732
0.486732
0.486732
0.486732
0.486732
0.471521
0.471521
0.471521
0.471521
0.471521
0.471521
0.471521
0.471521
0.471521
0.471521
0.471521
0.471521
0.471521
0.471521
0.471521
0.471521
0.471521
0.471521
0.471521
0.471521
0.471521
0.471521
8.38091
8.38091
0.471521
9.17185
3.05728
2.92039
2.92039
2.90518
3.04207
0.471521
0.471521
0.471521
0.471521
0.471521
0.471521
0.471521
0.471521
0.471521
0.471521
0.471521
0.471521
1.82524
1.67314
1.67314
1.82524
0.471521
0.471521
0.471521
0.471521
0.471521
0.471521
4.85211
4.85211
4.3958
4.85211
4.3958
4.3958
4.3958
4.3958
0.471521
0.471521
4.42622
4.42622
4.42622
4.42622
4.42622
4.42622
8.82201
9.30874
9.30874
8.82201
9.30874
8.82201
8.82201
8.82201
5.99288
5.99288
8.83722
12.2139
7.46829
11.712
12.1987
11.6968
11.6968
11.712
11.134
13.5524
13.5524
11.712
8.8068
11.5751
14.0392
13.5524
20.1081
11.712
12.1683
7.31619
7.31619
10.8146
4.3958
4.85211
8.38091
8.38091
8.38091
0.471521
0.471521
0.471521
0.471521
0.471521
4.44143
4.85211
6.43398
11.0884
11.5751
11.5751
11.2252
11.2252
11.21
11.2252
11.2405
11.7272
11.2405
8.83722
11.5903
11.5751
13.5524
11.0731
11.5751
4.42622
0.471521
0.471521
0.471521
0.471521
0.471521
0.471521
0.471521
0.471521
0.471521
0.471521
0.471521
0.471521
0.471521
0.471521
0.471521
4.42622
4.88253
4.42622
4.42622
4.88253
4.88253
4.88253
4.42622
4.42622
4.42622
9.30874
9.30874
8.82201
9.30874
4.42622
8.82201
8.82201
4.44143
2.0534
0.471521
4.42622
4.3958
4.85211
9.30874
8.82201
8.82201
8.82201
8.82201
8.82201
8.82201
11.1796
14.1304
12.0466
21.5683
24.3062
21.766
20.1689
21.4922
14.0696
22.055
14.1456
12.2748
12.655
12.1987
12.6398
12.1835
12.6854
20.5644
12.0618
12.3812
12.7311
12.2748
20.5796
20.1233
17.9178
12.655
12.1987
12.655
20.5492
20.0929
13.5524
13.8414
13.8566
24.6712
22.2376
28.3217
28.3217
29.3408
30.4968
21.6596
13.5676
10.9667
13.2786
28.0479
26.8919
11.8641
13.8414
13.5524
13.5524
13.5524
22.846
14.9366
14.9366
14.2977
14.8605
14.1761
15.3473
14.4955
13.735
20.3515
20.8078
20.8078
17.4007
20.2906
13.5676
20.0929
12.655
23.3783
15.7123
24.4278
14.7084
23.3935
23.3175
15.6971
15.5906
14.0544
12.2443
12.868
14.2825
14.2673
14.6628
13.2482
11.3774
12.9592
20.823
12.7615
11.9706
4.88253
4.88253
4.42622
4.3958
4.3958
4.85211
0.471521
8.38091
4.42622
4.88253
9.71942
9.74984
9.67379
10.1301
9.67379
18.0851
9.67379
9.81069
10.1301
10.1301
13.157
12.7007
13.3243
13.5981
14.0544
12.9288
12.1683
12.655
12.655
12.655
20.0929
20.1385
20.1385
20.5188
12.2139
21.4618
14.4803
14.9366
14.0544
13.5676
20.9903
21.6596
21.6139
21.6139
15.0126
15.0126
14.9974
14.9974
14.9366
14.9366
14.7693
13.8414
12.7159
12.7007
13.5981
12.4877
12.4877
13.6437
13.1113
13.5981
14.1304
14.1304
13.6437
14.1304
21.5531
13.6437
21.4618
14.0392
19.7887
16.7314
12.3356
4.85211
4.88253
8.38091
0.471521
8.38091
0.471521
0.471521
0.471521
0.471521
0.471521
0.471521
0.471521
0.471521
0.471521
0.471521
0.471521
0.806149
0.806149
2.50971
18.6631
18.6631
18.6631
16.0926
16.0926
18.8304
6.66214
2.52492
8.68512
0.775729
0.775729
0.775729
0.775729
4.09159
4.09159
2.63139
2.63139
0.471521
1.93172
1.93172
1.93172
4.74563
4.74563
2.17508
0.806149
0.471521
0.471521
0.471521
0.471521
0.471521
0.471521
0.471521
0.471521
0.471521
1.84045
2.26634
0.882201
8.66991
8.66991
8.66991
8.66991
11.1036
0.806149
0.806149
2.3424
2.3424
2.17508
2.26634
10.1757
2.26634
11.0579
10.0845
10.1909
10.1909
10.1909
2.28155
2.26634
2.61618
2.32719
2.54013
11.1188
11.2252
2.63139
0.775729
0.775729
2.63139
2.55534
11.1188
2.55534
11.1036
2.26634
2.26634
8.66991
8.66991
0.806149
0.806149
0.806149
0.806149
0.775729
0.775729
0.775729
11.2252
11.2252
2.63139
0.775729
0.471521
10.9515
10.9515
10.9515
2.44887
2.44887
2.44887
2.44887
0.471521
0.471521
0.471521
0.471521
0.471521
0.471521
0.471521
0.471521
0.471521
0.471521
0.471521
0.471521
0.471521
0.471521
0.471521
0.471521
0.471521
0.471521
0.471521
0.471521
0.471521
0.471521
0.471521
0.471521
0.471521
0.471521
0.471521
0.471521
0.471521
0.471521
0.471521
0.471521
0.471521
0.471521
0.471521
0.471521
0.471521
0.471521
0.471521
0.471521
0.471521
0.471521
0.471521
0.471521
0.471521
0.471521
0.471521
0.471521
0.471521
0.471521
0.471521
0.471521
0.471521
0.471521
0.471521
10.9515
0.471521
0.471521
0.471521
0.471521
0.471521
0.471521
0.471521
0.471521
0.471521
0.471521
2.3424
0.471521
0.471521
0.471521
0.471521
0.471521
12.7615
4.85211
12.7615
12.3052
11.5295
11.5295
12.3204
4.86732
4.86732
4.86732
0.486732
0.486732
0.486732
0.471521
0.471521
0.471521
0.471521
4.3958
4.3958
4.3958
4.3958
0.471521
0.471521
0.471521
0.471521
0.471521
0.471521
0.471521
0.471521
2.3424
0.471521
8.38091
8.38091
0.471521
0.471521
0.471521
0.471521
0.471521
0.471521
0.471521
0.471521
4.85211
0.471521
0.471521
0.471521
0.471521
0.471521
0.471521
0.471521
0.471521
0.471521
0.471521
0.471521
0.471521
0.471521
0.471521
