0.471521
0.471521
0.471521
0.471521
0.471521
0.471521
0.471521
0.471521
0.471521
0.471521
0.471521
0.471521
0.471521
0.471521
0.471521
0.471521
0.471521
0.471521
0.471521
0.471521
0.471521
0.471521
0.471521
0.471521
0.471521
0.471521
0.471521
0.471521
0.471521
0.471521
0.471521
0.471521
0.471521
0.471521
0.471521
0.471521
0.471521
0.471521
0.471521
0.471521
0.471521
0.471521
0.471521
0.471521
0.471521
0.471521
0.471521
0.471521
0.471521
0.471521
0.471521
0.471521
0.471521
0.471521
0.471521
0.471521
0.471521
0.471521
0.471521
0.471521
0.471521
0.471521
0.471521
0.471521
0.471521
0.471521
0.471521
0.471521
0.471521
0.471521
0.471521
0.471521
0.471521
2.90518
2.90518
2.90518
2.90518
2.90518
0.471521
0.471521
0.471521
0.471521
0.471521
0.471521
0.471521
0.471521
0.471521
0.471521
0.471521
0.471521
0.471521
0.471521
0.471521
0.471521
0.471521
0.471521
0.471521
0.471521
0.471521
0.471521
0.471521
0.471521
0.471521
0.471521
0.471521
0.471521
0.471521
0.471521
0.471521
0.471521
0.471521
0.471521
0.471521
0.471521
0.471521
0.471521
0.471521
0.471521
0.471521
0.471521
0.471521
0.471521
0.471521
0.471521
0.471521
0.471521
0.471521
0.471521
0.471521
0.471521
0.471521
0.471521
0.471521
0.471521
0.471521
0.471521
0.471521
0.471521
0.471521
0.471521
0.471521
0.471521
0.471521
0.471521
0.471521
0.471521
0.471521
0.471521
0.471521
0.471521
0.471521
0.471521
0.471521
0.471521
0.471521
0.471521
0.471521
0.471521
0.471521
0.471521
0.471521
0.471521
0.471521
0.471521
0.471521
0.471521
0.471521
0.471521
0.471521
0.471521
0.471521
0.471521
0.471521
0.471521
0.471521
0.471521
0.471521
0.471521
0.471521
0.471521
0.471521
0.471521
0.471521
0.471521
0.471521
0.471521
0.471521
0.471521
0.471521
0.471521
0.471521
0.471521
0.471521
0.471521
0.471521
0.471521
0.471521
0.471521
0.471521
0.471521
0.471521
0.471521
0.471521
0.471521
0.471521
0.471521
0.471521
0.471521
0.471521
0.471521
0.471521
0.471521
0.471521
0.471521
0.471521
0.471521
0.471521
0.471521
0.471521
0.471521
0.471521
0.471521
0.471521
0.471521
0.471521
0.471521
0.471521
0.471521
0.471521
0.471521
0.471521
0.471521
0.471521
0.471521
0.471521
0.471521
0.471521
0.471521
0.471521
0.471521
0.471521
0.471521
0.471521
0.471521
0.471521
0.471521
0.471521
0.471521
0.471521
0.471521
0.471521
0.471521
0.471521
0.471521
0.471521
0.471521
0.471521
0.471521
0.471521
0.471521
0.471521
0.471521
0.471521
0.471521
0.471521
0.471521
0.471521
0.471521
0.471521
0.471521
0.471521
0.471521
0.471521
0.471521
0.471521
0.471521
0.471521
0.471521
0.471521
0.471521
0.471521
0.471521
0.471521
0.471521
0.471521
0.471521
0.471521
0.471521
0.471521
0.471521
0.471521
0.471521
0.471521
0.471521
0.471521
0.471521
0.471521
0.471521
0.471521
0.471521
0.471521
0.471521
0.471521
0.471521
0.471521
0.471521
0.471521
0.471521
0.471521
0.471521
0.471521
0.471521
0.471521
0.471521
0.471521
0.471521
0.471521
0.471521
0.471521
0.471521
0.471521
0.471521
0.471521
0.471521
0.471521
0.471521
0.471521
7.55955
7.55955
7.55955
7.55955
0.471521
0.471521
0.471521
0.471521
0.471521
0.471521
0.471521
0.471521
0.471521
0.471521
0.471521
0.471521
0.471521
0.471521
0.471521
0.471521
0.471521
0.471521
0.471521
0.471521
0.471521
0.471521
0.471521
0.471521
0.471521
0.471521
0.471521
0.471521
0.471521
0.471521
0.471521
0.471521
0.471521
0.471521
0.471521
0.471521
0.471521
0.471521
0.471521
0.471521
0.471521
0.471521
0.471521
0.471521
4.3958
4.85211
4.85211
4.85211
4.3958
4.85211
4.85211
4.85211
0.471521
4.3958
4.85211
4.85211
0.471521
0.471521
0.471521
0.471521
0.471521
0.471521
4.3958
4.85211
0.471521
4.85211
4.3958
4.85211
4.85211
4.85211
15.332
20.4579
16.0774
16.0774
8.38091
8.38091
8.38091
8.38091
0.471521
0.471521
8.38091
8.38091
0.471521
8.38091
8.38091
8.38091
12.7615
12.7615
4.85211
0.471521
0.471521
4.3958
4.85211
0.471521
0.471521
0.471521
4.85211
4.85211
4.3958
4.3958
4.3958
4.3958
8.38091
8.38091
8.38091
8.38091
0.471521
0.471521
0.471521
0.471521
0.471521
0.471521
0.471521
0.471521
0.471521
0.471521
0.471521
0.471521
0.471521
0.471521
0.471521
0.471521
0.471521
0.471521
8.38091
7.60518
7.60518
7.60518
7.60518
7.60518
7.60518
0.471521
0.471521
0.471521
2.3424
9.50648
9.50648
9.50648
9.50648
18.7544
18.7544
18.7544
18.7544
18.7544
18.7544
18.7544
18.7544
18.7544
18.7544
18.6479
18.6479
18.7544
18.7544
18.6479
18.6479
18.6479
10.1757
17.8722
17.8722
16.3816
16.3816
7.90939
7.90939
0.806149
0.806149
0.806149
7.89418
7.89418
7.90939
0.806149
0.806149
0.806149
0.806149
7.02719
7.0424
7.0424
7.0424
0.806149
0.806149
0.806149
0.806149
0.806149
0.806149
0.806149
0.806149
0.806149
0.806149
0.806149
0.806149
0.806149
0.471521
0.471521
0.471521
0.471521
0.471521
0.471521
0.471521
0.471521
0.471521
0.471521
4.85211
0.471521
0.471521
0.471521
2.44887
3.8178
1.84045
1.84045
9.74984
9.74984
12.3204
12.3204
12.3204
12.3204
12.3204
12.3204
8.38091
0.471521
0.471521
13.8719
14.3282
14.3282
8.38091
8.38091
0.471521
0.471521
0.471521
0.471521
0.471521
0.471521
0.471521
0.471521
0.471521
0.471521
0.471521
0.471521
2.44887
2.44887
0.471521
0.471521
6.82945
2.44887
4.85211
8.8068
4.44143
0.471521
0.471521
6.3123
16.7314
16.2751
16.7314
15.1647
17.1877
20.2146
15.2104
14.8453
14.8453
14.5563
14.5563
12.1835
14.313
11.9858
13.8262
22.2071
24.2605
24.7473
31.8505
23.135
22.3136
22.8916
23.5761
23.3935
23.789
23.8042
23.8955
24.5647
24.6712
31.3029
30.3447
26.5573
21.9029
21.3706
9.33916
11.9706
12.4877
6.8903
8.59386
8.71554
8.71554
8.71554
11.712
14.024
12.6702
16.0013
13.2178
14.7541
14.6628
15.621
13.233
12.1531
12.5942
9.61295
10.4952
12.3052
14.313
13.8262
12.9592
13.4308
12.9744
13.4764
14.3282
12.4421
11.21
10.5104
12.7159
12.2291
12.1835
12.6854
13.157
12.4421
13.6285
14.5107
13.157
12.2596
12.2596
13.3395
12.8528
13.3395
13.1265
11.5751
13.5372
12.7159
13.522
13.6285
12.6398
13.1418
12.6854
13.3395
12.8528
12.366
12.4117
14.389
14.1456
14.1456
14.8301
14.8301
14.0848
15.1343
14.2369
14.4651
14.5411
14.5715
14.5715
14.4803
14.9214
14.4803
14.9974
13.1265
14.024
12.7007
12.7159
12.7159
12.7463
12.2596
12.7159
12.2596
13.0049
13.0049
12.7007
12.2443
20.1994
10.0845
10.5408
9.61295
12.2443
12.6854
12.6702
12.7463
12.2748
12.2291
12.1987
12.2443
12.655
12.2596
13.5829
13.5372
12.6854
12.2443
12.1987
12.6398
12.6398
12.6398
12.7007
12.6854
12.6854
12.6398
12.6854
9.61295
10.5256
10.5256
12.2291
12.6854
12.2291
12.2291
12.2291
10.4191
10.9667
10.9667
10.9667
10.4039
10.921
10.6777
13.1418
11.9858
11.9858
12.7007
13.5372
14.024
12.2291
20.5796
12.6854
12.6854
12.6854
12.6854
13.5372
13.5372
14.0392
13.5524
12.7007
12.2443
14.0392
14.0392
13.1418
12.2443
14.024
13.5524
14.0392
13.5524
13.5372
13.1418
13.1265
13.1265
14.6172
15.0126
12.9288
13.5524
13.5524
13.5524
14.024
13.5372
12.2748
12.2748
12.7311
12.7311
12.6398
12.2443
12.29
12.29
13.3395
14.024
13.5829
13.157
13.157
13.157
13.5372
14.024
13.1418
13.5829
14.024
11.2252
11.712
14.1152
14.1
14.0087
14.024
11.5751
13.2482
12.6854
12.6854
12.2291
12.5942
12.6854
12.6854
12.2291
11.6968
12.1531
11.6968
11.2861
6.87509
4.42622
9.30874
9.30874
16.2142
8.82201
4.42622
0.471521
0.471521
0.471521
0.471521
0.471521
0.471521
4.42622
4.42622
4.88253
4.88253
4.88253
0.471521
7.54434
7.54434
7.54434
0.471521
0.471521
0.471521
0.471521
0.471521
0.471521
0.471521
0.471521
0.471521
0.471521
0.471521
0.471521
0.471521
0.471521
0.471521
0.471521
0.471521
0.486732
0.486732
0.486732
0.471521
0.471521
0.471521
0.471521
0.471521
0.471521
0.471521
0.471521
0.471521
0.471521
0.471521
2.90518
2.90518
2.90518
0.471521
0.471521
0.471521
4.85211
0.471521
0.471521
0.471521
0.471521
0.471521
0.471521
0.471521
0.471521
0.471521
0.471521
4.42622
4.88253
4.85211
4.3958
0.471521
0.471521
2.44887
0.471521
0.471521
0.471521
0.471521
0.471521
4.85211
0.471521
4.42622
4.88253
4.42622
0.471521
4.88253
6.28188
0.471521
0.471521
4.88253
4.88253
4.42622
0.471521
0.471521
0.471521
0.471521
4.88253
4.88253
4.88253
4.42622
4.88253
4.42622
0.471521
0.471521
0.471521
2.44887
2.44887
0.486732
0.486732
0.486732
0.486732
4.44143
0.486732
0.486732
4.86732
4.44143
4.00033
4.50227
4.50227
4.89774
4.44143
4.3958
4.88253
4.88253
3.98512
4.42622
4.42622
4.88253
4.88253
4.42622
4.44143
6.85987
4.44143
3.98512
4.44143
8.41133
8.41133
8.82201
8.82201
9.30874
9.30874
8.82201
9.30874
8.82201
4.42622
3.98512
9.29353
8.41133
9.30874
9.30874
8.82201
8.41133
7.95502
7.95502
9.32395
4.89774
4.89774
4.44143
4.44143
4.89774
4.89774
0.486732
4.44143
4.44143
4.42622
4.42622
4.88253
0.471521
0.471521
0.471521
0.471521
4.3958
0.471521
0.471521
0.471521
0.471521
0.471521
0.471521
4.3958
4.3958
0.471521
0.471521
0.471521
0.471521
0.471521
0.471521
0.471521
0.471521
0.471521
0.471521
4.85211
4.85211
0.471521
0.471521
0.471521
0.471521
0.471521
0.471521
4.3958
4.85211
4.3958
4.3958
4.85211
4.3958
4.85211
4.3958
4.85211
6.37314
6.37314
6.37314
6.37314
4.3958
4.3958
0.471521
0.471521
0.471521
0.471521
0.471521
0.471521
0.471521
0.471521
0.471521
0.471521
0.471521
0.471521
0.471521
0.471521
0.471521
0.471521
0.471521
0.471521
0.471521
0.471521
0.471521
8.38091
0.471521
0.471521
4.3958
0.471521
0.471521
0.471521
0.471521
0.471521
0.471521
0.471521
2.03819
0.471521
4.85211
4.85211
4.42622
4.88253
0.471521
0.471521
0.471521
0.471521
0.471521
0.471521
0.471521
0.471521
0.471521
0.471521
0.471521
0.471521
0.471521
0.471521
0.471521
0.471521
0.471521
0.471521
0.471521
2.44887
0.471521
0.471521
0.471521
0.471521
0.471521
0.471521
0.471521
0.471521
0.471521
4.85211
0.471521
0.471521
0.471521
0.471521
0.471521
0.471521
0.471521
0.471521
0.471521
0.471521
0.471521
4.88253
4.44143
4.44143
4.3958
0.471521
0.471521
0.471521
0.471521
0.471521
0.471521
0.471521
0.471521
0.471521
0.471521
0.471521
0.471521
0.471521
0.471521
0.471521
0.471521
0.471521
0.471521
0.471521
0.471521
0.471521
0.471521
0.471521
0.471521
0.471521
0.471521
4.85211
0.471521
0.471521
0.471521
0.471521
0.471521
2.44887
0.471521
0.471521
4.85211
4.85211
0.471521
0.471521
0.471521
0.471521
0.471521
0.471521
0.471521
0.471521
0.471521
0.471521
0.471521
0.471521
0.471521
0.471521
0.471521
0.471521
0.471521
0.471521
0.471521
0.471521
0.471521
4.85211
0.471521
0.471521
0.471521
0.471521
0.471521
4.42622
9.29353
9.30874
9.30874
8.82201
4.3958
4.3958
4.88253
0.471521
0.471521
0.471521
0.471521
0.471521
0.471521
4.88253
4.42622
4.85211
4.85211
0.471521
0.471521
0.471521
0.471521
0.471521
2.44887
2.44887
0.471521
0.471521
0.486732
0.486732
4.45664
4.45664
0.486732
0.471521
0.471521
0.471521
0.471521
6.41877
4.86732
4.85211
4.88253
17.2181
8.3657
4.88253
3.98512
4.88253
4.88253
9.29353
8.8068
4.44143
4.44143
2.3424
2.44887
0.471521
4.44143
4.44143
0.471521
0.471521
4.88253
4.88253
4.88253
4.42622
4.88253
4.42622
4.42622
4.42622
6.29709
6.85987
4.88253
4.88253
9.30874
9.30874
12.1835
7.45308
11.6968
12.1531
12.1835
14.024
14.024
14.024
14.024
14.024
14.024
14.024
11.5751
11.0731
10.1301
11.5751
11.0884
11.0884
11.712
12.6702
13.1265
12.6854
14.0087
14.0087
13.5372
13.5372
7.31619
6.95114
4.88253
4.88253
6.44919
11.5751
11.0884
8.82201
9.11101
11.8641
10.5104
11.6664
11.5142
11.5142
12.001
19.1346
14.1152
12.7007
12.4877
13.3243
13.7197
11.8337
11.8337
11.8337
14.2673
15.3168
13.3395
12.8528
13.3395
13.3395
14.024
14.0392
24.1388
21.7508
14.3282
14.024
13.5372
14.024
13.5372
14.024
14.024
13.5372
13.6285
13.6285
13.5372
14.024
14.024
14.024
14.024
9.15664
24.367
24.8689
32.4437
21.3401
14.313
14.1
13.6133
14.1152
14.1152
20.9599
11.0884
13.5372
13.6285
11.2252
11.2252
19.1346
19.1346
18.2524
13.5524
11.5751
9.30874
9.30874
10.0997
10.9667
11.3774
9.11101
9.59774
9.59774
9.59774
9.59774
9.61295
9.12622
10.6929
11.3013
11.3013
9.30874
16.6858
16.199
24.7321
17.4463
9.30874
9.30874
13.1265
22.2376
20.8838
20.8534
21.69
20.0168
21.4466
20.4884
21.4922
22.0246
21.5379
13.2178
21.401
21.401
21.8725
14.024
14.024
13.1265
13.1418
13.1265
13.1265
12.29
12.29
13.7197
12.29
10.1301
12.6854
12.2291
12.2291
12.6398
12.6398
12.6246
12.6246
12.868
13.1265
20.534
12.2443
12.7007
12.6854
10.1301
11.1188
10.9667
10.4039
9.70421
10.1301
13.1265
12.2291
13.1265
12.2139
12.7311
12.7007
12.2443
13.1418
12.6854
12.2443
12.6398
20.5948
23.4088
28.7324
12.9744
12.944
12.9897
12.9592
20.2298
20.7774
24.2757
14.313
14.024
14.024
14.024
14.0392
12.7007
13.5524
14.024
16.7314
16.3055
15.8948
23.8499
15.6363
15.6363
8.41133
8.41133
7.72687
7.72687
3.98512
7.95502
7.95502
8.41133
8.0767
7.95502
18.724
10.8298
8.82201
4.44143
4.42622
4.48706
8.45696
4.53269
8.00065
8.00065
8.12234
8.88285
9.67379
10.1605
9.73463
8.42654
9.32395
8.41133
4.04596
7.95502
8.41133
8.45696
8.41133
8.41133
7.95502
8.41133
9.30874
11.5751
11.6207
13.2482
13.5068
13.5068
14.1304
12.1683
7.45308
4.89774
4.89774
4.44143
5.36926
5.81036
14.1608
13.6893
4.85211
4.85211
4.88253
4.88253
4.88253
4.42622
4.88253
9.30874
8.41133
8.41133
4.42622
17.2181
16.7314
19.7887
16.9443
15.4689
18.4654
18.8304
18.9369
18.5262
18.5262
19.8799
15.4537
18.9825
18.8456
11.1796
11.1948
13.5829
4.73042
12.6398
8.68512
8.68512
0.775729
0.775729
0.471521
9.44564
9.44564
9.44564
0.471521
8.39612
5.18673
12.6398
15.0583
13.0505
13.0505
13.0505
20.0929
15.0583
17.8113
12.5181
16.3511
8.45696
16.3055
15.8492
18.5871
18.5871
6.25146
4.88253
0.471521
0.471521
1.84045
1.84045
1.84045
1.84045
0.471521
0.471521
0.471521
0.471521
0.471521
0.471521
8.38091
8.38091
8.66991
8.66991
11.1036
9.67379
11.1188
11.0884
11.0884
11.2252
10.9667
11.1188
11.1188
11.2252
2.52492
0.775729
2.55534
8.38091
11.0579
2.44887
0.471521
0.471521
0.471521
8.38091
8.38091
0.471521
0.471521
0.471521
0.471521
2.3424
0.471521
0.806149
0.806149
0.806149
0.806149
0.471521
0.471521
8.38091
8.38091
0.471521
0.471521
7.57476
0.471521
0.471521
0.471521
0.471521
0.471521
0.471521
0.471521
0.471521
0.471521
0.471521
0.471521
0.471521
0.471521
0.471521
0.471521
8.38091
0.471521
0.471521
0.471521
0.471521
0.471521
0.471521
0.471521
0.471521
0.471521
0.471521
0.471521
0.471521
0.471521
0.471521
0.471521
10.9515
0.471521
8.38091
8.38091
0.806149
2.50971
2.50971
5.15631
4.7
5.15631
4.85211
4.3958
4.85211
4.85211
4.3958
4.85211
0.471521
0.471521
0.471521
0.471521
0.471521
0.471521
0.471521
0.471521
0.471521
8.38091
0.471521
7.55955
7.55955
0.471521
0.775729
0.775729
0.775729
0.775729
0.775729
0.775729
0.775729
0.775729
0.775729
0.775729
0.775729
0.775729
0.775729
0.806149
0.806149
0.806149
0.806149
0.471521
0.471521
0.471521
0.471521
0.471521
0.471521
0.471521
0.471521
0.471521
0.471521
0.471521
0.471521
0.471521
0.471521
0.471521
0.471521
0.471521
0.471521
0.471521
0.471521
0.471521
0.471521
0.471521
0.471521
