0.486732
0.471521
0.471521
0.471521
0.471521
0.471521
0.471521
0.471521
0.471521
0.471521
0.471521
0.471521
0.471521
0.471521
0.471521
0.471521
0.471521
0.471521
0.471521
0.471521
0.471521
0.471521
0.471521
0.471521
0.471521
0.471521
0.471521
0.471521
0.471521
0.471521
0.471521
0.471521
0.471521
0.471521
0.471521
0.471521
0.471521
0.471521
0.471521
0.471521
0.471521
0.471521
0.471521
0.471521
0.471521
0.471521
0.471521
0.471521
0.471521
0.471521
0.471521
0.471521
0.471521
0.471521
0.471521
0.471521
0.471521
0.471521
0.471521
0.471521
0.471521
0.471521
0.471521
0.471521
0.471521
0.471521
0.471521
0.471521
0.471521
0.471521
0.471521
0.471521
0.471521
0.471521
0.471521
0.471521
0.471521
0.471521
0.471521
0.471521
0.471521
0.471521
0.471521
0.471521
0.471521
0.471521
0.471521
0.471521
0.471521
0.471521
0.471521
0.471521
0.471521
0.471521
0.471521
0.471521
0.471521
0.471521
0.471521
0.471521
0.471521
0.471521
0.471521
0.471521
0.471521
0.471521
0.471521
0.471521
0.471521
0.471521
0.471521
0.471521
0.471521
0.471521
0.471521
0.471521
0.471521
0.471521
0.471521
0.471521
0.471521
0.471521
0.471521
0.471521
0.471521
0.471521
0.471521
0.471521
0.471521
0.471521
0.471521
0.471521
0.471521
0.471521
0.471521
0.471521
0.471521
0.471521
0.471521
0.471521
0.471521
0.471521
0.471521
0.471521
0.471521
0.471521
0.471521
0.471521
0.471521
0.471521
0.471521
0.471521
0.471521
0.471521
0.471521
0.471521
0.471521
0.471521
0.471521
0.471521
0.471521
0.471521
0.471521
0.471521
0.471521
0.471521
0.471521
0.471521
0.471521
0.471521
0.471521
0.471521
0.471521
0.471521
0.471521
0.471521
0.471521
0.471521
0.471521
0.471521
0.471521
0.471521
0.471521
0.471521
0.471521
0.471521
0.471521
0.471521
0.471521
0.471521
0.471521
0.471521
0.471521
0.471521
0.471521
0.471521
0.471521
0.471521
0.471521
0.471521
0.471521
0.471521
0.471521
0.471521
0.471521
0.471521
0.471521
0.471521
0.471521
0.471521
0.471521
0.471521
0.471521
0.471521
0.471521
0.471521
0.471521
0.471521
0.471521
0.471521
0.471521
0.471521
0.471521
0.471521
0.471521
0.471521
0.471521
0.471521
0.471521
0.471521
0.471521
0.471521
0.471521
0.471521
0.471521
0.471521
0.471521
0.471521
0.471521
0.471521
0.471521
0.471521
0.471521
0.471521
0.471521
0.471521
0.471521
0.471521
0.471521
0.471521
0.471521
0.471521
0.471521
0.471521
0.471521
0.471521
0.471521
0.471521
0.471521
0.471521
0.471521
0.471521
0.471521
0.471521
0.471521
0.471521
0.471521
0.471521
0.471521
0.471521
0.471521
0.471521
0.471521
0.471521
0.471521
0.471521
0.471521
0.471521
0.471521
0.471521
0.471521
0.471521
0.471521
0.471521
0.471521
0.471521
0.471521
0.471521
0.471521
0.471521
0.471521
0.471521
0.471521
0.471521
0.471521
0.471521
0.471521
0.471521
0.471521
0.471521
0.471521
0.471521
0.471521
0.471521
0.471521
0.471521
0.471521
0.471521
0.471521
0.471521
0.471521
0.471521
0.471521
0.471521
0.471521
0.471521
0.471521
0.471521
0.471521
0.471521
0.471521
0.471521
0.471521
0.471521
0.471521
0.471521
0.471521
0.471521
0.471521
0.471521
0.471521
0.471521
0.471521
0.471521
0.471521
0.471521
0.471521
0.471521
0.471521
0.471521
0.471521
0.471521
0.471521
0.471521
0.471521
0.471521
0.471521
0.471521
0.471521
0.471521
0.471521
0.471521
0.471521
0.471521
0.471521
0.471521
0.471521
0.471521
0.471521
0.471521
0.471521
0.471521
0.471521
0.471521
0.471521
0.471521
0.471521
0.471521
0.471521
0.471521
0.471521
0.471521
0.471521
0.471521
0.471521
0.471521
0.471521
0.471521
0.471521
0.471521
0.471521
0.471521
0.471521
0.471521
0.471521
0.471521
0.471521
0.471521
0.471521
0.471521
0.471521
0.471521
0.471521
0.471521
0.471521
0.471521
0.471521
0.471521
0.471521
0.471521
0.471521
0.471521
0.471521
0.471521
0.471521
0.471521
0.471521
0.471521
0.471521
0.471521
0.471521
0.471521
0.471521
0.471521
0.471521
0.471521
0.471521
0.471521
0.471521
0.471521
0.471521
0.471521
0.471521
0.471521
0.471521
0.471521
0.471521
0.471521
0.471521
0.471521
0.471521
0.471521
0.471521
4.85211
4.3958
0.471521
0.471521
0.471521
0.471521
0.471521
0.471521
0.471521
0.471521
0.471521
0.471521
0.471521
4.3958
4.85211
4.3958
4.3958
8.8068
8.8068
8.8068
9.29353
6.43398
4.3958
4.3958
4.85211
4.3958
4.3958
4.85211
4.85211
0.471521
0.471521
0.471521
0.471521
0.471521
0.471521
0.471521
0.471521
0.471521
0.471521
0.471521
0.471521
0.471521
0.471521
0.471521
0.471521
2.3424
2.3424
0.471521
0.486732
0.486732
0.486732
0.486732
0.486732
0.486732
0.486732
0.486732
0.486732
0.486732
0.486732
0.486732
0.486732
8.39612
8.39612
8.39612
8.39612
8.39612
0.486732
0.486732
0.486732
0.486732
0.486732
8.39612
8.39612
8.39612
8.39612
8.39612
8.39612
8.39612
8.39612
0.486732
0.486732
0.486732
0.486732
0.486732
0.486732
0.486732
0.486732
0.486732
0.486732
0.486732
0.486732
0.471521
0.471521
0.471521
0.471521
0.471521
0.471521
0.471521
0.471521
0.471521
0.471521
0.471521
0.471521
0.471521
0.471521
0.471521
0.471521
0.471521
0.471521
0.471521
0.471521
0.471521
0.471521
0.471521
0.471521
0.471521
0.471521
0.471521
0.471521
0.471521
0.471521
0.471521
0.471521
8.38091
0.471521
0.471521
0.471521
0.471521
0.471521
0.471521
0.471521
0.471521
0.471521
0.471521
0.471521
0.471521
0.471521
0.471521
0.471521
0.471521
0.471521
0.471521
0.471521
0.471521
0.471521
0.471521
0.471521
0.471521
0.471521
0.471521
0.471521
0.471521
0.471521
0.471521
0.471521
0.471521
0.471521
0.471521
0.471521
0.471521
0.471521
0.471521
0.471521
0.471521
0.471521
0.471521
0.471521
0.471521
0.471521
0.471521
0.471521
0.471521
0.471521
0.471521
0.471521
0.471521
0.471521
0.471521
0.806149
0.806149
0.806149
0.806149
0.806149
0.806149
0.471521
0.471521
0.486732
0.486732
0.471521
0.471521
0.471521
0.471521
0.471521
0.471521
0.471521
0.471521
0.471521
0.471521
0.471521
0.471521
0.471521
0.471521
0.471521
2.03819
2.92039
0.471521
0.471521
0.471521
4.44143
0.471521
0.471521
9.96279
8.38091
8.38091
0.471521
0.471521
0.471521
0.471521
0.471521
0.471521
0.471521
0.471521
0.471521
0.471521
0.471521
0.471521
0.471521
0.471521
7.54434
3.48317
7.55955
7.55955
7.54434
0.471521
0.471521
0.471521
0.471521
0.471521
0.471521
0.471521
0.471521
0.471521
0.471521
0.471521
0.471521
0.471521
0.471521
0.471521
0.471521
0.471521
0.471521
0.471521
0.471521
0.471521
0.471521
0.471521
0.471521
0.471521
0.471521
0.471521
0.471521
0.471521
0.471521
0.471521
0.471521
0.471521
0.471521
0.471521
0.471521
0.471521
0.471521
0.471521
0.471521
0.471521
0.471521
0.471521
0.471521
0.471521
0.471521
0.471521
0.471521
0.471521
0.471521
0.471521
0.471521
0.471521
0.471521
0.471521
2.3424
0.471521
0.471521
0.471521
0.471521
0.471521
0.471521
0.471521
0.471521
2.03819
4.44143
0.471521
0.471521
0.471521
0.471521
0.471521
0.471521
0.471521
0.471521
0.471521
2.03819
0.471521
4.60874
2.92039
0.471521
0.471521
0.471521
0.471521
0.471521
0.471521
0.471521
0.471521
0.471521
0.471521
0.471521
0.471521
0.471521
0.471521
0.471521
0.471521
0.471521
0.471521
0.471521
0.471521
0.471521
4.44143
4.44143
4.44143
4.44143
0.471521
0.471521
0.471521
8.3657
8.3657
0.471521
0.471521
0.471521
0.471521
0.471521
0.471521
0.471521
0.471521
2.03819
0.471521
2.03819
4.60874
3.04207
7.43787
4.85211
4.85211
4.88253
0.471521
0.471521
0.471521
0.471521
0.471521
0.471521
0.471521
0.471521
0.471521
4.44143
0.471521
0.471521
0.471521
0.471521
0.471521
0.471521
0.471521
0.471521
0.471521
0.471521
0.471521
0.471521
0.471521
0.471521
0.471521
0.471521
0.471521
0.471521
0.471521
0.471521
0.471521
0.471521
0.471521
0.471521
0.471521
0.471521
0.471521
0.471521
0.471521
0.471521
9.29353
4.85211
1.82524
2.03819
0.471521
0.471521
0.471521
0.471521
2.03819
8.82201
9.30874
4.88253
4.85211
6.72298
6.29709
4.88253
0.471521
0.471521
0.471521
0.471521
0.471521
0.471521
0.471521
0.471521
9.17185
4.42622
3.04207
6.96635
4.85211
0.471521
0.471521
4.42622
4.3958
0.471521
0.471521
0.471521
0.471521
0.471521
0.471521
0.471521
0.471521
0.471521
0.471521
0.471521
0.471521
0.471521
0.471521
0.471521
0.471521
0.471521
0.471521
0.471521
4.3958
0.471521
0.471521
0.471521
4.3958
4.3958
4.85211
0.471521
0.471521
0.471521
0.471521
0.471521
0.471521
0.471521
0.471521
0.471521
8.38091
0.471521
0.471521
0.471521
0.471521
0.471521
0.471521
0.471521
0.471521
0.471521
0.471521
0.471521
0.471521
0.471521
0.471521
0.471521
4.3958
0.471521
0.471521
0.471521
0.471521
0.471521
0.471521
0.471521
0.471521
0.471521
0.471521
0.471521
0.471521
0.471521
0.471521
0.471521
0.471521
0.471521
0.471521
0.471521
0.471521
0.471521
0.486732
0.471521
0.471521
0.471521
0.471521
0.471521
0.471521
0.471521
4.42622
4.88253
4.42622
4.85211
0.471521
0.471521
0.471521
0.471521
0.471521
0.471521
0.471521
0.471521
0.471521
0.471521
0.471521
0.471521
0.471521
0.471521
0.471521
0.471521
0.471521
0.471521
0.471521
0.471521
0.471521
0.471521
0.471521
0.471521
0.471521
0.471521
0.471521
0.471521
0.471521
0.471521
0.471521
0.471521
0.471521
0.471521
0.471521
0.471521
8.38091
0.471521
0.471521
0.471521
0.471521
0.471521
0.471521
0.471521
0.471521
0.471521
0.471521
0.471521
0.471521
0.471521
0.471521
0.471521
4.3958
4.3958
4.85211
0.471521
0.471521
0.471521
0.471521
0.471521
2.44887
2.44887
4.3958
0.471521
8.38091
8.3657
4.3958
0.471521
4.3958
0.471521
4.3958
4.3958
0.471521
0.471521
0.471521
0.471521
4.3958
0.471521
0.471521
0.471521
0.471521
0.471521
0.471521
0.471521
0.471521
0.471521
0.471521
0.471521
0.471521
2.44887
2.44887
6.37314
6.72298
4.85211
4.88253
0.471521
4.3958
4.3958
4.3958
4.85211
0.471521
0.471521
0.471521
0.471521
0.471521
0.471521
0.471521
0.471521
0.471521
0.471521
0.471521
0.471521
0.471521
0.471521
0.471521
0.471521
0.471521
0.471521
0.471521
0.471521
0.471521
4.85211
4.85211
4.85211
3.05728
4.3958
11.9401
0.471521
0.471521
0.471521
0.471521
0.471521
0.471521
0.471521
0.471521
0.471521
0.471521
0.471521
0.471521
4.3958
4.3958
4.3958
0.471521
0.471521
0.471521
0.471521
0.471521
0.471521
0.471521
0.471521
0.471521
0.471521
0.471521
0.471521
0.471521
4.85211
0.471521
0.471521
0.471521
0.471521
0.471521
0.471521
0.471521
0.471521
0.471521
0.471521
0.471521
0.471521
0.471521
0.471521
0.471521
0.471521
0.471521
0.471521
0.471521
0.486732
4.89774
9.30874
9.30874
4.44143
0.486732
0.486732
0.471521
0.471521
0.471521
0.471521
0.471521
4.3958
0.486732
0.486732
4.41101
0.471521
0.471521
6.37314
2.44887
2.44887
0.471521
1.9013
0.471521
0.471521
0.471521
0.471521
0.471521
0.471521
0.471521
0.471521
0.471521
0.471521
4.3958
0.471521
0.471521
0.471521
0.471521
0.471521
8.38091
0.471521
0.471521
0.471521
4.85211
4.3958
4.3958
4.85211
4.85211
4.85211
4.3958
4.3958
4.3958
0.471521
0.471521
0.471521
2.44887
8.3657
0.471521
0.471521
2.44887
2.44887
6.82945
4.3958
4.85211
4.3958
0.471521
0.471521
4.3958
4.85211
4.85211
4.3958
4.3958
0.471521
0.486732
0.486732
0.486732
0.486732
0.486732
4.89774
4.89774
4.41101
2.46408
2.46408
0.471521
0.471521
0.471521
0.471521
0.471521
0.471521
0.471521
0.471521
0.471521
0.471521
0.471521
0.471521
0.471521
0.471521
4.3958
4.85211
4.85211
0.471521
0.471521
8.8068
4.3958
4.44143
0.471521
4.85211
9.29353
4.3958
6.82945
6.82945
4.88253
0.471521
2.44887
2.44887
6.82945
0.471521
0.471521
4.3958
4.85211
0.471521
0.471521
2.3424
2.3424
4.3958
4.3958
0.471521
4.44143
4.44143
4.85211
4.88253
4.44143
4.88253
6.72298
6.72298
6.72298
4.85211
5.97767
8.82201
4.42622
4.3958
4.42622
4.42622
0.471521
0.471521
0.471521
0.471521
0.471521
0.471521
4.88253
0.471521
0.471521
4.88253
13.0657
14.1761
13.5372
12.8528
11.0731
11.0731
11.6968
11.712
9.30874
9.30874
13.5372
14.024
7.3314
9.17185
12.1987
20.0929
4.60874
4.44143
11.1644
11.1644
9.29353
9.29353
11.1644
2.3424
10.6777
11.1644
2.3424
4.88253
9.30874
8.8068
9.29353
8.8068
8.28965
8.57865
13.5372
14.024
11.6968
14.024
14.024
6.99677
9.17185
11.3621
11.5751
11.5751
11.5751
8.82201
8.82201
9.30874
8.82201
8.82201
9.29353
7.95502
10.7994
8.82201
9.30874
8.82201
8.8068
8.8068
11.0884
11.0884
8.06149
12.1987
13.5524
12.2443
13.5524
13.6893
12.1987
12.1987
9.30874
13.3395
9.30874
18.1916
11.0731
12.1531
10.7841
16.0013
9.17185
14.0392
12.1987
13.5524
11.0884
9.30874
9.29353
4.44143
4.44143
4.13722
10.2214
10.2214
9.67379
12.2443
13.1418
12.2443
13.1418
13.1418
13.5524
12.7159
20.534
20.5492
12.2443
13.9023
11.0884
13.6437
12.2596
12.1835
13.6437
13.6285
12.6854
12.2596
12.0314
10.4952
12.868
7.95502
9.30874
11.5751
13.5676
13.4916
10.1301
10.5408
12.944
12.944
11.3013
12.7007
12.6854
21.5531
13.6437
13.4916
12.5942
12.5942
13.5372
13.3395
8.83722
8.98933
4.60874
8.16797
3.02686
4.31974
8.24402
8.70033
4.31974
4.60874
6.58609
8.73075
4.31974
2.03819
4.3958
8.77638
9.01975
9.01975
7.3314
6.87509
8.56344
13.5372
4.60874
9.01975
12.2291
11.6816
12.1683
12.1683
7.45308
7.45308
5.1411
4.42622
0.471521
0.471521
0.471521
0.471521
0.471521
0.471521
0.471521
0.471521
0.471521
0.471521
0.471521
0.471521
0.471521
0.471521
0.471521
0.471521
0.471521
0.471521
0.471521
0.471521
0.471521
0.471521
0.471521
0.471521
0.471521
0.471521
0.471521
0.471521
0.471521
0.471521
0.471521
0.471521
0.471521
0.471521
0.471521
0.471521
0.471521
0.471521
0.471521
0.471521
0.471521
0.471521
0.471521
0.471521
0.471521
0.471521
0.471521
0.471521
0.471521
0.471521
0.471521
0.471521
2.44887
2.61618
2.61618
0.471521
0.471521
0.471521
0.471521
0.471521
0.471521
0.471521
0.471521
0.471521
0.471521
0.471521
2.44887
2.44887
2.44887
0.471521
0.471521
0.471521
0.471521
0.471521
0.471521
0.471521
0.471521
0.471521
4.3958
4.3958
4.3958
0.471521
0.471521
0.471521
0.471521
0.471521
0.471521
0.471521
0.471521
2.03819
0.471521
0.471521
0.471521
0.471521
0.471521
0.471521
0.471521
0.471521
0.471521
2.44887
11.0579
11.0579
11.0579
11.21
11.21
0.806149
0.806149
11.21
11.21
11.21
0.806149
0.806149
0.806149
8.38091
8.38091
16.0926
8.38091
0.471521
0.471521
8.38091
8.38091
8.66991
2.61618
0.806149
0.806149
0.806149
0.806149
0.806149
0.806149
0.806149
0.806149
0.806149
0.471521
0.471521
0.471521
0.471521
0.806149
0.471521
0.471521
0.471521
0.471521
0.471521
0.471521
0.471521
0.471521
0.471521
0.471521
0.471521
0.471521
0.471521
0.471521
0.471521
8.38091
0.471521
0.471521
0.471521
0.471521
0.471521
0.471521
0.471521
0.471521
0.471521
0.471521
0.471521
0.471521
0.471521
0.471521
0.471521
0.471521
0.471521
0.471521
0.471521
0.471521
0.471521
0.471521
0.471521
0.471521
0.471521
0.471521
0.471521
0.471521
0.471521
0.471521
8.38091
0.471521
0.471521
0.471521
0.471521
0.471521
0.471521
0.471521
0.471521
0.471521
0.471521
0.471521
0.471521
0.471521
0.471521
0.471521
0.471521
0.471521
0.471521
0.471521
8.38091
8.38091
8.38091
0.471521
0.471521
0.471521
0.471521
0.471521
0.471521
0.471521
0.471521
0.471521
8.38091
0.471521
0.471521
0.471521
0.471521
0.471521
0.471521
0.471521
0.471521
0.471521
0.471521
0.471521
0.471521
0.471521
0.471521
0.471521
0.471521
0.471521
0.471521
0.471521
0.471521
0.471521
0.471521
0.471521
0.471521
0.471521
0.471521
0.471521
0.471521
0.471521
0.471521
0.471521
0.471521
0.471521
0.471521
0.471521
0.471521
0.471521
0.471521
0.471521
0.471521
0.471521
0.471521
0.471521
