5
54
102
151
199
247
296
344
393
443
492
542
592
641
691
740
789
839
889
938
988
1038
1087
1137
1187
1235
1284
1333
1381
1430
1478
1527
1576
1626
1675
1765
1814
1864
1913
1963
2012
2062
2111
2161
2211
2260
2310
2360
2410
2459
2508
2556
2605
2654
2703
2751
2800
2850
2899
2949
2999
3049
3138
3188
3238
3288
3338
3388
3438
3488
3538
3588
3637
3687
3737
3787
3837
3885
3935
3984
4034
4084
4133
4184
4234
4283
4333
4383
4433
4483
4533
4581
4671
4761
4809
4899
4949
4999
5048
5097
5147
5196
5245
5294
5344
5393
5442
5492
5542
5592
5641
5691
5741
5791
5840
5890
5940
5989
6037
6086
6136
6185
6234
6284
6334
6383
6432
6481
6530
6580
6629
6678
6727
6776
6825
6874
6923
6972
7022
7071
7121
7170
7220
7268
7317
7365
7454
7503
7552
7601
7649
7698
7747
7796
7846
7895
7945
7994
8043
8093
8142
8192
8241
8291
8340
8390
8439
8488
8537
8587
8636
8686
8735
8785
8833
8882
8931
9020
9069
9119
9168
9217
9266
9315
9363
9412
9461
9509
9558
9607
9657
9706
9756
9805
9854
9903
9953
10001
10050
10098
10147
10237
10286
10336
10385
10435
10485
10534
10583
10631
10680
10728
10818
10866
10915
10963
11012
11062
11111
11200
11248
11297
11346
11396
11444
11493
11542
11590
11640
11689
11739
11789
11838
11887
11937
11986
12035
12085
12134
12184
12233
12283
12332
12382
12432
12482
12531
12581
12630
12680
12729
12778
12828
12877
12926
12975
13025
13114
13162
13211
13259
13348
13397
13445
13494
13542
13592
13642
13690
13739
13787
13835
13885
13934
13983
14032
14082
14131
14181
14231
14282
14332
14422
14472
14521
14571
14620
14668
14717
14766
14816
14866
14915
14965
15014
15064
15113
15163
15212
15262
15311
15360
15410
15461
15512
15563
15614
15665
15716
15766
15816
15866
15916
15966
16016
16065
16114
16163
16213
16263
16312
16362
16411
16461
16510
16561
16611
16661
16711
16802
16851
16901
16950
17000
17050
17100
17150
17200
17250
17300
17350
17400
17450
17498
17547
17636
17685
17733
17782
17832
17881
17930
17980
18028
18078
18127
18177
18226
18275
18325
18375
18424
18474
18523
18573
18622
18671
18721
18770
18819
18869
18918
18968
19017
19066
19116
19165
19214
19264
19313
19362
19453
19502
19551
19600
19648
19697
19745
19793
19842
19890
19939
19988
20037
20087
20136
20186
20235
20284
20332
20381
20429
20478
20529
20579
20630
20680
20731
20781
20830
20880
20929
20978
21028
21118
21167
21216
21265
21314
21364
21413
21462
21511
21560
21608
21657
21706
21755
21805
21854
21903
21953
22002
22051
22101
22150
22199
22248
22297
22345
22394
22442
22491
22582
22631
22680
22770
22819
22908
22956
23005
23053
23103
23152
23201
23251
23300
23349
23398
23448
23497
23546
23596
23647
23697
23747
23797
23847
23896
23946
23995
24044
24094
24143
24193
24242
24292
24341
24391
24440
24490
24538
24587
24635
24684
24732
24781
24830
24879
24928
24977
25027
25076
25125
25175
25224
25273
25323
25372
25422
25471
25520
25569
25617
25666
25714
25763
25811
25861
25910
25959
26008
26056
26105
26154
26202
26252
26301
26351
26400
26450
26500
26550
26600
26650
26700
26750
26799
26849
26898
26947
26997
27046
27094
27185
27234
27283
27333
27382
27432
27480
27529
27578
27626
27675
27723
27771
27820
27869
27918
27968
28017
28067
28116
28165
28214
28264
28314
28365
28415
28465
28515
28565
28614
28664
28713
28762
28812
28861
28910
29001
29050
29099
29148
29239
29288
29337
29387
29436
29485
29534
29583
29632
29682
29730
29780
29830
29880
29931
29981
30031
30081
30131
30181
30231
30281
30331
30380
30429
30478
30527
30577
30626
30675
30724
30774
30823
30872
30922
30971
31020
31111
31160
31209
31259
31308
31357
31407
31456
31505
31554
31604
31653
31702
31752
31801
31850
31900
31948
31998
32047
32097
32146
32196
32245
32295
32344
32434
32484
32533
32582
32631
32679
32728
32776
32824
32873
32921
32971
33020
33070
33120
33169
33219
33269
33319
33369
33419
33468
33518
33568
33618
33666
33715
33763
33812
33862
33911
33960
34010
34059
34107
34156
34204
34253
34302
34351
34401
34450
34500
34549
34599
34648
34697
34747
34796
34845
34895
34944
34994
35043
35093
35142
35192
35242
35291
35341
35391
35441
35491
35541
35591
35641
35691
35741
35791
35840
35889
35937
35985
36034
36083
36131
36182
36232
36282
36331
36380
36430
36479
36528
36576
36624
36673
36721
36770
36818
36867
36915
36963
37012
37062
37152
37201
37250
37300
37350
37399
37449
37499
37548
37639
37688
37737
37828
37876
37926
37976
38025
38075
38124
38174
38224
38273
38322
38372
38421
38511
38600
38650
38700
38750
38799
38849
38899
38949
38999
39049
39097
39146
39194
39242
39292
39341
39390
39439
39489
39538
39586
39635
39683
39733
39782
39832
39881
39931
39980
40031
40080
40129
40179
40227
40277
40326
40375
40424
40474
40523
40572
40622
40671
40720
40768
40817
40865
40914
40962
41011
41060
41150
41198
41247
41295
41344
41392
41441
41490
41539
41588
41638
41728
41777
41826
41917
41966
42015
42064
42113
42161
42210
42259
42307
42396
42446
42495
42544
42594
42643
42693
42741
42790
42839
42887
42936
42984
43033
43081
43129
43178
43227
43276
43325
43375
43423
43473
43522
43572
43621
43671
43720
43770
43819
43869
43918
43966
44014
44063
44111
44160
44208
44256
44305
44353
44401
44450
44498
44548
44597
44687
44736
44786
44835
44883
44932
45022
45111
45159
45208
45257
45306
45356
45406
45456
45506
45555
45605
45655
45704
45753
45802
45852
45901
45950
45999
46049
46098
46147
46197
46246
46295
46345
46395
46445
46495
46545
46595
46644
46693
46741
46790
46839
46887
46936
46985
47034
47082
47131
47179
47228
47276
47325
47373
47422
47470
47519
47567
47615
47664
47713
47761
47810
47858
47906
47955
48003
48052
48102
48151
48201
48250
48300
48350
48399
48448
48496
48544
48593
48641
48690
48738
48787
48835
48884
48932
48981
49030
49078
49127
49176
49225
49275
49325
49375
49425
49475
49525
49573
49622
49670
49760
49808
49856
49906
49955
50004
50054
50103
50152
50202
50291
50381
50429
50478
50526
50575
50624
50674
50723
50772
50822
50870
50919
50968
51017
51067
51116
51165
51214
51264
51312
51361
51409
51458
51507
51555
51604
51652
51702
51751
51801
51892
51942
51991
52039
52088
52137
52186
52236
52285
52334
52384
52433
52483
52532
52581
52630
52679
52728
52778
52826
52875
52925
52974
53023
53072
53122
53171
53220
53269
53318
53368
53417
53465
53513
53562
53612
53661
53709
53758
53807
53855
53904
53953
54001
54050
54098
54147
54196
54244
54294
54343
54393
54442
54492
54541
54591
54640
54689
54739
54788
54837
54886
54935
54984
55032
55080
55129
55177
55225
55276
55326
55376
55426
55476
55526
55575
55624
55672
55720
55769
55817
55865
55914
55963
56012
56062
56111
56161
56250
56300
56350
56399
56449
56499
56549
56597
56646
56694
56742
56791
56839
56888
56936
56985
57034
57084
57134
57184
57234
57283
57332
57381
57430
57480
57529
57578
57628
57678
57727
57777
57827
57877
57925
57974
58063
58112
58160
58208
58258
58306
58354
58403
58451
58500
58548
58637
58685
58734
58783
58831
58879
58928
58976
59025
59114
59162
59211
59259
59350
59399
59448
59497
59547
59596
59646
59694
59743
59792
59840
59889
59938
59986
60035
60083
60132
60180
60229
60277
60327
60376
60425
60474
60523
60573
60622
60671
60721
60770
60820
60869
60919
61009
61057
61105
61155
61204
61253
61303
61351
61400
61449
61498
61548
61597
61647
61696
61746
61795
61845
61893
61982
62030
62079
62127
62177
62268
62316
62365
62413
62461
62510
62558
62607
62655
62703
62752
62800
62848
62937
62986
63035
63084
63133
63183
63232
63282
63331
63381
63429
63478
63526
63616
63664
63714
63763
63812
63862
63911
63960
64010
64059
64108
64158
64206
64295
64344
64433
64482
64531
64579
64629
64678
64728
64777
64827
64876
64925
64973
65022
65070
65119
65167
65216
65265
65314
65363
65412
65460
65549
65598
65646
65695
65743
65793
65842
65892
65941
65990
66040
66088
66137
66185
66234
66282
66331
66380
66429
66479
66528
66577
66626
66676
66725
66773
66862
66911
66960
67008
67057
67107
67156
67205
67254
67304
67352
67401
67450
67498
67587
67636
67685
67733
67782
67831
67879
67927
67976
68024
68074
68123
68172
68221
68271
68320
68369
68418
68468
68518
68567
68617
68667
68717
68766
68815
68864
68914
68963
69012
69062
69111
69161
69210
69259
69308
69356
69405
69453
69502
69552
69601
69650
69700
69749
69798
69847
69897
69946
69994
70043
70133
70181
70230
70278
70327
70377
70425
70474
70523
70571
70661
70710
70759
70809
70858
70908
70957
71007
71056
71105
71155
71204
71253
71302
71350
71399
71447
71496
71544
71592
71641
71689
71738
71786
71835
71883
71932
71980
72069
72118
72166
72255
72304
72352
72400
72450
72499
72548
72597
72646
72737
72787
72836
72886
72936
72986
73036
73086
73136
73186
73235
73284
73332
73381
73429
73478
73526
73575
73625
73674
73723
73773
73822
73870
73920
73970
74020
74070
74120
74169
74218
74267
74317
74366
74415
74463
74511
74560
74608
74657
74706
74755
74804
74854
74903
74952
75042
75091
75139
75188
75237
75286
75336
75386
75436
75485
75535
75584
75633
75683
75732
75781
75831
75880
75929
75978
76027
76077
76126
76175
76224
76274
76324
76374
76423
76473
76523
76571
76620
76709
76758
76807
76856
76905
76953
77001
77049
77098
77146
77195
77244
77293
77342
77392
77441
77490
77539
77589
77638
77688
77737
77787
77837
77887
77936
77986
78035
78084
78133
78182
78232
78281
78330
78379
78427
78476
78524
78573
78622
78671
78721
78771
78820
78869
78919
78969
79018
79068
79118
79209
79258
79307
79357
79406
79456
79505
79554
79604
79653
79702
79752
79842
79891
79940
79989
80038
80086
80136
80184
80233
80281
80330
80379
80427
80476
80524
80573
80621
80669
80718
80766
80855
80903
80992
81081
81130
81178
81226
81275
81323
81372
81420
81469
81517
81565
81614
81663
81712
81760
81809
81899
81947
81995
82044
82092
82141
82271
82319
82368
82416
82465
82514
82562
82610
82659
82707
82756
82805
82853
82901
82950
82999
83047
83095
83144
83192
83241
83289
83337
83387
83436
83485
83534
83584
83633
83682
83731
83781
83830
83879
83928
83977
84027
84075
84123
84172
84221
84270
84320
84369
84418
84467
84517
84566
84615
84664
84713
84802
84851
84899
84948
84996
85045
85093
85142
85191
85239
85289
85339
85388
85438
85488
85537
85587
85636
85685
85734
85783
85833
85882
85931
85980
86030
86079
86129
86179
86229
86279
86327
86375
