+9.550897557911019575 
+9.416563628653056739 
+9.283577710545674933 
+9.151932614538546673 
+9.021621172435743574 
+8.895255369993479988 
+8.767562959373499609 
+8.643749079288513215 
+8.518647852402668974 
+8.392331920284581415 
+8.269846755669375327 
+8.146185625737480507 
+8.026287853582378062 
+7.907660155635405808 
+7.787913478418138524 
+7.671830630164222953 
+7.556996893431031204 
+7.443405369131946614 
+7.328769009757708730 
+7.217666294635238344 
+7.107785078140848256 
+6.996913458960216659 
+6.889479389486968586 
+6.783246290959898062 
+6.678207407938677065 
+6.572248906210504060 
+6.469602296513462747 
+6.368129621251588546 
+6.267824206418270094 
+6.166668072826808178 
+6.068700719095861729 
+5.971880590037715208 
+5.874260280351480290 
+5.779737917471821973 
+5.684448599468078456 
+5.592197255290698443 
+5.499211719900801931 
+5.409204812017134323 
+5.320299002924746112 
+5.232487840854661343 
+5.145764893932098794 
+5.058387190936358024 
+4.975558017342085471 
+4.892061323157086861 
+4.811299061096974583 
+4.731550599564908310 
+4.651180249430638014 
+4.573462413384877578 
+4.495152679855191735 
+4.416308140669714888 
+4.340076235524864323 
+4.266388165296408630 
+4.192167502458960193 
+4.120437754244863804 
+4.046740349266047865 
+3.975521563731168051 
+3.903868115684790752 
+3.833237303970227217 
+3.763622669848182944 
+3.696380019573730635 
+3.628758444763681368 
+3.562133925054208561 
+3.497803094469167817 
+3.434417731901112880 
+3.373236929059538980 
+3.311705643916554642 
+3.252329692186642696 
+3.192629271316554274 
+3.133844942342771667 
+3.074799171146255894 
+3.017847841525900243 
+2.961794942841573075 
+2.905518199910506638 
+2.851262793903834414 
+2.798968838549706462 
+2.745389061492856442 
+2.693759250961471174 
+2.642993186330283351 
+2.592075536386222012 
+2.543037234456421380 
+2.494845535317362639 
+2.447494801045530188 
+2.401920393131762310 
+2.356217872185843554 
+2.311339628619387909 
+2.268171126023222683 
+2.224908225831618402 
+2.182453081534356798 
+2.140800185332632388 
+2.099118507020546254 
+2.059069749865078514 
+2.019806717783647620 
+1.981323977566097128 
+1.942854596664774114 
+1.905931862094317530 
+1.869773121006254257 
+1.834373014349898412 
+1.799026929827679311 
+1.765143297806650580 
+1.732002225179563482 
+1.699598426626018899 
+1.667287857065036683 
+1.636357601036289466 
+1.606148766090748303 
+1.576061670836375050 
+1.547294516726623215 
+1.519233096674341255 
+1.491872253446771879 
+1.465206847896563858 
+1.438708807066220174 
+1.413432862578812177 
+1.388836942984394085 
+1.364434791144116588 
+1.341197358351617908 
+1.318170921908485838 
+1.295831346682502883 
+1.274599841874644923 
+1.254431504974613532 
+1.234481114113544109 
+1.215558245488699285 
+1.196869606340632330 
+1.178811029758309203 
+1.161377627724563766 
+1.144564529908270956 
+1.128691327816287782 
+1.113091884705646351 
+1.098098338808958019 
+1.083993636470944821 
+1.070185379933521475 
+1.057232613772239205 
+1.044843128078587924 
+1.032771914349908116 
+1.021507166913309561 
+1.010574904309473609 
+1.000416866026075269 
+0.990799850060207987 
+0.981535991181585743 
+0.972998979853555213 
+0.964828574495859570 
+0.957353867529192826 
+0.950398330687958648 
+0.943828941851986514 
+0.937791570978152578 
+0.932281692381405236 
+0.927294797510564095 
+0.922740570338742572 
+0.918796629361594341 
+0.915362158206400878 
+0.912432716939166610 
+0.910003882626456928 
+0.908105759839763493 
+0.906679665649980038 
+0.905706474070251844 
+0.905221741218467102 
+0.905201004198204373 
+0.905640975344127241 
+0.906555753844516587 
+0.907903899540631443 
+0.909737384876191157 
+0.911977303168336917 
+0.914712816599173806 
+0.917897694124143015 
+0.921606417434318814 
+0.925686376476443584 
+0.930299740256385732 
+0.935257747196573064 
+0.940758439961324910 
+0.946454627123060277 
+0.952685270984787280 
+0.959192148010590273 
+0.966094399658111058 
+0.973544302740613432 
+0.981233914508727878 
+0.989479678572214638 
+0.998121495139013604 
+1.007343790814465123 
+1.016970087670458156 
+1.026996178785056557 
+1.037417874835890430 
+1.048010932339204615 
+1.059431412278279083 
+1.071250513499094836 
+1.083463864839858459 
+1.096067114029493084 
+1.108797566516436461 
+1.122160195855180120 
+1.135081287231447078 
+1.148612358428996671 
+1.162197507204085767 
+1.176105912000162235 
+1.190933776507346664 
+1.205797858045137616 
+1.221300972127828288 
+1.236819231928702578 
+1.252982187502347244 
+1.269139590806657836 
+1.285947112659609815 
+1.302728754701941938 
+1.319813889069417101 
+1.337198911878950014 
+1.355244138311240576 
+1.373224125837342768 
+1.391493211468764812 
+1.410047854046576177 
+1.428884527946616245 
+1.447606856054605373 
+1.466991499775661012 
+1.486243921359086784 
+1.505753731377160065 
+1.526346653362656625 
+1.547211693418111267 
+1.567919941592418098 
+1.588452310153622093 
+1.609660984359695846 
+1.630677078700307092 
+1.652372963365458247 
+1.673859895539959730 
+1.696029893245807330 
+1.717974890851926340 
+1.740606021926607738 
+1.762996427705901148 
+1.786075829816336835 
+1.809376825410529577 
+1.833378414885126872 
+1.857117257451190717 
+1.881067961153612522 
+1.905722532740048436 
+1.929592198490840183 
+1.954159392677767393 
+1.978925769052172434 
+2.003888195061073851 
+2.029043552972086495 
+2.053869614030171320 
+2.079397761432815628 
+2.105109638774313119 
+2.131002187039095830 
+2.157606234520959454 
+2.183854538072001361 
+2.210274362144610372 
+2.236862706615256435 
+2.263616585942025417 
+2.290533029138090981 
+2.317609079745123424 
+2.344284479422859668 
+2.371667825115798323 
+2.398638642926770537 
+2.426317866982768301 
+2.454142250598171593 
+2.482108923342191353 
+2.510790054993874421 
+2.539035510139006746 
+2.567414671521605740 
+2.595924726217377909 
+2.625148641779047054 
+2.653914629706219941 
+2.683393917729679501 
+2.712404531568742172 
+2.741532075504431454 
+2.771371762618382917 
+2.800727245990990433 
+2.830793888671053971 
+2.859761733997605582 
+2.889435382849027789 
+2.919209754378230492 
+2.949692850245137166 
+2.979662672801634216 
+3.009725277593203963 
+3.039878063593113744 
+3.070118443611126402 
+3.099824125593083401 
+3.130230329906211750 
+3.160093551866521189 
+3.190655602753993847 
+3.220666642771861987 
+3.251374668930547607 
+3.281523909131327521 
+3.312368145267984509 
+3.343277509596094710 
+3.374249550723634528 
+3.405281830805233945 
+3.437007002300437541 
+3.468153606489620344 
+3.499353168325242791 
+3.530603304156948674 
+3.562540870735289467 
+3.593885968439569645 
+3.625274521875298639 
+3.656704201158004430 
+3.688172689709792174 
+3.720321007335442687 
+3.751860892317604446 
+3.783432670081020355 
+3.815034077277720037 
+3.846017119393894568 
+3.877024331639697508 
+3.908700286572707405 
+3.939749973130646232 
+3.971464967075755581 
+4.003196419459237987 
+4.035590163587886359 
+4.067996488472886085 
+4.099116279564187337 
+4.130892108576552424 
+4.162024974910509378 
+4.193810009350989354 
+4.224947859932030703 
+4.256733890108839624 
+4.288517333805062393 
+4.320296134217142203 
+4.352716573866024063 
+4.384479769281300676 
+4.416232186334713816 
+4.448619419826532528 
+4.480343953455990125 
+4.512698597161125313 
+4.545033660042166801 
+4.577347065322278752 
+4.609636749815744672 
+4.641900663898617552 
+4.674136771479324715 
+4.705699229741788336 
+4.737231149013418019 
+4.769373146925146578 
+4.800837645505397155 
+4.832265968419354074 
+4.864296484067194726 
+4.895006733970251211 
+4.926315530677450205 
+4.957580859805791107 
+4.988800928980256622 
+5.019338255635598323 
+5.050463490181113180 
+5.081538196383739603 
+5.112560630214897373 
+5.142897602145620084 
+5.173811461792539035 
+5.204667924105150334 
+5.234837377065299613 
+5.266828517084918282 
+5.298126681110733038 
+5.329358021456917172 
+5.360520787419499555 
+5.391613241162461989 
+5.423253319458414268 
+5.452962125223464795 
+5.483218164199560540 
+5.513400186788106616 
+5.544120235752312276 
+5.574759913379910614 
+5.605317570329113153 
+5.635791569892779407 
+5.666787181370430915 
+5.697087252222100773 
+5.726695446103398979 
+5.756217128597597821 
+5.785051019911317205 
+5.814397086928797975 
+5.843056135788383010 
+5.872220870559432981 
+5.900699520329681036 
+5.930267677295056217 
+5.959735267618857080 
+5.988514500755496073 
+6.017194328479670062 
+6.045773371502956905 
+6.074250261790287375 
+6.102623642533489878 
+6.130892168124672637 
+6.158480832779140712 
+6.186537863205305854 
+6.213916819309694972 
+6.241757211561131946 
+6.269486240133290700 
+6.296540160255220897 
+6.324044971573436591 
+6.350876825922290081 
+6.378152491568198634 
+6.405310556570844582 
+6.431799170462095816 
+6.458720831780508043 
+6.485521274390177560 
+6.512199305595746779 
+6.539294375686194982 
+6.565721490858967613 
+6.592558096707592519 
+6.618729560064418038 
+6.645302914366050473 
+6.671214078461682462 
+6.697519483826070541 
+6.723165789110660207 
+6.748679342723796992 
+6.774575611987668111 
+6.799817653448955390 
+6.824923698275101813 
+6.850400830216814896 
+6.875228903518489254 
+6.899917830859946477 
+6.924966119020804278 
+6.949370807955141949 
+6.973139571645472046 
+6.997261801445448626 
+7.020751978901550672 
+7.044587907620411649 
+7.067795774327217728 
+7.091341639591203894 
+7.114739572769293474 
+7.137988644147643669 
+7.161557782265222549 
+7.184503296709024767 
+7.207297202688179638 
+7.230399086612329107 
+7.252883979135994252 
+7.275214608293001817 
+7.297390115190068194 
+7.319409650885688734 
+7.341716915844077818 
+7.363418776293721990 
+7.384962161546106074 
+7.406346262402127678 
+7.427570279481169990 
+7.449061602718993313 
+7.469534913719323654 
+7.489852363288298065 
+7.510431584709681196 
+7.530431891613961426 
+7.550274204828486546 
+7.570366219775941374 
+7.590292150097542212 
+7.609649707322546419 
+7.629642915239562839 
+7.649460993690171406 
+7.668712099416840289 
+7.688181287044617562 
+7.707089112714518464 
+7.726206639536644438 
+7.744768509415805191 
+7.763158182551658015 
+7.781745000341020457 
+7.799784861744095465 
+7.817650660432589049 
+7.835341797269869346 
+7.853213320529087937 
+7.870549778763641591 
+7.887709821465803905 
+7.904692886461516466 
+7.921157228788430871 
+7.937788327885662909 
+7.953906851650788923 
+7.970183888049923837 
+7.986281293165216510 
+8.002521521789260461 
+8.018254457137752311 
+8.033806253640486617 
+8.049176430129577398 
+8.064056376659882730 
+8.079065635346660557 
+8.093591148450515860 
+8.108237707197034183 
+8.122407074580387132 
+8.136689219488623337 
+8.150786649036772857 
+8.164980946000328643 
+8.178703929058409372 
+8.192240980809771145 
+8.205862237390034508 
+8.219022465587148218 
+8.231732739139809851 
+8.244522299462651915 
+8.256868788013157712 
+8.269034768840263894 
+8.281515380698619921 
+8.293555689213725657 
+8.305406913255497514 
+8.317304766266087057 
+8.329005097371387834 
+8.340507596320273720 
+8.351811961865658773 
+8.363137994629733285 
+8.374041248487475997 
+8.384321166874347142 
+8.394625847454889822 
+8.404738932520366745 
+8.414459632776194908 
+8.423996041568978299 
+8.433540822454624220 
+8.443081987991890358 
+8.452237686500208014 
+8.461381417757777967 
+8.470324126821410005 
+8.478892768345906106 
+8.487436905883088301 
+8.495779485080447557 
+8.504081101584894498 
+8.511859325439626645 
+8.519443527835797170 
+8.526982374286731670 
+8.534174187271485579 
+8.541312391309761054 
+8.547974541009844884 
+8.554582877352419956 
+8.560867585578927574 
+8.567090446799811687 
+8.572997394367178003 
+8.578834484147277450 
+8.584476605702873186 
+8.590032840294638206 
+8.595280892250375615 
+8.600333838491819094 
+8.605288755494710173 
+8.609854299226658014 
+8.614321774950761679 
+8.618508828766646701 
+8.622589920222127446 
+8.626398480083526721 
+8.630093211533228725 
+8.633592798599094564 
+8.636897269127155496 
+8.640068084126840020 
+8.642978454038606984 
+8.645693835202610700 
+8.648214284301278809 
+8.650585297408348140 
+8.652712106150643123 
+8.654644197067399958 
+8.656415087632478134 
+8.657954035957020622 
+8.659323959910572910 
+8.660470170568402182 
+8.661404675496658712 
+8.662166530398135222 
+8.662724760451443018 
+8.663102756575042918 
+8.663285224576902976 
+8.663279911856530902 
+8.663081194660382067 
+8.662699163222496779 
+8.662118063857603190 
+8.661361781068171339 
+8.660398980339564901 
+8.659243636589971871 
+8.657925368635755348 
+8.656422710013274013 
+8.654698754668896044 
+8.652824071715150112 
+8.650720764947674724 
+8.648426160154999209 
+8.645940489486656944 
+8.643263991510487187 
+8.640396911185838746 
+8.637275123694340806 
+8.634023762664254420 
+8.630582597701454972 
+8.626875831750473012 
+8.623052016885177196 
+8.619123014368540225 
+8.614925400012301893 
+8.610630787405339603 
+8.606060530604001002 
+8.601401464716159850 
+8.596459770140720380 
+8.591437454234734261 
+8.586125573773561115 
+8.580627182998810554 
+8.574942619314713355 
+8.568950489671374626 
+8.562890834594506728 
+8.556646061833365735 
+8.550216532624498100 
+8.543465718818525900 
+8.536664032328674878 
+8.529823106435079794 
+8.522658280625826421 
+8.515310591938137108 
+8.507935934290170366 
+8.500386558938817672 
+8.492500086985131702 
+8.484432353310600305 
+8.476183776339755838 
+8.467754780093788014 
+8.458968229503984304 
+8.450176029216741824 
+8.441204724083309685 
+8.432054760358045797 
+8.422726589758903870 
+8.413416441529456336 
+8.403736847503150642 
+8.393880424668219931 
+8.384054156476432595 
+8.374059107166758054 
+8.363682207756072629 
+8.353130384139412001 
+8.342624773890840117 
+8.331728134114593232 
+8.320658057881285430 
+8.309646229035958953 
+8.298234327395245913 
+8.286412332569032202 
+8.274895340680714639 
+8.262969310474231222 
+8.251121530377609758 
+8.238858873713812869 
+8.226682378235972593 
+8.214085230475443922 
+8.201319936985736803 
+8.188121380054438347 
+8.174748926805431637 
+8.161475791532588175 
+8.147760813754315379 
+8.133873758241149332 
+8.120098092090801245 
+8.106158347399674113 
+8.091765598710324525 
+8.077496164556796643 
+8.063064459152997188 
+8.048171587361444779 
+8.033413886898655321 
+8.018495764819103755 
+8.003108470502494853 
+7.987868132578293867 
+7.972469264282086243 
+7.956912500812864053 
+7.940876154671965281 
+7.925002334830653083 
+7.908972565314123848 
+7.892455579195718940 
+7.876112724483617100 
+7.859615905499735433 
+7.842965788241533787 
+7.825818545314989549 
+7.808860752504937608 
+7.791751698806856474 
+7.774138266779811346 
+7.757082544881138908 
+7.739523823095963095 
+7.721816597254643533 
+7.703961566834417241 
+7.686328291542509739 
+7.668182747110467545 
+7.650266248467081809 
+7.631832978133164858 
+7.613636002453973539 
+7.594917825067139638 
+7.576443148579743436 
+7.557832089040457113 
+7.538301287899922265 
+7.518624035665888883 
+7.498801121069006648 
+7.479234107177996194 
+7.459125123960060222 
+7.438872852882296272 
+7.418887384935347384 
+7.398765837407482948 
+7.378094166178941649 
+7.357700019654036083 
+7.337172114503165865 
+7.316511226321916084 
+7.295718134228733831 
+7.274793620838503116 
+7.254169469752505428 
+7.232987117463250293 
+7.211675696218183163 
+7.189797127493468665 
+7.168227367357864033 
+7.146530953552588272 
+7.124708692424036371 
+7.102761393602651907 
+7.080238142966569725 
+7.058494937663603253 
+7.036177415987811656 
+7.014197283834599617 
+6.992101080266609259 
+6.969425624370249039 
+6.947097240446154842 
+6.923717603681311061 
+6.900686711578163823 
+6.877539018479280841 
+6.853799398443189972 
+6.830418297609676337 
+6.806442273290561396 
+6.783314219376075371 
+6.759592950380879373 
+6.735272461776652619 
+6.711326449183649956 
+6.687270503540490019 
+6.662611198786875910 
+6.638335791727703494 
+6.613953078629066340 
+6.588963054217986226 
+6.564366212377944265 
+6.539159520459207897 
+6.514352144454921500 
+6.488932463984593113 
+6.463918169882459708 
+6.439316368905011245 
+6.414102864373147028 
+6.389307635816122044 
+6.364417964903425151 
+6.338391710313760363 
+6.312264857613191005 
+6.286563868963693125 
+6.260240673125297306 
+6.233819754010337277 
+6.207833376682513560 
+6.181754992198739806 
+6.156120493148593553 
+6.129862679252994440 
+6.103515597673798254 
+6.077620547616413127 
+6.051099478856270864 
+6.024491901120295978 
+5.998344352051811157 
+5.971568266748892739 
+5.944708449710875087 
+5.917215132298631275 
+5.890189001349003917 
+5.863081972145078424 
+5.835894986710671972 
+5.808071723965030131 
+5.780167195937915281 
+5.752742885287016605 
+5.725242444044853940 
+5.698230336511849181 
+5.670581995154142518 
+5.642860362996703572 
+5.615634337096766515 
+5.587201054085678464 
+5.558694451448653595 
+5.530687830713466369 
+5.502039070852823954 
+5.473320040881713311 
+5.445108204924220097 
+5.416830835494608642 
+5.389067947755922461 
+5.360663709121459064 
+5.332196829712933628 
+5.304251108450954710 
+5.275663098850594146 
+5.246430090810940250 
+5.217722399145555023 
+5.188369304371108548 
+5.158957111162821185 
+5.129486862575443062 
+5.100550700140630056 
+5.071560768547307418 
+5.041924802009794426 
+5.012829242579940114 
+4.983682893730069452 
+4.954486744244833929 
+4.924644446773251083 
+4.895350701053593490 
+4.866010147649458162 
+4.836623779505296206 
+4.807192590533833076 
+4.777115595322709574 
+4.748199730440219923 
+4.718640051744448449 
+4.689644030764665850 
+4.660004481396899934 
+4.630932136754562833 
+4.601216632130130435 
+4.572071802308896871 
+4.542284263814187817 
+4.513070792946928478 
+4.483824778792689258 
+4.453936885001102297 
+4.424627985851929068 
+4.394677864809692025 
+4.365309937151423014 
+4.335301527909773966 
+4.305878432481772933 
+4.276429466667511115 
+4.246341279625464260 
+4.216228127283140559 
+4.186706293550033209 
+4.157162418349623856 
+4.126365132519818957 
+4.096162620145059385 
+4.065940165658821215 
+4.035081417558387784 
+4.004821752979922600 
+3.973927139073447634 
+3.943634388051509454 
+3.913945451245623985 
+3.883624283231191576 
+3.853290266141362608 
+3.822944410922796799 
+3.793207354278624877 
+3.762841046117525678 
+3.732465912347746162 
+3.702082964037725965 
+3.672313472575226001 
+3.641297667865700305 
+3.610276884339779002 
+3.579872721008859671 
+3.548845247558062077 
+3.517815995090269432 
+3.487406636115810699 
+3.456997609468825061 
+3.427210469841974749 
+3.397425567049123352 
+3.367643849761897457 
+3.337245950778419790 
+3.307473565236698221 
+3.277087168155674135 
+3.246708082862317823 
+3.216337316679193314 
+3.185356359403205495 
+3.155005472881576623 
+3.124665945094705855 
+3.094957572847039984 
+3.064643495028932740 
+3.034961981327050751 
+3.005295183605568354 
+2.975026485824296962 
+2.945392303597316186 
+2.914542052540459061 
+2.884328319430595755 
+2.854134909036567080 
+2.823962820664355000 
+2.793197990837517963 
+2.763072027448263412 
+2.733584468519952182 
+2.704121197977560342 
+2.674070133440356045 
+2.644658799735911003 
+2.615274577282390212 
+2.585307116580426445 
+2.555980527258024715 
+2.526683863743347302 
+2.496808686239592845 
+2.466966651372759500 
+2.437158746042549673 
+2.407385956002157990 
+2.377042777385478090 
+2.347343937497671895 
+2.317683183046478135 
+2.288061494908193438 
+2.257876569528548316 
+2.228336798904913429 
+2.199440617778233076 
+2.169984977661816750 
+2.140573288513215822 
+2.110607675964871532 
+2.081287752451561168 
+2.051417799760121952 
+2.022193600891163179 
+1.992423341580230378 
+1.963298813942464527 
+1.934225074677491385 
+1.904611345950001144 
+1.875643153736659130 
+1.846728650751204626 
+1.817868794070502503 
+1.789651818925202420 
+1.760902955520152524 
+1.732796537265025805 
+1.704162397452264166 
+1.676170183490520493 
+1.648235827766822759 
+1.619780107498104194 
+1.591386549595329214 
+1.563056094976523980 
+1.534213490461389995 
+1.506013393215155816 
+1.477879229301677810 
+1.449811931664450881 
+1.422383165754288470 
+1.394450979430748916 
+1.366588426914839616 
+1.339362905007506654 
+1.311075919657762157 
+1.283427807676119414 
+1.256415026907845345 
+1.228912945175364868 
+1.202044970225065512 
+1.174692499028036963 
+1.147972828421611524 
+1.120219259111776111 
+1.093100301489744908 
+1.066060988851459612 
+1.039102220747599503 
+1.012224894282374166 
+0.985429904086286612 
+0.958718142289727737 
+0.932090498496778608 
+0.906088690728521939 
+0.879630179844433258 
+0.853795748535059573 
+0.827509826582332408 
+0.801846147222450512 
+0.775736249703003367 
+0.749716571182444724 
+0.723787980264770425 
+0.697951342790210205 
+0.672207521808719122 
+0.646034886631140282 
+0.620481214665209890 
+0.595022948742366609 
+0.569660940425757545 
+0.544396038354646450 
+0.519229088218073898 
+0.494671534659531176 
+0.469700971797122335 
+0.444830862924453285 
+0.420566509934387156 
+0.395897714684581459 
+0.371832158255894996 
+0.347367919620637622 
+0.323504324650032871 
+0.299247861199775755 
+0.275589368461254480 
+0.251543873936663331 
+0.228093599681759684 
+0.204262242586718656 
+0.180540254445787696 
+0.156447712714605558 
+0.132949127895303221 
+0.109086201406016770 
+0.085814252127542900 
+0.062184224648087039 
+0.039611215670046107 
+0.016681687769814602 
-0.005667719359147227 
-0.028367473237750573 
-0.050950010863827444 
-0.072957292531045326 
-0.095760386307922829 
-0.117986707722593565 
-0.140092780130416372 
-0.162077854570574331 
-0.184386103424493797 
-0.206124442670112984 
-0.228179380812711941 
-0.250105220703288111 
-0.271466545397368364 
-0.293134487287973755 
-0.314671032741088652 
-0.336075418998531106 
-0.357346887594955476 
-0.378484684386391379 
-0.399488059580429322 
-0.420356267765622960 
-0.440261894620848082 
-0.460452350954243528 
-0.480102877304187103 
-0.500031572059286944 
-0.519424367780654705 
-0.539088632228308384 
-0.558618314273296335 
-0.578012745491957247 
-0.597271261739196646 
-0.616393203176139437 
-0.634991847245151675 
-0.653841497285601037 
-0.672172161173216764 
-0.690746984965235455 
-0.708807202311357187 
-0.727476651285087428 
-0.745630231041097602 
-0.763642140856813256 
-0.781148500908587451 
-0.798878137733908034 
-0.816106808315856469 
-0.833551777767178592 
-0.850500430924206796 
-0.868355604212270649 
-0.885707243636796093 
-0.902906341284941405 
-0.940204365610290083 
-0.956245895466212303 
-0.972474197970845111 
-0.988879574424695207 
-1.004805242903822560 
-1.020900653545487202 
-1.036838646634258509 
-1.052932630508646383 
-1.068240080843757767 
-1.083394702899910911 
-1.098395969724094812 
-1.113544761549002615 
-1.128234601171627105 
-1.142769524923815894 
-1.157149026451987694 
-1.171372604593594602 
-1.185439763402497348 
-1.199632257592380569 
-1.213381893728737282 
-1.226973644518674078 
-1.240407035258366264 
-1.253681596594420355 
-1.267062861240518146 
-1.280015112262978150 
-1.292547691460766757 
-1.304926108203826374 
-1.317402963377796610 
-1.329718295728296695 
-1.341871673983854762 
-1.354105692982306763 
-1.365690870963200965 
-1.377355855061733081 
-1.388624132439149506 
-1.399964818230392538 
-1.410914647018540080 
-1.421706333789352072 
-1.432559351942204628 
-1.443030357126954044 
-1.453342139525313215 
-1.463704157275046214 
-1.473693123346849987 
-1.483521834814363061 
-1.493589309854062464 
-1.503286027643309097 
-1.512814706708246248 
-1.522364284414887692 
-1.531552444291763848 
-1.540571575484134925 
-1.549242449281599932 
-1.558101495491472477 
-1.566611671397978967 
-1.575120020537221777 
-1.583285912954908170 
-1.591442352854077313 
-1.599262799412173308 
-1.606911853493549813 
-1.614389249218699973 
-1.621694727012423343 
-1.628684178577913144 
-1.635648588293660666 
-1.642303464394514023 
-1.648925863062705943 
-1.655245264327371402 
-1.661524758802849888 
-1.667507834867278049 
-1.673443582237087668 
-1.679089532143548169 
-1.684680740134522736 
-1.689988812731762380 
-1.695129425916867660 
-1.700204234460535702 
-1.705104191472967656 
-1.709829134166039211 
-1.714378906475982234 
-1.718753359091470756 
-1.723036215226477097 
-1.727056022659718693 
-1.730900100678898212 
-1.734568327384762298 
-1.738130025392973010 
-1.741574083170347009 
-1.744765330649448387 
-1.747773032568948892 
-1.750651704546489995 
-1.753288371787173006 
-1.755646654114357830 
-1.757879283502468581 
-1.759895076785017665 
-1.761741315297779664 
-1.763451084134421976 
-1.764954561620916351 
-1.766314363492710982 
-1.767474966109864098 
-1.768465873502940156 
-1.769302381820828884 
-1.769950346961230991 
-1.770428614213594543 
-1.770741820837944402 
-1.770877202825088759 
-1.770840428796184085 
-1.770626909757618606 
-1.770246418384401110 
-1.769683150451530906 
-1.768960151843517181 
-1.768047361862782552 
-1.766958114041253580 
-1.765692488826474005 
-1.764250574293223295 
-1.762632466168556178 
-1.760876643600262526 
-1.758868090480795843 
-1.756722052878247453 
-1.754400281657973792 
-1.751902911212390279 
-1.749173710369277046 
-1.746321999850309226 
-1.743295143568257544 
-1.740026143151910176 
-1.736645935551928588 
-1.733016743263219084 
-1.729283927267704968 
-1.725295334741092645 
-1.721210719141494039 
-1.716952300112721375 
-1.712520300106133320 
-1.707914949680164440 
-1.703037167111432382 
-1.698082314854499231 
-1.692954858049430911 
-1.687655060115295313 
-1.682183192711249831 
-1.676422572368261754 
-1.670483385461208670 
-1.664365947328407813 
-1.658070582358213585 
-1.651728821399412794 
-1.645216822083753527 
-1.638534915183685214 
-1.631541850722694420 
-1.624517705013479585 
-1.617473183679535964 
-1.610115123657147151 
-1.602588937263663027 
-1.595053699579832340 
-1.587195826181037717 
-1.579170989743607478 
-1.570979597910975301 
-1.562449778235887266 
-1.553923155911071774 
-1.545052158978279522 
-1.536192077721509008 
-1.526981748163439789 
-1.517979272850759287 
-1.508434927853706142 
-1.498916854188630410 
-1.489236318392114455 
-1.479393816781856330 
-1.469184014553018613 
-1.459015826934326299 
-1.448474772796549459 
-1.437767258094648781 
-1.426893858532118031 
-1.416077549747862818 
-1.404877435221868254 
-1.393513210019566628 
-1.382217641906580141 
-1.370530301909761661 
-1.358919291399519835 
-1.347153064647962140 
-1.335232237854734549 
-1.322909413214190977 
-1.310678149494284739 
-1.298039884737944405 
-1.285243336999908337 
-1.272549833400384856 
-1.259441974966691191 
-1.246444770291459392 
-1.233298289396769221 
-1.220003233999898740 
-1.206560315368475855 
-1.192691379173515642 
-1.178951925883660934 
-1.164781934960144483 
-1.150461078470659260 
-1.135990163809079689 
-1.121370008897979886 
-1.106601442217622022 
-1.091685302836113536 
-1.077227761258885863 
-1.062330336355699956 
-1.047293610929807883 
-1.031807280297845963 
-1.016491651168429655 
-1.001039256128748889 
-0.985131416675018912 
-0.969405330442059565 
-0.953545103706805008 
-0.937879349372563453 
-0.921425796206895242 
-0.905168524355598691 
-0.888780729881574416 
-0.871924910208191406 
-0.855276254194421881 
-0.838499914829043291 
-0.821596852647724418 
-0.804219209101146859 
-0.787063087843856479 
-0.769783207295498428 
-0.752380569344625272 
-0.734497285262449395 
-0.716849726602072579 
-0.699082499614576136 
-0.681196647970041980 
-0.662824592283115521 
-0.644702297684755621 
-0.626464594351345383 
-0.608112568164381528 
-0.590025281968733495 
-0.571830384193747321 
-0.553528925150429174 
-0.534737372395710508 
-0.516223816778431654 
-0.497606932333599872 
-0.478496747875318817 
-0.459674389976132858 
-0.440356754443994802 
-0.420936093742966477 
-0.401813037966411102 
-0.382191985561322056 
-0.362471522204517171 
-0.343058317745834174 
-0.323144713051823018 
-0.303544709872806351 
-0.283442887149794487 
-0.263660949826535429 
-0.243790808197259068 
-0.223416994607186226 
-0.203372346983481833 
-0.183243217401797054 
-0.162608891875578365 
-0.142312873010448371 
-0.121510825309234960 
-0.101053118402823827 
-0.080088701656933381 
-0.059474593331779957 
-0.038785072162053069 
-0.017588110693443681 
+0.003249749134454305 
+0.024595342666158260 
+0.045576039777003530 
+0.066625357848693056 
+0.088182551385582286 
+0.109366321099612307 
+0.130614513963445589 
+0.152370362358148270 
+0.173744425982164330 
+0.196072992928257861 
+0.218465171821524251 
+0.240919318585568476 
+0.263433776491670102 
+0.286006876129880183 
+0.308636935380276256 
+0.330868022331809897 
+0.352695328640416861 
+0.375026734049372479 
+0.397863611116248350 
+0.420290814252535228 
+0.443222010844475989 
+0.465738258074429368 
+0.488296048802498106 
+0.510432128951121555 
+0.533067161637459819 
+0.555275628428573143 
+0.577981185139236686 
+0.600255411978267261 
+0.622559700742122857 
+0.645823515909842882 
+0.669116268059104513 
+0.691969410532202289 
+0.715313845085178812 
+0.738213952154879394 
+0.761602524576485251 
+0.784073822408053900 
+0.807029901452660070 
+0.830469872287032729 
+0.853923422181303238 
+0.877388547622935278 
+0.899924086178804927 
+0.922936335949772868 
+0.945484182131625772 
+0.968505215583331136 
+0.991057939299915702 
+1.014080122976519505 
+1.036630198877420028 
+1.059176151795782062 
+1.082185608951958145 
+1.104717486321575848 
+1.127708623696907608 
+1.150218660769004586 
+1.172714988697766358 
+1.195663837935425633 
+1.218126538111265589 
+1.241036984690964573 
+1.263924912036090475 
+1.286321871171649533 
+1.310090509385590352 
+1.333362681265027661 
+1.356602439732826682 
+1.380271216943340207 
+1.403438473773768180 
+1.426566331672487919 
+1.449191151069671335 
+1.471313235911205552 
+1.493852147525222662 
+1.515885785145247411 
+1.537872458190062019 
+1.560266529240091238 
+1.582151772072337259 
+1.604437815585177063 
+1.627118869438914928 
+1.649285330187152177 
+1.671389083870154835 
+1.693876857476836584 
+1.715846737779523679 
+1.737746776936802462 
+1.759574586041675381 
+1.781770911102790400 
+1.803445441890029421 
+1.825040445375448961 
+1.846553478414921123 
+1.868418506412571567 
+1.889758415638768341 
+1.911008892704621154 
+1.932598272090097602 
+1.953660424118178085 
+1.974625557859851277 
+1.995491134154630863 
+2.016254600097450833 
+2.036492844405633384 
+2.057046590631984806 
+2.077074429432387070 
+2.097408290536399100 
+2.117215713256513254 
+2.136910329157839961 
+2.156896306813794517 
+2.176355345443277578 
+2.196497144711606175 
+2.216505477768398791 
+2.236377470770416487 
+2.256110234630074984 
+2.276091207804934236 
+2.295146442173522594 
+2.313675005966890907 
+2.332446193138923540 
+2.350691163828595442 
+2.369167367960011816 
+2.387117978845468613 
+2.404918911671472870 
+2.422933529668922503 
+2.440423805928055856 
+2.458475001394001325 
+2.475640208961245037 
+2.492642054483886760 
+2.509826753323409321 
+2.526490084496373356 
+2.543323456490529821 
+2.559636960744768430 
+2.576107401361032778 
+2.592390058019883980 
+2.608808323845311250 
+2.625024726191330871 
+2.641036041110435661 
+2.656839028748917642 
+2.672120699878155925 
+2.687501578892213416 
+2.702664381252833259 
+2.717012438707940625 
+2.731445920092204993 
+2.745372701885346878 
+2.759369966701837207 
+2.773142162110175946 
+2.786412000739383110 
+2.799998597712936466 
+2.813076427042837224 
+2.826175905021135470 
+2.838515169212747935 
+2.850869581166556088 
+2.862731748826790046 
+2.874592696891625110 
+2.885965146081934662 
+2.897319686704499020 
+2.908413455211236176 
+2.919024752471644391 
+2.929592409602962633 
+2.939889273527117375 
+2.949710169384545111 
+2.959460950140789137 
+2.968740350072398115 
+2.977931629949115866 
+2.986656331712900680 
+2.995274573741609103 
+3.003431258072688514 
+3.011462805621267336 
+3.019038035833522038 
+3.026320530273842735 
+3.033449333783119428 
+3.040266041778609818 
+3.046767077117505274 
+3.052948847035944269 
+3.058923925172622127 
+3.064449622264199036 
+3.069645107194202360 
+3.074506724120860568 
+3.079119589151658509 
+3.083295437174081499 
+3.087126279284182928 
+3.090675802535773009 
+3.093798226839377108 
+3.096564362851502494 
+3.099015771391415264 
+3.101050548063580159 
+3.102717608862682219 
+3.104035682236413685 
+3.104962833631010000 
+3.105488229279371737 
+3.105629276220267521 
+3.105376385657844018 
+3.104715163823227542 
+3.103668079496474164 
+3.102221983155271978 
+3.100330969684714333 
+3.098066649731075373 
+3.095391350174551803 
+3.092301076059900566 
+3.088715807731373886 
+3.084774859358381249 
+3.080313150214109896 
+3.075505018431168303 
+3.070261525265758351 
+3.064578576785733866 
+3.058322384214736012 
+3.051738997695942146 
+3.044851812795574375 
+3.037369773764945435 
+3.029594275444020823 
+3.021020984451787683 
+3.012145831130107254 
+3.002797875582769116 
+2.992767367396478306 
+2.982451194071336076 
+2.971649351309851639 
+2.960357545344419528 
+2.948816967044209925 
+2.936542505054213770 
+2.924031003304623511 
+2.910756862479367157 
+2.897257697749213712 
+2.883263561791116203 
+2.868155529976067264 
+2.852819687062163823 
+2.836625436088677787 
+2.819875534677234619 
+2.802916952574842746 
+2.785052804359406053 
+2.766993064847031114 
+2.747995867254696911 
+2.728419230532371564 
+2.708667279196784961 
+2.687929021959851283 
+2.667029309476848020 
+2.645554547164860715 
+2.623043939949107894 
+2.600393179328701621 
+2.576672864133646712 
+2.552334172247316069 
+2.528382617913356611 
+2.503334878962566457 
+2.478208777857546785 
+2.451952716084784711 
+2.425633802266061956 
+2.398150703244265713 
+2.370040602818776598 
+2.341298673077119474 
+2.312526027986742783 
+2.282519026697752196 
+2.252497777044909277 
+2.221206578565547041 
+2.189917921767649212 
+2.157323263033886107 
+2.124062788367619525 
+2.090131529225794260 
+2.054811161905087502 
+2.020236694150664647 
+1.984263091860411166 
+1.948353845020787567 
+1.911007762889880723 
+1.873744321050720529 
+1.835005868982413801 
+1.796368679606219487 
+1.756217827830354850 
+1.716187201356539127 
+1.675459714391980270 
+1.633159889467264314 
+1.591009276181822862 
+1.547246468793128216 
+1.503652696034292191 
+1.458406385070531996 
+1.412402829019612227 
+1.364674349876302983 
+1.316146251852643445 
+1.267807469857578084 
+1.217679405869018794 
+1.165707533868161505 
+1.113924150041416539 
+1.061312642439625975 
+1.007867250129020675 
+0.953582192122016892 
+0.899562601036002718 
+0.845852876132553888 
+0.790209708264402622 
+0.734898972128059214 
+0.677610613545500229 
+0.620677622557638031 
+0.561722314703379411 
+0.501916621758352832 
+0.442501522655176061 
+0.379731629383954328 
+0.317341057414369132 
+0.252777334285749333 
+0.188617228356728006 
+0.123572690131483753 
+0.058992539761435481 
-0.007819705324932258 
-0.074142522600901373 
-0.142745042658701138 
-0.212260554838515247 
-0.282694874706825416 
-0.354053836880432016 
-0.427828319901806253 
-0.501073317738347512 
-0.576784578709599316 
-0.651939665009749092 
-0.729612328228139262 
-0.808285008695765583 
-0.884757486034315477 
-0.963785633738735825 
-1.043792165511547410 
-1.124783109148369320 
-1.205081481495760443 
-1.288039011636914921 
-1.371999028819899991 
-1.458712235941359125 
-1.542950963542836007 
-1.629955149360213795 
-1.717986358822734871 
-1.805222765063476231 
-1.895305315566060855 
-1.986433369987910424 
-2.080505384986919282 
-2.173764847989296811 
-2.270024830335662713 
-2.365441341196568459 
-2.461935017356283950 
-2.561514896794978569 
-2.660204253455207279 
-2.762037890986904998 
-2.862948973722355461 
-2.967063029887777148 
-3.070222047891801864 
-3.176643350415941924 
-3.282076676947212945 
-3.388645479043260522 
-3.496356277771266008 
-3.605215614212509578 
-3.712973267379272357 
-3.824125609003093729 
-3.936446097006697897 
-4.049941352376347226 
-4.164618016245418275 
-4.282859753711585782 
-4.402345647721276123 
