+5.248479427576287826 
+5.144729125779045731 
+5.041955287111658635 
+4.940153205822674920 
+4.835137646971831238 
+4.733235362251296152 
+4.632330808891752305 
+4.530390321206853699 
+4.431486495548155879 
+4.333565483983606192 
+4.234654091664710407 
+4.136755718766327306 
+4.041793142922808002 
+3.945885250848138348 
+3.850974954594239996 
+3.758925771340998701 
+3.665975544035514844 
+3.575837382016705313 
+3.486637817009267337 
+3.396580405695686977 
+3.309262585428566883 
+3.222868932102278983 
+3.137394694720575306 
+3.051118920940663060 
+2.967487836497604725 
+2.884761897947166087 
+2.804597345316058199 
+2.723649383092146881 
+2.643592606839661130 
+2.566029245882325061 
+2.487722925990069722 
+2.410293948219422777 
+2.332184374454031595 
+2.256513901833148594 
+2.181706855877896256 
+2.107758655555240335 
+2.033181883139286938 
+1.960954976753049195 
+1.889573158049443258 
+1.817601000944170764 
+1.747912798621301889 
+1.679056043849324276 
+1.611026246524580596 
+1.542455884098886010 
+1.476083230548633995 
+1.410524050459082357 
+1.345773905294666228 
+1.281828369306449389 
+1.217402650139815634 
+1.155069301331086429 
+1.093527271604386009 
+1.034004248777556256 
+0.972799684095414285 
+0.913605415413202060 
+0.855185043981306237 
+0.796365681930703673 
+0.739495719129114271 
+0.683386632585862408 
+0.626912341779184423 
+0.572327472467549114 
+0.517399619550141132 
+0.463246065011101216 
+0.408802455557995437 
+0.356199274057763304 
+0.304356844459529263 
+0.255299688837344441 
+0.205935357154474197 
+0.156303767058031617 
+0.108385952388278639 
+0.022219481610964209 
-0.023695905450582977 
-0.069828866793200994 
-0.113436805870315460 
-0.156382807156655979 
-0.199544727368846431 
-0.241164740258033916 
-0.317452207516589091 
-0.357212531118618060 
-0.397141575768989341 
-0.435613413001939342 
-0.474234959304064674 
-0.511433630343619328 
-0.548007918751200584 
-0.584704002496131636 
-0.620027853067416146 
-0.655455161677579667 
-0.689543663559145870 
-0.723717553455549556 
-0.757264081247309484 
-0.789521437230964906 
-0.821837482987593404 
-0.853537699583455378 
-0.885254042183514223 
-0.916337242574915223 
-0.946188418239849227 
-0.976029965513031783 
-1.005250434235661849 
-1.033287799726855027 
-1.060736318263910682 
-1.088141919225511955 
-1.114412192394735435 
-1.140104944520266450 
-1.165223901488010583 
-1.189772777316811414 
-1.214238841460347551 
-1.237647204579543470 
-1.260496632521835636 
-1.282790791756243998 
-1.304971344356458118 
-1.326581408688103814 
-1.347209501823645184 
-1.367701367977489646 
-1.387634204150651307 
-1.406629694021328092 
-1.425095543397777220 
-1.442674440970860950 
-1.460452595669365472 
-1.477350906934773001 
-1.493733794478326438 
-1.509604783426369501 
-1.525275640943394073 
-1.540123094361299572 
-1.554756808857512773 
-1.568594973740801812 
-1.582206034379904480 
-1.595049062559986019 
-1.607404754766073474 
-1.619276543108677302 
-1.630667848231739825 
-1.641364086241230424 
-1.652022634157700232 
-1.662191500725660021 
-1.671685356819506474 
-1.680895220916149846 
-1.689626052610570639 
-1.697881400854324596 
-1.705513736539991498 
-1.712838049572985355 
-1.719564729698915606 
-1.725848137095125523 
-1.731806249970087919 
-1.737204071442341125 
-1.742265327377084283 
-1.746790872085959734 
-1.750889579262371321 
-1.754564675455728029 
-1.757881443689711887 
-1.760710472044746844 
-1.763080396060018096 
-1.765093090497963146 
-1.766698139351213115 
-1.767898702341123673 
-1.768697928106744754 
-1.769098954220737596 
-1.769100936929621781 
-1.768706965499027284 
-1.767924204137531596 
-1.766755746087034673 
-1.765169056711265227 
-1.763230727202294013 
-1.760915977216574113 
-1.758227855922496197 
-1.755103149348316904 
-1.751669924678770585 
-1.747872472181675185 
-1.743713797209196059 
-1.739101003515847843 
-1.734221637337502564 
-1.728990060210180424 
-1.723291723728357816 
-1.717357562629963752 
-1.710948438103327973 
-1.704323694276161483 
-1.697361559583002055 
-1.689912568576113827 
-1.682277627079407978 
-1.674148120158521991 
-1.665852152306774414 
-1.657054105389277332 
-1.647922935139155776 
-1.638654102907308285 
-1.628872248023354175 
-1.618971514160414849 
-1.608762270932181160 
-1.598464946648024743 
-1.587653228472879263 
-1.576771069027933514 
-1.565367766854482312 
-1.553911400952951105 
-1.542174798220163900 
-1.529907300730528164 
-1.517353177391397523 
-1.504250207294905550 
-1.490854497327082306 
-1.477168911674881180 
-1.463196303255362096 
-1.449227416172809590 
-1.434694875326130159 
-1.420182681294878790 
-1.405101261359491538 
-1.389746803151242993 
-1.374122092783869320 
-1.358229905223764966 
-1.342073004307603235 
-1.325654142759922216 
-1.309312146488489148 
-1.293064750681261366 
-1.262321939179236630 
-1.245058241804787080 
-1.227917324668880816 
-1.210551620479201951 
-1.192594722340627911 
-1.174035018509591133 
-1.155239218282107849 
-1.136592813803391167 
-1.117337308980665966 
-1.098245426714262507 
-1.078936761434379221 
-1.059814308897959911 
-1.040083689729118355 
-1.019734422982503830 
-0.999582931195623914 
-0.979226759302685323 
-0.958668298021262189 
-0.937484223078799417 
-0.916524308754816275 
-0.894935515024693373 
-0.873583784622314674 
-0.851600064212706620 
-0.829866073365891133 
-0.806598391189762509 
-0.784484180514646745 
-0.762645830215881837 
-0.740636007369126936 
-0.717993005818652108 
-0.694708364929278233 
-0.671244760673343599 
-0.647604586007900274 
-0.623790223381472941 
-0.599804044751680365 
-0.575648411602831089 
-0.551813752154390436 
-0.527820809589960582 
-0.504166160559957888 
-0.479866341631192128 
-0.455915261801486338 
-0.431317087725868298 
-0.406571414112336882 
-0.382189805928401682 
-0.357158463224577005 
-0.332501107897480885 
-0.307192432058474907 
-0.282267459379959007 
-0.235711369561010464 
-0.209893949391548595 
-0.162672494838073334 
-0.136496946245337369 
-0.110736080007868942 
-0.084318529141678589 
-0.057781755111588673 
-0.031127776305630128 
-0.004358601810512397 
+0.023073553034641314 
+0.050069377609548660 
+0.077174385924222655 
+0.104386606126428916 
+0.132262657137900419 
+0.159124840875646711 
+0.186084281591811340 
+0.213703805384586332 
+0.240854242630653026 
+0.268096467448659226 
+0.295999051579546091 
+0.323993519388816154 
+0.352077980887643527 
+0.380826409979372116 
+0.409086965783775902 
+0.437431861800252619 
+0.466440241039006054 
+0.495532548370711368 
+0.524706833827607966 
+0.553375298844749786 
+0.582118815156569269 
+0.611524421776074689 
+0.640414064622961909 
+0.669373324750747400 
+0.698400420977548286 
+0.727493581007990109 
+0.757246748827513194 
+0.786468013283619705 
+0.815750042282033405 
+0.845091099094224418 
+0.875090006816622079 
+0.904545060743988216 
+0.934053950261613863 
+0.963614973950538634 
+0.993831268140366930 
+1.023492468448838011 
+1.053200716965893236 
+1.082954347324862177 
+1.113360254805301430 
+1.143200526013363749 
+1.173691417444914897 
+1.203611634099462258 
+1.234180713754413183 
+1.264174251565653329 
+1.294814796145094427 
+1.324875101670857980 
+1.354966051044007358 
+1.385701050414503310 
+1.415849101985430014 
+1.471289415504813736 
+1.501506892990494446 
+1.531745883254014284 
+1.561387136602016668 
+1.591664209433675037 
+1.621958261293939607 
+1.677020687612980510 
+1.707354497975030139 
+1.737699589226660457 
+1.767434912274128411 
+1.797178270054994531 
+1.827548146577274046 
+1.857923520799001693 
+1.888922973158444485 
+1.919305069290763832 
+1.950308407416480705 
+2.006112700093483081 
+2.035871611311739660 
+2.066246321032384703 
+2.095995721636023212 
+2.126358018964995988 
+2.156092627433547015 
+2.185817981658048748 
+2.216151748876542094 
+2.246473204235092336 
+2.276781011988900705 
+2.307073844443295219 
+2.337968091578122465 
+2.368226649550988938 
+2.398466270760253316 
+2.429302162231779416 
+2.459499578882992754 
+2.489674170162739841 
+2.519824664605203157 
+2.549949798666678369 
+2.605824916255425450 
+2.635870700169582470 
+2.667110793085702536 
+2.697705285191795532 
+2.728265752784907239 
+2.758790911226151721 
+2.789279484328542225 
+2.819730204339427893 
+2.848926114297218426 
+2.878691942435347872 
+2.907811638117681508 
+2.937497379442793655 
+2.966536399217070130 
+2.996137529012022682 
+3.025694215661766773 
+3.055205327395740245 
+3.084669740080042910 
+3.114686170257746411 
+3.144052832956158561 
+3.173369447466703797 
+3.202038184032512280 
+3.231252505627248972 
+3.260413542846531065 
+3.289520224567136442 
+3.319163785624735574 
+3.348157409499583625 
+3.377683413900503417 
+3.406559699922492079 
+3.435376345115361829 
+3.464132323475835218 
+3.492241641878125247 
+3.520290816305933213 
+3.548278902947677338 
+3.576786091502057729 
+3.604647876846420296 
+3.633024201054385394 
+3.660755914276828449 
+3.688997553143271269 
+3.716595478977472666 
+3.745271462839609988 
+3.773301834266788113 
+3.801259895888248863 
+3.829713024949001454 
+3.857522156173776917 
+3.885256185726430278 
+3.913477855265897531 
+3.941057379941426131 
+3.968559076541392727 
+3.995982056754725953 
+4.023882632661063496 
+4.051143892267741187 
+4.077769922544567827 
+4.104869296096312681 
+4.131335100315048692 
+4.158269245420275873 
+4.184571576121381753 
+4.211337204880452489 
+4.237472867864542359 
+4.264066746625324811 
+4.290032600713707289 
+4.316451549827199585 
+4.342244506622451539 
+4.368485400198315993 
+4.395167891538203087 
+4.421223890655083366 
+4.447716103044296432 
+4.473584063953751411 
+4.499357809731933777 
+4.546970827398285842 
+4.571951830665047289 
+4.597357203031179118 
+4.622149298529966366 
+4.647360416411403072 
+4.672472344385025345 
+4.697484378930643523 
+4.721888436438941739 
+4.746700674097875883 
+4.771410961702576614 
+4.796018622245566299 
+4.820023933232633340 
+4.844426463353069146 
+4.868229562303836744 
+4.912096791584387390 
+4.936098817024669572 
+4.959993801972554017 
+4.983781120494862549 
+5.006977994054136794 
+5.050190057320456560 
+5.073084997171495303 
+5.096347460984157252 
+5.119027397607267993 
+5.142069232113413157 
+5.164531930743881283 
+5.186886318543245444 
+5.209594153789129933 
+5.231728053343979390 
+5.253752060370899812 
+5.276121018725967282 
+5.297921394846459187 
+5.319610349784706926 
+5.341635717189166854 
+5.363098005349263175 
+5.384447396319544943 
+5.406124621063909785 
+5.427683197042910912 
+5.449122629060745737 
+5.470442428092338716 
+5.492073503823551306 
+5.513150128416532958 
+5.534105680272540795 
+5.554939695014651235 
+5.575651714356718358 
+5.596241286087544786 
+5.616707964054848290 
+5.637465191190058178 
+5.657682236975674073 
+5.677775078062055947 
+5.697337026416799510 
+5.717182754232781328 
+5.736501839550659732 
+5.756098846859877938 
+5.775569615469184015 
+5.794520242948685507 
+5.813739958706818811 
+5.848323152083491294 
+5.866799524078782468 
+5.885533704241357356 
+5.904139101545386126 
+5.922991082715948430 
+5.941335215639763412 
+5.959549517782516403 
+5.977633653797546742 
+5.995952333859131400 
+6.013772481419436211 
+6.031461484779818250 
+6.049375977943962646 
+6.066799069338422612 
+6.084090090426027331 
+6.101597542335220226 
+6.118620832493576245 
+6.135167807580947041 
+6.151927651271615005 
+6.168216027398162993 
+6.184711355530335908 
+6.200740106582195210 
+6.216969893202815456 
+6.233065163889005333 
+6.249349993103276546 
+6.265494249678864591 
+6.281497684762610945 
+6.297360055417734692 
+6.313081124606228833 
+6.328350458926529143 
+6.343483653197445449 
+6.358480500712156314 
+6.373642648390413612 
+6.388363411064537978 
+6.402947235222806732 
+6.417393935677642602 
+6.431993930178448338 
+6.446163041440492236 
+6.460194501847713155 
+6.474370255168341970 
+6.488123109937179223 
+6.501737834726831089 
+6.514940635048109385 
+6.528010609266353015 
+6.541483783010531461 
+6.554547390320482947 
+6.567472181438511747 
+6.580258033981768229 
+6.603125578022906339 
+6.615519520606604864 
+6.627525404602760517 
+6.639643378921077144 
+6.651621805701035228 
+6.663460597049722267 
+6.675159670087234431 
+6.686953394416271124 
+6.698369946968811384 
+6.709646561154837485 
+6.720783174088325929 
+6.732002688557574110 
+6.742856270093462001 
+6.753569690322688501 
+6.764142906095975682 
+6.774575879133102774 
+6.784868576007116125 
+6.795226698730369108 
+6.805235898269769379 
+6.814904747845933031 
+6.824636102306229191 
+6.834032754519756558 
+6.843486227051396753 
+6.852610663882870767 
+6.861786254484520953 
+6.870821483369388361 
+6.879716364576371035 
+6.888293655050277131 
+6.896910764832146157 
+6.905387596443603115 
+6.913724182448905076 
+6.922086373428608219 
+6.930139724283809421 
+6.938052955848759140 
+6.945826119147117339 
+6.953613590893689356 
+6.961103933402766231 
+6.968454389327749077 
+6.975665027894597969 
+6.982735922816788232 
+6.989527094152141018 
+6.996321588569303529 
+7.002842162963294648 
+7.009360597755389222 
+7.015739720224660303 
+7.021979630496343106 
+7.028203491568426386 
+7.034162459764932152 
+7.039982544691864241 
+7.045663863974180430 
+7.051206539549439434 
+7.056610697652197395 
+7.061982493522419801 
+7.067107192451420161 
+7.072093781114539901 
+7.076942402860656678 
+7.081747910116709122 
+7.086318236994251230 
+7.090751055465418951 
+7.095132759425626823 
+7.099288247925047202 
+7.103306724560551899 
+7.107188362033110884 
+7.111008343500383688 
+7.114541830801744737 
+7.118014027960434476 
+7.121283393427646935 
+7.124486340520199690 
+7.127553566238336913 
+7.130426794173027716 
+7.133225943655482126 
+7.135889982481433691 
+7.138419123522925958 
+7.140766061865401859 
+7.144818954406792599 
+7.148382093508790724 
+7.150155565195392526 
+7.151827734087915722 
+7.153331960203172635 
+7.154703293649026463 
+7.155941984727118843 
+7.157872425633296842 
+7.158752498056433211 
+7.159481982390857979 
+7.160080093766582721 
+7.160547104473248048 
+7.160888791204744308 
+7.161091770978470272 
+7.161164494906012479 
+7.161107250053839302 
+7.160920327124025597 
+7.160596220096486775 
+7.160148196302296597 
+7.159558284166697817 
+7.158850390580554723 
+7.158014339074992627 
+7.157029441644120915 
+7.155935415463456906 
+7.154714185446372277 
+7.153337243200518003 
+7.151859998419132225 
+7.150222500116116819 
+7.148490587318876877 
+7.146593921679965433 
+7.144608715945937050 
+7.142454300465739259 
+7.140264102080950970 
+7.137905391549549172 
+7.135422882607557860 
+7.132762466968768145 
+7.130030927923222350 
+7.127117154238939989 
+7.124138070290633173 
+7.121037021906593267 
+7.117747351245728105 
+7.114401028548480888 
+7.110933880022867193 
+7.107346289100125780 
+7.103638642398453662 
+7.099811329707003793 
+7.095782962266022231 
+7.091630824692400914 
+7.087355341237503659 
+7.082867720674510537 
+7.078344386339179728 
+7.073699007735200439 
+7.068932022547078198 
+7.064142819327342337 
+7.059237666757711693 
+7.054216985952196595 
+7.049081201018298160 
+7.043830739040827460 
+7.038355359663531097 
+7.032874518477731485 
+7.027280308134992381 
+7.021455522498761148 
+7.015513619605085793 
+7.009577383004069517 
+7.003404985055431631 
+6.997243779904739114 
+6.990842763519277803 
+6.979032109184210242 
+6.972446577441766991 
+6.965752155953162550 
+6.958949311647625535 
+6.952180626847428435 
+6.945164537383572423 
+6.926033113739954672 
+6.918628412755817081 
+6.911272767902405079 
+6.903660173132215583 
+6.895943288580938635 
+6.888122606853066543 
+6.880035837058622761 
+6.872006956277810552 
+6.863708777899024227 
+6.855473740578774233 
+6.846966248494601892 
+6.838527118018203232 
+6.829812428268107638 
+6.821171288623364859 
+6.812430941907861026 
+6.803410493650499546 
+6.794471291072729180 
+6.785249015049211962 
+6.776113090848023823 
+6.766691174926477537 
+6.757169268641888493 
+6.747741335010692509 
+6.738023119190716059 
+6.728403896116217808 
+6.718889968908623445 
+6.709286477929966352 
+6.699391063211104225 
+6.681182180128694803 
+6.671028348010167086 
+6.660783810519160575 
+6.650449122251846035 
+6.639811170556482622 
+6.629296041994582112 
+6.618692450894076984 
+6.598767293680910306 
+6.587914063208429205 
+6.576974554254929828 
+6.565949338106928934 
+6.555066577128451755 
+6.543873388546736614 
+6.532827189374362575 
+6.521468290822934222 
+6.510026548145275704 
+6.498502544597865693 
+6.486896865390495037 
+6.474970752013737396 
+6.463201848150093909 
+6.451353047896471793 
+6.439424944154734654 
+6.427172279351214712 
+6.415085766918131149 
+6.402921753112285508 
+6.390430227182687162 
+6.378111462613903271 
+6.365717015439453341 
+6.353247491412875370 
+6.340446727054442455 
+6.327827372620539848 
+6.315134781585998169 
+6.302369566688843960 
+6.279000019564696444 
+6.266033579598091485 
+6.253263623259183390 
+6.240158679269853792 
+6.226984695722999064 
+6.213471335552410046 
+6.200159769411600408 
+6.186781053157148769 
+6.173060734668629479 
+6.159548267715293512 
+6.145692783175029206 
+6.131770034782736190 
+6.117780697060743123 
+6.103725446131861077 
+6.089321889234167173 
+6.075135562389906596 
+6.060885373767849416 
+6.046285098652177226 
+6.032196142222701951 
+6.018047823350900494 
+6.003840788494004599 
+5.989575685455832854 
+5.975546029403132842 
+5.961461885439466535 
+5.947028755615596296 
+5.932836371782674867 
+5.918591354244037817 
+5.904294319142686653 
+5.889646415876507390 
+5.875246147246613759 
+5.860494149968886290 
+5.845993177846119160 
+5.831443311593146994 
+5.804338176196756294 
+5.789345732443684334 
+5.774612293462865864 
+5.759524621464951366 
+5.744699178546126994 
+5.729518895509386311 
+5.714292827169883182 
+5.699021644522251684 
+5.683706019579463309 
+5.668032717316686231 
+5.652629355346203255 
+5.637183586855879724 
+5.608705584793194809 
+5.593143201807881049 
+5.577222188993122387 
+5.561580077934530131 
+5.545899532532701848 
+5.529860064086068228 
+5.514425864414834066 
+5.498634106653887521 
+5.443573928381105986 
+5.427627905440635558 
+5.411322813131238085 
+5.394984466683575342 
+5.378613597728888251 
+5.362539298634493079 
+5.346106196501159147 
+5.329972317874743126 
+5.314140117202438951 
+5.297619917094610997 
+5.281071540554160393 
+5.264495724057555393 
+5.248225512016085226 
+5.231597539610350900 
+5.215610929550023478 
+5.198934178768395142 
+5.182567874393404495 
+5.166179415805493669 
+5.149769499932796535 
+5.119239393602526889 
+5.102772015539740025 
+5.086285872598968361 
+5.069444660049573947 
+5.052922737792894914 
+5.036046472874749824 
+5.019491628047400233 
+5.002583227321176551 
+4.985998319570789761 
+4.969060702423400144 
+4.952448594034668972 
+4.935824082381035538 
+4.918848238038020959 
+4.902200809058537168 
+4.885203042571189869 
+4.868195316684399643 
+4.851518802480821790 
+4.834834143683340635 
+4.804510812329601421 
+4.787806995685480516 
+4.771438774782698289 
+4.754724832280588842 
+4.738348043102005747 
+4.721626733056161207 
+4.705244077908631972 
+4.688859519614235083 
+4.672132340733145206 
+4.655745956653559503 
+4.639018293531988135 
+4.622632786499798030 
+4.605907398203873626 
+4.589525470844019850 
+4.572805116105495671 
+4.556088352699284805 
+4.539375884359594160 
+4.522668414706823903 
+4.505625859138881140 
+4.488930635231448640 
+4.471902039986723310 
+4.455221932217664715 
+4.438210225518370855 
+4.421548102744068842 
+4.404895942458333380 
+4.387914940384100682 
+4.371285050446416243 
+4.354667242876054445 
+4.337723478946580613 
+4.321132222164658643 
+4.290358091395846785 
+4.273471697691202387 
+4.256602186342428595 
+4.240087160477537864 
+4.223926261619559419 
+4.207446805583598071 
+4.191322090800918332 
+4.175216272158243314 
+4.158795086973837485 
+4.142394972977010426 
+4.125682605857350360 
+4.109327187796786518 
+4.092661876968651136 
+4.076353992203016752 
+4.059738630643487056 
+4.043481111983448173 
+4.026918587893914214 
+4.010714263337116670 
+3.994207459872368915 
+3.978059152338562665 
+3.961610947336187571 
+3.945521474401373130 
+3.929462162303105188 
+3.913433699203078042 
+3.897110637836525004 
+3.881146599082600623 
+3.851911163192123233 
+3.836042302924817182 
+3.819885532386982696 
+3.803765789664721453 
+3.787683799424253372 
+3.771960773951400725 
+3.755955667929909758 
+3.739990468389626344 
+3.724702090048976899 
+3.709134485796162117 
+3.693923715239534999 
+3.678436660585094664 
+3.663306091904779294 
+3.647902231270774287 
+3.632854451222840009 
+3.617536421419875303 
+3.589827796924205394 
+3.574945974054169362 
+3.547470446089672436 
+3.532410015756640931 
+3.517397688580200743 
+3.502739015219970220 
+3.475685334667684145 
+3.460861634844992984 
+3.446390171933794822 
+3.431668615274054979 
+3.416999635950379588 
+3.402086167965560293 
+3.387525415620722846 
+3.373019217171493445 
+3.358568224464685059 
+3.344173088049628539 
+3.330126513186414616 
+3.315843862868555370 
+3.301908720815165843 
+3.287741090420829071 
+3.262159558565632889 
+3.248159910506618342 
+3.234221131054218379 
+3.220343858688296201 
+3.206247440567301155 
+3.192496379811477158 
+3.178808745724612805 
+3.165185170848281437 
+3.151902347350334033 
+3.138407443096523863 
+3.125251871102361356 
+3.111888098350325649 
+3.098862182572774238 
+3.085631990004164660 
+3.072202311770660721 
+3.058844518491277586 
+3.045824257042339500 
+3.032610732524510855 
+3.019471045499474648 
+3.006666417314511452 
+2.993674849051386033 
+2.981016623654166420 
+2.968687875453082103 
+2.956430113754629829 
+2.943990792505199128 
+2.931878215621465777 
+2.919838336951706470 
+2.907623198323786351 
+2.895485002965903387 
+2.883669703304979404 
+2.871685578849366483 
+2.860022343587234950 
+2.848194609365043206 
+2.836685703287890270 
+2.825016663845086207 
+2.813193019176252196 
+2.801454371276539401 
+2.790033554352918888 
+2.778695538653758845 
+2.767669749679139812 
+2.756497344047661890 
+2.736421159541569725 
+2.725488224505372870 
+2.714420938872983857 
+2.703662567945570139 
+2.692774581851415494 
+2.682193069541518593 
+2.671486715341353069 
+2.661295739148530792 
+2.650981030098372493 
+2.640756360848282469 
+2.630828189259137861 
+2.620783379059918428 
+2.610830237906238249 
+2.601169626290587011 
+2.591399549650592160 
+2.581919300978737564 
+2.572334396357779163 
+2.563036566352897339 
+2.553638923286014606 
+2.544525549948089438 
+2.534943434966650866 
+2.525465799038699277 
+2.516458795116129021 
+2.507730146322229015 
+2.499095550454421666 
+2.490555490701278796 
+2.481760640278027452 
+2.473242235868243100 
+2.464823874872201781 
+2.456506061371026561 
+2.448122663503467855 
+2.440009524681665543 
+2.431836015030075959 
+2.423769292593981106 
+2.415809879193624443 
+2.407958293817878292 
+2.400215052606248456 
+2.392580668831330470 
+2.385354547281873128 
+2.378082312982501278 
+2.371061246145421464 
+2.363999266670311350 
+2.357044199411172158 
+2.350196511283507927 
+2.343593133269685769 
+2.336959378220805572 
+2.330566450311461146 
+2.324148425707934340 
+2.317967697938867477 
+2.311892617093163516 
+2.305800380268838712 
+2.299940075467907796 
+2.294067957648144418 
+2.288307689304604597 
+2.282773846170561338 
+2.277236277240160423 
+2.271921417192316994 
+2.266608233570150954 
+2.261513996848694585 
+2.252359197184486739 
+2.247480909667181503 
+2.242718188427392345 
+2.238071443306941077 
+2.233449839359453293 
+2.229038651293353990 
+2.224658249102608565 
+2.220400296712118582 
+2.216346707801767124 
+2.212332438296106041 
+2.208518453399507919 
+2.204749482093752100 
+2.201176671101732207 
+2.197723801689324130 
+2.194324492841003948 
+2.191179383890268006 
+2.185655467006723640 
+2.182785468245658222 
+2.177885093671764416 
+2.175410116669416194 
+2.172957594581160556 
+2.170678795997157184 
+2.168523756464014518 
+2.166492815545160155 
+2.164586309390085894 
+2.162769510138388807 
+2.161147928799422857 
+2.159616709447172322 
+2.158238659111044289 
+2.155114733733493715 
+2.154186740116569077 
+2.153365303642415629 
+2.152684241659323483 
+2.152125798829576109 
+2.151682487820208323 
+2.151372682101735823 
+2.151183756494802424 
+2.151123694503749739 
+2.151190269827261137 
+2.151642558424767593 
+2.152074496339542620 
+2.152636678147278104 
+2.153329367068372413 
+2.154170991167475346 
+2.155169999854051444 
+2.156287488278087139 
+2.157568430867748965 
+2.158992148109292852 
+2.160526813070795971 
+2.162234074044464993 
+2.164009613163016432 
+2.165917908375048828 
+2.168002228631566108 
+2.170179425010505980 
+2.172490042345418537 
+2.174934292843328176 
+2.177566393906143372 
+2.180281269198782734 
+2.183070905811527851 
+2.186113965878311305 
+2.189232175574855166 
+2.192485211651783672 
+2.195943808991346557 
+2.199469806688611140 
+2.203207306681955746 
+2.207006983533266187 
+2.211024101067479375 
+2.215182700256312476 
+2.219482950075271077 
+2.223925014975215664 
+2.228509054864659777 
+2.233235225091617426 
+2.238004912092725451 
+2.242911383508046974 
+2.248059125561925775 
+2.253242359830015307 
+2.258672777212813898 
+2.264133283448295231 
+2.269846877560039999 
+2.275703669240580318 
+2.281703772384306550 
+2.287723019470977004 
+2.294007196776084889 
+2.300434996804550547 
+2.306873675124295087 
+2.313586123624710833 
+2.320165446255044284 
+2.326877450669349479 
+2.333866215217834217 
+2.340846548372068181 
+2.347959753812164152 
+2.355358261205223513 
+2.362895345586865314 
+2.370729146990333103 
+2.378546358637824376 
+2.386502281720694896 
+2.394596951514112337 
+2.402999873390609498 
+2.411374956886377152 
+2.419888865509356002 
+2.428541615855358327 
+2.437152411331332313 
+2.445896457612571684 
+2.454960117883726589 
+2.463973444866790707 
+2.473120016818617373 
+2.482594568971500770 
+2.492010369465099462 
+2.501960134302416705 
+2.512054402058671698 
+2.522293140184428850 
+2.532676310878013926 
+2.543203871068544064 
+2.553446125650669973 
+2.564038922017893629 
+2.574990687364753672 
+2.585863289808256305 
+2.596874286153178613 
+2.608023606211422596 
+2.619311174822611665 
+2.630971528210013233 
+2.642538165578898646 
+2.654242794131875360 
+2.666085318555973416 
+2.678311568852763003 
+2.690432387723573626 
+2.702690783840181687 
+2.715086641480875862 
+2.738471797853175627 
+2.751259719340082288 
+2.764449806328563852 
+2.777514312160167087 
+2.790986329399305799 
+2.804326823487575560 
+2.817803684063479253 
+2.831695984023099744 
+2.845447861395441702 
+2.859335600470916283 
+2.873359023512332300 
+2.887808314676722166 
+2.902105310679630623 
+2.916537421527512830 
+2.931104448053049261 
+2.945806185720003523 
+2.960946603960379786 
+2.975612949383153794 
+2.990717539312215401 
+3.005643643556725753 
+3.021012955478767026 
+3.036197929575412235 
+3.051510662640826599 
+3.067273948188185440 
+3.082844144602240100 
+3.112049850638532345 
+3.142026220162434047 
+3.158871409064051505 
+3.175512139639126374 
+3.192283685560942885 
+3.209185750870150233 
+3.226566985295892032 
+3.243380227544732541 
+3.260672018676570083 
+3.278093088696839352 
+3.295283662629291843 
+3.312959689937441610 
+3.330399379027881412 
+3.348696289525107339 
+3.366756173050592160 
+3.384570874535401508 
+3.402507351400275937 
+3.420942756239483629 
+3.439124269398307732 
+3.457809084204517713 
+3.477004509198859061 
+3.495942332908581918 
+3.515004791540211393 
+3.534191485360167029 
+3.553502008698504078 
+3.573333843129861798 
+3.592893290495515313 
+3.612575305892280486 
+3.632379459625692419 
+3.651897452241360753 
+3.671942099233513446 
+3.691694823597088337 
+3.711978209532341921 
+3.732381513676741314 
+3.752904270253871744 
+3.773546007377271305 
+3.794306247033094159 
+3.815611817383390392 
+3.836609996863809879 
+3.857725197724006350 
+3.878522455409356695 
+3.899867821997320405 
+3.921328693495667927 
+3.942904548561410039 
+3.964151059617260664 
+3.985952973195858284 
+4.007868279814537971 
+4.029445754637235311 
+4.051130997776430043 
+4.073378630693952118 
+4.095737456588476100 
+4.118206904033058002 
+4.140786395220471761 
+4.163475345946999973 
+4.186739556627020242 
+4.209179257131089535 
+4.251531721032904443 
+4.274741645524541056 
+4.298534423354336553 
+4.321957704254785426 
+4.345485630156569634 
+4.369117559512456062 
+4.392852844221582842 
+4.416690829616039871 
+4.440141266931780351 
+4.464180601247453417 
+4.487826990307545394 
+4.512065030955457523 
+4.536402428059165715 
+4.560838487476226000 
+4.585874217744914105 
+4.610507469985980933 
+4.635237247324855758 
+4.660062828668358748 
+4.685493055850757926 
+4.710509972573773574 
+4.735620474295272331 
+4.760823812713475434 
+4.806836290510954512 
+4.874581934048777043 
+4.900279492916129520 
+4.926064882249391097 
+4.951937302515402095 
+4.978426607620023425 
+5.005004828149997920 
+5.031136909826027903 
+5.057888603493013058 
+5.084726592160848213 
+5.111110682510399350 
+5.138116889191929104 
+5.165206702989694421 
+5.192379206730247887 
+5.219633475573398407 
+5.246968576994489375 
+5.273834494065827272 
+5.300776247650293982 
+5.328345073450181602 
+5.355437296466647012 
+5.383157767015530837 
+5.410396729561442797 
+5.437706922599564230 
+5.464527928730824158 
+5.491976363208300960 
+5.542006018498878639 
+5.569644698174619712 
+5.597349085598548157 
+5.624550845922827946 
+5.651813795526870798 
+5.679706869361861088 
+5.707090618848003949 
+5.735105043965281091 
+5.763179263267896424 
+5.790737532001197785 
+5.818927100094394511 
+5.847173397277722451 
+5.876053543995098494 
+5.903831997445208479 
+5.931661862622825687 
+5.960123505482106232 
+6.011950005746512282 
+6.040553803538665001 
+6.069791231601660897 
+6.097905483312315411 
+6.126064052825933359 
+6.154853880715169367 
+6.183098796206166980 
+6.211974557602523817 
+6.240301472164477836 
+6.269850078306044239 
+6.299439721785819124 
+6.329069166867391516 
+6.358143439620156379 
+6.387848013440141415 
+6.417588656680917936 
+6.470612282943782212 
+6.499849509752568366 
+6.529714347194800261 
+6.559010956413255045 
+6.588933829736349779 
+6.618284790738402812 
+6.648260533580323539 
+6.677660750855388017 
+6.706482762954792953 
+6.735325145544057257 
+6.764788172999956828 
+6.793668041189752316 
+6.823166804287716047 
+6.852079184459531902 
+6.881005794822485200 
+6.910548432772697147 
+6.940706558316117381 
+6.970272488255015553 
+7.000451591468095813 
+7.030639153877539016 
+7.060833730562191768 
+7.089825773869320891 
+7.118821648040569272 
+7.148424202725742305 
+7.178028001030121175 
+7.207027497263631233 
+7.236025518690697211 
+7.266228786841606002 
+7.295823575952478990 
+7.326016339031486524 
+7.355597899305070797 
+7.385170726441616651 
+7.415336564873495462 
+7.444284339888092461 
+7.473219512595616010 
+7.502743054449656057 
+7.531648496524005587 
+7.561138757935752963 
+7.590008712287183101 
+7.618858956789939185 
+7.648888790813600735 
+7.678294200521863289 
+7.707674471313485931 
+7.737028053204044298 
+7.766353387730231539 
+7.796246454223554778 
+7.825509927564775481 
+7.855336580026373028 
+7.884531725511676470 
+7.913690638047391701 
+7.943405609786610810 
+7.972486395520700597 
+8.001526059160559257 
+8.031114281542761191 
+8.059475467455136766 
+8.088381914147085183 
+8.116652177126827183 
+8.145462541736632645 
+8.173635468742588728 
+8.202343170870205924 
+8.230412282670132029 
+8.259010674223116411 
+8.287551298084149920 
+8.316032431671590786 
+8.343872968828710768 
+8.372231221309544225 
+8.400524798710254260 
+8.429327303430982354 
+8.457484838480596068 
+8.485572362476105468 
+8.514159080363842946 
+8.542099699308851157 
+8.569964890100317589 
+8.598319125340035285 
+8.626026384033300687 
+8.653652715911780646 
+8.681757521307069680 
+8.709214728805179107 
+8.736585428824970023 
+8.764423604445065408 
+8.791059834191329969 
+8.818159780771635425 
+8.844615513443926602 
+8.872075696703783265 
+8.899434007416985537 
+8.927232419122315576 
+8.954378713261089473 
+8.981416942459020447 
+9.007807567161480122 
+9.034625709940039329 
+9.060796644205217021 
+9.087386506104484951 
+9.113329681301532759 
+9.139682990121162476 
+9.164866813725490502 
+9.190977735029887796 
+9.216443387932418574 
+9.241785187306659211 
+9.267514376156457345 
+9.292599700398945117 
+9.317554974741291574 
+9.342883333561090353 
+9.367569527132095786 
+9.392119388768115584 
+9.417027555969466945 
+9.441295557681936401 
+9.465911711678259621 
+9.489889207955837236 
+9.514204486881675749 
+9.537882753913233813 
+9.561409665937194546 
+9.585258451277246294 
+9.608472945796908249 
+9.631529514175337425 
+9.653960302193404175 
+9.676697758987089060 
+9.698811707714012798 
+9.720765717667646300 
+9.743009951157484139 
+9.765531757199124030 
+9.788317980020490694 
+9.810472598395802990 
+9.832441800536344090 
+9.854656856123449771 
+9.876244110216525485 
+9.897638592737663998 
+9.917993655972326295 
+9.955251824693666762 
+9.975492441134798938 
+9.995943698090947294 
+10.015785145236772991 
+10.035824161550124245 
+10.055256766005385316 
+10.075263761560105280 
+10.094659256130823266 
+10.113453787592927569 
+10.132034981270667373 
+10.150400406976530121 
+10.168547624524975959 
+10.186837717063742303 
+10.204536578549863179 
+10.222009800668470092 
+10.253507374663882956 
+10.270667802162201099 
+10.300605553177270224 
+10.316751360980514818 
+10.332654784413032090 
+10.347996179515760673 
+10.363412256252217958 
+10.378271330711488218 
+10.393189996303025424 
+10.407853541001964359 
+10.422550660764898112 
+10.436690817146036636 
+10.450848422429466211 
+10.464454497613019157 
+10.477792247483485255 
+10.491122850142001965 
+10.503910374969184005 
+10.516421536946603865 
+10.528653654164497055 
+10.540844967161085322 
+10.552505074451973499 
+10.563877973375621622 
+10.575184085126206668 
+10.585751240558447961 
+10.596246129887351373 
+10.606237755209122042 
+10.624191810844340722 
+10.633533903287712974 
+10.642567218127165773 
+10.651288949451011234 
+10.659696280768955035 
+10.667624470478754617 
+10.675556424442177672 
+10.683003550781315028 
+10.690124905054490867 
+10.697052802323044673 
+10.703507197107979820 
+10.709748513235012979 
+10.715638482678913945 
+10.721174010472669380 
+10.726351990007557902 
+10.731169303014201688 
+10.735622819546204454 
+10.739709397961949122 
+10.743425884907379597 
+10.746769115298107522 
+10.749735912302091023 
+10.752275084797897620 
+10.754487125339707632 
+10.756280477627004899 
+10.757725169580194091 
+10.758760316425210135 
+10.759424975859912976 
+10.759689441929836562 
+10.759567816744237234 
+10.759057011044347973 
+10.758176296588381149 
+10.756885918481270181 
+10.753520879702389124 
+10.751153773558234761 
+10.748272444943740567 
+10.744963724599072563 
+10.741303271692220989 
+10.737225924721059300 
+10.732728485792666362 
+10.727912421591611292 
+10.722687130764969154 
+10.716927721314139177 
+10.710866170377787654 
+10.704246715189810857 
+10.697336415546683241 
+10.689844122280421246 
+10.682072499921231312 
+10.673694488921427137 
+10.665048884185964084 
+10.655772188240668186 
+10.646036559843288671 
+10.635838656261771717 
+10.596826637359477274 
+10.584265371103255049 
+10.571735584936671870 
+10.558465503368188010 
+10.544993483870705120 
+10.530754811239201985 
+10.516021715109108214 
+10.500790733284194545 
+10.485058392045273123 
+10.468821206132084001 
+10.451728615670798916 
+10.434460755861142189 
+10.416677454240534928 
+10.398375178994200496 
+10.379160741719594796 
+10.359799104009116633 
+10.339907754527128958 
+10.319060707307452063 
+10.298088192495406190 
+10.276575121321277706 
+10.254517879816898329 
+10.231912842282294918 
+10.169258354356646379 
+10.144112513367744555 
+10.118378483417767910 
+10.092052341093573631 
+10.065674460766530274 
+10.038164310840725690 
+10.010050280589918970 
+9.981908815865800477 
+9.953179814427400629 
+9.924463820442692708 
+9.894560621509249643 
+9.864687133074044212 
+9.833594890525965582 
+9.802549319033431630 
+9.770253093858343618 
+9.736664907890311582 
+9.702433413984337562 
+9.667554510572312410 
+9.632741103175007424 
+9.596568177299225511 
+9.559735541628523237 
+9.522239042444473611 
+9.484074512879931973 
+9.446021122465801056 
+9.407318194719358928 
+9.367961770971142244 
+9.327124396677280771 
+9.286435515598935098 
+9.244230182357441095 
+9.201327622308458132 
+9.157723563836929870 
+9.113413722023315344 
+9.068393798626283697 
+9.022659482065044756 
+8.977142579569532543 
+8.929980992220036384 
+8.883057018036661034 
+8.834451100507390464 
+8.785109206598113119 
+8.736035874167404458 
+8.686247346773185996 
+8.635739466242261742 
+8.583454960208747764 
+8.532548950810262767 
+8.479857937251988886 
+8.426430813211819526 
+8.372263358109693243 
+8.318479462818208603 
+8.262833958085153085 
+8.206435472349824067 
+8.149279735082650689 
+8.091362463160523433 
+8.032679360853101969 
+7.972004739141461016 
+7.911761187982317978 
+7.850738754868692659 
+7.788933093220712145 
+7.725054199259805188 
+7.661652781984622962 
+7.596136446852655766 
+7.531121374356365195 
+7.466652322210693526 
+7.400038731497629030 
+7.333995281688197032 
+7.265765789066931823 
+7.196713375846975680 
+7.125398802777296758 
+7.054670089008007849 
+6.983104901601102199 
+6.909212262166363416 
+6.773983481750205371 
+6.634322963428251896 
+6.557890961133825414 
+6.480591935626227595 
+6.400816859686637272 
+6.321752044536581572 
+6.240165521208046684 
+6.159316032050552003 
+6.075898736728324145 
+5.993245581637275166 
+5.907978079822338024 
+5.821768708994902397 
+5.734612469566219950 
+5.646504347711626792 
+5.557439315353508213 
+5.467412330143229582 
+5.376418335443813312 
+5.286301141069543519 
+5.193377493477489004 
+5.101359457174453382 
+5.008393338581456966 
+4.914474311617813562 
+4.817651269830444782 
+4.721792199239678745 
+4.624965562875440028 
+4.525160421851881054 
+4.426364005228296428 
+4.326585243874458975 
+4.223752454095706987 
+4.121973929821596272 
+4.021305625561887531 
+3.919675701520357158 
+3.814931752564286960 
+3.711344272600420879 
+3.604592201272549090 
+3.408078450914385993 
+3.296187199872734563 
+3.183217054702787596 
+3.069162633498459858 
+2.956332135296887653 
+2.840114912288218108 
+2.722797287914014763 
+2.604373821653493959 
+2.487240679548528011 
+2.366611537890961348 
+2.244860253923073756 
+2.124449993272894410 
+2.002951555719826082 
+1.877846442688089201 
+1.754133552201854851 
+1.629316726110094482 
+1.500809214869115671 
+1.376350273207777697 
+1.248190115006055478 
+1.121554711204180599 
+0.991162376348267316 
+0.862330164455209491 
+0.729684829465685247 
+0.598635358351388369 
+0.463716092257729251 
+0.215696486109020924 
+0.080337771817235115 
-0.056145365998874652 
-0.196637001464171846 
-0.454843962092247978 
-0.595732493084136117 
-0.740741795890799359 
-0.883958372620911703 
-1.031354989786559706 
-1.176920734705855232 
-1.326726283283455210 
-1.477756967533585986 
-1.626898632105123532 
-1.780370990887433891 
-1.931915208673722795 
-2.091046524940085583 
-2.245039896820093972 
-2.403487127783504818 
-2.566471085943136998 
-2.727478166621015276 
-2.889760801324820605 
-3.053324675738696925 
-3.221553232227934771 
-3.384318957798877037 
-3.551760808225813193 
-3.720506783956880170 
-3.887078983052695946 
-4.058423587450858960 
-4.227552473215757445 
-4.401518378865601377 
-4.573226215819252261 
-4.749836206928470972 
-4.927790567401521216 
-5.110768531760690792 
-5.291456953392907891 
-5.473507479321149560 
-5.656926010356277956 
-5.841718461819155550 
