11
59
108
157
205
254
302
351
399
449
498
548
597
647
696
744
833
882
931
981
1030
1080
1131
1182
1233
1284
1335
1385
1435
1485
1535
1585
1634
1684
1733
1822
1871
1920
1969
2019
2068
2118
2167
2216
2264
2313
2361
2410
2458
2508
2558
2608
2658
2707
2757
2806
2854
2903
2952
3002
3093
3143
3193
3242
3291
3341
3390
3439
3487
3536
3586
3637
3687
3737
3787
3838
3887
3937
3985
4034
4082
4131
4179
4228
4277
4327
4376
4426
4475
4525
4574
4623
4673
4722
4772
4821
4870
4918
4966
5015
5064
5112
5161
5210
5260
5309
5359
5408
5458
5507
5556
5606
5655
5705
5754
5802
5851
5900
5950
5999
6048
6098
6147
6196
6245
6294
6344
6393
6442
6492
6542
6592
6641
6691
6740
6790
6839
6969
7058
7106
7156
7206
7255
7304
7393
7442
7490
7539
7588
7637
7687
7736
7786
7835
7884
8013
8062
8111
8159
8208
8258
8307
8356
8406
8455
8505
8553
8602
8650
8699
8788
8837
8887
8937
8986
9078
9127
9177
9226
9315
9364
9493
9543
9592
9642
9691
9823
9872
9962
10010
10059
10108
10197
10247
10337
10387
10436
10485
10535
10584
10634
10683
10733
10782
10873
10923
10973
11065
11115
11165
11215
11264
11314
11363
11412
11462
11511
11560
11609
11698
11829
11878
12010
12059
12108
12157
12205
12254
12303
12352
12400
12449
12498
12546
12636
12685
12735
12784
12833
12883
12932
13064
13156
13206
13256
13307
13356
13406
13455
13504
13554
13603
13653
13702
13752
13801
13851
13901
13950
14000
14049
14099
14149
14198
14248
14298
14387
14435
14484
14532
14581
14629
14678
14726
14817
14907
14956
15006
15055
15105
15154
15204
15253
15302
15352
15401
15451
15541
15591
15640
15690
15739
15788
15838
15887
15937
15986
16036
16084
16133
16181
16230
16278
16327
16375
16425
16474
16523
16573
16663
16712
16761
16810
16858
16907
16997
17047
17097
17147
17197
17247
17297
17348
17397
17446
17495
17543
17633
17681
17730
17779
17827
17876
17925
17973
18022
18111
18159
18208
18256
18305
18353
18402
18450
18500
18549
18597
18646
18694
18743
18792
18840
18890
18940
18990
19039
19088
19138
19187
19237
19286
19335
19384
19434
19483
19532
19582
19631
19680
19730
19779
19829
19878
19929
19978
20028
20077
20126
20217
20267
20316
20366
20415
20464
20514
20563
20612
20662
20711
20760
20809
20857
20905
20954
21003
21052
21102
21151
21201
21250
21300
21348
21397
21445
21493
21541
21591
21641
21690
21738
21787
21836
21884
21933
22104
22153
22201
22249
22298
22346
22395
22484
22532
22581
22631
22681
22732
22782
22832
22883
22931
22980
23028
23077
23126
23175
23223
23273
23322
23372
23422
23471
23522
23572
23661
23709
23758
23807
23855
23904
23953
24003
24052
24102
24151
24201
24250
24299
24389
24438
24487
24535
24624
24673
24722
24770
24819
24868
24917
24967
25016
25065
25115
25164
25213
25261
25309
25358
25406
25454
25503
25552
25641
25730
25780
25829
25879
25928
25978
26027
26076
26126
26175
26224
26274
26323
26373
26423
26473
26522
26572
26620
26669
26717
26766
26815
26864
26912
26961
27010
27058
27148
27196
27245
27295
27344
27394
27443
27493
27542
27591
27640
27689
27738
27827
27916
27966
28015
28064
28113
28163
28212
28262
28311
28360
28410
28459
28508
28558
28607
28657
28706
28756
28805
28855
28904
28953
29002
29050
29099
29148
29197
29247
29295
29344
29434
29483
29532
29582
29631
29680
29730
29779
29828
29876
29925
30014
30062
30111
30159
30207
30256
30304
30353
30401
30449
30498
30546
30594
30643
30693
30743
30793
30843
30893
30943
30992
31041
31090
31139
31189
31238
31288
31338
31388
31437
31487
31535
31585
31634
31683
31733
31782
31832
31881
31931
31981
32030
32080
32129
32179
32229
32278
32328
32378
32427
32476
32524
32573
32623
32672
32721
32771
32820
32869
32918
32967
33017
33066
33114
33163
33212
33262
33311
33360
33410
33459
33507
33556
33604
33653
33701
33790
33840
33889
33938
33989
34040
34091
34142
34193
34242
34291
34341
34390
34439
34488
34538
34587
34635
34684
34733
34781
34830
34879
34928
34978
35027
35076
35126
35174
35223
35271
35320
35369
35418
35466
35515
35563
35612
35661
35710
35760
35809
35858
35908
35956
36005
36054
36102
36151
36199
36248
36296
36344
36393
36443
36492
36541
36590
36639
36689
36739
36788
36838
36887
36936
36985
37034
37084
37132
37180
37229
37278
37327
37377
37426
37475
37525
37574
37623
37673
37721
37769
37818
37868
37918
37968
38019
38069
38119
38168
38217
38265
38314
38363
38411
38461
38510
38559
38609
38658
38707
38757
38806
38855
38944
38993
39041
39090
39138
39187
39235
39284
39332
39381
39429
39478
39526
39574
39623
39672
39722
39771
39821
39870
39920
39968
40018
40067
40117
40166
40216
40265
40315
40364
40413
40463
40512
40561
40610
40659
40709
40758
40807
40856
40906
40956
41006
41056
41105
41154
41203
41253
41302
41351
41400
41449
41498
41548
41597
41647
41696
41746
41795
41844
41893
41942
41992
42041
42089
42138
42187
42236
42285
42334
42383
42431
42479
42528
42577
42626
42676
42725
42774
42823
42873
42922
42971
43019
43067
43116
43164
43213
43261
43310
43359
43409
43458
43507
43556
43606
43655
43705
43754
43804
43853
43902
43952
44001
44050
44099
44149
44198
44247
44297
44346
44395
44444
44493
44542
44590
44639
44688
44736
44786
44836
44886
44936
44986
45036
45085
45134
45184
45233
45282
45330
45380
45429
45479
45528
45577
45625
45674
45723
45771
45820
45868
45918
45967
46017
46066
46115
46165
46214
46264
46313
46362
46411
46460
46510
46559
46608
46657
46706
46755
46804
46853
46902
46951
47002
47052
47102
47151
47201
47251
47301
47350
47439
47528
47576
47625
47674
47723
47772
47822
47871
47920
47969
48018
48068
48117
48166
48256
48306
48354
48404
48453
48502
48552
48601
48650
48699
48749
48798
48848
48897
48946
48996
49045
49094
49143
49193
49242
49291
49341
49390
49440
49489
49538
49587
49637
49686
49735
49788
49836
49885
49933
49982
50030
50079
50129
50177
50226
50275
50364
50413
50462
50512
50561
50610
50660
50709
50759
50808
50857
50906
50956
51005
51054
51102
51152
51202
51252
51302
51352
51402
51452
51501
51550
51600
51649
51698
51747
51797
51846
51895
51944
51993
52043
52092
52141
52190
52240
52290
52340
52389
52439
52488
52537
52587
52636
52685
52734
52783
52833
52882
52932
52982
53032
53082
53132
53181
53231
53281
53330
53380
53430
53479
53528
53578
53627
53676
53725
53775
53824
53873
53923
53973
54023
54071
54119
54168
54216
54264
54313
54361
54410
54458
54507
54555
54604
54653
54701
54750
54798
54846
54895
54943
54991
55040
55088
55137
55185
55234
55284
55333
55383
55432
55481
55531
55580
55630
55680
55729
55779
55829
55879
55929
55979
56029
56079
56129
56177
56226
56275
56324
56374
56423
56472
56522
56571
56620
56668
56717
56767
56816
56866
56916
56966
57016
57066
57115
57165
57214
57263
57394
57443
57492
57540
57589
57638
57687
57736
57785
57835
57884
57933
57983
58032
58081
58130
58180
58228
58317
58365
58414
58463
58511
58560
58609
58657
58706
58755
58803
58852
58900
58949
58998
59046
59096
59146
59195
59245
59294
59344
59393
59442
59531
59580
59629
59678
59726
59776
59826
59875
59925
59974
60024
60072
60121
60171
60220
60269
60318
60368
60417
60466
60516
60565
60615
60664
60714
60763
60813
60862
60911
60960
61010
61059
61108
61158
61207
61256
61304
61353
61401
61450
61498
61547
61597
61647
61697
61747
61797
61847
61897
61946
61996
62045
62135
62184
62234
62282
62331
62379
62428
62476
62525
62575
62625
62673
62722
62771
62819
62868
62916
62965
63014
63063
63112
63162
63211
63260
63309
63359
63408
63457
63507
63556
63605
63654
63703
63751
63799
63848
63896
63944
63994
64043
64093
64142
64192
64241
64291
64341
64390
64440
64490
64540
64589
64639
64688
64737
64787
64836
64886
64936
64985
65035
65085
65134
65184
65233
65282
65332
65380
65429
65477
65525
65574
65622
65671
65720
65770
65819
65868
65918
65967
66017
66066
66116
66166
66216
66266
66315
66364
66413
66463
66512
66561
66610
66660
66709
66757
66806
66855
66904
66953
67001
67049
67098
67147
67195
67244
67293
67342
67432
67562
67610
67659
67708
67758
67807
67857
67907
67956
68006
68056
68105
68154
68203
68253
68302
68392
68441
68490
68538
68587
68635
68684
68732
68782
68833
68883
68933
68984
69034
69083
69133
69182
69232
69280
69328
69377
69425
69473
69522
69571
69620
69668
69717
69765
69814
69862
69911
69959
70008
70056
70105
70153
70202
70250
70299
70348
70396
70445
70493
70542
70590
70639
70688
70736
70784
70833
70882
70932
70981
71030
71079
71129
71219
71270
71320
71371
71421
71471
71520
71569
71617
71666
71715
71764
71854
71903
71953
72002
72052
72102
72152
72202
72252
72302
72352
72401
72450
72500
72549
72598
72647
72697
72745
72794
72843
72891
72940
72989
73037
73086
73134
73183
73231
73280
73328
73376
73425
73473
73522
73570
73619
73667
73717
73766
73816
73865
73914
73964
74013
74062
74111
74161
74210
74259
74309
74358
74408
74456
74505
74553
74601
74650
74698
74747
74836
74885
74934
74983
75032
75082
75131
75181
75231
75280
75330
75379
75428
75478
75527
75577
75626
75675
75723
75771
75820
75868
75917
75966
76016
76065
76114
76164
76214
76263
76312
76361
76410
76459
76508
76556
76605
76654
76703
76753
76802
76851
76901
76950
76999
77049
77098
77147
77197
77246
77296
77345
77394
77444
77493
77543
77592
77642
77691
77741
77791
77841
77890
77940
77990
78039
78089
78138
78188
78237
78286
78334
78382
78431
78479
78528
78576
78625
78675
78724
78774
78823
78872
78922
78970
79019
79067
79116
79164
79212
79261
79310
79359
79408
79458
79507
79556
79605
79655
79704
79753
79803
79852
79901
79951
80000
80050
80099
80147
80196
80244
80292
80341
80389
80438
80487
80537
80586
80635
80684
80733
80782
80830
80919
81009
81057
81106
81155
81203
81252
81300
81349
81397
81446
81495
81543
81591
81639
81688
81736
81786
81835
81885
81934
81983
82032
82081
82130
82180
82229
82279
82329
82379
82428
82478
82527
82576
82626
82675
82725
82774
82824
82872
82920
82969
83017
83065
83114
83162
83212
83261
83349
83398
83446
83495
83545
83594
83643
83692
83741
83792
83842
83891
83940
83989
84039
84088
84137
84187
84237
84288
84338
84386
84435
84524
84573
84621
84670
84718
84767
84816
84864
84913
84961
85011
85060
85108
85157
85205
85254
85303
85351
85401
85450
85498
85547
85596
85644
85692
85741
85831
85881
85930
85980
86029
86078
86128
86176
86225
86274
86322
86371
