25
74
123
173
222
271
361
410
460
509
558
607
657
706
755
804
854
903
953
1002
1052
1101
1151
1199
1247
1296
1344
1393
1442
1491
1540
1590
1639
1688
1738
1787
1835
1884
1932
1980
2029
2077
2126
2176
2225
2274
2323
2372
2421
2471
2519
2567
2616
2664
2713
2762
2810
2859
2907
2955
3004
3052
3100
3150
3199
3249
3298
3348
3397
3447
3496
3546
3595
3643
3692
3740
3789
3837
3886
3934
4023
4071
4120
4169
4218
4268
4317
4367
4417
4466
4515
4563
4653
4702
4750
4799
4848
4897
4946
4995
5044
5094
5143
5192
5242
5291
5341
5390
5439
5489
5538
5587
5636
5684
5734
5783
5833
5882
5931
5981
6030
6080
6129
6178
6227
6277
6326
6374
6423
6471
6520
6568
6616
6665
6713
6762
6811
6859
6908
6956
7005
7053
7102
7192
7281
7330
7380
7429
7478
7527
7577
7626
7676
7725
7774
7824
7873
7923
7972
8020
8069
8117
8166
8215
8265
8313
8362
8410
8459
8507
8556
8605
8655
8704
8754
8804
8854
8904
8953
9003
9052
9102
9151
9201
9251
9301
9351
9400
9450
9499
9549
9599
9648
9697
9745
9794
9842
9891
9939
9988
10038
10087
10136
10185
10233
10323
10372
10422
10471
10521
10570
10620
10669
10719
10768
10818
10867
10916
10966
11015
11063
11112
11160
11210
11259
11309
11358
11408
11457
11507
11555
11603
11652
11700
11749
11797
11846
11895
11943
11992
12040
12089
12137
12186
12234
12282
12331
12380
12471
12521
12570
12620
12669
12718
12767
12815
12863
12912
13001
13051
13101
13152
13202
13293
13343
13392
13441
13491
13540
13589
13637
13686
13734
13782
13831
13879
13969
14018
14068
14117
14208
14257
14306
14355
14405
14454
14503
14552
14601
14651
14700
14749
14798
14846
14894
14943
14991
15040
15089
15138
15187
15237
15286
15335
15383
15432
15481
15529
15577
15626
15675
15724
15773
15823
15872
15922
15971
16021
16070
16119
16168
16217
16266
16316
16365
16414
16463
16512
16561
16612
16663
16714
16765
16815
16866
16915
16965
17014
17063
17112
17161
17210
17260
17309
17358
17407
17457
17506
17555
17604
17653
17703
17753
17802
17852
17901
17950
17999
18048
18098
18147
18195
18244
18294
18343
18393
18442
18491
18541
18590
18640
18689
18738
18788
18837
18887
18937
18986
19035
19084
19133
19183
19232
19281
19331
19380
19430
19479
19528
19618
19667
19716
19766
19816
19866
19916
19966
20016
20065
20115
20164
20213
20262
20312
20420
20469
20517
20566
20614
20662
20711
20761
20810
20859
20908
20957
21007
21056
21106
21155
21205
21255
21305
21355
21404
21454
21503
21552
21602
21651
21701
21750
21800
21849
21898
21947
21997
22046
22095
22144
22193
22241
22290
22338
22427
22516
22566
22615
22705
22754
22803
22853
22903
22993
23042
23091
23140
23190
23240
23290
23339
23388
23438
23488
23537
23587
23635
23683
23732
23780
23828
23877
23925
23975
24025
24114
24163
24211
24259
24309
24358
24447
24495
24544
24592
24641
24690
24739
24788
24837
24887
24936
24984
25033
25081
25130
25178
25227
25276
25325
25374
25423
25472
25522
25611
25660
25710
25759
25808
25858
25906
25955
26003
26052
26100
26149
26198
26247
26295
26344
26392
26440
26489
26537
26587
26636
26685
26734
26824
26874
26923
26973
27022
27070
27119
27209
27258
27307
27356
27405
27455
27504
27553
27602
27652
27700
27748
27797
27846
27894
27943
27993
28042
28092
28142
28192
28242
28290
28339
28388
28436
28485
28533
28582
28630
28678
28727
28775
28824
28872
28921
28970
29020
29069
29118
29168
29218
29267
29317
29367
29417
29466
29515
29564
29612
29661
29709
29758
29806
29855
29903
29952
30000
30049
30097
30146
30194
30283
30332
30381
30431
30480
30530
30579
30629
30677
30726
30774
30822
30871
30919
30969
31018
31068
31118
31167
31217
31306
31355
31403
31492
31581
31630
31678
31727
31775
31824
31873
31923
31973
32023
32073
32123
32172
32222
32271
32321
32370
32460
32509
32557
32606
32695
32744
32794
32843
32892
32941
32991
33039
33088
33138
33187
33236
33285
33416
33466
33515
33565
33614
33664
33713
33762
33811
33860
33908
33957
34006
34054
34103
34151
34200
34248
34296
34345
34393
34442
34491
34541
34591
34641
34690
34740
34790
34840
34889
34939
34988
35037
35086
35136
35185
35235
35284
35333
35383
35473
35521
35569
35618
35667
35717
35766
35815
35865
35914
35964
36013
36063
36112
36162
36211
36260
36310
36359
36408
36538
36588
36637
36687
36735
36784
36833
36881
36971
37019
37067
37116
37164
37213
37261
37309
37357
37406
37455
37504
37553
37603
37652
37702
37751
37800
37850
37898
37946
37995
38043
38091
38140
38189
38239
38289
38338
38388
38438
38487
38536
38586
38635
38684
38733
38784
38835
38886
38937
38988
39039
39089
39139
39188
39238
39288
39338
39387
39436
39485
39534
39584
39633
39683
39732
39781
39830
39880
39929
39978
40027
40076
40124
40173
40222
40271
40319
40367
40416
40465
40513
40562
40612
40661
40710
40759
40808
40857
40905
40954
41002
41050
41099
41147
41197
41246
41295
41345
41394
41444
41493
41543
41592
41642
41691
41741
41790
41840
41890
41939
41989
42038
42086
42135
42183
42232
42281
42329
42379
42428
42477
42527
42576
42626
42676
42726
42775
42825
42875
42925
42974
43022
43071
43120
43169
43217
43266
43316
43366
43415
43465
43515
43565
43615
43664
43713
43762
43811
43861
43910
43959
44008
44057
44107
44156
44205
44254
44302
44350
44400
44449
44498
44547
44597
44646
44736
44785
44833
44881
44930
44978
45027
45075
45165
45213
45262
45311
45400
45449
45497
45546
45594
45643
45692
45741
45790
45839
45888
45937
45986
46036
46085
46135
46184
46234
46284
46333
46382
46432
46481
46530
46579
46628
46677
46726
46775
46824
46873
46923
46972
47062
47111
47160
47210
47259
47307
47356
47404
47493
47542
47590
47639
47688
47736
47785
47835
47884
47933
47982
48031
48081
48131
48181
48231
48281
48331
48380
48430
48479
48528
48577
48667
48716
48764
48812
48862
48912
48962
49011
49061
49111
49159
49207
49256
49305
49354
49404
49453
49502
49551
49600
49650
49699
49748
49797
49846
49896
49945
50035
50084
50134
50183
50232
50281
50331
50380
50428
50477
50525
50574
50623
50673
50722
50772
50821
50870
50920
50969
51018
51068
51117
51208
51257
51307
51356
51406
51456
51505
51554
51604
51653
51702
51751
51801
51851
51901
51950
52000
52050
52100
52149
52199
52249
52297
52345
52394
52442
52491
52539
52588
52638
52687
52736
52785
52834
52884
52933
52982
53031
53081
53130
53179
53228
53277
53326
53376
53425
53474
53523
53573
53622
53672
53721
53771
53821
53871
53921
53971
54021
54071
54120
54170
54219
54268
54316
54365
54415
54464
54513
54562
54612
54661
54709
54758
54806
54855
54903
54951
55001
55050
55100
55149
55199
55248
55297
55345
55394
55443
55491
55540
55589
55639
55689
55738
55788
55838
55887
55936
55985
56035
56084
56133
56182
56231
56281
56330
56379
56428
56476
56525
56574
56622
56671
56720
56768
56817
56866
56915
56963
57012
57061
57110
57159
57208
57257
57306
57356
57405
57454
57503
57552
57602
57651
57700
57750
57799
57847
57895
57945
57994
58042
58091
58140
58189
58237
58287
58336
58385
58434
58483
58533
58581
58629
58678
58727
58776
58826
58875
58924
58973
59023
59072
59121
59171
59220
59269
59319
59368
59417
59466
59516
59565
59615
59665
59715
59764
59814
59863
59911
59959
60007
60056
60104
60153
60201
60250
60301
60352
60402
60453
60504
60555
60605
60654
60703
60753
60802
60851
60901
60949
60997
61046
61096
61145
61195
61244
61293
61343
61392
61441
61490
61539
61589
61639
61688
61737
61786
61835
61884
61932
61981
62029
62078
62128
62177
62227
62277
62326
62376
62425
62475
62524
62574
62623
62672
62722
62771
62820
62869
62918
62968
63017
63066
63115
63165
63214
63263
63312
63362
63411
63460
63509
63559
63608
63657
63706
63755
63805
63853
63901
63950
63998
64046
64095
64143
64191
64240
64290
64340
64389
64439
64489
64539
64589
64639
64689
64738
64788
64837
64887
64937
64985
65035
65085
65135
65185
65235
65285
65335
65383
65431
65480
65528
65577
65625
65673
65723
65772
65821
65870
65919
65969
66018
66067
66116
66166
66215
66264
66313
66362
66412
66461
66510
66559
66609
66658
66707
66755
66804
66853
66901
66950
66998
67047
67095
67144
67194
67243
67293
67342
67392
67442
67491
67541
67590
67640
67690
67739
67788
67837
67887
67936
67986
68035
68085
68134
68303
68412
68461
68510
68559
68609
68658
68707
68756
68806
68856
68905
68955
69005
69054
69103
69151
69200
69248
69296
69345
69395
69444
69494
69544
69594
69643
69693
69742
69791
69841
69890
69940
69989
70039
70088
70137
70186
70235
70284
70334
70383
70432
70482
70530
70578
70627
70676
70724
70773
70822
70871
70921
70971
71021
71070
71120
71169
71219
71268
71317
71367
71416
71465
71513
71561
71610
71659
71708
71758
71807
71856
71906
71954
72003
72052
72102
72151
72201
72251
72301
72351
72400
72449
72499
72548
72597
72647
72695
72744
72793
72843
72893
72942
72991
73039
73088
73138
73187
73240
73289
73339
73388
73437
73486
73536
73585
73634
73683
73732
73780
73830
73879
73929
73978
74028
74077
74128
74178
74228
74278
74328
74377
74427
74476
74524
74573
74621
74670
74718
74767
74817
74866
74914
74963
75011
75060
75108
75157
75206
75255
75304
75354
75403
75452
75501
75550
75600
75649
75698
75747
75796
75846
75895
75944
75993
76041
76090
76138
76187
76235
76285
76334
76384
76433
76483
76532
76581
76630
76679
76729
76778
76828
76877
76927
76976
77025
77075
77124
77173
77222
77272
77321
77370
77419
77468
77518
77567
77616
77665
77715
77763
77812
77860
77909
77958
78006
78055
78104
78152
78200
78249
78298
78346
78395
78443
78491
78540
78588
78636
78686
78735
78784
78834
78883
78932
78982
79031
79080
79130
79179
79228
79278
79328
79376
79425
79473
79522
79570
79619
79667
79715
79764
79812
79861
79910
79960
80009
80058
80107
80157
80205
80254
80304
80353
80403
80452
80502
80551
80600
80649
80699
80748
80797
80846
80895
80943
80992
81041
81091
81140
81190
81239
81289
81338
81388
81438
81488
81537
81587
81637
81685
81734
81782
81831
81879
81927
81977
82026
82076
82125
82175
82224
82274
82323
82372
82422
82471
82520
82570
82619
82668
82717
82767
82816
82865
82914
82965
83015
83065
83116
83166
83216
83265
83314
83364
83413
83462
83511
83561
83610
83658
83707
83755
83804
83852
83901
83950
83999
84048
84097
84145
84193
84242
84290
84339
84387
84435
84484
84532
84580
84629
84678
84728
84778
84828
84878
84928
84977
85027
85076
85125
85174
85224
85273
85322
85371
85420
85469
85517
85566
85614
85662
85710
85759
85808
85857
85907
85956
86005
86054
86103
86152
86201
86251
86301
86352
