0.471521
0.471521
0.471521
0.471521
0.471521
0.471521
0.471521
0.471521
0.471521
0.471521
0.471521
0.471521
0.471521
0.471521
0.471521
0.471521
0.471521
0.471521
0.471521
0.471521
0.471521
0.471521
0.471521
0.471521
0.471521
0.471521
0.471521
0.471521
0.471521
0.471521
0.471521
0.471521
0.471521
0.471521
0.471521
0.471521
0.471521
0.471521
0.471521
0.471521
0.471521
0.471521
0.471521
0.471521
0.471521
0.471521
0.471521
0.471521
0.471521
0.471521
0.471521
0.471521
0.471521
0.471521
0.471521
0.471521
0.471521
0.471521
0.471521
0.471521
0.471521
0.471521
0.471521
0.471521
0.471521
0.471521
0.471521
0.471521
0.471521
0.471521
0.471521
0.471521
0.471521
0.471521
0.471521
0.471521
0.471521
0.471521
0.471521
0.471521
0.471521
0.471521
0.471521
0.471521
0.471521
0.471521
0.471521
8.38091
8.38091
8.38091
8.38091
8.38091
0.471521
0.471521
0.471521
0.471521
0.471521
0.471521
0.471521
0.471521
0.471521
0.471521
0.471521
0.471521
0.471521
0.471521
0.471521
0.471521
0.471521
0.471521
0.471521
0.471521
0.471521
0.471521
0.471521
0.471521
0.471521
0.471521
0.471521
0.471521
0.471521
0.471521
0.471521
0.471521
0.471521
0.471521
0.471521
0.471521
0.471521
0.471521
0.471521
0.471521
0.471521
0.471521
0.471521
0.471521
0.471521
0.471521
0.471521
0.471521
0.471521
0.471521
0.471521
0.471521
0.471521
8.38091
8.38091
8.38091
8.38091
8.38091
8.38091
8.38091
0.471521
0.471521
0.471521
0.471521
0.471521
0.471521
0.471521
0.471521
0.471521
0.471521
0.471521
0.471521
0.471521
0.471521
0.471521
0.471521
0.471521
0.471521
0.471521
0.471521
0.471521
0.471521
0.471521
0.471521
0.471521
0.471521
0.471521
0.471521
0.471521
0.471521
0.471521
0.471521
0.471521
0.471521
0.471521
0.471521
0.471521
0.471521
0.471521
0.471521
0.471521
0.471521
0.471521
0.471521
0.471521
0.471521
0.471521
0.471521
0.471521
0.471521
0.471521
0.471521
0.471521
0.471521
0.471521
0.471521
0.471521
0.471521
0.471521
0.471521
0.471521
0.471521
0.471521
0.471521
0.471521
0.471521
0.471521
0.471521
0.471521
0.471521
0.471521
0.471521
0.471521
0.471521
0.471521
0.471521
0.471521
0.471521
0.471521
0.471521
0.471521
0.471521
0.471521
0.471521
0.471521
0.471521
0.471521
8.38091
8.38091
8.38091
8.38091
8.38091
8.38091
8.38091
0.471521
0.471521
0.471521
0.471521
0.471521
0.471521
0.471521
0.471521
0.471521
0.471521
0.471521
0.471521
0.471521
0.471521
0.471521
0.471521
0.471521
0.471521
0.471521
0.471521
0.471521
0.471521
0.471521
0.471521
0.471521
0.471521
0.471521
0.471521
0.471521
0.471521
0.471521
0.471521
0.471521
0.471521
0.471521
0.471521
0.471521
0.471521
0.471521
0.471521
0.471521
0.471521
0.471521
0.471521
0.471521
0.471521
0.471521
0.471521
0.471521
0.471521
0.471521
0.471521
0.471521
0.471521
0.471521
0.471521
0.471521
0.471521
0.471521
0.471521
0.471521
0.471521
0.471521
0.471521
0.471521
0.471521
0.471521
0.471521
0.471521
0.471521
0.471521
0.471521
8.38091
8.38091
8.38091
0.471521
0.471521
0.471521
0.471521
0.471521
0.471521
0.471521
0.471521
0.471521
0.471521
0.471521
0.471521
0.471521
0.471521
0.471521
0.471521
0.471521
0.471521
0.471521
0.471521
0.471521
0.471521
0.471521
0.471521
0.471521
0.471521
0.471521
0.471521
0.471521
0.471521
0.471521
0.471521
0.471521
0.471521
0.471521
0.471521
0.471521
0.471521
0.471521
0.471521
0.471521
0.471521
0.471521
0.471521
0.471521
0.471521
0.471521
0.471521
0.471521
0.471521
0.471521
0.471521
0.471521
0.471521
0.471521
0.471521
0.471521
0.471521
0.471521
0.471521
0.471521
0.471521
0.471521
0.471521
0.471521
0.471521
0.471521
0.471521
0.471521
0.471521
0.471521
4.44143
4.44143
0.471521
8.38091
8.38091
8.38091
0.471521
0.471521
0.471521
0.471521
0.471521
0.471521
0.471521
0.471521
0.471521
0.471521
0.471521
4.44143
4.44143
0.471521
0.471521
0.471521
0.471521
0.471521
0.471521
0.471521
0.471521
0.471521
0.471521
0.471521
0.471521
0.471521
0.471521
0.471521
0.471521
0.471521
2.03819
2.03819
6.70777
2.03819
11.21
11.6968
11.21
11.0731
11.0731
8.8068
9.29353
11.6664
4.44143
4.44143
4.44143
12.3508
12.3508
4.44143
0.471521
0.471521
0.471521
0.471521
0.471521
0.471521
0.471521
0.471521
0.471521
0.471521
0.471521
8.38091
8.38091
0.471521
0.471521
0.471521
0.471521
0.471521
0.471521
0.471521
0.471521
0.471521
0.471521
0.471521
0.471521
0.471521
8.38091
8.38091
8.38091
0.471521
0.471521
0.471521
2.03819
4.44143
4.44143
0.471521
0.471521
0.471521
8.38091
8.38091
8.38091
8.38091
8.38091
8.38091
8.38091
0.471521
0.471521
0.471521
0.471521
0.471521
0.471521
0.471521
0.471521
0.471521
0.471521
0.471521
0.471521
0.471521
0.471521
0.471521
0.471521
0.471521
0.471521
0.471521
0.471521
0.471521
0.471521
0.471521
0.471521
0.471521
0.471521
0.471521
0.471521
0.471521
0.471521
0.471521
0.471521
0.471521
0.471521
0.471521
0.471521
0.471521
0.471521
0.471521
0.471521
0.471521
0.471521
0.471521
0.471521
0.471521
0.471521
0.471521
0.471521
0.471521
0.471521
0.471521
0.471521
0.471521
0.471521
0.471521
0.471521
0.471521
0.471521
0.471521
0.471521
0.471521
0.471521
0.471521
0.471521
0.471521
0.471521
0.471521
0.471521
0.471521
0.471521
0.471521
0.471521
0.471521
0.471521
0.471521
0.471521
0.471521
0.471521
0.471521
0.471521
0.471521
0.471521
0.471521
7.57476
0.471521
0.471521
0.471521
0.471521
0.471521
0.471521
0.471521
0.471521
0.471521
0.471521
0.471521
0.471521
0.471521
0.471521
0.471521
0.471521
0.471521
0.471521
0.471521
0.471521
0.471521
0.471521
2.92039
4.60874
4.60874
5.99288
4.42622
4.42622
4.88253
2.44887
5.03463
0.471521
0.471521
0.471521
0.471521
0.471521
0.471521
3.04207
3.04207
0.471521
0.471521
0.471521
0.471521
0.471521
0.471521
0.471521
0.471521
0.471521
0.471521
0.471521
0.471521
0.471521
4.85211
4.3958
0.471521
0.471521
0.471521
0.471521
0.471521
0.471521
4.42622
4.88253
4.42622
4.42622
4.42622
12.6398
22.9981
8.04628
15.6971
16.1838
22.4505
22.4505
13.8566
22.4505
20.5644
17.6897
9.59774
9.61295
9.12622
4.73042
6.29709
4.19806
14.4955
0.471521
6.40356
4.42622
4.42622
4.42622
17.2181
12.3356
4.42622
4.42622
4.42622
4.88253
4.42622
4.42622
4.42622
12.7919
12.3356
12.7615
8.3657
0.471521
0.471521
0.471521
8.3657
8.3657
0.471521
8.38091
0.471521
0.471521
0.471521
0.471521
0.471521
4.42622
4.88253
3.98512
4.88253
4.3958
4.42622
4.42622
4.42622
4.42622
4.42622
4.42622
4.88253
4.3958
8.82201
4.42622
4.88253
4.42622
7.42266
7.42266
4.42622
4.42622
4.42622
4.88253
4.42622
4.42622
4.42622
4.42622
4.42622
4.42622
4.88253
8.82201
4.42622
4.88253
8.82201
9.30874
9.30874
4.42622
4.42622
4.42622
4.42622
4.42622
4.88253
4.88253
4.3958
8.82201
7.95502
8.41133
8.41133
7.95502
8.82201
8.82201
7.95502
7.95502
4.42622
4.88253
4.42622
6.99677
11.6816
12.1987
13.5524
11.712
11.712
11.712
11.712
11.712
12.1987
11.712
12.1987
6.99677
6.99677
6.99677
3.04207
3.04207
2.92039
3.04207
3.04207
0.471521
0.471521
0.471521
0.471521
0.471521
0.471521
0.471521
2.03819
1.82524
0.471521
0.471521
4.42622
4.42622
4.42622
4.85211
4.88253
4.42622
4.42622
12.3356
7.95502
8.82201
8.82201
8.82201
4.42622
4.42622
4.42622
4.42622
4.42622
4.42622
0.471521
0.471521
0.471521
0.471521
0.471521
0.471521
0.471521
0.471521
0.471521
0.471521
0.471521
0.471521
0.471521
0.471521
0.471521
0.471521
0.471521
0.471521
0.471521
0.471521
0.471521
0.471521
0.471521
0.471521
0.471521
0.471521
0.471521
0.471521
0.471521
0.471521
0.471521
0.471521
4.42622
0.471521
0.471521
0.471521
0.471521
0.471521
0.471521
0.471521
0.471521
0.471521
0.471521
0.471521
0.471521
0.471521
0.471521
0.471521
0.471521
0.471521
0.471521
0.471521
8.38091
0.486732
0.486732
0.471521
0.471521
2.44887
2.44887
0.471521
0.471521
0.471521
0.471521
0.471521
0.471521
4.85211
0.471521
0.471521
0.471521
0.471521
0.471521
0.471521
2.3424
2.3424
0.471521
0.471521
0.471521
0.471521
0.471521
0.471521
0.471521
0.471521
8.3657
0.471521
0.471521
0.471521
0.471521
0.471521
0.471521
0.471521
0.471521
0.471521
0.471521
0.471521
0.471521
0.471521
0.471521
2.44887
0.471521
10.9515
2.44887
0.471521
0.471521
0.471521
0.471521
0.471521
0.471521
0.471521
0.471521
0.471521
0.471521
0.471521
0.471521
0.471521
0.471521
0.471521
0.471521
0.471521
0.471521
0.471521
0.471521
0.471521
0.471521
0.471521
0.471521
0.471521
0.471521
0.471521
0.471521
0.471521
0.471521
0.471521
0.547573
0.471521
0.471521
0.471521
2.3424
2.3424
2.3424
2.3424
0.471521
0.471521
0.471521
0.471521
0.471521
0.471521
0.471521
0.471521
0.471521
0.471521
0.471521
0.471521
0.471521
0.471521
0.471521
0.471521
0.471521
2.17508
2.26634
2.17508
2.44887
2.44887
0.471521
0.471521
0.471521
0.471521
0.471521
0.471521
0.471521
0.471521
0.471521
0.471521
0.471521
0.471521
0.471521
0.471521
0.471521
0.471521
0.471521
0.471521
0.471521
0.471521
0.471521
0.471521
0.471521
0.471521
0.471521
0.471521
0.471521
0.471521
0.471521
0.471521
0.471521
0.471521
0.471521
0.471521
0.471521
0.471521
2.44887
2.44887
2.44887
2.44887
0.471521
0.471521
0.471521
0.471521
0.471521
0.471521
4.3958
0.471521
0.471521
0.471521
0.471521
0.471521
0.471521
0.471521
0.471521
0.471521
0.471521
0.471521
0.471521
0.471521
0.471521
0.471521
0.471521
0.471521
0.471521
0.471521
0.471521
0.471521
0.471521
0.471521
0.471521
4.44143
4.44143
3.98512
4.3958
4.85211
0.471521
0.471521
0.471521
0.471521
2.3424
0.471521
0.471521
4.85211
4.3958
0.471521
0.471521
4.3958
0.471521
0.471521
0.471521
0.471521
0.471521
0.471521
0.471521
0.471521
0.471521
0.471521
0.471521
0.471521
0.471521
0.471521
0.471521
4.42622
4.42622
0.471521
0.471521
7.54434
7.54434
7.54434
0.471521
4.3958
0.471521
4.3958
0.471521
0.471521
0.471521
0.471521
0.471521
0.471521
0.471521
4.3958
4.3958
4.85211
4.3958
4.3958
4.3958
0.471521
4.3958
4.3958
4.85211
0.471521
0.471521
0.471521
0.471521
0.471521
0.471521
0.471521
0.471521
0.471521
0.471521
0.471521
0.471521
0.471521
0.471521
0.471521
0.471521
4.42622
0.471521
0.471521
0.471521
0.471521
0.471521
8.3657
0.471521
0.471521
0.471521
0.471521
0.471521
0.471521
0.471521
0.471521
0.471521
0.471521
0.471521
0.471521
0.471521
4.44143
0.471521
6.3123
6.14499
4.44143
4.44143
8.8068
4.3958
8.82201
8.82201
10.5256
10.5256
10.6168
10.6168
10.6168
9.74984
9.8259
10.2822
10.2822
9.67379
9.67379
12.2443
12.2443
6.44919
12.6854
13.5524
13.5524
11.0884
11.5751
11.5751
11.0884
11.0884
9.30874
4.42622
9.30874
8.82201
8.82201
4.3958
0.471521
2.92039
2.92039
2.92039
2.92039
3.04207
0.471521
0.471521
0.471521
0.471521
0.471521
4.42622
4.42622
4.42622
6.00809
4.88253
0.471521
4.42622
4.88253
4.42622
0.471521
4.42622
4.42622
4.42622
4.42622
4.88253
4.42622
4.42622
0.471521
2.03819
2.03819
0.471521
0.471521
0.471521
0.471521
0.471521
0.471521
0.471521
0.471521
0.471521
0.471521
0.471521
0.471521
0.471521
8.38091
0.471521
0.471521
0.471521
0.471521
0.471521
0.471521
0.471521
0.471521
4.3958
0.471521
0.471521
0.471521
0.471521
0.471521
0.471521
0.471521
0.471521
0.471521
8.8068
9.29353
8.8068
4.3958
0.471521
0.471521
0.471521
0.486732
8.38091
8.38091
8.38091
0.775729
10.267
3.34628
3.34628
7.58997
7.13366
15.1647
3.33107
3.33107
3.02686
3.02686
3.02686
3.02686
3.02686
3.02686
0.471521
0.471521
0.471521
0.471521
0.471521
0.471521
4.3958
4.3958
4.3958
0.471521
0.471521
0.471521
0.471521
0.471521
0.471521
0.471521
0.471521
0.471521
0.471521
0.471521
0.471521
0.471521
0.471521
0.471521
0.471521
4.42622
4.42622
4.88253
7.31619
7.45308
7.45308
6.99677
6.99677
11.6816
11.6816
7.31619
6.99677
7.45308
7.31619
7.31619
4.88253
4.88253
4.42622
4.42622
4.88253
4.88253
4.42622
4.42622
5.99288
5.99288
5.99288
5.99288
5.99288
4.42622
4.88253
4.42622
4.42622
4.88253
4.42622
5.99288
0.471521
0.471521
4.42622
4.42622
4.42622
0.471521
8.82201
9.30874
4.42622
4.42622
4.42622
4.42622
8.82201
8.82201
8.82201
8.82201
8.82201
4.88253
8.82201
8.8068
8.82201
8.8068
11.0731
11.5599
10.5408
10.0084
10.0997
9.70421
10.0997
11.2405
13.4003
20.8078
18.146
11.6207
11.5447
21.0968
14.0696
14.9214
13.6133
14.9366
14.9214
15.3929
15.3929
14.1152
13.6285
14.1152
14.1152
14.0392
13.5524
8.35049
13.6285
13.6285
10.3583
13.6133
13.6133
13.3091
13.811
13.3243
13.3243
13.3243
13.3243
13.3243
13.3243
13.3243
13.811
12.3964
11.9401
11.9401
12.6398
18.4198
15.7123
12.2443
13.5524
13.5524
14.0392
13.5524
14.0392
13.6285
13.5524
13.5524
14.0392
13.5524
12.2443
12.7007
13.5524
13.5372
11.5751
14.024
14.6628
15.5146
13.1722
12.29
12.2291
12.2139
12.6398
12.1835
12.6398
12.1835
12.1835
12.1835
12.2443
12.2443
13.1418
13.5372
13.5372
11.0884
11.0731
11.0731
11.0731
9.64337
12.1987
12.1075
12.0466
11.6511
11.6511
12.2291
12.6398
13.0961
12.1835
15.0735
15.5602
13.5372
13.5372
14.024
13.6285
13.5829
12.7007
12.8528
11.8032
13.5829
13.6285
13.5524
13.3395
12.8528
12.8375
13.3395
12.8528
21.2337
20.3515
13.1418
13.3395
10.6777
12.2139
12.7311
14.0392
13.5524
13.5524
11.5751
11.0884
10.2214
10.2214
11.0884
11.712
11.0884
11.0884
12.2291
12.2291
12.6854
12.2291
12.2291
12.1683
12.1379
12.2291
14.024
12.2596
12.2291
12.001
12.001
12.4573
12.2291
14.024
12.7615
12.8071
12.655
12.1835
12.2139
12.1835
12.1835
12.6398
12.6398
12.6854
12.1835
12.6398
12.7159
10.1605
10.267
9.81069
12.7007
15.256
14.1304
12.1531
23.3327
12.077
12.5029
14.3738
14.1608
14.1304
14.1304
16.0013
14.8301
12.8528
13.3395
13.3395
12.6854
12.2291
12.6854
12.6854
13.522
13.1265
12.2291
14.024
8.54822
13.6285
13.5524
14.024
14.024
6.99677
6.40356
8.82201
17.0052
17.2029
8.83722
9.32395
11.1036
8.82201
9.30874
9.30874
8.82201
11.5751
11.0884
9.56732
11.6664
6.98156
4.88253
4.88253
4.42622
4.88253
4.42622
4.42622
4.42622
4.42622
4.88253
4.42622
15.4385
11.0579
9.61295
9.61295
11.0579
8.38091
16.0621
16.0774
8.38091
8.68512
8.68512
8.68512
8.68512
8.71554
16.3968
11.1036
10.2518
11.1188
11.1188
11.1188
11.1188
2.55534
2.63139
18.9369
11.2252
11.2252
8.68512
8.68512
11.2252
11.2252
11.2252
11.2252
11.2252
11.2252
11.2252
0.775729
10.1909
17.9026
11.2252
11.0579
11.0579
11.0579
11.0579
11.0579
8.38091
8.38091
8.38091
0.471521
0.471521
0.471521
8.38091
0.471521
0.471521
0.471521
0.471521
0.471521
0.471521
2.3424
0.471521
0.471521
0.471521
0.471521
0.471521
0.471521
0.471521
0.471521
0.471521
0.471521
0.471521
0.471521
0.471521
0.471521
0.471521
0.471521
0.471521
0.471521
0.471521
0.471521
0.471521
0.471521
0.471521
8.38091
7.58997
0.471521
0.471521
0.471521
0.471521
0.471521
0.471521
0.471521
0.471521
0.471521
0.471521
0.471521
0.471521
0.471521
0.471521
0.471521
0.471521
0.471521
0.471521
0.471521
0.471521
0.471521
0.471521
0.471521
0.471521
0.471521
0.471521
0.471521
0.471521
0.471521
0.471521
0.471521
0.471521
0.471521
0.471521
0.471521
0.471521
0.471521
0.471521
0.471521
0.471521
0.471521
0.471521
0.471521
0.471521
0.471521
0.471521
0.471521
0.471521
0.471521
0.471521
0.471521
0.471521
0.471521
2.44887
2.44887
2.44887
10.0845
10.0845
10.0845
10.0845
2.44887
0.471521
0.471521
0.471521
0.471521
0.471521
0.486732
0.486732
0.486732
0.486732
0.486732
0.486732
0.486732
0.486732
0.486732
0.486732
0.471521
4.85211
0.806149
4.85211
0.471521
0.471521
4.3958
4.3958
4.85211
4.85211
4.3958
4.3958
0.471521
0.471521
0.471521
0.471521
0.471521
0.471521
0.471521
0.471521
0.471521
0.471521
0.471521
0.471521
0.471521
0.471521
0.471521
0.471521
0.471521
0.471521
0.471521
0.471521
0.471521
0.471521
0.471521
0.471521
0.471521
0.471521
0.471521
0.471521
0.471521
0.471521
0.471521
0.471521
0.471521
0.471521
0.471521
0.471521
0.471521
