0.471521
0.471521
0.471521
0.471521
0.471521
0.471521
0.471521
0.471521
0.471521
0.471521
0.471521
0.471521
0.471521
0.471521
0.471521
0.471521
0.471521
8.38091
0.471521
0.471521
0.471521
0.471521
0.471521
0.471521
0.471521
0.471521
0.471521
0.471521
0.471521
0.471521
0.471521
0.471521
0.471521
0.471521
0.471521
0.471521
0.471521
0.471521
0.471521
0.471521
0.471521
0.471521
0.471521
0.471521
0.471521
0.471521
0.471521
0.471521
0.471521
0.471521
0.471521
0.471521
0.471521
0.471521
0.471521
0.471521
0.471521
0.471521
0.471521
0.471521
0.471521
0.471521
0.471521
0.471521
0.471521
0.471521
0.471521
0.471521
0.471521
0.471521
0.471521
0.471521
0.471521
0.471521
0.471521
0.471521
0.471521
0.471521
0.471521
0.471521
0.471521
0.471521
0.471521
0.471521
0.471521
0.471521
0.471521
0.471521
0.471521
0.471521
0.471521
0.471521
0.471521
0.471521
0.471521
0.471521
0.471521
0.471521
0.471521
0.471521
0.471521
0.471521
0.471521
0.471521
0.471521
0.471521
0.471521
0.471521
0.471521
0.471521
0.471521
0.471521
0.471521
0.471521
0.471521
0.471521
0.471521
0.471521
0.471521
0.471521
0.471521
0.471521
0.471521
0.471521
0.471521
0.471521
0.471521
0.471521
0.471521
0.471521
0.471521
0.471521
0.471521
0.471521
0.471521
0.471521
0.471521
0.471521
0.471521
0.471521
0.471521
0.471521
0.471521
0.471521
0.471521
0.471521
0.471521
0.471521
0.471521
0.471521
0.471521
0.471521
0.471521
0.471521
0.471521
0.471521
0.471521
0.471521
0.471521
0.471521
0.471521
0.471521
0.471521
0.471521
0.471521
0.471521
0.471521
0.471521
0.471521
0.471521
0.471521
0.471521
0.471521
0.471521
0.471521
0.471521
0.471521
0.471521
0.471521
0.471521
0.471521
0.471521
0.471521
0.471521
0.471521
0.471521
0.471521
0.471521
0.471521
0.471521
0.471521
0.471521
0.471521
0.471521
0.471521
0.471521
0.471521
0.471521
0.471521
0.471521
0.471521
0.471521
0.471521
0.471521
0.471521
0.471521
0.471521
0.471521
0.471521
0.471521
0.471521
0.471521
0.471521
0.471521
0.471521
0.471521
0.471521
0.471521
0.471521
0.471521
0.471521
0.471521
0.471521
0.471521
0.471521
0.471521
0.471521
0.471521
0.471521
0.471521
0.471521
0.471521
0.471521
0.471521
0.471521
0.471521
0.471521
0.471521
0.471521
0.471521
0.471521
0.471521
0.471521
0.471521
0.471521
0.471521
0.471521
0.471521
0.471521
0.471521
0.471521
0.471521
0.471521
0.471521
0.471521
0.471521
0.471521
0.471521
0.471521
0.471521
0.471521
0.471521
0.471521
0.471521
0.471521
0.471521
0.471521
0.471521
0.471521
0.471521
0.471521
0.471521
0.471521
0.471521
0.471521
0.471521
0.471521
0.471521
0.471521
0.471521
0.471521
0.471521
0.471521
0.471521
0.471521
0.471521
0.471521
0.471521
0.471521
0.471521
0.471521
0.471521
0.471521
0.471521
0.471521
0.471521
0.471521
0.471521
0.471521
0.471521
0.471521
0.471521
0.471521
0.471521
0.471521
0.471521
0.471521
0.471521
0.471521
0.471521
0.471521
0.471521
0.471521
0.471521
0.471521
0.471521
0.471521
0.471521
0.471521
0.471521
0.471521
0.471521
0.471521
0.471521
0.471521
0.471521
0.471521
0.471521
0.471521
0.471521
0.471521
0.471521
0.471521
0.471521
0.471521
0.471521
0.471521
0.471521
0.471521
0.471521
0.471521
0.471521
0.471521
0.471521
0.471521
0.471521
0.471521
0.471521
0.471521
0.471521
0.471521
0.471521
0.471521
0.471521
0.471521
0.471521
0.471521
0.471521
0.471521
0.471521
0.471521
0.471521
0.471521
0.471521
0.471521
0.471521
8.38091
8.38091
8.38091
0.471521
0.471521
0.471521
0.471521
0.471521
0.471521
0.471521
0.471521
1.84045
1.84045
1.84045
1.84045
1.84045
1.84045
1.84045
0.471521
0.471521
0.471521
0.471521
0.471521
0.471521
0.471521
0.471521
0.471521
0.471521
4.3958
4.85211
4.3958
4.3958
3.98512
4.3958
4.3958
4.85211
4.85211
0.471521
0.471521
0.471521
0.471521
0.471521
3.48317
8.38091
8.38091
8.38091
8.38091
8.38091
8.38091
0.471521
0.471521
0.471521
8.38091
8.38091
16.0774
16.0774
16.0774
16.0774
7.54434
7.54434
7.54434
7.54434
16.0774
16.0774
16.0774
16.0774
16.0774
16.0774
7.54434
7.54434
7.54434
7.54434
7.54434
7.54434
8.53302
8.53302
8.53302
8.53302
17.0812
16.0774
16.0774
16.0774
8.38091
16.0774
16.0774
16.0774
16.0774
18.6479
18.6479
18.7544
18.7544
18.7544
18.6479
22.1463
15.0126
15.0278
14.0696
22.7243
21.766
16.7314
16.7314
17.2181
17.2181
19.089
18.9217
19.8952
19.8952
14.9974
14.9974
15.4537
15.3473
15.4537
11.0731
10.0997
17.7961
17.7961
17.7961
17.7961
17.7961
17.7961
18.7696
21.0816
19.4997
16.7314
5.49094
2.46408
2.46408
2.19029
17.7961
17.7961
18.7696
18.7696
16.0926
11.2252
2.44887
2.44887
2.44887
2.44887
2.44887
2.3424
0.471521
0.471521
8.66991
8.66991
8.66991
11.1036
11.1036
11.1036
11.1036
11.1036
11.1036
11.21
11.21
0.775729
0.775729
0.775729
0.775729
4.73042
0.775729
0.775729
5.1411
0.775729
0.775729
0.775729
0.775729
8.66991
8.68512
8.68512
16.3816
11.1036
11.1036
11.1188
11.1188
2.52492
2.52492
2.52492
2.52492
0.790939
0.775729
0.775729
2.52492
2.52492
0.775729
9.61295
18.9217
18.9217
17.8874
11.2252
11.2252
11.1188
11.2252
11.5599
11.4534
11.5599
11.5599
11.5447
11.5447
11.5599
11.5599
11.5599
12.579
11.2252
11.2252
11.2252
2.63139
11.2252
10.1909
10.1909
10.267
10.1757
0.471521
0.471521
0.471521
10.9515
10.0845
11.0427
14.9822
14.0087
15.0126
14.4955
14.5867
14.9062
17.4615
17.4919
17.568
13.6589
13.6589
19.1651
15.1952
15.1952
14.967
15.1952
12.6702
12.6854
15.1952
12.3052
4.38059
4.3958
4.24369
4.3958
4.31974
8.27444
8.83722
8.35049
22.0398
22.0398
21.0359
14.1152
13.5372
14.024
13.5524
21.4618
21.4618
14.1304
22.055
12.7919
13.1722
13.5829
13.5829
23.713
23.713
24.656
21.979
21.4922
21.979
10.6777
10.267
11.1644
27.8502
32.1851
31.6984
32.1851
21.6748
24.1388
24.1388
24.1388
24.1388
21.4618
24.2301
13.6437
13.6589
13.9479
14.4346
15.621
13.6589
14.1456
13.5676
14.0696
14.0696
21.4922
21.979
21.9638
14.0392
14.0392
12.1987
13.5524
10.6473
11.712
13.5524
14.0392
14.0392
12.1987
14.0392
13.5524
14.0392
14.0392
11.2709
10.845
8.82201
8.8068
10.6777
11.0884
4.88253
9.30874
8.82201
17.2181
8.82201
4.88253
4.88253
9.30874
8.82201
8.82201
9.30874
9.30874
9.30874
8.82201
8.82201
9.30874
9.67379
11.5751
12.6854
13.5524
14.0392
14.0392
12.8375
12.3812
11.5751
11.5751
11.0884
11.5751
11.5751
11.712
11.5751
11.5751
11.5751
4.88253
11.2861
8.82201
8.82201
8.8068
8.8068
8.82201
8.82201
4.42622
4.42622
4.89774
8.83722
4.44143
9.30874
9.30874
9.30874
4.88253
4.88253
4.88253
4.42622
4.42622
4.42622
4.42622
9.30874
8.82201
7.95502
8.45696
9.30874
10.7233
10.267
8.82201
8.82201
9.30874
8.82201
9.30874
4.42622
8.82201
9.30874
4.42622
4.42622
4.42622
4.3958
4.88253
9.30874
4.44143
7.95502
9.30874
8.82201
9.30874
8.41133
8.41133
9.30874
9.30874
11.712
12.1987
11.5751
13.5524
13.1418
12.6854
12.2443
12.4877
9.99321
6.46441
11.712
11.0884
11.0884
13.6437
13.0809
13.0809
12.2139
12.2139
13.1418
12.6854
13.1418
14.0392
13.8414
14.4194
12.4269
12.6398
12.2139
12.1835
12.1531
9.64337
9.70421
11.0884
11.5599
9.73463
11.0884
12.0314
13.0049
14.1304
13.6437
14.1304
14.1304
13.6437
14.1304
11.712
12.1987
6.99677
7.45308
11.6816
4.88253
4.42622
4.42622
0.471521
0.471521
0.471521
0.471521
0.471521
0.471521
0.486732
0.486732
0.486732
0.486732
0.486732
0.486732
0.486732
0.486732
0.471521
0.471521
0.471521
0.471521
0.471521
0.471521
0.471521
0.471521
0.471521
0.471521
0.471521
0.471521
0.471521
0.471521
0.471521
0.471521
0.471521
0.471521
0.471521
2.52492
2.52492
2.52492
2.52492
0.775729
0.775729
0.471521
0.471521
0.471521
0.471521
8.39612
0.486732
0.486732
0.471521
0.471521
8.38091
0.471521
0.471521
4.3958
7.55955
16.0774
0.471521
0.471521
0.471521
0.471521
0.471521
0.471521
0.471521
0.471521
0.471521
0.471521
0.471521
0.471521
0.471521
0.471521
0.471521
0.471521
0.471521
0.471521
0.471521
0.471521
0.471521
0.471521
0.471521
0.471521
0.471521
0.471521
0.471521
0.471521
0.471521
0.471521
0.471521
0.471521
0.486732
0.486732
0.486732
0.486732
0.486732
0.486732
0.471521
0.471521
0.471521
0.471521
0.471521
0.471521
0.471521
0.471521
0.471521
0.471521
0.471521
0.471521
0.471521
0.471521
0.471521
0.471521
0.471521
0.471521
0.471521
0.471521
0.471521
2.44887
2.44887
0.471521
0.471521
0.471521
0.471521
0.471521
0.471521
0.471521
0.471521
0.471521
0.471521
0.471521
0.471521
0.471521
0.471521
0.471521
0.471521
0.471521
0.471521
0.471521
0.471521
0.471521
0.471521
0.471521
0.471521
0.471521
0.471521
0.471521
0.471521
0.471521
0.471521
0.471521
0.471521
0.471521
0.471521
9.29353
4.88253
4.88253
4.88253
4.88253
4.42622
4.42622
0.471521
4.42622
0.471521
0.471521
0.471521
0.471521
0.471521
0.471521
0.471521
0.471521
0.471521
0.471521
0.471521
0.471521
0.471521
0.471521
2.3424
2.3424
2.3424
0.471521
0.471521
0.471521
0.471521
4.3958
4.42622
4.42622
4.88253
4.42622
0.471521
0.471521
0.471521
0.471521
0.471521
0.471521
0.471521
0.471521
0.471521
0.471521
0.471521
0.471521
0.471521
0.471521
0.471521
0.471521
0.471521
0.471521
0.471521
0.471521
0.471521
0.471521
0.471521
0.471521
0.471521
2.44887
2.44887
2.44887
0.471521
0.471521
0.471521
0.471521
0.471521
0.471521
0.471521
0.471521
0.471521
0.471521
0.471521
8.38091
0.471521
0.471521
0.471521
4.88253
0.471521
0.471521
0.471521
0.471521
0.471521
0.471521
0.471521
0.471521
0.471521
0.471521
0.471521
0.471521
0.471521
0.471521
0.471521
0.471521
0.471521
0.471521
0.471521
0.471521
0.471521
0.471521
0.471521
0.471521
0.471521
0.471521
0.471521
0.471521
0.471521
0.471521
0.471521
0.471521
0.471521
0.471521
0.471521
0.471521
0.471521
0.471521
0.471521
0.471521
0.471521
0.471521
0.471521
0.471521
0.471521
0.471521
0.471521
0.471521
0.471521
0.471521
0.471521
0.471521
0.471521
0.471521
0.471521
0.471521
0.471521
0.471521
0.471521
0.471521
0.471521
0.471521
0.471521
0.684466
0.471521
0.471521
0.471521
0.471521
0.471521
0.471521
0.471521
0.471521
12.3356
4.42622
4.42622
4.42622
4.42622
4.42622
12.3356
4.42622
4.42622
0.471521
0.471521
0.471521
0.471521
0.471521
0.471521
0.471521
0.471521
0.471521
0.471521
0.471521
0.471521
0.471521
0.471521
0.471521
0.471521
0.471521
0.471521
0.471521
0.471521
0.471521
0.471521
0.471521
0.471521
0.471521
0.471521
0.471521
0.471521
0.471521
0.471521
4.85211
4.3958
0.471521
2.03819
2.03819
6.96635
12.1531
9.30874
8.82201
8.82201
8.82201
4.42622
4.42622
4.42622
4.42622
4.88253
0.471521
0.471521
4.42622
4.42622
11.0884
11.0884
8.82201
9.30874
11.0884
11.5751
0.471521
0.471521
0.471521
7.55955
1.82524
2.0534
9.11101
2.03819
2.03819
4.31974
4.31974
4.31974
4.31974
4.31974
8.95891
12.868
13.5524
13.5524
13.5524
13.5524
13.5524
22.5266
14.7388
15.4994
15.4994
15.3473
14.8605
15.332
15.332
14.8453
15.0887
13.5524
13.1113
13.5524
13.5524
13.5524
13.5524
16.0165
15.5298
22.8155
20.1385
19.1499
13.5524
13.2634
11.0884
12.868
12.868
12.868
12.868
13.3547
13.3547
12.868
13.3395
12.868
12.868
13.3395
12.868
12.868
24.6712
22.846
24.8689
21.8421
22.3288
24.3822
21.3401
21.8421
21.8421
24.3062
24.3062
24.6408
21.477
21.766
21.766
21.5531
21.9486
21.4466
21.4618
21.477
21.477
24.3062
24.3062
22.8764
24.1845
24.58
24.078
13.4155
14.3434
14.3434
20.7926
20.7774
13.5524
14.0392
13.5524
13.5524
13.5676
13.5676
13.5524
14.024
21.4466
24.5039
21.4618
24.1388
20.5796
28.1392
29.0214
31.6984
27.8198
29.6146
29.5081
10.5256
10.0693
12.7159
13.6437
13.6437
25.523
21.4618
13.5524
20.4884
14.7388
17.0508
18.0547
11.0884
11.0884
11.0884
11.712
11.2252
11.2252
11.2252
11.2252
11.2252
11.712
11.2252
11.2252
13.5524
13.5981
14.0392
13.5524
13.5524
24.6408
24.1541
15.5906
13.8414
24.2605
24.5343
21.1576
21.4618
24.0324
21.4618
21.5075
21.0511
21.0511
21.477
24.1541
24.1845
24.6864
22.2528
29.3104
31.3029
23.3479
24.291
24.291
22.9829
24.6256
24.7777
32.3372
31.4246
20.9751
20.4884
20.4884
13.6437
14.0392
20.6861
12.2443
12.6854
12.7007
13.1418
12.2596
12.2596
12.7159
12.1683
13.1113
12.7007
12.7159
12.7311
13.0201
13.0201
10.5408
13.157
13.157
13.6437
13.157
12.579
12.6094
12.6094
12.7919
13.6437
13.6437
13.6437
13.6437
13.3699
20.2602
13.3699
21.6596
21.6444
19.7278
25.7207
18.0243
20.1842
21.1576
21.6444
21.1576
20.1537
20.1842
19.7278
19.6974
19.6974
23.1958
22.8155
24.6712
31.2117
30.8162
30.6641
30.3143
30.7706
30.801
28.5499
30.9379
12.6702
12.2139
12.1987
12.655
12.1683
12.6854
14.1608
20.4275
20.1233
20.1081
12.2139
20.1081
13.157
12.7007
14.0544
13.5524
14.0392
15.4233
15.4233
15.91
15.4385
15.5298
16.0165
15.7579
16.1078
16.0926
14.9214
14.7693
14.7541
24.1693
12.5333
12.4877
15.256
15.7884
15.1495
12.5029
12.5029
14.3738
23.2566
23.2566
13.5524
21.477
24.6712
24.3062
24.6864
27.911
16.199
13.735
22.3288
21.8421
13.8566
15.545
16.0317
11.1492
7.34661
4.63916
9.17185
18.5262
13.811
14.2369
14.6476
15.332
12.868
12.2596
15.1343
23.2719
22.7091
22.7547
22.7547
22.2984
23.7282
23.2566
24.3214
11.8337
12.868
14.8453
31.9266
31.4398
30.588
30.1926
29.0366
21.979
21.6596
23.7586
28.9301
28.3369
31.0291
31.0291
23.2566
14.6932
16.8531
29.0518
29.5233
29.0518
28.8389
23.7434
25.1275
23.6521
22.6482
20.2754
19.7126
21.4922
30.3447
22.9981
31.2725
31.6224
22.7851
14.5411
14.5715
22.4353
22.7699
22.3897
12.2596
14.2369
14.2065
14.1913
14.5107
15.5906
14.3738
15.4842
22.2376
20.8838
20.4427
23.7586
23.2566
23.2871
21.6596
22.1767
17.2942
16.7314
21.1576
29.4016
29.3256
21.8269
11.3926
19.7887
19.3324
20.1689
29.3712
32.3372
31.8505
32.3372
28.2761
24.2757
24.7625
24.291
22.922
22.2832
24.3214
24.8081
24.8081
20.0321
19.5453
19.5757
20.3667
20.7774
27.5764
27.0136
27.1353
27.1809
27.1809
24.6408
24.5343
26.968
28.3978
12.5029
13.2786
21.401
13.8566
13.3851
29.1735
30.9835
31.8505
16.1838
15.6819
13.0657
14.8149
12.6854
15.4994
12.4117
12.4117
10.4647
10.0084
10.4647
18.3437
25.9945
18.3133
20.9447
21.401
23.3479
23.3479
21.5379
22.8003
12.1835
22.2223
15.6971
14.3434
13.8262
13.8262
11.1036
19.8647
21.5379
17.279
6.55567
12.1683
8.03107
15.0126
14.602
15.5298
14.602
14.1456
15.1495
11.2252
10.1757
11.1948
11.2252
10.1909
10.1909
2.28155
2.28155
6.25146
6.6013
2.63139
0.775729
0.775729
0.775729
2.28155
2.28155
2.28155
2.2055
2.2055
2.19029
10.9667
11.0731
11.0731
11.0731
18.7696
18.7696
17.7961
2.17508
2.17508
2.17508
0.471521
0.471521
2.44887
11.0427
11.0427
2.44887
11.0427
8.3657
23.1198
22.6634
14.0087
14.967
13.5981
14.0087
13.5981
13.5981
13.5981
13.6893
13.6893
14.5563
14.5563
13.7045
14.1152
14.024
21.0359
21.7356
21.7356
15.1495
15.1799
15.1495
15.1799
15.6058
11.21
8.66991
0.790939
0.775729
2.63139
2.63139
18.9217
2.63139
2.63139
2.63139
18.8152
18.9065
11.1948
11.1948
11.1948
2.61618
11.1948
11.0884
2.61618
6.99677
15.1191
15.0126
15.5754
4.68479
4.68479
5.1411
6.43398
6.43398
6.44919
6.44919
2.52492
7.86376
9.71942
7.86376
2.63139
2.63139
0.775729
0.775729
