0.471521
0.471521
0.471521
0.471521
0.471521
0.471521
0.471521
0.471521
0.471521
0.471521
0.471521
0.471521
0.471521
4.85211
0.471521
0.471521
0.471521
0.471521
0.471521
0.471521
0.471521
0.471521
0.471521
0.471521
0.471521
0.471521
0.471521
0.471521
0.471521
0.471521
0.471521
0.471521
0.471521
0.471521
0.471521
0.471521
0.471521
0.471521
0.471521
0.471521
7.55955
7.55955
0.471521
0.471521
0.471521
0.471521
0.471521
0.471521
0.471521
0.471521
0.471521
0.471521
0.471521
0.471521
0.471521
0.471521
0.471521
0.471521
0.471521
0.471521
0.471521
0.471521
0.471521
0.471521
0.471521
0.471521
0.471521
0.471521
0.471521
0.471521
0.471521
0.471521
0.471521
0.471521
0.471521
0.471521
0.471521
0.471521
0.471521
0.471521
0.471521
0.471521
0.471521
0.471521
0.471521
0.471521
0.471521
0.471521
0.471521
0.471521
0.471521
0.471521
0.471521
0.471521
0.471521
0.471521
0.471521
0.471521
0.471521
0.471521
0.471521
0.471521
0.471521
0.471521
0.471521
0.471521
0.471521
0.471521
0.471521
0.471521
7.55955
7.55955
7.55955
7.55955
7.55955
0.471521
0.471521
0.471521
0.471521
0.471521
0.471521
0.471521
0.471521
0.471521
0.471521
0.471521
0.471521
0.471521
0.471521
0.471521
0.471521
0.471521
0.471521
0.471521
0.471521
0.471521
0.471521
0.471521
0.471521
0.471521
0.471521
0.471521
0.471521
0.471521
0.471521
0.471521
0.471521
0.471521
0.471521
0.471521
0.471521
0.471521
0.471521
0.471521
0.471521
0.471521
0.471521
0.471521
0.471521
0.471521
0.471521
0.471521
0.471521
0.471521
0.471521
0.471521
0.471521
0.471521
0.471521
0.471521
0.471521
0.471521
0.471521
0.471521
0.471521
0.471521
0.471521
0.471521
0.471521
0.471521
0.471521
0.471521
0.471521
0.471521
0.471521
0.471521
0.471521
0.471521
0.471521
0.471521
0.471521
0.471521
0.471521
0.471521
0.471521
0.471521
0.471521
0.471521
0.471521
0.471521
0.471521
0.471521
0.471521
0.471521
0.471521
8.38091
8.38091
8.38091
0.471521
0.471521
0.471521
0.471521
0.471521
0.471521
0.471521
0.471521
0.471521
0.471521
0.471521
0.471521
0.471521
0.471521
0.471521
0.471521
0.471521
0.471521
0.471521
0.471521
0.471521
0.471521
0.471521
0.471521
0.471521
0.471521
0.471521
0.471521
0.471521
0.471521
0.471521
0.471521
0.471521
0.471521
0.471521
0.471521
0.471521
0.471521
0.471521
0.471521
0.471521
0.471521
0.471521
0.471521
0.471521
0.471521
0.471521
0.471521
0.471521
0.471521
0.471521
0.471521
0.471521
0.471521
0.471521
0.471521
0.471521
0.471521
0.471521
0.471521
0.471521
0.471521
0.471521
0.471521
0.471521
0.471521
0.471521
0.471521
0.471521
0.471521
0.471521
0.471521
0.471521
0.471521
0.471521
0.471521
0.471521
0.471521
0.471521
0.471521
0.471521
0.471521
0.471521
0.471521
0.471521
0.471521
0.471521
0.471521
0.471521
0.471521
0.471521
0.471521
0.471521
0.471521
0.471521
0.471521
0.471521
0.471521
0.471521
0.471521
0.471521
0.471521
0.471521
0.471521
0.471521
0.471521
0.471521
0.471521
0.471521
0.471521
0.471521
0.471521
0.471521
0.471521
0.471521
0.471521
0.471521
0.471521
0.471521
0.471521
0.471521
0.471521
0.471521
0.471521
0.471521
0.471521
0.471521
0.471521
0.471521
0.471521
0.471521
0.471521
0.471521
0.471521
0.471521
0.471521
0.471521
0.471521
0.471521
0.471521
0.471521
0.471521
0.471521
0.471521
0.471521
0.471521
0.471521
0.471521
0.471521
0.471521
0.471521
0.471521
0.471521
0.471521
0.471521
0.471521
0.471521
0.471521
0.471521
0.471521
0.471521
0.471521
0.471521
0.471521
0.471521
0.471521
0.471521
0.471521
0.471521
0.471521
0.471521
0.471521
0.471521
0.471521
0.471521
0.471521
0.471521
0.471521
0.471521
0.471521
0.471521
0.471521
0.471521
0.471521
0.471521
0.471521
0.471521
0.471521
0.471521
0.471521
0.471521
0.471521
0.471521
0.471521
0.471521
0.471521
0.471521
0.471521
0.471521
0.471521
4.3958
4.85211
4.85211
4.3958
4.85211
4.3958
4.85211
0.471521
4.3958
4.44143
16.3055
4.85211
4.3958
4.42622
4.42622
4.88253
4.85211
0.471521
0.471521
0.471521
0.471521
0.471521
0.471521
0.471521
0.471521
8.38091
8.38091
8.3657
0.471521
0.471521
0.471521
0.471521
0.471521
0.471521
0.471521
0.471521
0.471521
0.471521
0.471521
0.471521
0.471521
0.471521
0.471521
0.471521
0.471521
8.38091
16.0774
0.471521
0.471521
0.471521
0.471521
0.471521
0.471521
0.471521
0.471521
0.471521
8.38091
8.38091
8.38091
8.38091
8.38091
8.38091
8.38091
0.471521
0.471521
0.471521
0.471521
0.471521
0.471521
0.471521
0.471521
0.471521
0.471521
8.38091
8.38091
8.38091
8.38091
8.38091
0.471521
0.471521
7.60518
0.471521
0.471521
0.471521
0.471521
0.471521
4.3958
4.3958
2.90518
2.90518
3.02686
0.471521
0.471521
0.471521
0.471521
0.471521
0.471521
0.471521
0.471521
8.38091
16.0774
8.38091
8.38091
8.38091
8.38091
8.38091
8.38091
8.38091
8.38091
8.38091
8.38091
8.38091
8.38091
8.38091
8.38091
8.38091
8.38091
8.38091
0.471521
0.471521
0.471521
8.38091
8.38091
0.471521
0.471521
0.471521
0.471521
0.471521
0.471521
0.471521
8.38091
0.471521
8.38091
8.38091
8.38091
8.38091
8.38091
16.0774
8.38091
8.38091
8.38091
8.38091
8.38091
8.38091
8.38091
8.38091
0.471521
0.486732
0.486732
0.486732
0.471521
0.471521
0.471521
0.471521
0.471521
0.471521
0.471521
0.471521
0.471521
0.471521
0.471521
8.38091
8.38091
0.471521
0.471521
0.471521
0.471521
0.471521
0.471521
0.471521
0.471521
0.471521
0.471521
0.471521
0.471521
0.471521
0.471521
0.471521
0.471521
0.471521
16.0621
8.3657
0.471521
0.471521
0.471521
0.471521
0.471521
0.471521
0.471521
4.42622
4.85211
4.3958
4.85211
3.02686
3.02686
3.02686
0.471521
2.03819
0.471521
0.471521
0.471521
0.471521
0.471521
0.471521
4.85211
4.44143
0.471521
0.471521
0.471521
2.03819
2.03819
2.03819
2.03819
6.44919
4.3958
19.591
18.5871
23.1806
19.9104
17.6744
17.6744
13.1418
13.0049
14.5867
14.2521
14.678
14.678
22.8155
23.2262
14.6476
14.6476
12.6702
14.6476
12.6702
12.6702
22.6787
12.6702
19.3476
20.0777
12.1987
12.6854
12.2291
14.024
12.2291
14.6628
15.5602
15.5298
14.024
12.6854
13.0961
15.4081
15.5146
14.5411
15.4081
14.9974
14.7236
14.5411
18.9977
21.0207
12.7159
12.6854
21.9333
20.1537
12.7159
10.556
12.2139
12.7311
12.6702
12.6398
12.7007
12.2291
10.0693
13.5829
12.7007
12.4725
12.1835
12.2291
12.7007
12.2443
12.2291
10.1301
11.0884
14.313
13.6437
14.313
14.313
14.313
14.2977
13.0353
12.4269
14.313
13.8414
12.9897
12.6854
14.0392
13.1418
14.0392
12.7007
12.6398
12.6398
12.6854
12.6398
12.6398
19.5757
12.1835
12.6854
14.024
14.024
14.0087
14.024
12.2291
12.6854
12.6854
12.2596
12.2291
12.7007
12.7007
20.5948
12.7007
20.0777
12.1835
20.534
12.2443
13.1418
12.2596
13.6741
12.7159
12.7007
12.7007
12.7007
12.7311
12.2748
12.7007
13.233
12.29
12.29
11.8337
12.2443
12.7007
12.29
12.7007
12.7007
12.6398
13.0505
14.024
13.1265
13.1418
12.2443
12.6398
12.1835
8.28965
12.2443
13.5524
13.5524
12.6702
13.5372
14.024
13.5524
13.5524
14.0392
14.0392
13.5372
13.5372
10.4343
10.0693
10.6777
12.6702
12.6398
12.2443
12.1835
14.024
13.5372
13.0961
12.6398
12.6854
13.0961
13.5829
13.5829
13.5829
13.5829
17.355
10.9667
12.6854
12.6854
12.7007
12.6398
12.2443
12.6702
13.1265
12.2443
13.5524
13.5524
14.0392
13.5524
13.5524
12.7463
12.7007
12.7311
12.6702
14.0392
14.0392
14.0392
14.0392
12.2291
12.6854
12.6854
12.2291
12.2291
12.2443
12.7007
12.2443
10.4799
10.0236
10.0693
10.0693
12.2291
12.6854
12.2291
12.2291
13.6437
13.6133
12.0314
12.1835
12.6398
12.6398
11.0884
13.5372
13.6285
13.6285
14.0392
13.5524
13.5524
13.5524
12.2443
12.7007
13.1418
13.1418
10.6777
14.024
12.6854
13.5372
12.1835
11.9858
11.9858
12.1835
11.6968
11.6968
11.6968
9.30874
11.0884
9.30874
8.41133
8.00065
8.00065
7.95502
8.41133
7.95502
8.82201
9.30874
9.30874
9.30874
9.30874
8.82201
9.30874
9.30874
9.30874
9.30874
8.82201
8.82201
9.30874
8.82201
4.42622
8.82201
4.42622
4.42622
4.42622
4.88253
4.88253
0.471521
0.471521
0.471521
0.471521
0.471521
0.471521
0.471521
0.471521
0.471521
0.471521
0.471521
0.471521
0.471521
0.471521
0.471521
0.471521
0.471521
0.471521
0.471521
0.471521
0.471521
0.471521
0.471521
0.471521
0.471521
0.471521
0.471521
0.471521
0.471521
0.471521
0.471521
0.471521
0.471521
0.471521
0.471521
0.471521
0.471521
0.471521
0.471521
0.471521
0.471521
0.471521
0.471521
0.471521
0.471521
0.471521
0.471521
0.471521
0.471521
0.471521
0.471521
0.471521
0.471521
0.471521
0.471521
0.471521
0.471521
0.471521
0.471521
0.471521
0.471521
0.471521
0.471521
0.471521
0.471521
0.471521
0.471521
0.471521
0.471521
0.471521
0.471521
0.471521
0.471521
0.471521
0.471521
0.471521
0.471521
0.471521
0.471521
0.471521
0.471521
0.471521
0.471521
0.471521
0.471521
0.471521
0.471521
0.471521
0.471521
0.471521
0.471521
0.471521
0.471521
0.471521
0.471521
0.471521
0.471521
0.471521
0.471521
2.08382
6.84466
2.09903
5.73431
6.70777
6.09936
8.2136
14.1152
14.1304
12.6094
12.1531
12.2139
12.7007
12.7463
12.2443
14.5715
14.5107
14.024
14.024
14.5411
14.0848
14.0848
14.8149
14.678
14.678
14.4042
14.0544
14.0392
14.389
14.7997
13.446
10.3583
12.5486
13.0049
13.0049
12.5333
12.5333
13.0201
13.0353
13.0353
10.8602
13.0353
12.4877
12.9897
12.9592
12.9592
13.4003
13.8262
13.8262
14.313
13.8414
13.8414
13.6285
12.7007
12.2443
6.57088
9.30874
11.0884
13.5372
13.5372
14.024
10.9971
11.6968
8.82201
8.82201
8.82201
9.29353
11.6968
11.5599
11.5599
10.0997
9.93237
12.6094
12.2139
14.0087
14.5411
14.4803
15.7123
14.7845
14.9518
15.8036
15.8948
15.8948
15.8948
15.4994
13.5372
13.233
15.834
16.0165
16.0165
15.5146
15.7427
15.7275
13.5372
14.024
14.024
13.5372
14.2673
13.811
15.332
14.4194
13.9631
14.1608
12.7007
12.2443
12.7007
12.2596
12.6854
12.2291
13.157
13.5524
14.0392
15.5298
15.2408
24.1236
21.4466
24.1541
16.0317
14.0544
13.5676
13.5676
13.5676
13.5676
14.0544
12.2596
12.655
13.9479
15.5754
14.0392
14.0392
13.5524
13.5524
14.0392
12.868
12.8528
13.5372
13.5372
13.5372
13.5829
14.0392
13.5372
13.5372
13.5524
14.1152
13.5524
12.1835
13.5524
11.0884
11.0884
13.5372
12.1835
12.1835
9.67379
4.88253
4.88253
4.42622
4.88253
4.88253
4.42622
4.88253
4.42622
4.42622
0.471521
0.471521
0.471521
0.471521
0.471521
0.471521
0.471521
0.471521
0.471521
0.471521
0.471521
0.471521
0.471521
4.85211
0.471521
0.471521
4.85211
0.471521
0.471521
4.85211
0.471521
0.471521
0.471521
0.471521
0.471521
0.471521
4.44143
0.471521
0.471521
4.85211
4.88253
4.42622
4.42622
4.42622
0.471521
4.42622
0.471521
0.471521
0.471521
6.7534
4.85211
4.85211
0.471521
0.471521
0.471521
0.471521
0.471521
4.85211
4.3958
4.85211
4.85211
4.85211
0.471521
0.471521
0.471521
4.88253
4.88253
8.41133
8.45696
8.45696
20.1537
21.0664
12.7159
13.1265
12.6702
12.6702
12.4877
14.5563
14.5107
14.0392
13.5524
13.5524
14.024
13.6285
14.1152
13.6285
14.1152
13.6285
14.0087
8.2136
8.56344
13.5524
13.5524
13.6285
13.6285
12.6854
12.6246
12.8528
12.6702
12.4421
12.8528
10.7994
11.6968
13.5372
13.5372
13.6285
13.6285
14.1152
13.6285
14.024
14.1152
14.1152
13.6285
13.6285
13.6285
13.6285
13.5372
13.1418
13.6285
14.1152
11.2252
14.4042
13.9023
14.4042
12.0162
13.7654
15.4081
15.4233
15.8948
13.5372
13.5372
14.024
14.024
7.43787
5.00421
3.02686
4.88253
2.44887
2.08382
9.2479
14.1152
14.1152
22.0094
14.1152
21.5379
14.024
13.5524
11.0884
13.5372
14.024
14.024
14.1152
13.6285
13.5372
11.712
11.712
10.8146
12.5486
12.9592
13.446
9.30874
11.0123
10.7994
4.85211
5.17152
0.775729
2.61618
0.760518
0.486732
0.486732
0.486732
0.471521
0.471521
0.806149
0.471521
8.3657
0.471521
0.471521
0.471521
0.471521
0.471521
0.471521
8.38091
0.471521
0.471521
8.38091
8.38091
8.38091
8.3657
0.471521
15.332
2.3424
0.471521
1.68835
6.06894
6.06894
5.76473
4.88253
4.42622
4.42622
4.42622
9.30874
8.82201
8.82201
19.4997
22.1767
11.5142
16.0165
14.1304
12.0314
12.8528
14.024
12.0314
12.2748
12.1835
12.2291
13.5829
12.4573
11.8032
19.7278
12.29
12.2596
13.3243
11.0884
10.1909
13.2178
12.7615
13.6285
13.6285
14.1152
14.0392
14.1152
14.024
12.6854
13.0657
24.5191
24.6712
14.4042
14.4042
12.4877
12.9592
13.3851
12.2596
11.5142
21.3249
13.0505
14.024
10.6625
11.134
12.2443
13.0657
13.6437
14.024
13.5068
12.7311
12.0314
12.0314
12.0618
12.5029
20.6557
14.0392
13.5524
14.0087
14.0392
12.7615
12.6702
14.024
13.1418
12.8375
13.3243
13.5829
12.6398
12.6398
14.6628
13.0809
12.2291
13.5829
13.5829
12.1835
12.1835
12.6398
12.6398
11.8337
12.7007
12.2443
11.8032
12.655
12.655
12.2596
12.2596
12.2596
14.024
13.1265
21.9333
21.4618
12.7007
12.2443
19.8343
20.0777
13.5829
13.5829
12.6854
12.6398
12.2291
12.6854
13.0657
13.5372
13.5524
13.5524
14.0392
13.5524
14.0392
14.0392
16.0013
13.0961
14.024
12.2596
13.157
13.157
13.3395
13.6437
21.5531
24.1693
20.7013
20.9903
21.477
21.9333
32.1699
23.2566
12.2291
21.4466
12.6854
12.6854
12.6854
13.0961
13.5829
13.5829
20.5644
20.1233
14.0392
13.5676
13.5676
15.4385
15.4385
15.4385
15.4385
15.6819
14.3282
12.4877
12.944
12.944
12.944
12.944
23.2566
23.2566
24.291
14.3282
28.0935
20.5796
21.0968
21.0664
17.7201
14.2825
14.2521
14.1761
14.3282
16.0621
11.2252
14.024
16.0774
16.0926
13.6285
14.1152
11.0884
9.30874
9.30874
8.82201
9.32395
8.83722
4.89774
0.486732
8.38091
10.9515
8.3657
0.471521
0.471521
0.471521
0.471521
0.471521
0.471521
0.471521
0.471521
0.471521
0.471521
0.471521
0.471521
0.471521
2.50971
0.806149
0.806149
0.806149
0.806149
2.50971
2.61618
0.471521
0.471521
0.471521
0.471521
0.471521
0.471521
0.471521
0.471521
8.38091
8.38091
16.0774
8.38091
8.39612
0.486732
0.486732
0.486732
0.486732
0.486732
0.471521
8.3657
8.3657
11.0427
8.3657
9.61295
11.0579
11.0579
12.7919
12.7615
8.00065
16.199
17.0204
7.52913
8.82201
8.82201
4.88253
4.42622
12.3356
4.88253
4.88253
4.88253
0.471521
0.471521
0.471521
8.38091
8.38091
8.38091
8.38091
0.471521
0.471521
0.471521
0.471521
0.471521
0.471521
0.471521
0.471521
0.471521
0.471521
0.471521
0.471521
0.471521
0.471521
0.471521
0.471521
0.471521
0.471521
0.471521
0.471521
0.471521
3.02686
0.471521
4.85211
4.42622
4.42622
4.88253
0.471521
0.471521
0.471521
8.38091
0.471521
0.471521
0.471521
4.85211
4.85211
4.85211
4.3958
4.44143
7.95502
8.41133
8.41133
7.22492
4.85211
8.8068
9.29353
9.29353
8.8068
12.3052
8.3657
10.9363
11.0579
11.21
14.1761
17.8874
10.1909
9.47606
17.8874
16.3816
8.39612
8.39612
8.39612
9.52169
2.3424
0.471521
8.38091
0.471521
0.471521
0.471521
0.471521
0.471521
0.471521
0.471521
0.471521
0.471521
0.471521
0.471521
4.42622
4.85211
4.03075
4.48706
4.48706
4.03075
8.57865
7.95502
6.37314
4.42622
4.3958
4.85211
4.85211
0.471521
0.471521
0.471521
0.471521
0.471521
8.38091
8.38091
8.38091
8.38091
8.38091
0.471521
0.471521
0.471521
0.471521
0.471521
0.471521
0.471521
0.471521
0.471521
0.471521
0.471521
0.471521
0.471521
0.471521
0.806149
0.471521
0.471521
0.471521
0.471521
0.471521
0.471521
0.471521
0.471521
0.471521
0.471521
0.471521
0.471521
0.471521
0.471521
0.471521
0.471521
0.471521
0.471521
0.471521
0.471521
8.38091
0.471521
0.471521
0.471521
0.471521
0.471521
