33
122
171
219
268
316
365
414
464
513
562
611
661
710
760
809
858
907
955
1004
1053
1102
1151
1200
1249
1298
1346
1394
1443
1491
1540
1589
1638
1686
1735
1785
1833
1882
1930
1979
2027
2076
2125
2175
2224
2273
2322
2371
2419
2468
2516
2565
2615
2665
2756
2806
2855
2904
2954
3003
3051
3100
3189
3237
3286
3335
3385
3434
3483
3533
3582
3632
3683
3733
3783
3833
3884
3932
4022
4071
4121
4170
4219
4268
4318
4367
4416
4466
4516
4564
4613
4661
4710
4758
4807
4855
4904
4953
5003
5093
5142
5191
5240
5290
5339
5388
5438
5487
5537
5586
5635
5684
5734
5783
5833
5882
5932
5981
6030
6080
6129
6179
6228
6278
6327
6377
6426
6475
6524
6573
6623
6671
6720
6768
6816
6865
6913
6962
7011
7060
7110
7159
7208
7258
7307
7397
7446
7496
7586
7635
7683
7733
7783
7832
7882
7931
7980
8030
8079
8127
8176
8225
8273
8321
8371
8420
8470
8520
8570
8620
8670
8720
8770
8818
8866
8916
8965
9014
9063
9112
9162
9211
9260
9309
9359
9408
9456
9504
9553
9601
9650
9699
9749
9799
9849
9898
9947
9996
10044
10092
10141
10189
10237
10286
10335
10384
10432
10481
10530
10578
10626
10675
10723
10772
10820
10869
10917
10965
11015
11064
11113
11161
11210
11299
11347
11396
11444
11493
11541
11590
11679
11727
11775
11864
11913
11961
12009
12058
12107
12157
12206
12256
12305
12355
12404
12453
12503
12552
12601
12649
12697
12745
12794
12843
12892
13024
13073
13123
13172
13222
13272
13321
13371
13421
13471
13520
13569
13619
13668
13718
13767
13815
13864
13913
13962
14010
14059
14108
14156
14206
14256
14305
14354
14404
14453
14502
14551
14599
14648
14697
14745
14795
14845
14895
14944
14994
15044
15093
15142
15190
15238
15287
15335
15384
15432
15482
15531
15581
15630
15680
15729
15778
15826
15874
15923
15971
16019
16068
16116
16165
16213
16262
16310
16358
16407
16455
16504
16553
16602
16652
16701
16750
16799
16849
16898
16948
16997
17047
17096
17145
17194
17283
17331
17380
17428
17478
17527
17576
17626
17716
17765
17815
17864
17913
17961
18010
18058
18106
18155
18204
18254
18303
18353
18401
18450
18498
18547
18595
18644
18693
18742
18791
18839
18888
18936
18985
19033
19082
19130
19179
19228
19277
19325
19374
19424
19473
19522
19571
19621
19670
19719
19769
19818
19867
19917
20007
20057
20106
20156
20205
20295
20345
20394
20444
20492
20541
20589
20637
20686
20734
20783
20833
20881
20930
20979
21028
21077
21125
21174
21222
21270
21319
21367
21415
21464
21512
21561
21609
21658
21707
21756
21806
21855
21904
21954
22003
22052
22102
22151
22200
22248
22297
22345
22394
22442
22492
22542
22591
22641
22691
22741
22790
22839
22889
22938
22988
23037
23086
23135
23184
23233
23283
23332
23381
23431
23479
23528
23577
23626
23676
23725
23774
23823
23873
23922
23971
24019
24068
24116
24165
24214
24263
24313
24362
24411
24460
24510
24559
24608
24657
24706
24756
24805
24854
24903
24954
25004
25053
25102
25151
25201
25250
25300
25349
25399
25448
25539
25588
25679
25728
25777
25827
25877
25927
25977
26027
26077
26127
26175
26264
26314
26364
26414
26464
26512
26561
26609
26657
26706
26754
26804
26853
26903
26952
27002
27050
27098
27147
27196
27244
27293
27342
27391
27440
27489
27538
27588
27637
27686
27736
27785
27835
27883
27932
27980
28029
28077
28127
28176
28226
28275
28325
28374
28424
28473
28523
28572
28621
28670
28719
28769
28817
28866
28915
28965
29014
29062
29111
29159
29208
29256
29305
29355
29405
29496
29546
29596
29646
29697
29745
29794
29883
29931
29980
30028
30078
30127
30176
30225
30275
30324
30374
30424
30474
30524
30574
30624
30673
30723
30773
30823
30872
30922
30972
31021
31071
31162
31253
31303
31351
31400
31450
31500
31550
31600
31650
31699
31748
31798
31847
31896
31986
32035
32085
32135
32184
32233
32282
32331
32381
32431
32481
32531
32581
32631
32680
32729
32779
32828
32877
32926
32975
33025
33074
33123
33172
33221
33270
33318
33366
33415
33463
33512
33561
33611
33660
33709
33758
33806
33854
33903
33952
34002
34052
34102
34152
34202
34252
34301
34351
34400
34449
34498
34547
34596
34644
34733
34781
34830
34878
34927
34976
35024
35073
35121
35170
35218
35297
35347
35397
35447
35497
35546
35596
35645
35695
35744
35792
35841
35889
35938
35986
36075
36124
36172
36221
36269
36319
36369
36418
36468
36518
36567
36617
36666
36715
36765
36814
36863
36911
36959
37009
37058
37107
37156
37206
37255
37304
37354
37404
37453
37503
37552
37601
37650
37699
37748
37798
37847
37896
37945
37995
38044
38093
38142
38192
38241
38290
38338
38387
38436
38485
38533
38582
38631
38680
38729
38778
38828
38877
38927
38976
39025
39074
39123
39173
39222
39271
39321
39370
39419
39467
39516
39565
39613
39662
39710
39759
39807
39855
39904
39952
40001
40050
40099
40148
40197
40245
40293
40342
40391
40440
40488
40537
40585
40634
40682
40731
40780
40829
40878
40927
40975
41064
41112
41161
41210
41259
41308
41358
41407
41455
41504
41552
41600
41649
41697
41745
41794
41844
41893
41942
41991
42041
42090
42139
42229
42279
42328
42377
42426
42476
42525
42574
42624
42673
42722
42772
42821
42871
42920
42970
43019
43069
43118
43168
43217
43267
43317
43366
43416
43466
43515
43565
43613
43661
43710
43758
43806
43855
43904
43954
44003
44052
44100
44149
44197
44246
44294
44344
44393
44441
44490
44539
44587
44636
44685
44734
44783
44833
44882
44931
44981
45030
45121
45171
45220
45270
45360
45409
45459
45508
45557
45606
45656
45706
45756
45806
45855
45905
45955
46004
46053
46103
46152
46202
46251
46301
46350
46400
46450
46500
46550
46600
46650
46699
46749
46798
46848
46898
46948
46997
47047
47096
47144
47193
47241
47289
47338
47386
47435
47483
47531
47580
47628
47676
47725
47774
47823
47872
47922
47971
48020
48070
48119
48169
48218
48268
48317
48367
48416
48464
48512
48561
48609
48658
48707
48757
48806
48855
48905
48954
49003
49052
49100
49149
49197
49286
49334
49383
49431
49480
49530
49579
49628
49677
49726
49775
49823
49871
49920
49968
50016
50065
50113
50162
50211
50261
50310
50400
50449
50498
50548
50598
50648
50697
50788
50838
50886
50936
50985
51034
51083
51133
51223
51272
51321
51371
51421
51470
51561
51610
51659
51708
51757
51806
51854
51903
51952
52001
52050
52099
52148
52197
52245
52294
52342
52391
52439
52488
52537
52586
52634
52683
52732
52780
52829
52879
52928
52977
53026
53076
53166
53215
53264
53312
53361
53409
53458
53507
53555
53604
53652
53701
53749
53798
53846
53895
53943
53992
54041
54090
54138
54186
54236
54284
54333
54381
54430
54478
54527
54575
54624
54672
54721
54769
54817
54867
54916
54965
55015
55064
55113
55162
55211
55260
55310
55360
55410
55460
55509
55559
55609
55658
55707
55756
55806
55854
55903
55951
55999
56048
56097
56146
56195
56244
56292
56341
56390
56438
56488
56537
56587
56636
56686
56735
56785
56834
56884
56933
56983
57032
57081
57129
57178
57227
57277
57326
57375
57424
57514
57562
57611
57659
57708
57756
57804
57853
57902
57952
58001
58051
58100
58190
58239
58289
58339
58430
58480
58530
58579
58627
58676
58724
58772
58821
58870
58919
58969
59018
59067
59116
59165
59214
59264
59313
59362
59411
59461
59511
59561
59611
59660
59751
59801
59851
59901
59950
60040
60090
60181
60230
60279
60327
60376
60426
60476
60525
60575
60624
60674
60722
60770
60819
60869
60919
60968
61018
61068
61118
61166
61215
61263
61311
61360
61408
61457
61507
61556
61604
61653
61701
61750
61798
61847
61896
61945
61995
62044
62093
62143
62191
62240
62288
62337
62385
62434
62483
62533
62582
62631
62680
62730
62778
62827
62876
62924
62973
63021
63071
63120
63170
63220
63270
63320
63369
63418
63466
63514
63563
63611
63659
63709
63758
63848
63897
63947
63996
64045
64094
64144
64234
64324
64373
64423
64472
64522
64571
64621
64670
64720
64770
64819
64867
64916
64964
65013
65061
65109
65159
65209
65258
65307
65356
65406
65455
65504
65553
65602
65650
65698
65747
65795
65843
65892
65983
66032
66082
66132
66181
66231
66280
66329
66378
66428
66477
66526
66575
66623
66672
66720
66769
66817
66867
66916
66965
67015
67064
67113
67162
67212
67261
67310
67359
67408
67458
67507
67556
67605
67654
67703
67751
67800
67848
67898
67948
67998
68047
68097
68146
68195
68243
68292
68341
68389
68438
68487
68537
68587
68637
68686
68736
68786
68835
68885
68934
68984
69033
69082
69130
69179
69229
69278
69327
69376
69425
69475
69523
69572
69620
69670
69719
69769
69819
69868
69918
69967
70017
70067
70117
70166
70216
70265
70315
70364
70413
70462
70511
70560
70608
70656
70705
70753
70802
70891
70939
70988
71036
71086
71135
71185
71235
71284
71334
71382
71431
71481
71531
71580
71630
71679
71729
71777
71827
71876
71926
71976
72026
72075
72124
72172
72220
72269
72317
72366
72414
72463
72512
72603
72652
72702
72752
72801
72850
72900
72949
72998
73047
73096
73144
73193
73241
73290
73338
73387
73435
73485
73535
73584
73634
73683
73733
73782
73831
73880
73930
73978
74027
74075
74123
74172
74220
74270
74319
74368
74417
74467
74516
74565
74615
74664
74714
74763
74813
74862
74911
74961
75010
75059
75109
75158
75208
75257
75306
75356
75404
75452
75501
75549
75598
75646
75695
75745
75794
75843
75892
75941
76032
76081
76130
76179
76228
76278
76327
76376
76425
76475
76525
76575
76624
76674
76724
76774
76823
76873
76922
76972
77021
77070
77120
77169
77220
77268
77316
77365
77454
77502
77551
77601
77649
77698
77746
77794
77843
77891
77941
77990
78039
78089
78179
78228
78317
78365
78414
78462
78511
78559
78608
78657
78705
78754
78802
78851
78899
78948
78996
79045
79094
79144
79193
79242
79291
79340
79389
79438
79488
79537
79586
79635
79685
79735
79783
79832
79880
79929
79977
80025
80075
80124
80172
80221
80269
80318
80367
80415
80464
80512
80561
80610
80659
80707
80756
80804
80853
80901
80949
80998
81046
81095
81145
81194
81243
81333
81382
81430
81478
81527
81576
81626
81675
81766
81815
81865
81914
81964
82013
82063
82112
82161
82209
82259
82308
82357
82407
82456
82506
82555
82604
82652
82700
82748
82797
82845
82936
82985
83034
83083
83132
83182
83231
83280
83329
83379
83428
83476
83525
83575
83624
83715
83765
83815
83863
83912
83960
84009
84057
84105
84154
84202
84251
84299
84347
84396
84444
84493
84543
84592
84642
84691
84741
84790
84840
84890
84939
84989
85039
85088
85137
85185
85234
85282
85331
85379
85428
85476
85525
85573
85622
85670
85719
85767
85815
85864
85913
85963
86012
86062
86152
86202
86252
86302
86351
