+6.262410985852080891 
+6.137612943956511025 
+6.013958340317877571 
+5.891441728127189137 
+5.770057674943615211 
+5.652243754328995173 
+5.535506358524486359 
+5.415044184345211953 
+5.298113710282915889 
+5.182288957221620862 
+5.067564578286344101 
+4.953935240853236444 
+4.839110209045344391 
+4.727677089535322175 
+4.617322991184170000 
+4.508042638494173637 
+4.397633453247834723 
+4.290506466219152770 
+4.184437376643272088 
+4.079420965877586625 
+3.977563408288987468 
+3.874615536289330198 
+3.772704877202399665 
+3.671826268396571891 
+3.571974561273028037 
+3.473144621248986486 
+3.373345687901247558 
+3.276564524906270481 
+3.182734267834508302 
+3.086016150995523954 
+2.992238797207988021 
+2.897569282330164420 
+2.805789264437691610 
+2.713147372624404419 
+2.621521596618923589 
+2.532709057655201157 
+2.444862319599260925 
+2.356213203939340417 
+2.270302638095703429 
+2.183618908168926787 
+2.099624354448495822 
+2.014885496646865448 
+1.932786908397448933 
+1.849972524722356404 
+1.769749968449256805 
+1.690448613355897578 
+1.610473431312986925 
+1.533018519049828221 
+1.454917421335564676 
+1.379289299511982314 
+1.303042289937263121 
+1.229221418343620975 
+1.156287849639266341 
+1.084236837921459973 
+1.011620243875102076 
+0.941337931954225660 
+0.873331888449450311 
+0.804763915919064488 
+0.738428232639328996 
+0.670200395942820215 
+0.602857308832528638 
+0.537714718342332532 
+0.473412484128343358 
+0.409945995066100188 
+0.348580647916874042 
+0.286755046305327888 
+0.225751529707678422 
+0.166785683697030507 
+0.107396130093018627 
+0.050002598104584628 
-0.006619303508247576 
-0.063629315748857884 
-0.118704796069435403 
-0.174144959790125675 
-0.228798767770594047 
-0.283761989666260206 
-0.337915786417783082 
-0.391264861185273816 
-0.442770732130077782 
-0.495567586282779082 
-0.545519030913721892 
-0.593718972057716066 
-0.642180027066469705 
-0.688928351582284826 
-0.735916053570866424 
-0.782165929153932460 
-0.826760685499044357 
-0.871562660516115528 
-0.915639608940948868 
-0.958995800831684342 
-1.001635493323418835 
-1.043562930644969633 
-1.083948181058677740 
-1.124478110477562076 
-1.163502458582636123 
-1.202651362021176951 
-1.240330904588120120 
-1.278115164428373696 
-1.314465900844986379 
-1.350901800186243840 
-1.385939632709857428 
-1.421043355626149030 
-1.455480244742092921 
-1.489936788268015455 
-1.523707597202673902 
-1.556796991818877984 
-1.589209278668474390 
-1.620320527048229486 
-1.651404792096638374 
-1.681222786682977421 
-1.710995753485776483 
-1.739536831454818078 
-1.766888448102229781 
-1.794194151380110291 
-1.820343202508593272 
-1.846955013023456438 
-1.872931364368697338 
-1.898276415551269913 
-1.922506073513775782 
-1.946613367451056398 
-1.970101675073368419 
-1.992975101762362478 
-2.014798446047843861 
-2.036039027460348372 
-2.056284768018570297 
-2.075978546614266840 
-2.095516993838423936 
-2.114106246837994085 
-2.132154300149823989 
-2.149664693725513054 
-2.166988973805879404 
-2.183423605522084365 
-2.199657031658577289 
-2.215344952199557405 
-2.230794561528356645 
-2.245683954466538346 
-2.259735806490653864 
-2.273257050946763336 
-2.286511072578389481 
-2.298971416823719416 
-2.311150463903335783 
-2.322564733423285510 
-2.333466703045840696 
-2.343859968243315883 
-2.353748112471472531 
-2.363134707186300254 
-2.372199551617424795 
-2.380583659948256603 
-2.388632934537741725 
-2.396028987825785883 
-2.403077368222745314 
-2.409499699468672596 
-2.415561761117278827 
-2.421024605260623908 
-2.426114823685229460 
-2.430632317883797633 
-2.434687111809060944 
-2.438351252883298237 
-2.441481649453446146 
-2.444159662464636007 
-2.446388683950821097 
-2.448172094216508832 
-2.449513261853533130 
-2.450415543757814341 
-2.450882285146135153 
-2.450916819572898753 
-2.450509978515934328 
-2.449681402303983013 
-2.448400717849961161 
-2.446722495374685558 
-2.444581657892686444 
-2.442067157971702152 
-2.439079760465426183 
-2.435669942772103802 
-2.431841134894701106 
-2.427596754375891841 
-2.423037354555373390 
-2.417980173962598123 
-2.412630735872270726 
-2.406895062223283865 
-2.400647472696193496 
-2.394141071877498028 
-2.387257941533284189 
-2.380001206077731801 
-2.372214484965788905 
-2.364212401640231498 
-2.355671569248317887 
-2.346936752466770137 
-2.337654633139437443 
-2.328199604272792378 
-2.318392710680599045 
-2.308447712431372700 
-2.298170816775949810 
-2.287115839892805091 
-2.275938614881812150 
-2.264186051496174024 
-2.252331280844676265 
-2.240145645038563949 
-2.227373327342973219 
-2.214528214924922800 
-2.201089082012351206 
-2.187596465648193877 
-2.173217476680465943 
-2.158499347373072474 
-2.143445333972850086 
-2.128363555656322070 
-2.112965097762768529 
-2.096935572157637928 
-2.080906658660478747 
-2.064899911397270138 
-2.048600606148036185 
-2.031670003150359172 
-2.014788172999749882 
-1.997622238050124288 
-1.980533835628128791 
-1.962813668302699988 
-1.944447519282081593 
-1.926172826003019090 
-1.907246538946082204 
-1.888428478966056367 
-1.869345581151235614 
-1.850000546823051373 
-1.830798733722331484 
-1.810942700962455909 
-1.791245451978420000 
-1.771306819117982378 
-1.750706404365176105 
-1.729859675801741936 
-1.708336325262815869 
-1.686562020692149666 
-1.664982395047175601 
-1.642719358986304279 
-1.620666062768596483 
-1.597925061348725251 
-1.575408602014253923 
-1.552200312963386786 
-1.529231111472672211 
-1.505566124400701256 
-1.482154515498240066 
-1.458043332182077378 
-1.433221869370795432 
-1.408666207075714993 
-1.383894488347646501 
-1.358909335681187436 
-1.333207308355522258 
-1.308309162555911342 
-1.283213526330866827 
-1.257404675162460350 
-1.231917420325412849 
-1.206239972302472374 
-1.180374726497034565 
-1.154324068105539780 
-1.128627567682801036 
-1.102216862591819613 
-1.076172193015628942 
-1.049410669519285300 
-1.023026832221517246 
-0.996478464954070553 
-0.969209559556080791 
-0.942335337053359368 
-0.914738294314346945 
-0.887547026699623487 
-0.860202105822374108 
-0.832131222496244050 
-0.804482284190032537 
-0.776105459357768090 
-0.748161124007317824 
-0.719487119019575516 
-0.690666298409218449 
-0.661700868332228964 
-0.631997519930963314 
-0.603344954961787749 
-0.573958834589999078 
-0.545040664532230323 
-0.515387641469119195 
-0.486212146519799049 
-0.456300635423793288 
-0.426876021310134135 
-0.396714360947115097 
-0.367048759178739914 
-0.337266890536483288 
-0.306746680800779714 
-0.276735842007385990 
-0.245985957760794349 
-0.215754096264192619 
-0.184149401196999740 
-0.153066821422523702 
-0.121239803184467476 
-0.089943483904015409 
-0.057902565533213490 
-0.026400721840857067 
+0.005199831023348978 
+0.036249272341667194 
+0.067389675598441556 
+0.098619193695496321 
+0.130589336427988201 
+0.161993338541005727 
+0.193480928640410887 
+0.225708846384803152 
+0.257359831763829483 
+0.289088957471169472 
+0.321557850869393036 
+0.353439442740326903 
+0.386060283169396001 
+0.418087118690174897 
+0.450852569338462850 
+0.483017496798472834 
+0.516592478761409346 
+0.550910392161272355 
+0.583948554905897588 
+0.617049605291160042 
+0.650211736101289794 
+0.684111742044120952 
+0.716712056071094672 
+0.750046676687054159 
+0.782753313768385084 
+0.816193012174225352 
+0.848999210150231498 
+0.882537118633604400 
+0.916122049887132306 
+0.950439069234533029 
+0.984113750256394582 
+1.017830269993213577 
+1.051586930230753225 
+1.086072126467620969 
+1.119213924284943928 
+1.153080906556652963 
+1.186289157593096277 
+1.219527940775434693 
+1.253489085689230009 
+1.286784858478965177 
+1.320800983356607006 
+1.354147499170911040 
+1.388212261646509127 
+1.421603341145639021 
+1.455014207910101831 
+1.489139998203600435 
+1.523283282580830900 
+1.558139776538445709 
+1.592313636359708795 
+1.627198095468760819 
+1.661396209451701189 
+1.696302220060517563 
+1.730518338660528954 
+1.764741078538186514 
+1.799667505307473547 
+1.833899040226216748 
+1.868132677502668315 
+1.903065592845993415 
+1.937298974354429326 
+1.970831457901457640 
+2.005058801822864112 
+2.038582589997833594 
+2.072100032088661337 
+2.106307814365552922 
+2.139808343164990134 
+2.173996086585791687 
+2.208868936000369487 
+2.243030559313055505 
+2.277177157304509869 
+2.311307352543531479 
+2.346115753274557569 
+2.379513066877945171 
+2.413585872899202123 
+2.446942159109234627 
+2.480970457564129372 
+2.515667982670425573 
+2.549645491625594396 
+2.582903293009794599 
+2.616825847833938123 
+2.650027323821943614 
+2.683199096940449557 
+2.716339965376301180 
+2.750138151026663813 
+2.783212928719430046 
+2.816941181065410138 
+2.849945052704541570 
+2.883598487616909622 
+2.917212291315376849 
+2.950785241564655603 
+2.984316124184017482 
+3.017803733030521407 
+3.051928911565945146 
+3.085325442291397380 
+3.119355213936843896 
+3.151976725190644757 
+3.185907237472780817 
+3.219785282181884423 
+3.253609637522077769 
+3.287379090265221571 
+3.321766122117987496 
+3.355421005950077085 
+3.389017375055523029 
+3.421883909536193258 
+3.455360949443990304 
+3.487440589755993248 
+3.519462067042598896 
+3.552089612291112974 
+3.583990464841104284 
+3.615830113665079892 
+3.648268928318205706 
+3.679981873269479120 
+3.712289298484727329 
+3.743871545798906020 
+3.776043534347441000 
+3.807491148461349617 
+3.839523712399237620 
+3.870832815698612261 
+3.902722026109413989 
+3.933888798676687504 
+3.965630785413905457 
+3.997296948709328390 
+4.028242416205578991 
+4.059113297081539784 
+4.090549459824440959 
+4.121906021851784452 
+4.153819488776406388 
+4.185012378047703763 
+4.216122863567822954 
+4.247782365840404140 
+4.279354153603106781 
+4.310208485288649527 
+4.340976768715428591 
+4.372283359203624542 
+4.402251664512778717 
+4.432756532016720818 
+4.462552041139426606 
+4.492878831588047461 
+4.522498264978412230 
+4.552643658620176836 
+4.583308518338881754 
+4.613875793630832334 
+4.643736209142025118 
+4.674107709980141578 
+4.704379058609188924 
+4.733946996985571865 
+4.764017555032104667 
+4.792788726735871307 
+4.822060960769247728 
+4.850638737488047525 
+4.879712049388999162 
+4.908093509425251355 
+4.936964943897597102 
+4.965147218918016137 
+4.993229883625540211 
+5.022376000694007914 
+5.050253180654382668 
+5.078606263476284077 
+5.106277305433920333 
+5.133845345266193405 
+5.161880800145477011 
+5.189238710226611317 
+5.218191482771246115 
+5.247025020879771517 
+5.274614822905324019 
+5.301533543858026221 
+5.328902157108151627 
+5.355602960155736447 
+5.382195018989547108 
+5.409228296886445797 
+5.436147009780481376 
+5.462404684518748610 
+5.489094790122596379 
+5.515127356366570588 
+5.541586485703284382 
+5.567391648079320632 
+5.593617483673486213 
+5.619192997132326894 
+5.644654054949927335 
+5.670526942316884700 
+5.695755088507771013 
+5.721389123230620655 
+5.746901683896837199 
+5.772292231046024291 
+5.797560231698938082 
+5.823217035994749047 
+5.848235842880166402 
+5.873130532634934120 
+5.898908966831292844 
+5.924551831432599336 
+5.950058569531190500 
+5.975924713991014769 
+6.001154862289169500 
+6.026247247668323759 
+6.050713379626802002 
+6.074560757960265178 
+6.098762270068207592 
+6.122349399538245862 
+6.145807048296235919 
+6.169134780597682166 
+6.192804222768002909 
+6.215868166608772505 
+6.238800915486969245 
+6.261602058512298008 
+6.284271190934434870 
+6.307266465801199651 
+6.329667672957599578 
+6.351935684108524605 
+6.374520448706936016 
+6.396518195663186468 
+6.418381616610389528 
+6.440110349553539670 
+6.462143317445399937 
+6.483598845654066523 
+6.504918628878397335 
+6.526533230299883748 
+6.547577728237487626 
+6.568485478532013033 
+6.589678623186596695 
+6.609889461795692256 
+6.629968172836329110 
+6.650328609798901169 
+6.670139450634605893 
+6.689817321247566895 
+6.709767714586059029 
+6.729578980541784716 
+6.749250845317975589 
+6.768783040871722001 
+6.788569606565571846 
+6.807818818864108223 
+6.826927587106665030 
+6.845895666214149244 
+6.864339999464650788 
+6.883028870889889461 
+6.901199251126461931 
+6.919608020449940611 
+6.937503592860099211 
+6.955631409194509729 
+6.973616991091144079 
+6.991460138019903070 
+7.008800846911710458 
+7.026004509889907546 
+7.043425044421499415 
+7.060351237363857280 
+7.077488176398071928 
+7.094136234049063461 
+7.110988919624630533 
+7.127358218109989707 
+7.143589355830424203 
+7.160015990954651244 
+7.176298363930001756 
+7.192764180888900682 
+7.208754676465222389 
+7.224922393252985131 
+7.240620500808429227 
+7.256173715597071805 
+7.271581928501451131 
+7.286534994786703301 
+7.301348724791946410 
+7.316327262067933823 
+7.330859153182615273 
+7.345549811725105016 
+7.360094928021331029 
+7.374494429057303790 
+7.388748246955486820 
+7.402856318958295212 
+7.416818587411121655 
+7.430915448300731363 
+7.444582978934205286 
+7.458378993462635442 
+7.471751613412483728 
+7.484978216282510033 
+7.498324204238680402 
+7.511255715235721553 
+7.524300548150494983 
+7.536936897330652307 
+7.549427142994929341 
+7.561771282916325276 
+7.574216738067474530 
+7.586265697979090561 
+7.597927119359979109 
+7.609686911797960640 
+7.621536155335599361 
+7.633000907665330459 
+7.644319675634699607 
+7.655492495848342571 
+7.666742929824775565 
+7.677400463240372730 
+7.687918077903834302 
+7.698510542191345785 
+7.708745568169681484 
+7.719049678963055605 
+7.729002365018375897 
+7.739018394360511977 
+7.748889012882823835 
+7.758614303813240909 
+7.768194354978877669 
+7.777629258789456657 
+7.786730972612689428 
+7.795693591444119441 
+7.804699563039066312 
+7.813381402296165845 
+7.821924460008525593 
+7.830502465937774659 
+7.838936087992296464 
+7.847225454276108181 
+7.855370697326319984 
+7.863371954096220584 
+7.871229365938603451 
+7.879099006098085667 
+7.886666241678033984 
+7.893940011068659501 
+7.901076331293191757 
+7.908219709791389107 
+7.915078740110057964 
+7.921939383822348191 
+7.928521782762683046 
+7.935100380482455584 
+7.941666649269079059 
+7.947958130014411537 
+7.954231819158689376 
+7.960236969390717121 
+7.966218899001622944 
+7.971938539603104168 
+7.977517181568499538 
+7.982955038476246656 
+7.988358973866320767 
+7.993513055909241771 
+7.998527022799587272 
+8.003499120646424103 
+8.008230703554261254 
+8.012822878134997495 
+8.017365316856261970 
+8.021589974585817018 
+8.025765392523409147 
+8.029883342592011530 
+8.033857443204382776 
+8.037612767236842259 
+8.041302871001192898 
+8.044849967048275374 
+8.048254346195651721 
+8.051516303428572385 
+8.054575132040763918 
+8.057555980369762949 
+8.060339908644747808 
+8.063040852770479106 
+8.065551076886309900 
+8.067926283335909332 
+8.070122396657611219 
+8.072231224368334068 
+8.074205952146659371 
+8.076010660256118356 
+8.077720858428781625 
+8.079297907032824355 
+8.080713983788855970 
+8.082028416075257127 
+8.083187872384193895 
+8.084220817842730611 
+8.085145123537166967 
+8.085923391566828045 
+8.086600602965758000 
+8.087132474966281848 
+8.087541086901790521 
+8.087814607285274349 
+8.087951961494550090 
+8.087960307457578324 
+8.087836221676369064 
+8.087585045693909791 
+8.087205984325438024 
+8.086699416133829033 
+8.086065723038869280 
+8.085288454329761620 
+8.084418506503386226 
+8.083427688227153851 
+8.082291939831725003 
+8.081057999413973292 
+8.079704319805070867 
+8.078199326731787977 
+8.076570357876184048 
+8.074780774738261613 
+8.072862972395938641 
+8.070859555458534729 
+8.068689191511765557 
+8.066391940783763204 
+8.064017966920291158 
+8.061470822654879242 
+8.058852834607749926 
+8.056057602251701866 
+8.053197382024654516 
+8.050155892802061786 
+8.047055247521075927 
+8.043836280203869649 
+8.040430119782138618 
+8.036973475216734997 
+8.033399882213208443 
+8.029709801469220309 
+8.025903696601634607 
+8.022063220061539823 
+8.018028813419268985 
+8.013879781186544093 
+8.009616598432300449 
+8.005239743061661528 
+8.000842457679215869 
+7.996241997369686771 
+7.991626601080307424 
+7.986804441346631478 
+7.981972811299264947 
+7.976930879074809688 
+7.971884913274253748 
+7.966516675029148509 
+7.961145405542177755 
+7.955778285274124784 
+7.950192183418046454 
+7.944615592293597928 
+7.938816658255227310 
+7.932910977900139216 
+7.926899069397634889 
+7.920781453486382517 
+7.914558653457795856 
+7.908231195138972325 
+7.901667269455915132 
+7.895129973375237142 
+7.888489622443440652 
+7.881608079232287345 
+7.874761152992595825 
+7.867669942388096693 
+7.860473697874055254 
+7.853320033087956453 
+7.845917534380503433 
+7.838562861580085084 
+7.831109533679531332 
+7.823713193554564072 
+7.816066208403761095 
+7.808481235422584987 
+7.800803715225843149 
+7.792871338182644436 
+7.785008416551898236 
+7.776887887640311803 
+7.768504538093129241 
+7.760364813710186382 
+7.751963417010289348 
+7.743469549655067397 
+7.735059925467067110 
+7.726384715265129266 
+7.717618767557123505 
+7.708580996926571061 
+7.699633512217141984 
+7.690411726497922373 
+7.680910730392772834 
+7.671503753907133571 
+7.662006054385186005 
+7.652418267557179021 
+7.642546578583023553 
+7.632974985620630370 
+7.623318716770150161 
+7.613578378334896257 
+7.603754578530725006 
+7.593847927468791781 
+7.583859037139500714 
+7.573994853980558162 
+7.564052921801883933 
+7.553824273350326912 
+7.543515826730555318 
+7.533128203002251055 
+7.522447615979007907 
+7.511901924426551247 
+7.501278942351994772 
+7.490579297865328279 
+7.479582921760048464 
+7.468508049025079032 
+7.457579164716102049 
+7.446350855318461193 
+7.435272900661729523 
+7.424122126728074811 
+7.412669386428290430 
+7.401604681968436239 
+7.390239295577519130 
+7.378569551460132381 
+7.367062896538087102 
+7.355250348136313399 
+7.343605068465860697 
+7.331652419865868353 
+7.319630045286971587 
+7.307538639245990453 
+7.295866590772557281 
+7.283887056031621121 
+7.272089624901556526 
+7.259983385921618293 
+7.247814125343239766 
+7.235582505220780725 
+7.223540685277188622 
+7.210934841247664373 
+7.198266142782564714 
+7.185535298907254287 
+7.172743020027446015 
+7.159890017910465865 
+7.146977005667039862 
+7.134264720361512602 
+7.121757302005637058 
+7.108934271552225681 
+7.096319664502931168 
+7.083388537878399838 
+7.070403815861320496 
+7.057632776515190720 
+7.044543962133319681 
+7.031403579829337502 
+7.017942577624260991 
+7.004700090952789004 
+6.991408101310824463 
+6.978067294439716406 
+6.964404617136119136 
+6.950967275979028415 
+6.937207527673273866 
+6.923399844947245363 
+6.909822517077843784 
+6.895922090001519678 
+6.881975918135793790 
+6.868264998099197882 
+6.854230425899848100 
+6.840152307066331261 
+6.826031381059559422 
+6.811868388226153925 
+6.797664069780325669 
+6.783419167785616821 
+6.769134425135625577 
+6.755384280445049683 
+6.741311192961035204 
+6.727490245248872291 
+6.713346254696902271 
+6.699167493792796968 
+6.684954665978295019 
+6.670708475344003574 
+6.656429626611974903 
+6.641826440192875047 
+6.627483761540001517 
+6.612816913411118769 
+6.598413288905085494 
+6.583685724367445147 
+6.569224042660537499 
+6.554734695599264249 
+6.540218392386667468 
+6.525378787669994018 
+6.510810187915336833 
+6.496514844971504665 
+6.481897818532543099 
+6.467257388821535002 
+6.452893737162978205 
+6.437909167287275025 
+6.423202800247273636 
+6.408475879468279679 
+6.393427962304009782 
+6.378963229996473139 
+6.364178928718827954 
+6.349679182340481454 
+6.335163123595003221 
+6.320631424250360730 
+6.305781546345412991 
+6.291220291240199991 
+6.276037854577957376 
+6.261145471423573916 
+6.246240350842525046 
+6.231627755506065292 
+6.216699531029019177 
+6.201760702136385639 
+6.186811984914036167 
+6.171854095526514428 
+6.156887750200686682 
+6.142219331419639161 
+6.127238359235599674 
+6.112556986985068441 
+6.097870221798343593 
+6.082872619032837491 
+6.068177010764834733 
+6.053171784048853254 
+6.037857463064611352 
+6.022847348916343435 
+6.007835896993316105 
+5.992823823106321335 
+5.977505481979084934 
+5.962494334991262690 
+5.947484727173227625 
+5.932171129644927099 
+5.917166813462078956 
+5.902166195860601761 
+5.886863997290854300 
+5.871873032114765856 
+5.856887922747596065 
+5.841603771764710018 
+5.826632670733427943 
+5.811669580092592824 
+5.796715212520991756 
+5.781770280340353452 
+5.766530814618231027 
+5.751302670647794102 
+5.736390802088719099 
+5.721795188192824178 
+5.706908376619931111 
+5.692035280402370390 
+5.677176608880158071 
+5.662635844302285726 
+5.647807817824842758 
+5.633298431985053867 
+5.618503824348115572 
+5.603425778502526100 
+5.588367157281532549 
+5.573328710319820800 
+5.558311186591318176 
+5.543315334391036409 
+5.528341901315938500 
+5.513690407734336496 
+5.499360172706076355 
+5.484456974875501878 
+5.469876438045568889 
+5.431020758618187116 
+5.416831027286482581 
+5.390297193186842861 
+5.364153986122782491 
+5.350095295400849160 
+5.335774229856147244 
+5.309843590544948810 
+5.295903142592532475 
+5.281415983412783177 
+5.267253062867249369 
+5.253124982106329277 
+5.238745199826151833 
+5.224689605131316306 
+5.210385216073287751 
+5.196689835966840754 
+5.182747028528466693 
+5.168843182108930456 
+5.154978977551792241 
+5.141436807135593590 
+5.127653080905596461 
+5.114191047914860455 
+5.100490455048500849 
+5.086832863906252555 
+5.072941573014068339 
+5.059372918332277536 
+5.045849297594711125 
+5.032371381175450686 
+5.018666212618028588 
+5.005010039180414871 
+4.991403569044707389 
+4.978118131600956175 
+4.964881771874309457 
+4.951963765531514738 
+4.938826512314753003 
+4.923875054589050393 
+4.910847995769690222 
+4.897609157067375207 
+4.884688758652099949 
+4.871822140127914480 
+4.858749052168477967 
+4.845993080446806545 
+4.833292854997477406 
+4.820391578211751238 
+4.807805958692433101 
+4.795278038098152784 
+4.782808459810787838 
+4.770650549251640449 
+4.758298356206811519 
+4.746006413097845211 
+4.733526381993023335 
+4.721358110356201010 
+4.709252007714182398 
+4.696963582753213906 
+4.684985013552116939 
+4.672828035701327209 
+4.660979565870663421 
+4.649196433570482512 
+4.637240827356933437 
+4.625591603635501592 
+4.614009594742772613 
+4.602495418604537036 
+4.591282589335126119 
+4.570437581114812353 
+4.559416802529730361 
+4.548236476959402808 
+4.537353524872015598 
+4.526539635790305383 
+4.515572282589729980 
+4.504899687502266659 
+4.494077748342136580 
+4.483548748326024125 
+4.472657508395488257 
+4.462060396499675008 
+4.451325495376401875 
+4.431993434513879393 
+4.421485431186465753 
+4.411059074447858386 
+4.401127158271783024 
+4.382914188315320203 
+4.373000128326748559 
+4.363367116451323469 
+4.353614338272326023 
+4.343943880449584682 
+4.334161511583563886 
+4.324466046315748713 
+4.315049379414935160 
+4.305527741635057026 
+4.288426331656610913 
+4.279156267537979730 
+4.270159239448585886 
+4.261068594308161650 
+4.252069429767121989 
+4.243339559136097172 
+4.234698641366675176 
+4.219233176141640840 
+4.211015929192463148 
+4.202717547700977718 
+4.194677246907491330 
+4.186560531720625811 
+4.178536367772766269 
+4.170605276365511926 
+4.162608805379637289 
+4.154867338595270354 
+4.147065434305371667 
+4.139515688262928705 
+4.131910478556281241 
+4.124703684483728594 
+4.117442435175085791 
+4.110423586543326735 
+4.097657787514153327 
+4.090907636399004232 
+4.084114883440260968 
+4.077557249772374881 
+4.070961976851754649 
+4.064598720123232312 
+4.058202814622902110 
+4.051780931596296043 
+4.040365745777395823 
+4.034244363291929147 
+4.028230488313999658 
+4.022324611612615008 
+4.011967743564069266 
+4.006477788991984923 
+4.001202139969150195 
+3.995921417729122016 
+3.990747053915014053 
+3.985679490042300710 
+3.980619053110617145 
+3.975768603411395041 
+3.970930615060636715 
+3.966205655487548221 
+3.961685291811888998 
+3.957185461162067597 
+3.952886583558986811 
+3.948697960901459858 
+3.944537938078338080 
+3.940573333030016556 
+3.936720221355260119 
+3.932903823201820082 
+3.929277201600321234 
+3.925763282330874571 
+3.922430730570904966 
+3.919141073811406528 
+3.916028954025011277 
+3.912965076902760408 
+3.909956829219875196 
+3.907124924462002102 
+3.904354165161887380 
+3.901703937487698504 
+3.899224029757995424 
+3.896813600880610018 
+3.894524854010885218 
+3.892358167729197405 
+3.890353599584628341 
+3.888429695357408455 
+3.886628957421087271 
+3.884984080457348554 
+3.883458179940433741 
+3.882079101875847815 
+3.879826067286044733 
+3.878754809700022843 
+3.877804102000351527 
+3.876989987022054329 
+3.876292151592948265 
+3.875700019414251241 
+3.874936214265101597 
+3.874691686572579563 
+3.874563438608265020 
+3.874560503870811967 
+3.874691049061786963 
+3.874955395157691829 
+3.875353858659585260 
+3.875886751573084599 
+3.876554381387724568 
+3.877340012574045147 
+3.878236130367229695 
+3.879257435194134018 
+3.880428894864451195 
+3.881731239447801407 
+3.883134776488495810 
+3.884697049009367742 
+3.886355811013727735 
+3.888179014440383607 
+3.890093967815487996 
+3.892179071366476784 
+3.894351149304624116 
+3.896747403697626400 
+3.899282129285408960 
+3.901955565063341069 
+3.904767945190124934 
+3.910254849695806278 
+3.913332410655268045 
+3.916539009320744835 
+3.919805461732020380 
+3.923268049787043132 
+3.926785614190196672 
+3.930504891575637316 
+3.934274237460409385 
+3.938333382471569610 
+3.942357752260861936 
+3.946595038457465066 
+3.950872436946844424 
+3.955368318849743492 
+3.959899316864310848 
+3.964556008325313741 
+3.969439495319424971 
+3.974454231817978300 
+3.979600344725873207 
+3.984877956494103035 
+3.994914495248948150 
+4.000682466747485400 
+4.006468353456090981 
+4.012264175687748846 
+4.018311520479612042 
+4.024491080646690477 
+4.030933134833668774 
+4.037380084591626783 
+4.049704481799079048 
+4.056670769463780246 
+4.063631746117069454 
+4.070725443832556856 
+4.077951917484501365 
+4.085159699423011048 
+4.092649158594664272 
+4.100271529167161866 
+4.107867246209273127 
+4.115752828663865159 
+4.123771415652576877 
+4.138506133077734184 
+4.146896689625634735 
+4.162477010962239099 
+4.171242316105406189 
+4.180140679027981143 
+4.188986444825840039 
+4.198148171852754018 
+4.207251892561306050 
+4.224665306804347154 
+4.234334497014598853 
+4.244338000896526353 
+4.254275632952653652 
+4.264552958897541934 
+4.274758829936418536 
+4.285309749578029681 
+4.295783614795017691 
+4.306390020047384581 
+4.317349429198317878 
+4.328223383836325766 
+4.339229634841928807 
+4.350596782453580502 
+4.361870042761517574 
+4.373509442639479161 
+4.385049297324897566 
+4.396960504002098702 
+4.408766494804721603 
+4.420949018452479784 
+4.433020643497771474 
+4.445473949639805689 
+4.457810663160018727 
+4.470278366593034569 
+4.483135384441939486 
+4.495606138207561386 
+4.508465890381940788 
+4.521189594222480679 
+4.534038228263920445 
+4.547011626228715464 
+4.560383815217566195 
+4.573608812081859654 
+4.587237468472016744 
+4.601277505683511571 
+4.615451918199921622 
+4.629760482990146642 
+4.644202970971626598 
+4.658779146991287590 
+4.673488769807674359 
+4.688033431901424741 
+4.703006543742903389 
+4.717808932452044246 
+4.733044515972204103 
+4.760490665372532071 
+4.775779626650642484 
+4.791510669300603098 
+4.807054269107227995 
+4.823044562389092960 
+4.838841643006443149 
+4.855089981173525970 
+4.871139336985572221 
+4.887644465272336092 
+4.903944842485529421 
+4.920705456822760837 
+4.937255553185682544 
+4.953587253509839528 
+4.970380714185832716 
+4.986950160061579318 
+5.003636761061418525 
+5.020440183960706015 
+5.037713824240704241 
+5.054752285007988455 
+5.072265136139885833 
+5.089898265122471344 
+5.107287785154360549 
+5.125157875810833374 
+5.143147081154095801 
+5.161254998658062476 
+5.179481219661846048 
+5.198200923494731285 
+5.216664893771707945 
+5.235245895814461647 
+5.253943496133134161 
+5.272757255019325129 
+5.292074243952923140 
+5.311121323394784710 
+5.330283195382395256 
+5.349559395038660625 
+5.369346348790831058 
+5.388852092771323932 
+5.408470721971151640 
+5.428201746074620360 
+5.448450787599233180 
+5.468407373155673490 
+5.488474833919868345 
+5.508652653866157323 
+5.529355484299287582 
+5.550172118271103905 
+5.571101986731819444 
+5.591722562766952898 
+5.612874929153399250 
+5.633712426386993322 
+5.655513555567685202 
+5.676998614175214897 
+5.698593356904417817 
+5.720297165220237900 
+5.742546760140002426 
+5.764468964984629018 
+5.786056690767445332 
+5.808190432525168312 
+5.829984214021695976 
+5.852326926620930792 
+5.874324221481934671 
+5.896873282454479615 
+5.919071492922180155 
+5.941368168272184391 
+5.963762651703445883 
+5.985794300175982130 
+6.008380440059585048 
+6.030598540517467576 
+6.053373683449016163 
+6.075775610634175372 
+6.098267516601688421 
+6.121320126504691039 
+6.144465102428113390 
+6.168176892397675637 
+6.191029273443061420 
+6.213968202011120212 
+6.237473574495048467 
+6.260585274726665261 
+6.284265550304231063 
+6.307547132868773332 
+6.331399334758857300 
+6.355337236989606176 
+6.379851199281510787 
+6.403959861871813430 
+6.428151845255643870 
+6.452922598853144009 
+6.477280469354324666 
+6.502218802355217875 
+6.526739226635640989 
+6.551841707468558873 
+6.576521292917574257 
+6.601784429386468922 
+6.627127358491126330 
+6.652549166049757545 
+6.678559714047208828 
+6.704650380840462276 
+6.730820170852487294 
+6.757068079901182855 
+6.783393095179635957 
+6.808757437279886915 
+6.834710870011249106 
+6.860735503461976137 
+6.886307772469074884 
+6.912470465112991569 
+6.938176114021056939 
+6.964472935600204195 
+7.012502385731703924 
+7.060213720920051728 
+7.086807871642770706 
+7.112929732532803584 
+7.138574720577197219 
+7.164810384677465116 
+7.190564908832568491 
+7.216910391113095180 
+7.242770518677952296 
+7.291935608888633347 
+7.318482366418435525 
+7.345079034442722588 
+7.371724543705418853 
+7.398963067628400836 
+7.448114054931220807 
+7.475485674169116912 
+7.502902602134895460 
+7.530363654045221011 
+7.557867636609696405 
+7.584862032658151065 
+7.612447464093837546 
+7.639519346996265448 
+7.666074248760194720 
+7.693217480403885311 
+7.720395013831747200 
+7.747050027497347280 
+7.774291980421680570 
+7.801564699390674207 
+7.828309504850223810 
+7.855639573673888876 
+7.883555386636577289 
+7.910939063638411817 
+7.938347413335020697 
+7.966339260266461331 
+7.993793658099220600 
+8.021268949801680037 
+8.048763867919294768 
+8.076277136833255099 
+8.103245467062015095 
+8.130791268998139643 
+8.158351572334769486 
+8.185362221169679486 
+8.212947365059624971 
+8.240543087873991368 
+8.267584606409142722 
+8.295197332201688312 
+8.322252924698492649 
+8.349877365653128436 
+8.376941820553636120 
+8.404572624159676764 
+8.432204586424393966 
+8.459836316520137345 
+8.488030267924374428 
+8.515657250780279242 
+8.543843417231370196 
+8.571459871440975320 
+8.599632317924065461 
+8.627795556783256714 
+8.655948046682816255 
+8.684088237036608149 
+8.712214567987684788 
+8.740325470390404305 
+8.768419365792052389 
+8.796494666414089281 
+8.824549775133721852 
+8.852583085464669210 
+8.880592981540818442 
+8.908577838094306145 
+8.935977128818244353 
+8.963349254317147796 
+8.991250377166082330 
+9.018562860834819617 
+9.045843452639974913 
+9.095862299832887743 
+9.123598115538010589 
+9.151847826439933442 
+9.179501854297539509 
+9.207112789687336374 
+9.234128024092003173 
+9.261098560457305950 
+9.287473747125243762 
+9.314350916775847367 
+9.340631444476908740 
+9.367408701375429914 
+9.393588123641183785 
+9.420258852218790224 
+9.447415782172537746 
+9.473970891929164750 
+9.500466176931677609 
+9.550044758462076899 
+9.576358193188879042 
+9.602605031635469857 
+9.629317035534036506 
+9.655423916597314360 
+9.681989394646247860 
+9.707949023598811067 
+9.733833048137743305 
+9.759639653490305378 
+9.806308920842656818 
+9.831366478886405247 
+9.878129753368094512 
+9.902949769693684345 
+9.927683756191807873 
+9.952842456430614604 
+9.977397172730974262 
+10.002369146699511049 
+10.026737284389334093 
+10.051515035023793843 
+10.075689214330310506 
+10.100265171593276747 
+10.124237941130722618 
+10.148604461750000638 
+10.172368298268088083 
+10.196517665481625414 
+10.220064973613457227 
+10.243502302215910404 
+10.267312508920264591 
+10.290521820212088500 
+10.333725914238218735 
+10.357072617727649089 
+10.380292946542018839 
+10.403854749387523526 
+10.426346220313872593 
+10.448710456633545363 
+10.471407334222821106 
+10.493508440421717154 
+10.515476345667666536 
+10.537309056874374136 
+10.559455088575319337 
+10.581456008569116278 
+10.603309667552466067 
+10.625013906411510334 
+10.646566556202714082 
+10.668400533603229263 
+10.689640253391324620 
+10.710721773175812643 
+10.731642884331289878 
+10.752823301912989962 
+10.773832018900847629 
+10.794251685353456693 
+10.814501917400605180 
+10.834988418761945184 
+10.854889421776103831 
+10.875014831102426172 
+10.894557302166099078 
+10.913918850828498108 
+10.933097167762436897 
+10.952089933560868573 
+10.971276619219512583 
+10.989887377633815291 
+11.008305517972281962 
+11.026528680125089465 
+11.044554493818706575 
+11.062380578595019998 
+11.080004543798805727 
+11.097070549924064053 
+11.114636501766540277 
+11.131639662071378893 
+11.148431037851274539 
+11.165344248598918497 
+11.181700271700481863 
+11.198164126761966486 
+11.214074744178915921 
+11.230396626555469552 
+11.246785566983117377 
+11.261992566994889486 
+11.276967597876090821 
+11.291708133365395028 
+11.306211636765134187 
+11.320186872078375373 
+11.334213626581206569 
+11.347716923737596773 
+11.360983028760287539 
+11.374278327737719962 
+11.387321313804504186 
+11.400109377387916965 
+11.412892923211639840 
+11.425157933680598177 
+11.437402261455822838 
+11.449133435856030161 
+11.460596372118947883 
+11.472013965598918617 
+11.482926782259522014 
+11.493777427064312491 
+11.504129121943016401 
+11.513996319799781887 
+11.523590514925068362 
+11.533100322496846246 
+11.542134958212066920 
+11.550888785808213655 
+11.559705946436222845 
+11.568212630777132688 
+11.576405872519694995 
+11.584282693584196267 
+11.591840104103862785 
+11.599075102406644078 
+11.605984674994020978 
+11.612565796526315154 
+11.618693705421923923 
+11.624615522061734652 
+11.630091443840772314 
+11.635341956234553251 
+11.640154086205043882 
+11.644721202425893480 
+11.648857645032663299 
+11.652729180295061440 
+11.656177948841625280 
+11.659281890718176555 
+11.662090641585184159 
+11.664488819318442836 
+11.666495001243177398 
+11.668189825656877900 
+11.669501232923702005 
+11.670480890628669002 
+11.671085908405260056 
+11.671338499111389098 
+11.671225427311670231 
+11.670725111186321499 
+11.669831224872408981 
+11.668540482202310216 
+11.666849584745765611 
+11.664755221790304773 
+11.662254070322976673 
+11.659405061364632061 
+11.656159018825587026 
+11.652512780625279731 
+11.648376305899397209 
+11.643911814210191835 
+11.639037506728341143 
+11.633637947571344284 
+11.627804913541595511 
+11.621534971339041675 
+11.614824675179882263 
+11.607670566776835841 
+11.600069175322357040 
+11.592347802309625138 
+11.584033856638551896 
+11.575280470460299398 
+11.566276454522169459 
+11.556643373112432727 
+11.546771222450541217 
+11.536025822148690878 
+11.525034645132574695 
+11.513584042629123161 
+11.501670631651659704 
+11.489033494160025839 
+11.476174650892311035 
+11.462842709833068966 
+11.448747449343342097 
+11.434449178880258913 
+11.419667413805640876 
+11.404081986757198308 
+11.388312777496601313 
+11.372049568840896683 
+11.355635910384904719 
+11.338384445619194452 
+11.320995944272137734 
+11.303120029924031087 
+11.283977389577307449 
+11.265095969989353364 
+11.245307911248865196 
+11.225417460768021272 
+11.204592314064111491 
+11.183679025898282333 
+11.161802650114148960 
+11.139389835396546147 
+11.116436937242136551 
+11.092940299051397446 
+11.068896252101017907 
+11.043793409972424868 
+11.018632130154077942 
+10.992912286795931465 
+10.966630162286669758 
+10.940335630359751207 
+10.912929406989707815 
+10.884949753096643477 
+10.856392902410345158 
+10.827255076391484323 
+10.797532484213764548 
+10.766596572507136642 
+10.736317776550997394 
+10.705466855002981674 
+10.673379328070488725 
+10.641361206417961682 
+10.608074602584393276 
+10.574874445682276303 
+10.540373572629468057 
+10.505976451019277462 
+10.470246020020312017 
+10.402982502779170915 
+10.365463283350328183 
+10.328091026186772439 
+10.288506375285255245 
+10.249060725988904608 
+10.208139873281034227 
+10.167376570877221909 
+10.125955025218491556 
+10.083005421220422093 
+10.040241623889087919 
+9.996807350651454982 
+9.915269826752275861 
+9.869911370823466257 
+9.823866733509728277 
+9.738466174618920945 
+9.690466821460766766 
+9.641765479044476450 
+9.593373377109172040 
+9.543270063337637055 
+9.493496555646416368 
+9.441974818159378557 
+9.390803739300476849 
+9.337847026014175711 
+9.284159103745388109 
+9.228617340869377017 
+9.172305238818886153 
+9.115218241163937307 
+9.058516775093664819 
+8.999881986737987560 
+8.941654865778751571 
+8.882666073450733890 
+8.821683762836979525 
+8.761142784479085677 
+8.699826943682115399 
+8.637731846858729412 
+8.573561656605534154 
+8.509878685119073083 
+8.445403107573886459 
+8.380130477615907125 
+8.314056335724735902 
+8.245802885044813735 
+8.178095700961112158 
+8.109573455259942776 
+8.040231635319544878 
+7.968625145103038321 
+7.897613627428794913 
+7.825768825026944597 
+7.751594096381538179 
+7.678051772986175472 
+7.602135328460376762 
+7.526876735513418737 
+7.449199387742940104 
+7.373785605622535932 
+7.297541081457117329 
+7.217231594685131313 
+7.137644350107589020 
+7.055525991559933985 
+6.974156472492551551 
+6.890209662390022416 
+6.807038625034734558 
+6.618795011549155838 
+6.534474668710672063 
+6.447492849471935017 
+6.361395242796183958 
+6.272589717870536319 
+6.184696374845239930 
+6.094048234027925837 
+6.004340578541386364 
+5.913728216481468181 
+5.820290157834487665 
+5.725899630827463227 
+5.630551728678050871 
+5.534241530864973058 
+5.434968743690278714 
+5.334683587535234750 
+5.233380790078019373 
+5.135167799759035923 
+5.033931437515399843 
+4.815768055428016226 
+4.713556283361468147 
+4.608217427000935729 
+4.501865586500991334 
+4.394495687095320235 
+4.283879847965444299 
+4.174437512724392008 
+4.061696300877271959 
+3.950160642204235462 
+3.646833544799735094 
+3.531437953069295421 
+3.414979487429952609 
+3.297452936946592139 
+3.178853076577457859 
+3.059174667157674055 
+2.938412455379040722 
+2.816561173779490002 
+2.487965001306502000 
+2.255910916511284725 
+2.020084333837250057 
+1.890091932521660745 
+1.758966049728314829 
+1.626701285143338893 
+1.493292224127208634 
+1.361491063716336214 
+1.225800737880995861 
+1.091754407750368472 
+0.953761430552734879 
+0.814597092391166733 
+0.677131799052116179 
+0.535632408697546580 
+0.392945225842838752 
+0.246115905528983880 
-0.021326933588720287 
-0.168647658945924483 
-0.320227265403421946 
-0.470008278779817879 
-0.621015503815320891 
-0.773254584043305826 
-0.926731177601120670 
-1.084621488106287224 
-1.240615687824567992 
-1.397864579665140106 
-1.553126360369319059 
-1.716149322646400854 
-1.877196652011986266 
-2.042847728412035657 
-2.206482383521504609 
-2.374785633566610876 
-2.541031253634334242 
-2.705145588398498724 
-2.877431566243367378 
-3.047597945031928823 
-3.219082954379699935 
-3.395433031992728168 
-3.569600170724284816 
-3.745103746202503636 
-3.921949683681932974 
-4.103794621182863089 
-4.283370818185880502 
-4.460601144745896640 
-4.642876081665016308 
-4.822761574103590299 
-5.007758763983846784 
-5.190322512547978384 
-5.378065584992794079 
-5.563330794229647047 
-5.753843495652694706 
-5.941833484664077680 
-6.131180478380353627 
