+4.293829999999999814 
+4.177854568136440960 
+4.063344395307303181 
+3.950290388620155912 
+3.838683485766950287 
+3.728514654979061316 
+3.619774894982327851 
+3.512455234952097438 
+3.406546734468264503 
+3.302040483470314758 
+3.198927602212365162 
+3.097199241218207000 
+2.996846581236346729 
+2.897860833195047725 
+2.800233238157372462 
+2.703955067276224700 
+2.609017621749389448 
+2.515412232774575152 
+2.423130261504458094 
+2.332163099001720141 
+2.242502166194093594 
+2.154138913829401147 
+2.067064822430597193 
+1.981271402250811775 
+1.896750193228390557 
+1.813492764941937008 
+1.731490716565354138 
+1.650735676822885356 
+1.571219303944157986 
+1.492933285619224115 
+1.415869338953601453 
+1.340019210423315954 
+1.265374675829943119 
+1.191927540255651063 
+1.119669638018240043 
+1.048592832626185523 
+0.978689016733679917 
+0.909950112095673891 
+0.842368069522917651 
+0.775934868837004466 
+0.710642518825410185 
+0.646483057196535871 
+0.583448550534750421 
+0.521531094255430094 
+0.460722812560003359 
+0.401015858390989521 
+0.342402413387040916 
+0.284874687837987750 
+0.228424920639876738 
+0.173045379250011067 
+0.118728359641998793 
+0.065466186260788817 
+0.013251211977712174 
-0.037924181954472225 
-0.088067585946537186 
-0.137186562117747712 
-0.185288644340817932 
-0.232381338286868910 
-0.278472121470385581 
-0.323568443294177222 
-0.367677725094338825 
-0.410807360185200032 
-0.452964713904294491 
-0.494157123657309683 
-0.534391898963046508 
-0.573676321498384212 
-0.612017645143230204 
-0.649423096025484980 
-0.685899872565992830 
-0.721455145523508534 
-0.756096058039649854 
-0.789829725683860673 
-0.822663236498361705 
-0.854603651043117196 
-0.885658002440786518 
-0.915833296421687315 
-0.945136511368753318 
-0.973574598362486832 
-1.001154481225926318 
-1.027883056569593556 
-1.053767193836463001 
-1.078813735346914271 
-1.103029496343689964 
-1.126421265036855246 
-1.148995802648758335 
-1.170759843458983873 
-1.191720094849314293 
-1.211883237348690301 
-1.231255924678165137 
-1.249844783795859726 
-1.267656414941933818 
-1.284697391683530476 
-1.300974260959741002 
-1.316493543126561860 
-1.331261732001853382 
-1.345285294910301133 
-1.358570672728363071 
-1.371124279929242462 
-1.382952504627838586 
-1.394061708625701890 
-1.404458227456000685 
-1.414148370428471857 
-1.423138420674384896 
-1.431434635191494387 
-1.439043244889002260 
-1.445970454632517388 
-1.452222443289008957 
-1.457805363771769613 
-1.462725343085370611 
-1.466988482370620517 
-1.470600856949523028 
-1.473568516370240111 
-1.475897484452043606 
-1.477593759330279255 
-1.478663313501314747 
-1.479112093867512634 
-1.478946021782181042 
-1.478170993094530594 
-1.476792878194627789 
-1.474817522058372354 
-1.472250744292434632 
-1.469098339179223167 
-1.465366075721845185 
-1.461059697689059078 
-1.456184923660233999 
-1.450747447070312113 
-1.444752936254766418 
-1.438207034494550562 
-1.431115360061067321 
-1.423483506261124631 
-1.415317041481887195 
-1.406621509235843170 
-1.397402428205761105 
-1.387665292289640639 
-1.377415570645680987 
-1.366658707737233414 
-1.355400123377757282 
-1.343645212775785858 
-1.331399346579883236 
-1.318667870923587948 
-1.305456107470397420 
-1.291769353458702696 
-1.277612881746760465 
-1.262991940857641993 
-1.247911755024202485 
-1.232377524234030020 
-1.216394424274404251 
-1.199967606777261331 
-1.183102199264149945 
-1.165803305191180250 
-1.148076003993998562 
-1.129925351132734512 
-1.111356378136956202 
-1.092374092650640449 
-1.072983478477117281 
-1.053189495624047289 
-1.032997080348358132 
-1.012411145201215668 
-0.991436579072977331 
-0.970078247238162383 
-0.948340991400387523 
-0.926229629737342464 
-0.903748956945752191 
-0.880903744286306356 
-0.857698739628663276 
-0.834138667496364228 
-0.810228229111815246 
-0.785972102441244935 
-0.761374942239659624 
-0.736441380095784304 
-0.711176024477058633 
-0.685583460774561004 
-0.659668251347983237 
-0.633434935570582169 
-0.606888029874144586 
-0.580032027793938809 
-0.552871400013678738 
-0.525410594410470111 
-0.497654036099798525 
-0.469606127480440172 
-0.441271248279470285 
-0.412653755597187200 
-0.383757983952078163 
-0.354588245325793139 
-0.325148829208082191 
-0.295444002641760406 
-0.265478010267679920 
-0.235255074369661976 
-0.204779394919484936 
-0.174055149621811012 
-0.143086493959182270 
-0.111877561236935819 
-0.080432462628196255 
-0.048755287218822829 
-0.016850102052355709 
+0.015279047825001335 
+0.047628139319440876 
+0.080193171244602013 
+0.112970164276573470 
+0.145955160908979309 
+0.179144225407999791 
+0.212533443767408237 
+0.246118923663630085 
+0.279896794410766425 
+0.313863206915643733 
+0.348014333632865824 
+0.382346368519827173 
+0.416855526991788405 
+0.451538045876903382 
+0.486390183371240514 
+0.521408218993869799 
+0.556588453541858375 
+0.591927209045342018 
+0.627420828722557111 
+0.663065676934877501 
+0.698858139141867341 
+0.734794621856313501 
+0.770871552599274423 
+0.807085379855116081 
+0.843432573026544841 
+0.879909622389680290 
+0.916513039049054790 
+0.953239354892698731 
+0.990085122547142316 
+1.027046915332491039 
+1.064121327217439905 
+1.101304972774322710 
+1.138594487134180433 
+1.175986525941758565 
+1.213477765310585266 
+1.251064901777984684 
+1.288744652260146673 
+1.326513754007142332 
+1.364368964557994168 
+1.402307061695687640 
+1.440324843402230215 
+1.478419127813683787 
+1.516586753175233504 
+1.554824577796185103 
+1.593129480005032406 
+1.631498358104513269 
+1.669928130326617577 
+1.708415734787663620 
+1.746958129443298535 
+1.785552292043575573 
+1.824195220087991398 
+1.862883930780506514 
+1.901615460984618533 
+1.940386867178362618 
+1.979195225409393633 
+2.018037631249994579 
+2.056911199752171626 
+2.095813065402609254 
+2.134740382077794596 
+2.173690322999016988 
+2.212660080687415931 
+2.251646866919031709 
+2.290647912679836029 
+2.329660468120784422 
+2.368681802512843770 
+2.407709204202041597 
+2.446739980564531791 
+2.485771457961579056 
+2.524800981694663271 
+2.563825915960472823 
+2.602843643805979212 
+2.641851567083461028 
+2.680847106405549241 
+2.719827701100275164 
+2.758790809166102420 
+2.797733907226975791 
+2.836654490487352298 
+2.875550072687270475 
+2.914418186057353921 
+2.953256381273877906 
+2.992062227413812892 
+3.030833311909844952 
+3.069567240505438832 
+3.108261637209873474 
+3.146914144253282419 
+3.185522422041684898 
+3.224084149112044884 
+3.262597022087310172 
+3.301058755631445241 
+3.339467082404476539 
+3.377819753017540005 
+3.416114535987909928 
+3.454349217694054008 
+3.492521602330667552 
+3.530629511863720538 
+3.568670785985494476 
+3.606643282069615708 
+3.644544875126130457 
+3.682373457756499491 
+3.720126940108681168 
+3.757803249832142978 
+3.795400332032924595 
+3.832916149228663194 
+3.870348681303643623 
+3.907695925463855691 
+3.944955896191998601 
+3.982126625202546677 
+4.019206161396805754 
+4.056192570817910514 
+4.093083936605918183 
+4.129878358952808526 
+4.166573955057541134 
+4.203168859081113595 
+4.239661222101572591 
+4.276049212069080063 
+4.312331013760939413 
+4.348504828736645678 
+4.384568875292922385 
+4.420521388418765518 
+4.456360619750486585 
+4.492084837526772567 
+4.527692326543673929 
+4.563181388109692094 
+4.598550340000817194 
+4.633797516415570250 
+4.668921267930025820 
+4.703919961452855958 
+4.738791980180402597 
+4.773535723551679766 
+4.808149607203424658 
+4.842632062925185110 
+4.876981538614291622 
+4.911196498230935958 
+4.945275421753215994 
+4.979216805132177015 
+5.013019160246817485 
+5.046681014859193404 
+5.080200912569406313 
+5.113577412770656139 
+5.146809090604330450 
+5.179894536914972036 
+5.212832358205355732 
+5.245621176591543033 
+5.278259629757920735 
+5.310746370912212022 
+5.343080068740547084 
+5.375259407362494635 
+5.407283086286112983 
+5.439149820362983334 
+5.470858339743241316 
+5.502407389830656470 
+5.533795731237609594 
+5.565022139740205098 
+5.596085406233263448 
+5.626984336685402432 
+5.657717752093992303 
+5.688284488440358722 
+5.718683396644651751 
+5.748913342521008829 
+5.778973206732482382 
+5.808861884746249871 
+5.838578286788451699 
+5.868121337799409254 
+5.897489977388591598 
+5.926683159789620348 
+5.955699853815359823 
+5.984539042812962784 
+6.013199724618909059 
+6.041680911514017538 
+6.069981630178500787 
+6.098100921647044537 
+6.126037841263777040 
+6.153791458637395628 
+6.181360857596137848 
+6.208745136142855614 
+6.235943406410049406 
+6.262954794614910448 
+6.289778441014372667 
+6.316413499860143332 
+6.342859139353744347 
+6.369114541601565094 
+6.395178902569876200 
+6.421051432039906359 
+6.446731353562856981 
+6.472217904414993228 
+6.497510335552587613 
+6.522607911567079420 
+6.547509910640007647 
+6.572215624498160658 
+6.596724358368511787 
+6.621035430933326360 
+6.645148174285187892 
+6.669061933882076687 
+6.692776068502302778 
+6.716289950199687553 
+6.739602964258475382 
+6.762714509148505471 
+6.785623996480133258 
+6.808330850959332103 
+6.830834510342765675 
+6.853134425392728879 
+6.875230059832301066 
+6.897120890300324270 
+6.918806406306439172 
+6.940286110186194790 
+6.961559517056000956 
+6.982626154768215798 
+7.003485563866195918 
+7.024137297539320812 
+7.044580921578045718 
+7.064816014328918037 
+7.084842166649641726 
+7.104658981864126588 
+7.124266075717555324 
+7.143663076331293382 
+7.162849624158087458 
+7.181825371937062386 
+7.200589984648712694 
+7.219143139469965220 
+7.237484525729271923 
+7.255613844861592554 
+7.273530810363449284 
+7.291235147747989309 
+7.308726594500029705 
+7.326004900031026779 
+7.343069825634234604 
+7.359921144439611318 
+7.376558641369048708 
+7.392982113091202123 
+7.409191367976648124 
+7.425186226052929328 
+7.440966518959595710 
+7.456532089903178395 
+7.471882793612277140 
+7.487018496292678904 
+7.501939075582210847 
+7.516644420506004565 
+7.531134431431349086 
+7.545409020022853852 
+7.559468109197437613 
+7.573311633079388372 
+7.586939536955396690 
+7.600351777229583661 
+7.613548321378548422 
+7.626529147906492057 
+7.639294246300106117 
+7.651843616983705409 
+7.664177271274311920 
+7.676295231336552227 
+7.688197530137900415 
+7.699884211403550616 
+7.711355329571506267 
+7.722610949747677367 
+7.733651147660816072 
+7.744476009617690337 
+7.755085632457996425 
+7.765480123509513000 
+7.775659600543056271 
+7.785624191727551491 
+7.795374035585113326 
+7.804909280946025874 
+7.814230086903796391 
+7.823336622770272974 
+7.832229068030548191 
+7.840907612298137153 
+7.849372455269957527 
+7.857623806681310441 
+7.865661886261046121 
+7.873486923686575878 
+7.881099158538775740 
+7.888498840257225808 
+7.895686228095127213 
+7.902661591074407355 
+7.909425207940675051 
+7.915977367118387065 
+7.922318366665747291 
+7.928448514229918587 
+7.934368127001908633 
+7.940077531671644095 
+7.945577064383147814 
+7.950867070689326965 
+7.955947905507254170 
+7.960819933073176813 
+7.965483526897337185 
+7.969939069719320202 
+7.974186953462858440 
+7.978227579191031538 
+7.982061357061172480 
+7.985688706280040350 
+7.989110055058786131 
+7.992325840567982453 
+7.995336508892711969 
+7.998142514987600649 
+8.000744322631859973 
+8.003142404384206543 
+8.005337241538196480 
+8.007329324076913224 
+8.009119150628301043 
+8.010707228420004711 
+8.012094073234592884 
+8.013280209364355144 
+8.014266169566578668 
+8.015052495018540668 
+8.015639735272428013 
+8.016028448210471780 
+8.016219200000008982 
+8.016212565048466132 
+8.016009125958468928 
+8.015609473482763647 
+8.015014206479447623 
+8.014223931866766293 
+8.013239264578453813 
+8.012060827518400430 
+8.010689251516097897 
+8.009125175281447184 
+8.007369245359727827 
+8.005422116086860385 
+8.003284449544306511 
+8.000956915514159107 
+7.998440191434191604 
+7.995734962352752717 
+7.992841920884064422 
+7.989761767163104267 
+7.986495208800668877 
+7.983042960838369950 
+7.979405745703854080 
+7.975584293165556282 
+7.971579340287982873 
+7.967391631386748330 
+7.963021917983395426 
+7.958470958760701208 
+7.953739519517500689 
+7.948828373123939528 
+7.943738299476335030 
+7.938470085452280500 
+7.933024524865765592 
+7.927402418422046182 
+7.921604573672896166 
+7.915631804971438257 
+7.909484933427398445 
+7.903164786861878177 
+7.896672199762750033 
+7.890008013239359741 
+7.883173074977710471 
+7.876168239195616927 
+7.868994366597545920 
+7.861652324329847730 
+7.854142985935483878 
+7.846467231309520507 
+7.838625946653859700 
+7.830620024432295878 
+7.822450363325698319 
+7.814117868186812643 
+7.805623449995685803 
+7.796968025814322800 
+7.788152518741986441 
+7.779177857870063661 
+7.770044978237216071 
+7.760754820784441677 
+7.751308332309903903 
+7.741706465424377015 
+7.731950178505798910 
+7.722040435654699664 
+7.711978206649156675 
+7.701764466899595263 
+7.691400197404230532 
+7.680886384703702774 
+7.670224020836458934 
+7.659414103293570086 
+7.648457634973834907 
+7.637355624138950638 
+7.626109084368294155 
+7.614719034514253693 
+7.603186498656979708 
+7.591512506059764576 
+7.579698091123711734 
+7.567744293343033668 
+7.555652157260063007 
+7.543422732420100196 
+7.531057073326898887 
+7.518556239397102381 
+7.505921294915683717 
+7.493153308991109540 
+7.480253355509916879 
+7.467222513092099057 
+7.454061865046103463 
+7.440772499323795586 
+7.427355508475506518 
+7.413811989605187946 
+7.400143044325264263 
+7.386349778711956304 
+7.372433303259825266 
+7.358394732837512997 
+7.344235186642100288 
+7.329955788154695284 
+7.315557665095015594 
+7.301041949376848805 
+7.286409777062750948 
+7.271662288319307166 
+7.256800627372079759 
+7.241825942460615728 
+7.226739385793634618 
+7.211542113503957019 
+7.196235285603407306 
+7.180820065938336327 
+7.165297622143981471 
+7.149669125600191855 
+7.133935751385875434 
+7.118098678234419552 
+7.102159088488712690 
+7.086118168055988598 
+7.069977106362955510 
+7.053737096311046173 
+7.037399334230984849 
+7.020965019838337540 
+7.004435356188217554 
+6.987811549630582597 
+6.971094809764974976 
+6.954286349395848887 
+6.937387384487312403 
+6.920399134118563111 
+6.903322820438674512 
+6.886159668621535168 
+6.868910906821051654 
+6.851577766126379032 
+6.834161480516554477 
+6.816663286815703771 
+6.799084424648272673 
+6.781426136393795545 
+6.763689667142132045 
+6.745876264648461351 
+6.727987179288077435 
+6.710023664011886879 
+6.691986974301144642 
+6.673878368122439397 
+6.655699105883084776 
+6.637450450385671274 
+6.619133666783623582 
+6.600750022535795125 
+6.582300787361759831 
+6.563787233196931581 
+6.545210634147167639 
+6.526572266444427228 
+6.507873408401398052 
+6.489115340366570450 
+6.470299344679329323 
+6.451426705625230795 
+6.432498709390641167 
+6.413516644017878576 
+6.394481799360606900 
+6.375395467038478259 
+6.356258940392255141 
+6.337073514438984034 
+6.317840485826911490 
+6.298561152790565387 
+6.279236815106024494 
+6.259868774045332707 
+6.240458332332298852 
+6.221006794097052151 
+6.201515464831145685 
+6.181985651342843724 
+6.162418661711916990 
+6.142815805244709715 
+6.123178392429327488 
+6.103507734890410319 
+6.083805145344582499 
+6.064071937555119085 
+6.044309426287090226 
+6.024518927262503709 
+6.004701757115402216 
+5.984859233346540464 
+5.964992674278842166 
+5.945103399012231726 
+5.925192727378663982 
+5.905261979897317381 
+5.885312477729514491 
+5.865345542633646048 
+5.845362496920520456 
+5.825364663408182153 
+5.805353365377076358 
+5.785329926524843458 
+5.765295670921606330 
+5.745251922965207925 
+5.725200007335492280 
+5.705141248950301502 
+5.685076972919881122 
+5.665008504502098141 
+5.644937169057357096 
+5.624864292004160937 
+5.604791198773169114 
+5.584719214763508965 
+5.564649665296725445 
+5.544583875572060450 
+5.524523170622326340 
+5.504468875267576777 
+5.484422314071383475 
+5.464384811295085242 
+5.444357690853210308 
+5.424342276268337315 
+5.404339890626260967 
+5.384351856531147007 
+5.364379496060024621 
+5.344424130718651966 
+5.324487081395730570 
+5.304569668318666942 
+5.284673211008006355 
+5.264799028232949318 
+5.244948437966249877 
+5.225122757338890089 
+5.205323302595709301 
+5.185551389050147897 
+5.165808331039257517 
+5.146095441878760113 
+5.126414033818215366 
+5.106765417995935863 
+5.087150904394011519 
+5.067571801793515185 
+5.048029417729452462 
+5.028525058445692864 
+5.009060028850067070 
+4.989635632469520132 
+4.970253171405282444 
+4.950913946287335499 
+4.931619256230012738 
+4.912370398786908510 
+4.893168669905793244 
+4.874015363883893670 
+4.854911773322376334 
+4.835859189082174048 
+4.816858900238579544 
+4.797912194036152655 
+4.779020355844123991 
+4.760184669111356293 
+4.741406415320823520 
+4.722686873945823649 
+4.704027322403769418 
+4.685429036011989901 
+4.666893287942602164 
+4.648421349177531248 
+4.630014488463373823 
+4.611673972266742361 
+4.593401064729214944 
+4.575197027622066592 
+4.557063120301984682 
+4.539000599665410363 
+4.521010720103837421 
+4.503094733459133359 
+4.485253888978160575 
+4.467489433267938459 
+4.449802610250960910 
+4.432194661119680745 
+4.414666824292332592 
+4.397220335367144628 
+4.379856427077937653 
+4.362576329248980755 
+4.345381268750003301 
+4.328272469451267312 
+4.311251152178859236 
+4.294318534669084642 
+4.277475831524165883 
+4.260724254167133296 
+4.244065010796512993 
+4.227499306341806928 
+4.211028342418284609 
+4.194653317282089233 
+4.178375425785368691 
+4.162195859331201397 
+4.146115805828567424 
+4.130136449647586083 
+4.114258971574451529 
+4.098484548766465174 
+4.082814354707140936 
+4.067249559161256300 
+4.051791328129676906 
+4.036440823804621658 
+4.021199204524702253 
+4.006067624729986676 
+3.991047234916812236 
+3.976139181592961425 
+3.961344607232982096 
+3.946664650232580840 
+3.932100444864270017 
+3.917653121232369973 
+3.903323805227546295 
+3.889113618482253898 
+3.875023678325800081 
+3.861055097739315656 
+3.847208985310746510 
+3.833486445189710601 
+3.819888577042936273 
+3.806416476009236050 
+3.793071232654188218 
+3.779853932925484994 
+3.766765658108078618 
+3.753807484778698189 
+3.740980484761591729 
+3.728285725083184232 
+3.715724267926835633 
+3.703297170588568221 
+3.691005485431638089 
+3.678850259841428105 
+3.666832536181217517 
+3.654953351746413226 
+3.643213738719913941 
+3.631614724127453009 
+3.620157329792027312 
+3.608842572289353345 
+3.597671462903004880 
+3.586645007579119859 
+3.575764206881494989 
+3.565030055946992071 
+3.554443544439859437 
+3.544005656507943858 
+3.533717370736352503 
+3.523579660103384192 
+3.513593491935496083 
+3.503759827861982146 
+3.494079623770240062 
+3.484553829760966170 
+3.475183390102898784 
+3.465969243188029569 
+3.456912321486645734 
+3.448013551502222995 
+3.439273853726625862 
+3.430694142595140050 
+3.422275326441405419 
+3.414018307452663770 
+3.405923981624531027 
+3.397993238716264575 
+3.390226962205600270 
+3.382626029243946508 
+3.375191310611433515 
+3.367923670671969738 
+3.360823967328171680 
+3.353893051976162720 
+3.347131769461418216 
+3.340540958032840457 
+3.334121449298703688 
+3.327874068180749489 
+3.321799632870088281 
+3.315898954781920871 
+3.310172838510090365 
+3.304622081783099574 
+3.299247475418362718 
+3.294049803277504740 
+3.289029842221416366 
+3.284188362065479261 
+3.279526125534238723 
+3.275043888216455645 
+3.270742398520605221 
+3.266622397629571850 
+3.262684619455721524 
+3.258929790595912479 
+3.255358630286622201 
+3.251971850359067773 
+3.248770155194005582 
+3.245754241676916507 
+3.242924799153188431 
+3.240282509382797826 
+3.237828046495812906 
+3.235562076946747467 
+3.233485259470627149 
+3.231598245037050621 
+3.229901676805833510 
+3.228396190081468831 
+3.227082412269063560 
+3.225960962828630763 
+3.225032453230086915 
+3.224297486909120991 
+3.223756659221128196 
+3.223410557397148324 
+3.223259760498436322 
+3.223304839371817998 
+3.223546356604225949 
+3.223984866478317279 
+3.224620914927059268 
+3.225455039489093512 
+3.226487769263772787 
+3.227719624865889259 
+3.229151118381008878 
+3.230782753320354583 
+3.232615024575734353 
+3.234648418375435597 
+3.236883412237778757 
+3.239320474927269267 
+3.241960066409622421 
+3.244802637806025736 
+3.247848631349085302 
+3.251098480337201391 
+3.254552609089990778 
+3.258211432903454163 
+3.262075358004143499 
+3.266144781505297079 
+3.270420091361328829 
+3.274901666322974414 
+3.279589875892296558 
+3.284485080277589120 
+3.289587630348743463 
+3.294897867592021079 
+3.300416124065447043 
+3.306142722353280661 
+3.312077975521463102 
+3.318222187072696450 
+3.324575650901157253 
+3.331138651248052085 
+3.337911462656099282 
+3.344894349924617316 
+3.352087568065265977 
+3.359491362256473046 
+3.367105967798270427 
+3.374931610067832821 
+3.382968504474470617 
+3.391216856414507763 
+3.399676861226241797 
+3.408348704145147678 
+3.417232560259006124 
+3.426328594462693999 
+3.435636961413297996 
+3.445157805485430380 
+3.454891260725769797 
+3.464837450808460062 
+3.474996488990416132 
+3.485368478065361764 
+3.495953510320352287 
+3.506751667489275359 
+3.517763020708825739 
+3.528987630473532811 
+3.540425546590588723 
+3.552076808134507768 
+3.563941443403123799 
+3.576019469871771772 
+3.588310894148434294 
+3.600815711929507223 
+3.613533907953804469 
+3.626465455958529649 
+3.639610318633579311 
+3.652968447577045641 
+3.666539783250136519 
+3.680324254932095585 
+3.694321780675220879 
+3.708532267260730819 
+3.722955610152215655 
+3.737591693451832064 
+3.752440389855725922 
+3.767501560607535716 
+3.782775055454727475 
+3.798260712603247047 
+3.813958358672487670 
+3.829867808650453842 
+3.845988865848754656 
+3.862321321857572265 
+3.878864956500923000 
+3.895619537791455755 
+3.912584821885257025 
+3.929760553037805693 
+3.947146463558004470 
+3.964742273763898428 
+3.982547691937125656 
+4.000562414278723722 
+4.018786124863579445 
+4.037218495595444878 
+4.055859186162200203 
+4.074707843991258294 
+4.093764104203899024 
+4.113027589570606324 
+4.132497910466134350 
+4.152174664824741512 
+4.172057438094539883 
+4.192145803193975340 
+4.212439320464722137 
+4.232937537628771452 
+4.253639989742776351 
+4.274546199151973980 
+4.295655675447100030 
+4.316967915418159940 
+4.338482403009861876 
+4.360198609276782378 
+4.382115992338118993 
+4.404233997332772432 
+4.426552056374926991 
+4.449069588508147710 
+4.471785999660911060 
+4.494700682602655206 
+4.517813016896315759 
+4.541122368856049363 
+4.564628091500674500 
+4.588329524509017432 
+4.612225994175605415 
+4.636316813364391720 
+4.660601281465294399 
+4.685078684348417788 
+4.709748294319031636 
+4.734609370072624834 
+4.759661156650754954 
+4.784902885394626715 
+4.810333773901483312 
+4.835953025979312869 
+4.861759831601119686 
+4.887753366861109505 
+4.913932793928625919 
+4.940297261003987472 
+4.966845902273742119 
+4.993577837864437541 
+5.020492173798827729 
+5.047588001951073267 
+5.074864400000042686 
+5.102320431386662136 
+5.129955145267822481 
+5.157767576470657644 
+5.185756745449412897 
+5.213921658238584556 
+5.242261306409237598 
+5.270774667024022975 
+5.299460702591279215 
+5.328318361020777161 
+5.357346575579028602 
+5.386544264843457164 
+5.415910332658180337 
+5.445443668088968181 
+5.475143145377288079 
+5.505007623897320457 
+5.535035948108994575 
+5.565226947513986389 
+5.595579436611282098 
+5.626092214850689999 
+5.656764066589682116 
+5.687593761046711549 
+5.718580052257713930 
+5.749721679030034061 
+5.781017364898585420 
+5.812465818079453506 
+5.844065731426240973 
+5.875815782384792740 
+5.907714632947383748 
+5.939760929609225748 
+5.971953303321988926 
+6.004290369449993392 
+6.036770727724820595 
+6.069392962200170771 
+6.102155641207116510 
+6.135057317309548175 
+6.168096527258193795 
+6.201271791946550316 
+6.234581616365733936 
+6.268024489558932544 
+6.301598884577845006 
+6.335303258435867058 
+6.369136052064205522 
+6.403095690267657680 
+6.437180581677752755 
+6.471389118709452326 
+6.505719677515751087 
+6.540170617941475584 
+6.574740283480441150 
+6.609427001229354559 
+6.644229081842036422 
+6.679144819486209528 
+6.714172491798128029 
+6.749310359835904549 
+6.784556668036704430 
+6.819909644170670582 
+6.855367499295851985 
+6.890928427714920090 
+6.926590606927277349 
+6.962352197586451297 
+6.998211343454681099 
+7.034166171357318476 
+7.070214791138365484 
+7.106355295615299994 
+7.142585760533810557 
+7.178904244524328959 
+7.215308789054752481 
+7.251797418387448069 
+7.288368139533464074 
+7.325018942207657702 
+7.361747798782951158 
+7.398552664247578292 
+7.435431476158037789 
+7.472382154593764980 
+7.509402602115587300 
+7.546490703715925896 
+7.583644326777645439 
+7.620861321027777358 
+7.658139518491834608 
+7.695476733450506757 
+7.732870762392682451 
+7.770319383972482896 
+7.807820358962874074 
+7.845371430211462993 
+7.882970322594811563 
+7.920614742975054412 
+7.958302380152260547 
+7.996030904822411856 
+8.033797969530892757 
+8.071601208626821844 
+8.109438238220160855 
+8.147306656134743363 
+8.185204041864228230 
+8.223127956528303528 
+8.261075942824852802 
+8.299045524987539224 
+8.337034208739950714 
+8.375039481250201590 
+8.413058811086816746 
+8.451089648173862656 
+8.489129423744023129 
+8.527175550296778539 
+8.565225421550881180 
+8.603276412400099105 
+8.641325878869478672 
+8.679371158068766690 
+8.717409568147168386 
+8.755438408251642102 
+8.793454958477015637 
+8.831456479825028794 
+8.869440214158146318 
+8.907403384153003145 
+8.945343193258217696 
+8.983256825648021859 
+9.021141446175917622 
+9.058994200332662672 
+9.096812214199289315 
+9.134592594402322518 
+9.172332428069392307 
+9.210028782784434043 
+9.247678706541238469 
+9.285279227701138893 
+9.322827354945097511 
+9.360320077230298352 
+9.397754363746347650 
+9.435127163867063516 
+9.472435407109143668 
+9.509676003084720719 
+9.546845841456697457 
+9.583941791895602691 
+9.620960704032118116 
+9.657899407413987447 
+9.694754711460364049 
+9.731523405416609762 
+9.768202258309219843 
+9.804788018903082047 
+9.841277415651966010 
+9.877667156658704428 
+9.913953929626401873 
+9.950134401814970886 
+9.986205219997014382 
+10.022163010411382800 
+10.058004378718116811 
+10.093725909955855613 
+10.129324168493052838 
+10.164795697986807710 
+10.200137021335970999 
+10.235344640635407387 
+10.270415037133190594 
+10.305344671184833771 
+10.340129982205972681 
+10.374767388632193388 
+10.409253287869344007 
+10.443584056251658865 
+10.477756048995157556 
+10.511765600154006961 
+10.545609022573238178 
+10.579282607847620312 
+10.612782626272515785 
+10.646105326801507118 
+10.679246937001806828 
+10.712203663006008014 
+10.744971689471618959 
+10.777547179532795951 
+10.809926274756334053 
+10.842105095097602785 
+10.874079738854064203 
+10.905846282621437737 
+10.937400781248834747 
+10.968739267792646075 
+10.999857753472069177 
+11.030752227625608697 
+11.061418657662862586 
+11.091852989023919918 
+11.122051145130990690 
+11.152009027343439129 
+11.181722514916042854 
+11.211187464950391757 
+11.240399712351301531 
+11.269355069783365764 
+11.298049327623449045 
+11.326478253916770100 
+11.354637594333233608 
+11.382523072120541485 
+11.410130388059442907 
+11.437455220421112401 
+11.464493224917738701 
+11.491240034663412928 
+11.517691260123093855 
+11.543842489072313029 
+11.569689286550143947 
+11.595227194814066607 
+11.620451733295769969 
+11.645358398556854951 
+11.669942664241487407 
+11.694199981033014168 
+11.718125776610659017 
+11.741715455600060025 
+11.764964399533429429 
+11.787867966801590214 
+11.810421492608050187 
+11.832620288928085373 
+11.854459644459961254 
+11.875934824581111826 
+11.897041071304419901 
+11.917773603231641033 
+11.938127615508529189 
+11.958098279781836482 
+11.977680744151729897 
+11.996870133128052061 
+12.015661547586407920 
+12.034050064720364759 
+12.052030738000464538 
+12.069598597125171580 
+12.086748647978854621 
+12.103475872585510942 
+12.119775229063773025 
+12.135641651582373512 
+12.151070050316047144 
+12.166055311398299210 
+12.180592296877826186 
+12.194675844675128218 
+12.208300768533256075 
+12.221461857977555354 
+12.234153878268358540 
+12.246371570354844138 
+12.258109650834164484 
+12.269362811901121546 
+12.280125721307616260 
+12.290393022316095539 
+12.300159333653729377 
+12.309419249468025015 
+12.318167339283665029 
+12.326398147954764184 
+12.334106195620577751 
+12.341285977663339679 
+12.347931964658421577 
+12.354038602333426766 
+12.359600311521907301 
+12.364611488117507321 
+12.369066503031261206 
+12.372959702143608851 
+12.376285406261231969 
+12.379037911073170974 
+12.381211487103474411 
+12.382800379667175505 
+12.383798808827053861 
+12.384200969344101750 
+12.384001030639673502 
+12.383193136742480789 
+12.381771406249761469 
+12.379729932280744364 
+12.377062782429531396 
+12.373763998721543089 
+12.369827597570715483 
+12.365247569730813737 
+12.360017880252675226 
+12.354132468439464887 
+12.347585247799079511 
+12.340370106003401673 
+12.332480904840895874 
+12.323911480169874366 
+12.314655641877767067 
+12.304707173832229117 
+12.294059833838645091 
+12.282707353595103683 
+12.270643438645141288 
+12.257861768335050812 
+12.244355995769147682 
+12.230119747762753235 
+12.215146624798336461 
+12.199430200981927541 
+12.182964023994811598 
+12.165741615052075630 
+12.147756468856597323 
+12.129002053551399598 
+12.109471810679698578 
+12.089159155135366319 
+12.068057475119937649 
+12.046160132099132056 
+12.023460460754161971 
+11.999951768939771668 
+11.975627337639576098 
+11.950480420916717250 
+11.924504245876113018 
+11.897692012613063639 
+11.870036894170862496 
+11.841532036496666080 
+11.812170558394912590 
+11.781945551482243317 
+11.750850080145944787 
+11.718877181493414952 
+11.686019865311541466 
+11.652271114020726017 
+11.617623882628521415 
+11.582071098686725463 
+11.545605662245343126 
+11.508220445806108145 
+11.469908294281278671 
+11.430662024945728916 
+11.390474427391835022 
+11.349338263487247502 
+11.307246267326787503 
+11.264191145188675591 
+11.220165575491026999 
+11.175162208745101466 
+11.129173667509594026 
+11.082192546349716622 
+11.034211411785518564 
+10.985222802254842378 
+10.935219228062520003 
+10.884193171336022488 
+10.832137085984932412 
+10.779043397650093894 
+10.724904503662495259 
+10.669712772997574035 
+10.613460546228642656 
+10.556140135483953912 
+10.497743824401673862 
+10.438263868082966468 
+10.377692493048549238 
+10.316021897194726620 
+10.253244249744309258 
+10.189351691207638950 
+10.124336333333022964 
+10.058190259062390837 
+9.990905522490265867 
+9.922474148812016281 
+9.852888134284828681 
+9.782139446180536879 
+9.710220022740056578 
+9.637121773128438207 
+9.562836577392285875 
+9.487356286410793871 
+9.410672721855487310 
+9.332777676140882051 
+9.253662912382232264 
+9.173320164349540562 
+9.091741136423181047 
+9.008917503548353523 
+8.924840911190301540 
+8.839502975289901698 
+8.752895282216940132 
+8.665009388729302486 
+8.575836821920781006 
+8.485369079184190255 
+8.393597628162396518 
+8.300513906700377476 
+8.206109322808456952 
+8.110375254608271689 
+8.013303050294025454 
+7.914884028085557688 
+7.815109476182407811 
+7.713970652720188781 
+7.611458785726087584 
+7.507565073071338801 
+7.402280682429150716 
+7.295596751228837107 
+7.187504386608699392 
+7.077994665375696215 
+6.967058633954978042 
+6.854687308349623365 
+6.740871674093881438 
+6.625602686206517156 
+6.508871269147613603 
+6.390668316775112601 
+6.270984692296980967 
+6.149811228226744753 
+6.027138726341628505 
+5.902957957630942332 
+5.777259662259806916 
+5.650034549518215599 
+5.521273297775934452 
+5.390966554441745551 
+5.259104935914354684 
+5.125679027538896371 
+4.990679383564045501 
+4.854096527093201274 
+4.715920950041815551 
+4.576143113093171344 
+4.434753445650716941 
+4.291742345795418245 
+4.147100180241957368 
+4.000817284287732534 
+3.852883961776131905 
+3.703290485046039304 
+3.552027094887287628 
+3.399084000498816316 
+3.244451379440037364 
+3.088119377588419034 
+2.930078109093842365 
+2.770317656332849765 
+2.608828069863574406 
+2.445599368383480687 
+2.280621538679640903 
+2.113884535590050628 
+1.945378281952014010 
+1.775092668561047304 
+1.603017554127487365 
+1.429142765226225187 
+1.253458096255746668 
+1.075953309393812951 
+0.896618134548533785 
+0.715442269316282520 
+0.532415378938843276 
+0.347527096250616729 
+0.160767021644073083 
-0.027875276981852437 
-0.218410264267950183 
-0.410848437433967817 
-0.605200326327754112 
-0.801476493469290396 
-0.999687534094248598 
-1.199844076201909360 
-1.401956780597180874 
-1.606036340936491058 
-1.812093483774202873 
-2.020138968605343699 
-2.230183587910802068 
-2.442238167206529198 
-2.656313565080580474 
-2.872420673244849176 
-3.090570416578416690 
-3.310773753168964717 
-3.533041674363350815 
-3.757385204809873258 
-3.983815402499557123 
-4.212343358818406713 
-4.442980198588413643 
-4.675737080108914867 
-4.910625195211109073 
-5.147655769292917682 
-5.386840061368200594 
-5.628189364116392923 
-5.871715003917548970 
-6.117428340905837203 
-6.365340769010062516 
-6.615463716000489214 
-6.867808643531816415 
-7.122387047192406229 
