+3.717940000000000023 
+3.631685123767070866 
+3.546485173648497469 
+3.462333564401333774 
+3.379223733271417895 
+3.297149139959795416 
+3.216103266589143139 
+3.136079617670192388 
+3.057071720068152310 
+2.979073122969134957 
+2.902077397846576812 
+2.826078138427665198 
+2.751068960659758922 
+2.677043502676813347 
+2.603995424765805033 
+2.531918409333153708 
+2.460806160871146453 
+2.390652405924361013 
+2.321450893056090869 
+2.253195392814767217 
+2.185879697700382707 
+2.119497622130916525 
+2.054043002408756813 
+1.989509696687124407 
+1.925891584936496592 
+1.863182568911031289 
+1.801376572114989028 
+1.740467539769159799 
+1.680449438777282367 
+1.621316257692472007 
+1.563062006683641147 
+1.505680717501924892 
+1.449166443447103436 
+1.393513259334026255 
+1.338715261459036299 
+1.284766567566392848 
+1.231661316814694374 
+1.179393669743304063 
+1.127957808238772675 
+1.077347935501261400 
+1.027558276010966942 
+0.978583075494543042 
+0.930416600891526002 
+0.883053140320758878 
+0.836487003046812116 
+0.790712519446410411 
+0.745724040974854674 
+0.701515940132444893 
+0.658082610430905213 
+0.615418466359809901 
+0.573517943352999549 
+0.532375497755014138 
+0.491985606787507468 
+0.452342768515679339 
+0.413441501814693080 
+0.375276346336101518 
+0.337841862474270282 
+0.301132631332801992 
+0.265143254690958674 
+0.229868354970087729 
+0.195302575200040351 
+0.161440578985604155 
+0.128277050472916265 
+0.095806694315895946 
+0.064024235642661687 
+0.032924420021959833 
+0.002502013429584338 
-0.027248197785196826 
-0.056331406933220585 
-0.084752787019001907 
-0.112517490774313611 
-0.139630650691760394 
-0.166097379058355532 
-0.191922767989098020 
-0.217111889460548824 
-0.241669795344406246 
-0.265601517441084400 
-0.288912067513285020 
-0.311606437319581264 
-0.333689598647987307 
-0.355166503349535478 
-0.376042083371857405 
-0.396321250792757152 
-0.416008897853785253 
-0.435109896993820744 
-0.453629100882640746 
-0.471571342454504272 
-0.488941434941720932 
-0.505744171908233842 
-0.521984327283192773 
-0.537666655394529069 
-0.552795891002537676 
-0.567376749333444952 
-0.581413926112994250 
-0.594912097600014622 
-0.607875920620002841 
-0.620310032598696548 
-0.632219051595649173 
-0.643607576337813736 
-0.654480186253107998 
-0.664841441504000041 
-0.674695883021083187 
-0.684048032536645589 
-0.692902392618257590 
-0.701263446702336868 
-0.709135659127732243 
-0.716523475169298596 
-0.723431321071470901 
-0.729863604081844475 
-0.735824712484746346 
-0.741319015634815504 
-0.746350863990578706 
-0.750924589148024513 
-0.755044503874183537 
-0.758714902140699810 
-0.761940059157413696 
-0.764724231405930599 
-0.767071656673203872 
-0.768986554085108853 
-0.770473124140015120 
-0.771535548742370292 
-0.772177991236271399 
-0.772404596439045132 
-0.772219490674816544 
-0.771626781808094631 
-0.770630559277343696 
-0.769234894128560942 
-0.767443839048851384 
-0.765261428400004551 
-0.762691678252074734 
-0.759738586416951467 
-0.756406132481940663 
-0.752698277843336871 
-0.748618965740003528 
-0.744172121286947874 
-0.739361651508894990 
-0.734191445373867158 
-0.728665373826761442 
-0.722787289822917511 
-0.716561028361710317 
-0.709990406520105477 
-0.703079223486255511 
-0.695831260593061440 
-0.688250281351760140 
-0.680340031485489494 
-0.672104238962877520 
-0.663546614031606641 
-0.654670849251998366 
-0.645480619530583777 
-0.635979582153689105 
-0.626171376821000880 
-0.616059625679147072 
-0.605647933355276447 
-0.594939886990629940 
-0.583939056274119128 
-0.572648993475904700 
-0.561073233480972267 
-0.549215293822699291 
-0.537078674716448656 
-0.524666859093133819 
-0.511983312632791954 
-0.499031483798169528 
-0.485814803868295453 
-0.472336686972055109 
-0.458600530121768823 
-0.444609713246766791 
-0.430367599226968434 
-0.415877533926452880 
-0.401142846227044547 
-0.386166848061878287 
-0.370952834448986746 
-0.355504083524866399 
-0.339823856578063133 
-0.323915398082740946 
-0.307781935732270195 
-0.291426680472782085 
-0.274852826536771566 
-0.258063551476647834 
-0.241062016198337226 
-0.223851364994838598 
-0.206434725579809797 
-0.188815209121132366 
-0.170995910274509555 
-0.152979907217022149 
-0.134770261680713155 
-0.116370018986168056 
-0.097782208076085286 
-0.079009841548847604 
-0.060055915692111217 
-0.040923410516379821 
-0.021615289788560865 
-0.002134501065581329 
+0.017516024272083097 
+0.037333370986787795 
+0.057314639950180712 
+0.077456948109590584 
+0.097757428454477768 
+0.118213229982850443 
+0.138821517667681693 
+0.159579472423335034 
+0.180484291071999259 
+0.201533186310092649 
+0.222723386674704926 
+0.244052136510010342 
+0.265516695933695868 
+0.287114340803380053 
+0.308842362683040328 
+0.330698068809443857 
+0.352678782058550411 
+0.374781840911956543 
+0.397004599423311344 
+0.419344427184741519 
+0.441798709293269365 
+0.464364846317246283 
+0.487040254262768091 
+0.509822364540098771 
+0.532708623930103098 
+0.555696494550663278 
+0.578783453823098704 
+0.601966994438599468 
+0.625244624324636344 
+0.648613866611407186 
+0.672072259598238464 
+0.695617356720009461 
+0.719246726513599999 
+0.742957952584279990 
+0.766748633572164717 
+0.790616383118609711 
+0.814558829832663367 
+0.838573617257470705 
+0.862658403836698007 
+0.886810862880959672 
+0.911028682534255729 
+0.935309565740372939 
+0.959651230209315642 
+0.984051408383737503 
+1.008507847405357705 
+1.033018309081390917 
+1.057580569850952834 
+1.082192420751513673 
+1.106851667385301941 
+1.131556129885723738 
+1.156303642883795835 
+1.181092055474580960 
+1.205919231183585794 
+1.230783047933194929 
+1.255681398009107053 
+1.280612188026741372 
+1.305573338897668911 
+1.330562785796037151 
+1.355578478124997321 
+1.380618379483107727 
+1.405680467630785468 
+1.430762734456711094 
+1.455863185944261229 
+1.480979842137924329 
+1.506110737109734199 
+1.531253918925686630 
+1.556407449612163596 
+1.581569405122354777 
+1.606737875302695517 
+1.631910963859264818 
+1.657086788324241056 
+1.682263480022288427 
+1.707439184037019331 
+1.732612059177383923 
+1.757780277944116287 
+1.782942026496153520 
+1.808095504617047711 
+1.833238925681402565 
+1.858370516621299373 
+1.883488517892704328 
+1.908591183441904038 
+1.933676780671928830 
+1.958743590408979829 
+1.983789906868842046 
+2.008814037623304571 
+2.033814303566608306 
+2.058789038881850164 
+2.083736591007407934 
+2.108655320603361805 
+2.133543601517931876 
+2.158399820753888143 
+2.183222378434983124 
+2.208009687772366725 
+2.232760175031022420 
+2.257472279496168355 
+2.282144453439710396 
+2.306775162086642350 
+2.331362883581479473 
+2.355906108954687106 
+2.380403342089079999 
+2.404853099686294016 
+2.429253911233145047 
+2.453604318968113596 
+2.477902877847740548 
+2.502148155513033601 
+2.526338732255920316 
+2.550473200985670985 
+2.574550167195297057 
+2.598568248927998425 
+2.622526076743574741 
+2.646422293684856264 
+2.670255555244121837 
+2.694024529329530182 
+2.717727896231533435 
+2.741364348589303113 
+2.764932591357158298 
+2.788431341770997829 
+2.811859329314698286 
+2.835215295686555947 
+2.858497994765716310 
+2.881706192578586734 
+2.904838667265244201 
+2.927894209045907026 
+2.950871620187292876 
+2.973769714969109135 
+2.996587319650426018 
+3.019323272436130967 
+3.041976423443336408 
+3.064545634667803498 
+3.087029779950374309 
+3.109427744943385807 
+3.131738427077113140 
+3.153960735526155634 
+3.176093591175902731 
+3.198135926588931977 
+3.220086685971445650 
+3.241944825139677189 
+3.263709311486315379 
+3.285379123946986724 
+3.306953252966565060 
+3.328430700465712988 
+3.349810479807217689 
+3.371091615762481730 
+3.392273144477888192 
+3.413354113441264825 
+3.434333581448288264 
+3.455210618568924641 
+3.475984306113830247 
+3.496653736600785045 
+3.517218013721129743 
+3.537676252306170444 
+3.558027578293612603 
+3.578271128693969683 
+3.598406051557024643 
+3.618431505938206616 
+3.638346661865039078 
+3.658150700303570257 
+3.677842813124776455 
+3.697422203070996893 
+3.716888083722359681 
+3.736239679463203789 
+3.755476225448494798 
+3.774596967570256201 
+3.793601162423999362 
+3.812488077275126841 
+3.831256990025385889 
+3.849907189179257561 
+3.868437973810409769 
+3.886848653528101050 
+3.905138548443610524 
+3.923306989136674083 
+3.941353316621880154 
+3.959276882315126311 
+3.977077048000019932 
+3.994753185794296613 
+4.012304678116290546 
+4.029730917651285438 
+4.047031307317983995 
+4.064205260234947659 
+4.081252199686973725 
+4.098171559091534633 
+4.114962781965230576 
+4.131625321890192382 
+4.148158642480461289 
+4.164562217348524165 
+4.180835530071593809 
+4.196978074158174365 
+4.212989353014365612 
+4.228868879910365308 
+4.244616177946859636 
+4.260230780021448282 
+4.275712228795086389 
+4.291060076658478550 
+4.306273885698533199 
+4.321353227664761043 
+4.336297683935701919 
+4.351106845485372077 
+4.365780312849675049 
+4.380317696092813406 
+4.394718614773703180 
+4.408982697912444237 
+4.423109583956700064 
+4.437098920748133501 
+4.450950365488847815 
+4.464663584707786903 
+4.478238254227152382 
+4.491674059128857976 
+4.504970693720950159 
+4.518127861503994147 
+4.531145275137536288 
+4.544022656406507821 
+4.556759736187659726 
+4.569356254415984253 
+4.581811960051125787 
+4.594126611043817476 
+4.606299974302301869 
+4.618331825658761325 
+4.630221949835743089 
+4.641970140412523982 
+4.653576199791655377 
+4.665039939165262162 
+4.676361178481562852 
+4.687539746411202302 
+4.698575480313762043 
+4.709468226204132968 
+4.720217838718948400 
+4.730824181083019830 
+4.741287125075742459 
+4.751606550997525602 
+4.761782347636231094 
+4.771814412233585045 
+4.781702650451583381 
+4.791446976338942676 
+4.801047312297529679 
+4.810503589048725992 
+4.819815745599958845 
+4.828983729211002718 
+4.838007495360487908 
+4.846887007712304296 
+4.855622238082004216 
+4.864213166403243527 
+4.872659780694204912 
+4.880962077024008750 
+4.889120059479161284 
+4.897133740129950397 
+4.905003138996899104 
+4.912728284017161329 
+4.920309211010928330 
+4.927745963647948813 
+4.935038593413827002 
+4.942187159576519662 
+4.949191729152740749 
+4.956052376874414023 
+4.962769185155008422 
+4.969342244056115021 
+4.975771651253690031 
+4.982057512004633537 
+4.988199939113086678 
+4.994199052896989066 
+5.000054981154368861 
+5.005767859129863773 
+5.011337829481083084 
+5.016765042245075357 
+5.022049654804707330 
+5.027191831855150284 
+5.032191745370229619 
+5.037049574568916555 
+5.041765505881695475 
+5.046339732917031640 
+5.050772456427755408 
+5.055063884277535280 
+5.059214231407247908 
+5.063223719801437817 
+5.067092578454721163 
+5.070821043338225920 
+5.074409357366015172 
+5.077857770361477563 
+5.081166539023791451 
+5.084335926894347324 
+5.087366204323125807 
+5.090257648435203564 
+5.093010543097062026 
+5.095625178883104844 
+5.098101853042090070 
+5.100440869463452209 
+5.102642538643810788 
+5.104707177653413197 
+5.106635110102457631 
+5.108426666107607872 
+5.110082182258397943 
+5.111602001583604782 
+5.112986473517764807 
+5.114235953867476425 
+5.115350804777963667 
+5.116331394699368040 
+5.117178098353264204 
+5.117891296699022874 
+5.118471376900316727 
+5.118918732291407814 
+5.119233762343747607 
+5.119416872632200466 
+5.119468474801668556 
+5.119388986533368602 
+5.119178831511315586 
+5.118838439388745165 
+5.118368245754520984 
+5.117768692099570416 
+5.117040225783274110 
+5.116183299999982559 
+5.115198373745347915 
+5.114085911782760618 
+5.112846384609806449 
+5.111480268424674733 
+5.109988045092551445 
+5.108370202112108238 
+5.106627232581885778 
+5.104759635166706389 
+5.102767914064113342 
+5.100652578970803930 
+5.098414145049035007 
+5.096053132893048954 
+5.093570068495532510 
+5.090965483213955700 
+5.088239913737105269 
+5.085393902051433379 
+5.082427995407493349 
+5.079342746286371835 
+5.076138712366145889 
+5.072816456488205006 
+5.069376546623818314 
+5.065819555840430866 
+5.062146062268142899 
+5.058356649066147348 
+5.054451904389143380 
+5.050432421353722390 
+5.046298798004852593 
+5.042051637282233933 
+5.037691546986794222 
+5.033219139747071580 
+5.028635032985603104 
+5.023939848885483173 
+5.019134214356574475 
+5.014218761002140923 
+5.009194125085153715 
+5.004060947494700429 
+4.998819873712539774 
+4.993471553779370353 
+4.988016642261319689 
+4.982455798216390619 
+4.976789685160875720 
+4.971018971035703338 
+4.965144328173019872 
+4.959166433262415907 
+4.953085967317550242 
+4.946903615642450625 
+4.940620067797851789 
+4.934236017567920740 
+4.927752162926370971 
+4.921169206002989682 
+4.914487853050126809 
+4.907708814409110332 
+4.900832804476482174 
+4.893860541670727038 
+4.886792748398456787 
+4.879630151020922568 
+4.872373479820429232 
+4.865023468966761300 
+4.857580856483645348 
+4.850046384215066730 
+4.842420797791788800 
+4.834704846597791317 
+4.826899283736548973 
+4.819004865997651876 
+4.811022353823125819 
+4.802952511273767655 
+4.794796105995799529 
+4.786553909187060363 
+4.778226695563566828 
+4.769815243325917109 
+4.761320334125644926 
+4.752742753031697909 
+4.744083288496920403 
+4.735342732324332893 
+4.726521879633694745 
+4.717621528827855570 
+4.708642481559150994 
+4.699585542695940532 
+4.690451520288887011 
+4.681241225537482897 
+4.671955472756478045 
+4.662595079342182203 
+4.653160865739051744 
+4.643653655406032144 
+4.634074274782906677 
+4.624423553256901798 
+4.614702323128947903 
+4.604911419580146159 
+4.595051680638288616 
+4.585123947144074563 
+4.575129062717842032 
+4.565067873725638492 
+4.554941229245882184 
+4.544749981035755226 
+4.534494983497543430 
+4.524177093645133318 
+4.513797171070401681 
+4.503356077909645983 
+4.492854678810036972 
+4.482293840895995807 
+4.471674433735597809 
+4.460997329307133441 
+4.450263401965367294 
+4.439473528408003133 
+4.428628587642231551 
+4.417729460950949871 
+4.406777031859335558 
+4.395772186101300605 
+4.384715811585711442 
+4.373608798363006755 
+4.362452038591578152 
+4.351246426504086884 
+4.339992858374097651 
+4.328692232482252322 
+4.317345449082917064 
+4.305953410370473300 
+4.294517020445722366 
+4.283037185282453585 
+4.271514812693675722 
+4.259950812298252565 
+4.248346095487118390 
+4.236701575389878016 
+4.225018166841057798 
+4.213296786346754530 
+4.201538352050778080 
+4.189743783701276314 
+4.177914002617230338 
+4.166049931654558947 
+4.154152495172851012 
+4.142222619001674211 
+4.130261230406937045 
+4.118269258057454252 
+4.106247631991212899 
+4.094197283581944902 
+4.082119145505459734 
+4.070014151706009109 
+4.057883237362979401 
+4.045727338856936584 
+4.033547393736269804 
+4.021344340683713270 
+4.009119119482495996 
+3.996872670982972053 
+3.984605937069055415 
+3.972319860624390131 
+3.960015385499051188 
+3.947693456476002005 
+3.935355019237157137 
+3.923001020330200372 
+3.910632407134747357 
+3.898250127828964740 
+3.885855131355831382 
+3.873448367389570990 
+3.861030786302253937 
+3.848603339130043377 
+3.836166977539643419 
+3.823722653794781934 
+3.811271320722627198 
+3.798813931680098843 
+3.786351440520549616 
+3.773884801559845403 
+3.761414969543037667 
+3.748942899610744561 
+3.736469547265504954 
+3.723995868338273230 
+3.711522818954778646 
+3.699051355501961957 
+3.686582434594516400 
+3.674117013041036106 
+3.661656047810865289 
+3.649200496000042371 
+3.636751314798038592 
+3.624309461454187975 
+3.611875893243930769 
+3.599451567435226096 
+3.587037441255317649 
+3.574634471856745321 
+3.562243616283953251 
+3.549865831439757535 
+3.537502074051698475 
+3.525153300638413256 
+3.512820467476233777 
+3.500504530565391903 
+3.488206445596643501 
+3.475927167917527427 
+3.463667652498962912 
+3.451428853901463256 
+3.439211726241654610 
+3.427017223158870252 
+3.414846297781262585 
+3.402699902692421396 
+3.390578989897880202 
+3.378484510791215811 
+3.366417416120768280 
+3.354378655956047339 
+3.342369179653956746 
+3.330389935825354364 
+3.318441872301611362 
+3.306525936100681573 
+3.294643073393797916 
+3.282794229471978742 
+3.270980348712049679 
+3.259202374543523018 
+3.247461249414656859 
+3.235757914759190612 
+3.224093310962536485 
+3.212468377328197455 
+3.200884052044501438 
+3.189341272150610695 
+3.177840973503122335 
+3.166384090742737634 
+3.154971557260135562 
+3.143604305162920554 
+3.132283265241798009 
+3.121009366937042451 
+3.109783538304820016 
+3.098606705983911080 
+3.087479795161711671 
+3.076403729541014265 
+3.065379431306253011 
+3.054407821090056707 
+3.043489817939386555 
+3.032626339282328498 
+3.021818300894297593 
+3.011066616864533696 
+3.000372199562355569 
+2.989735959604018500 
+2.979158805818591826 
+2.968641645214769031 
+2.958185382947091213 
+2.947790922282506276 
+2.937459164566686098 
+2.927191009190554638 
+2.916987353556580675 
+2.906849093045265064 
+2.896777120981709253 
+2.886772328601618032 
+2.876835605018364994 
+2.866967837188725277 
+2.857169909879903713 
+2.847442705635498506 
+2.837787104742154121 
+2.828203985196033887 
+2.818694222669022587 
+2.809258690475341602 
+2.799898259537926037 
+2.790613798354816488 
+2.781406172965557477 
+2.772276246917724229 
+2.763224881233290464 
+2.754252934374962880 
+2.745361262212830500 
+2.736550717990484216 
+2.727822152291597746 
+2.719176413006633375 
+2.710614345298632877 
+2.702136791570263430 
+2.693744591429754642 
+2.685438581657791701 
+2.677219596173419092 
+2.669088466000885340 
+2.661046019235951299 
+2.653093081012202425 
+2.645230473467504506 
+2.637459015710613919 
+2.629779523787334039 
+2.622192810647097083 
+2.614699686109368315 
+2.607300956830081340 
+2.599997426267948164 
+2.592789894651136962 
+2.585679158943212208 
+2.578666012810289843 
+2.571751246586691408 
+2.564935647241988192 
+2.558219998346910273 
+2.551605080040237894 
+2.545091668994868606 
+2.538680538384473273 
+2.532372457849648484 
+2.526168193464754186 
+2.520068507704013250 
+2.514074159407833964 
+2.508185903749780454 
+2.502404492202379149 
+2.496730672503732595 
+2.491165188624332671 
+2.485708780732871048 
+2.480362185162937827 
+2.475126134379815213 
+2.470001356946101900 
+2.464988577488904653 
+2.460088516665769554 
+2.455301891131322023 
+2.450629413503721654 
+2.446071792330878569 
+2.441629732057063684 
+2.437303932989268951 
+2.433095091263665299 
+2.429003898811990858 
+2.425031043327957381 
+2.421177208233672218 
+2.417443072646228153 
+2.413829311343753226 
+2.410336594732271465 
+2.406965588811875723 
+2.403716955143132772 
+2.400591350813554570 
+2.397589428404299117 
+2.394711835955920964 
+2.391959216935560129 
+2.389332210202841367 
+2.386831449976467123 
+2.384457565800796708 
+2.382211182511935199 
+2.380092920204408991 
+2.378103394197619735 
+2.376243215001847098 
+2.374512988285552240 
+2.372913314840674026 
+2.371444790550011561 
+2.370108006353038199 
+2.368903548212575316 
+2.367831997081305317 
+2.366893928868031516 
+2.366089914403966432 
+2.365420519409664468 
+2.364886304460831479 
+2.364487824955199713 
+2.364225631078725520 
+2.364100267771982011 
+2.364112274696828386 
+2.364262186202641836 
+2.364550531292696434 
+2.364977833590758305 
+2.365544611307448974 
+2.366251377206382678 
+2.367098638571187408 
+2.368086897171421512 
+2.369216649229112459 
+2.370488385385367991 
+2.371902590666593369 
+2.373459744450922670 
+2.375160320434831718 
+2.377004786599308694 
+2.378993605176528803 
+2.381127232616104816 
+2.383406119551397140 
+2.385830710766446927 
+2.388401445161671965 
+2.391118755720895273 
+2.393983069477648051 
+2.396994807481131584 
+2.400154384763333315 
+2.403462210304855962 
+2.406918687001883050 
+2.410524211632159464 
+2.414279174821380547 
+2.418183961010283323 
+2.422238948420147420 
+2.426444509019896500 
+2.430801008492255555 
+2.435308806200218612 
+2.439968255153383225 
+2.444779701974743702 
+2.449743486866319486 
+2.454859943576551462 
+2.460129399366147496 
+2.465552174974353861 
+2.471128584586093080 
+2.476858935797561223 
+2.482743529583183228 
+2.488782660262015334 
+2.494976615463690095 
+2.501325676095534689 
+2.507830116308527479 
+2.514490203463824791 
+2.521306198099058093 
+2.528278353895180963 
+2.535406917642331948 
+2.542692129206920892 
+2.550134221497277753 
+2.557733420430621685 
+2.565489944899407959 
+2.573404006737460836 
+2.581475810686837846 
+2.589705554363998630 
+2.598093428226055046 
+2.606639615537714061 
+2.615344292337125509 
+2.624207627402582510 
+2.633229782219150827 
+2.642410910944575697 
+2.651751160376201177 
+2.661250669917149203 
+2.670909571542758876 
+2.680727989767039965 
+2.690706041609100652 
+2.700843836559347011 
+2.711141476546713669 
+2.721599055903964448 
+2.732216661334724961 
+2.742994371879929894 
+2.753932258884199236 
+2.765030385962050641 
+2.776288808964651800 
+2.787707575945845839 
+2.799286727129173258 
+2.811026294873554043 
+2.822926303640231005 
+2.834986769959121578 
+2.847207702394934259 
+2.859589101514123932 
+2.872130959850797804 
+2.884833261873430477 
+2.897695983951291687 
+2.910719094320534772 
+2.923902553051144437 
+2.937246312013075844 
+2.950750314842461197 
+2.964414496908488683 
+2.978238785279647249 
+2.992223098689740901 
+3.006367347505201959 
+3.020671433690625296 
+3.035135250775588656 
+3.049758683821219840 
+3.064541609386334464 
+3.079483895493890344 
+3.094585401597693686 
+3.109845978548506640 
+3.125265468560519011 
+3.140843705177978507 
+3.156580513241273422 
+3.172475708853917276 
+3.188529099348241136 
+3.204740483252340510 
+3.221109650256427592 
+3.237636381179008538 
+3.254320447933626959 
+3.271161613494919962 
+3.288159631865553489 
+3.305314248042037661 
+3.322625197981870837 
+3.340092208569031662 
+3.357714997581298544 
+3.375493273656183124 
+3.393426736257572962 
+3.411515075641776473 
+3.429757972824510226 
+3.448155099546918123 
+3.466706118242204315 
+3.485410682001635507 
+3.504268434541719213 
+3.523279010170098147 
+3.542442033751745711 
+3.561757120676312116 
+3.581223876823303787 
+3.600841898529625773 
+3.620610772555397094 
+3.640530076050335406 
+3.660599376520905501 
+3.680818231795468520 
+3.701186189991879427 
+3.721702789483575469 
+3.742367558865359101 
+3.763180016921137572 
+3.784139672588768377 
+3.805246024927646964 
+3.826498563085107829 
+3.847896766261778900 
+3.869440103679098630 
+3.891128034545539904 
+3.912960008022718039 
+3.934935463191712390 
+3.957053829020173108 
+3.979314524327871805 
+4.001716957753910897 
+4.024260527722728575 
+4.046944622410266312 
+4.069768619711363833 
+4.092731887204865693 
+4.115833782121107731 
+4.139073651307774604 
+4.162450831196736978 
+4.185964647769793601 
+4.209614416526120451 
+4.233399442447606020 
+4.257319019966172569 
+4.281372432929350325 
+4.305558954567603180 
+4.329877847460043228 
+4.354328363501307031 
+4.378909743867692050 
+4.403621218983584384 
+4.428462008487893620 
+4.453431321201290594 
+4.478528355090883650 
+4.503752297238145630 
+4.529102323805092922 
+4.554577599999925397 
+4.580177280044376964 
+4.605900507139748967 
+4.631746413433043941 
+4.657714119984071033 
+4.683802736731305316 
+4.710011362458168982 
+4.736339084760397888 
+4.762784980011428360 
+4.789348113329216616 
+4.816027538542934749 
+4.842822298159069838 
+4.869731423327660735 
+4.896753933809303128 
+4.923888837940883612 
+4.951135132603023514 
+4.978491803185023379 
+5.005957823552710906 
+5.033532156014165260 
+5.061213751285865925 
+5.089001548459968660 
+5.116894474969932105 
+5.144891446557395831 
+5.172991367238742200 
+5.201193129270468063 
+5.229495613117070896 
+5.257897687416811294 
+5.286398208947571398 
+5.314996022594359992 
+5.343689961314979087 
+5.372478846106456984 
+5.401361485972018706 
+5.430336677887128261 
+5.459403206765571781 
+5.488559845426979500 
+5.517805354561793330 
+5.547138482698878548 
+5.576557966171470149 
+5.606062529083333246 
+5.635650883275799217 
+5.665321728293756465 
+5.695073751352071056 
+5.724905627302446121 
+5.754816018599127503 
+5.784803575265921260 
+5.814866934862621406 
+5.845004722450847012 
+5.875215550561037503 
+5.905498019158914147 
+5.935850715611134198 
+5.966272214652920347 
+5.996761078353205932 
+6.027315856082150702 
+6.057935084476936183 
+6.088617287408117917 
+6.119360975946694481 
+6.150164648329889516 
+6.181026789927724252 
+6.211945873209491431 
+6.242920357710544543 
+6.273948689997932426 
+6.305029303637814664 
+6.336160619160702723 
+6.367341044028842489 
+6.398568972602744154 
+6.429842786106216401 
+6.461160852594508341 
+6.492521526919747821 
+6.523923150697521933 
+6.555364052273656483 
+6.586842546690059308 
+6.618356935651449113 
+6.649905507491959966 
+6.681486537141173798 
+6.713098286091074840 
+6.744739002361832547 
+6.776406920468293293 
+6.808100261387550312 
+6.839817232523451196 
+6.871556027674590617 
+6.903314827000451182 
+6.935091796986695201 
+6.966885090413084569 
+6.998692846319221061 
+7.030513189970671206 
+7.062344232826365698 
+7.094184072503862737 
+7.126030792746012921 
+7.157882463388666849 
+7.189737140325336284 
+7.221592865474574907 
+7.253447666746377642 
+7.285299558008047072 
+7.317146539051387677 
+7.348986595558727686 
+7.380817699068934701 
+7.412637806945030050 
+7.444444862339093305 
+7.476236794159794030 
+7.508011517038631233 
+7.539766931295943664 
+7.571500922907388187 
+7.603211363471283235 
+7.634896110173280626 
+7.666553005754943584 
+7.698179878478013549 
+7.729774542092563649 
+7.761334795802607545 
+7.792858424232164793 
+7.824343197392613192 
+7.855786870648785225 
+7.887187184684679053 
+7.918541865471047103 
+7.949848624231014682 
+7.981105157406361172 
+8.012309146625135270 
+8.043458258666531080 
+8.074550145428322168 
+8.105582443893167621 
+8.136552776094086781 
+8.167458749082802782 
+8.198297954894243844 
+8.229067970513698427 
+8.259766357844151585 
+8.290390663670645921 
+8.320938419628742366 
+8.351407142169961162 
+8.381794332528043512 
+8.412097476685858055 
+8.442314045342056872 
+8.472441493876106122 
+8.502477262316915585 
+8.532418775306908287 
+8.562263442070380037 
+8.592008656378922637 
+8.621651796517609156 
+8.651190225252431532 
+8.680621289796023987 
+8.709942321773757712 
+8.739150637191059445 
+8.768243536399539906 
+8.797218304062512928 
+8.826072209123163148 
+8.854802504769127225 
+8.883406428400386190 
+8.911881201594963997 
+8.940224030074784167 
+8.968432103673713129 
+8.996502596302633492 
+9.024432665915773200 
+9.052219454478864336 
+9.079860087933131041 
+9.107351676163386145 
+9.134691312964351440 
+9.161876076005984970 
+9.188903026800989693 
+9.215769210671277634 
+9.242471656712968553 
+9.269007377765124289 
+9.295373370373880562 
+9.321566614760246949 
+9.347584074786528419 
+9.373422697921403923 
+9.399079415208467125 
+9.424551141230868012 
+9.449834774078244237 
+9.474927195313799899 
+9.499825269939980998 
+9.524525846364861437 
+9.549025756369434959 
+9.573321815073008167 
+9.597410820899694883 
+9.621289555546336913 
+9.644954783946422694 
+9.668403254238942424 
+9.691631697733356532 
+9.714636828876022534 
+9.737415345218053631 
+9.759963927379372350 
+9.782279239017540817 
+9.804357926792517830 
+9.826196620333865539 
+9.847791932206794385 
+9.869140457879170825 
+9.890238775686883699 
+9.911083446801990604 
+9.931671015196707586 
+9.951998007612171904 
+9.972060933523579251 
+9.991856285106949898 
+10.011380537205381458 
+10.030630147295873655 
+10.049601555455209834 
+10.068291184326959353 
+10.086695439087426607 
+10.104810707412038795 
+10.122633359442749779 
+10.140159747752463204 
+10.157386207313951587 
+10.174309055464187068 
+10.190924591871988625 
+10.207229098503498577 
+10.223218839590309415 
+10.238890061593290071 
+10.254238993171744809 
+10.269261845147449108 
+10.283954810473085573 
+10.298314064197546358 
+10.312335763431836000 
+10.326016047317203572 
+10.339351036990155563 
+10.352336835548785032 
+10.364969528020955281 
+10.377245181328383694 
+10.389159844254834297 
+10.400709547411530309 
+10.411890303203708896 
+10.422698105798010815 
+10.433128931087598090 
+10.443178736659090688 
+10.452843461759361077 
+10.462119027261449489 
+10.471001335630933937 
+10.479486270893252353 
+10.487569698598788293 
+10.495247465790352948 
+10.502515400968997383 
+10.509369314060895917 
+10.515804996383161907 
+10.521818220611432793 
+10.527404740744131573 
+10.532560292071854846 
+10.537280591141160002 
+10.541561335722333226 
+10.545398204775832340 
+10.548786858417356527 
+10.551722937886779619 
+10.554202065512356512 
+10.556219844677029229 
+10.557771859787465019 
+10.558853676237411889 
+10.559460840376193147 
+10.559588879474173240 
+10.559233301688427886 
+10.558389596031696911 
+10.557053232336665261 
+10.555219661222222882 
+10.552884314061355298 
+10.550042602946975379 
+10.546689920657472683 
+10.542821640624927326 
+10.538433116899257769 
+10.533519684116647852 
+10.528076657465442523 
+10.522099332651002612 
+10.515582985865210119 
+10.508522873749974735 
+10.500914233364438743 
+10.492752282153457344 
+10.484032217910545626 
+10.474749218746959301 
+10.464898443057263577 
+10.454475029485450932 
+10.443474096891614877 
+10.431890744318932818 
+10.419720050958904523 
+10.406957076119388361 
+10.393596859188704684 
+10.379634419604332862 
+10.365064756818920699 
+10.349882850264814138 
+10.334083659323001214 
+10.317662123288220855 
+10.300613161334736034 
+10.282931672485528196 
+10.264612535575050600 
+10.245650609217301863 
+10.226040731774315162 
+10.205777721318209927 
+10.184856375601459177 
+10.163271472022053388 
+10.141017767588628828 
+10.118089998888953218 
+10.094482882055251238 
+10.070191112729723670 
+10.045209366034347553 
+10.019532296532469573 
+9.993154538199512160 
+9.966070704386650547 
+9.938275387788403137 
+9.909763160409154281 
+9.880528573529309355 
+9.850566157671714507 
+9.819870422567401391 
+9.788435857123152672 
+9.756256929387664201 
+9.723328086517993185 
+9.689643754744373894 
+9.655198339339412072 
+9.619986224582779855 
+9.584001773727671036 
+9.547239328967664918 
+9.509693211402852953 
+9.471357721007040098 
+9.432227136592276295 
+9.392295715777994047 
+9.351557694954976796 
+9.310007289253665164 
+9.267638692508350928 
+9.224446077226446050 
+9.180423594552262756 
+9.135565374235744329 
+9.089865524596426383 
+9.043318132491979355 
+8.995917263283811138 
+8.947656960803529458 
+8.898531247318468118 
+8.848534123500208182 
+8.797659568389004647 
+8.745901539361764065 
+8.693253972096089299 
+8.639710780539818558 
+8.585265856875812673 
+8.529913071487902343 
+8.473646272927496170 
+8.416459287881826512 
+8.358345921137679824 
+8.299299955550241137 
+8.239315152006721377 
+8.178385249395914158 
+8.116503964572975960 
+8.053664992325028749 
+7.989862005339377404 
+7.925088654169304192 
+7.859338567200161663 
+7.792605350614742576 
+7.724882588362753211 
+7.656163842124257712 
+7.586442651278177074 
+7.515712532865990170 
+7.443966981561893625 
+7.371199469635956625 
+7.297403446923050652 
+7.222572340786710399 
+7.146699556087581229 
+7.069778475149914421 
+6.991802457725873055 
+6.912764840964198854 
+6.832658939375807705 
+6.751478044799831935 
+6.669215426370745270 
+6.585864330483923723 
+6.501417980763283033 
+6.415869578026331510 
+6.329212300252105017 
+6.241439302545568779 
+6.152543717106272680 
+6.062518653193886387 
+5.971357197092881819 
+5.879052412082337753 
+5.785597338399476541 
+5.690984993207916176 
+5.595208370562603228 
+5.498260441377564867 
+5.400134153391377367 
+5.300822431134704082 
+5.200318175894521389 
+5.098614265683488966 
+4.995703555204292101 
+4.891578875816890992 
+4.786233035503972388 
+4.679658818838842826 
+4.571848986951150273 
+4.462796277493421115 
+4.352493404605928262 
+4.240933058886360740 
+4.128107907353665063 
+4.014010593415212824 
+3.898633736832923358 
+3.781969933690489505 
+3.664011756359198291 
+3.544751753464743693 
+3.424182449852522403 
+3.302296346555455564 
+3.179085920760578610 
+3.054543625772924820 
+2.928661890985621241 
+2.801433121843541318 
+2.672849699811203905 
+2.542903982337177293 
+2.411588302824184460 
+2.278894970591664126 
+2.144816270844956740 
+2.009344464639105432 
+1.872471788848323548 
+1.734190456130277447 
+1.594492654893528538 
+1.453370549262248179 
+1.310816279045385002 
+1.166821959701143552 
+1.021379682303863667 
+0.874481513510132924 
+0.726119495526322822 
+0.576285646073680713 
+0.424971958355885526 
+0.272170401023992703 
+0.117872918144536154 
-0.037928570834830921 
-0.195242171119060171 
-0.354076012599486400 
-0.514438249886653320 
-0.676337062343869366 
-0.839780654121205838 
-1.004777254190747815 
-1.171335116376180263 
-1.339462519389214901 
-1.509167766864158988 
-1.680459187388182674 
-1.853345134537283112 
-2.027833986908760711 
-2.203934148156690309 
-2.381654047022272902 
-2.561002137370623988 
-2.741986898221312696 
-2.924616833785554260 
-3.108900473496634564 
-3.294846372044581084 
-3.482463109410069979 
-3.671759290897691042 
-3.862743547169781078 
-4.055424534279593374 
-4.249810933704855742 
-4.445911452381771767 
-4.643734822738952772 
-4.843289802729117355 
-5.044585175864650495 
-5.247629751251414731 
-5.452432363620124178 
-5.659001873361704682 
-5.867347166559923721 
