+2.328644999999999854 
+2.284773509579181017 
+2.241417147231331786 
+2.198572724685877056 
+2.156237064801866943 
+2.114407001550820731 
+2.073079379999569927 
+2.032251056293097324 
+1.991918897637384278 
+1.952079782282249543 
+1.912730599504193219 
+1.873868249589239587 
+1.835489643815779504 
+1.797591704437412119 
+1.760171364665787941 
+1.723225568653452555 
+1.686751271476686798 
+1.650745439118350921 
+1.615205048450726766 
+1.580127087218360593 
+1.545508554020904812 
+1.511346458295961481 
+1.477637820301923810 
+1.444379671100819662 
+1.411569052541153724 
+1.379203017240749896 
+1.347278628569593684 
+1.315792960632675257 
+1.284743098252831617 
+1.254126136953589432 
+1.223939182942006987 
+1.194179353091517459 
+1.164843774924770647 
+1.135929586596476915 
+1.107433936876247582 
+1.079353985131439098 
+1.051686901309995648 
+1.024429865923290439 
+0.997580070028969201 
+0.971134715213792576 
+0.945091013576478733 
+0.919446187710545093 
+0.894197470687152274 
+0.869342106037945594 
+0.844877347737897466 
+0.820800460188150893 
+0.797108718198861199 
+0.773799406972038861 
+0.750869822084391680 
+0.728317269470168505 
+0.706139065403999844 
+0.684332536483742260 
+0.662895019613319869 
+0.641823861985566735 
+0.621116421065070368 
+0.600770064571013007 
+0.580782170460015790 
+0.561150126908979363 
+0.541871332297927388 
+0.522943195192850041 
+0.504363134328545071 
+0.486128578591460414 
+0.468236967002537696 
+0.450685748700053734 
+0.433472382922464039 
+0.416594338991244539 
+0.400049096293734863 
+0.383834144265980060 
+0.367946982375573439 
+0.352385120104500071 
+0.337146076931976957 
+0.322227382317298527 
+0.307626575682677483 
+0.293341206396086296 
+0.279368833754102930 
+0.265707026964749904 
+0.252353365130339569 
+0.239305437230314055 
+0.226560842104090110 
+0.214117188433901262 
+0.201972094727639107 
+0.190123189301696804 
+0.178568110263809920 
+0.167304505495903921 
+0.156330032636929683 
+0.145642359065711435 
+0.135239161883786707 
+0.125118127898249831 
+0.115276953604594112 
+0.105713345169554440 
+0.096425018413950792 
+0.087409698795528179 
+0.078665121391801485 
+0.070189030882898518 
+0.061979181534399519 
+0.054033337180182883 
+0.046349271205265996 
+0.038924766528647847 
+0.031757615586152088 
+0.024845620313269645 
+0.018186592128000001 
+0.011778351913696472 
+0.005618730001904826 
-0.000294433844790110 
-0.005963290449925385 
-0.011389981240314651 
-0.016576638263208210 
-0.021525384203447739 
-0.026238332400625897 
-0.030717586866242375 
-0.034965242300862620 
-0.038983384111274333 
-0.042774088427645740 
-0.046339422120682094 
-0.049681442818783506 
-0.052802198925203214 
-0.055703729635203647 
-0.058388064953214247 
-0.060857225709991525 
-0.063113223579771116 
-0.065158061097430942 
-0.066993731675644597 
-0.068622219622041847 
-0.070045500156363794 
-0.071265539427620261 
-0.072284294531250293 
-0.073103713526274205 
-0.073725735452458530 
-0.074152290347465843 
-0.074385299264017934 
-0.074426674287048744 
-0.074278318550866640 
-0.073942126256306917 
-0.073419982687893182 
-0.072713764230993849 
-0.071825338388976423 
-0.070756563800370653 
-0.069509290256021039 
-0.068085358716246880 
-0.066486601327999217 
-0.064714841442017779 
-0.062771893629987474 
-0.060659563701700669 
-0.058379648722207911 
-0.055933937028980196 
-0.053324208249064586 
-0.050552233316242035 
-0.047619774488185218 
-0.044528585363612372 
-0.041280410899454001 
-0.037876987427999609 
-0.034320042674061302 
-0.030611295772128955 
-0.026752457283529818 
-0.022745229213584128 
-0.018591305028762939 
-0.014292369673846395 
-0.009850099589079342 
-0.005266162727330936 
-0.000542218571252473 
+0.004320081849569224 
+0.009319095941450417 
+0.014453189529451738 
+0.019720736840227904 
+0.025120120484861008 
+0.030649731441708461 
+0.036307969039247823 
+0.042093240938910981 
+0.048003963117936976 
+0.054038559852203516 
+0.060195463699081131 
+0.066473115480266465 
+0.072869964264629328 
+0.079384467351053090 
+0.086015090251279069 
+0.092760306672750481 
+0.099618598501448385 
+0.106588455784742298 
+0.113668376714227470 
+0.120856867608567509 
+0.128152442896343199 
+0.135553625098884911 
+0.143058944813124089 
+0.150666940694428764 
+0.158376159439453268 
+0.166185155768975967 
+0.174092492410740540 
+0.182096740082303032 
+0.190196477473869585 
+0.198390291231147486 
+0.206676775938175350 
+0.215054534100174166 
+0.223522176126389471 
+0.232078320312930853 
+0.240721592825613673 
+0.249450627682807902 
+0.258264066738272735 
+0.267160559664005870 
+0.276138763933081677 
+0.285197344802492481 
+0.294334975296000501 
+0.303550336186966252 
+0.312842115981202706 
+0.322209010899812132 
+0.331649724862029815 
+0.341162969468070232 
+0.350747463981959218 
+0.360401935314389021 
+0.370125118005553810 
+0.379915754207996281 
+0.389772593669441614 
+0.399694393715650520 
+0.409679919233255418 
+0.419727942652607711 
+0.429837243930612845 
+0.440006610533580478 
+0.450234837420063316 
+0.460520727023701948 
+0.470863089236059906 
+0.481260741389481383 
+0.491712508239913859 
+0.502217221949769810 
+0.512773722070754223 
+0.523380855526720312 
+0.534037476596498140 
+0.544742446896750776 
+0.555494635364804923 
+0.566292918241500187 
+0.577136179054032805 
+0.588023308598795813 
+0.598953204924213889 
+0.609924773313606394 
+0.620936926268005118 
+0.631988583489015987 
+0.643078671861648132 
+0.654206125437166719 
+0.665369885415934670 
+0.676568900130242179 
+0.687802125027169753 
+0.699068522651408619 
+0.710367062628128654 
+0.721696721645791239 
+0.733056483439016526 
+0.744445338771416276 
+0.755862285418435587 
+0.767306328150198613 
+0.778776478714348297 
+0.790271755818883870 
+0.801791185115017235 
+0.813333799180009143 
+0.824898637500002030 
+0.836484746452873518 
+0.848091179291083241 
+0.859716996124499255 
+0.871361263903253525 
+0.883023056400580098 
+0.894701454195661050 
+0.906395544656461993 
+0.918104421922575575 
+0.929827186888079638 
+0.941562947184355181 
+0.953310817162942303 
+0.965069917878390138 
+0.976839377071081927 
+0.988618329150089403 
+1.000405915176013849 
+1.012201282843822048 
+1.024003586465700000 
+1.035811986953886210 
+1.047625651803515190 
+1.059443755075466731 
+1.071265477379198972 
+1.083090005855598781 
+1.094916534159821264 
+1.106744262444133931 
+1.118572397340750202 
+1.130400151944688014 
+1.142226745796600218 
+1.154051404865616748 
+1.165873361532199670 
+1.177691854570968033 
+1.189506129133554690 
+1.201315436731444919 
+1.213119035218810371 
+1.224916188775364345 
+1.236706167889201957 
+1.248488249339628542 
+1.260261716180025582 
+1.272025857720673780 
+1.283779969511605890 
+1.295523353325440663 
+1.307255317140235240 
+1.318975175122323984 
+1.330682247609153990 
+1.342375861092146572 
+1.354055348199512787 
+1.365720047679114479 
+1.377369304381311110 
+1.389002469241779503 
+1.400618899264388206 
+1.412217957504002808 
+1.423799013049357853 
+1.435361441005896577 
+1.446904622478593971 
+1.458427944554822053 
+1.469930800287173156 
+1.481412588676319420 
+1.492872714653840083 
+1.504310589065078529 
+1.515725628651972912 
+1.527117256035906978 
+1.538484899700543362 
+1.549827993974679963 
+1.561145979015075236 
+1.572438300789308130 
+1.583704411058604489 
+1.594943767360696985 
+1.606155832992651966 
+1.617340076993713627 
+1.628495974128165269 
+1.639623004868137501 
+1.650720655376492374 
+1.661788417489628467 
+1.672825788700343264 
+1.683832272140681319 
+1.694807376564751777 
+1.705750616331597413 
+1.716661511388022365 
+1.727539587251442965 
+1.738384374992714365 
+1.749195411218997354 
+1.759972238056587646 
+1.770714403133739401 
+1.781421459563555354 
+1.792092965926781023 
+1.802728486254669749 
+1.813327590011839519 
+1.823889852079075391 
+1.834414852736207857 
+1.844902177644949681 
+1.855351417831714089 
+1.865762169670485360 
+1.876134034865655664 
+1.886466620434851471 
+1.896759538691796365 
+1.907012407229144113 
+1.917224848901315504 
+1.927396491807356060 
+1.937526969273755117 
+1.947615919837326182 
+1.957662987228001139 
+1.967667820351717722 
+1.977630073273228817 
+1.987549405198964836 
+1.997425480459869451 
+2.007257968494244871 
+2.017046543830587346 
+2.026790886070429565 
+2.036490679871205245 
+2.046145614929053114 
+2.055755385961699044 
+2.065319692691266251 
+2.074838239827145880 
+2.084310737048808093 
+2.093736898988681983 
+2.103116445214959995 
+2.112449100214469855 
+2.121734593375502964 
+2.130972658970652578 
+2.140163036139683950 
+2.149305468872330316 
+2.158399705991181694 
+2.167445501134499963 
+2.176442612739066362 
+2.185390804023033429 
+2.194289842968752513 
+2.203139502305625275 
+2.211939559492958285 
+2.220689796702774554 
+2.229390000802682792 
+2.238039963338715577 
+2.246639480518153320 
+2.255188353192403294 
+2.263686386839799169 
+2.272133391548472048 
+2.280529181999184640 
+2.288873577448180097 
+2.297166401710012629 
+2.305407483140402114 
+2.313596654619054505 
+2.321733753532546629 
+2.329818621757114183 
+2.337851105641553406 
+2.345831055990006853 
+2.353758328044845527 
+2.361632781469496845 
+2.369454280331284135 
+2.377222693084275029 
+2.384937892552127181 
+2.392599755910918891 
+2.400208164672002820 
+2.407763004664841944 
+2.415264166019859715 
+2.422711543151274238 
+2.430105034739936887 
+2.437444543716199785 
+2.444729977242720675 
+2.451961246697340169 
+2.459138267655897270 
+2.466260959875098191 
+2.473329247275333209 
+2.480343057923533490 
+2.487302324016010591 
+2.494206981861310179 
+2.501056971863026668 
+2.507852238502671138 
+2.514592730322508185 
+2.521278399908386980 
+2.527909203872603872 
+2.534485102836724124 
+2.541006061414443629 
+2.547472048194409311 
+2.553883035723085282 
+2.560239000487575911 
+2.566539922898490644 
+2.572785787272754643 
+2.578976581816473601 
+2.585112298607789239 
+2.591192933579675284 
+2.597218486502832935 
+2.603188960968505050 
+2.609104364371322315 
+2.614964707892132978 
+2.620770006480878767 
+2.626520278839409084 
+2.632215547404340050 
+2.637855838329868252 
+2.643441181470668866 
+2.648971610364670326 
+2.654447162215942235 
+2.659867877877535314 
+2.665233801834307581 
+2.670544982185766969 
+2.675801470628931256 
+2.681003322441152470 
+2.686150596462969276 
+2.691243355080953137 
+2.696281664210537610 
+2.701265593278878718 
+2.706195215207658933 
+2.711070606396004834 
+2.715891846703236467 
+2.720659019431780568 
+2.725372211309982973 
+2.730031512474963673 
+2.734637016455429670 
+2.739188820154579762 
+2.743687023832868110 
+2.748131731090901031 
+2.752523048852273391 
+2.756861087346405448 
+2.761145960091355267 
+2.765377783876706186 
+2.769556678746399658 
+2.773682767981558328 
+2.777756178083341965 
+2.781777038755786080 
+2.785745482888662750 
+2.789661646540273487 
+2.793525668920352700 
+2.797337692372873441 
+2.801097862358910007 
+2.804806327439445468 
+2.808463239258262689 
+2.812068752524749637 
+2.815623024996754431 
+2.819126217463441275 
+2.822578493728084226 
+2.825980020591007502 
+2.829330967832304644 
+2.832631508194777936 
+2.835881817366727731 
+2.839082073964830588 
+2.842232459516941034 
+2.845333158444982580 
+2.848384358047725939 
+2.851386248483727570 
+2.854339022754062594 
+2.857242876685240240 
+2.860098008912030032 
+2.862904620860291516 
+2.865662916729833309 
+2.868373103477235730 
+2.871035390798720499 
+2.873649991112958713 
+2.876217119543966749 
+2.878736993903857844 
+2.881209834675812154 
+2.883635864996788811 
+2.886015310640461351 
+2.888348399999998151 
+2.890635364070985425 
+2.892876436434161924 
+2.895071853238354365 
+2.897221853183269413 
+2.899326677502344740 
+2.901386569945615612 
+2.903401776762515318 
+2.905372546684764856 
+2.907299130909171581 
+2.909181783080517558 
+2.911020759274338232 
+2.912816317979854297 
+2.914568720082705067 
+2.916278228847897225 
+2.917945109902573275 
+2.919569631218899897 
+2.921152063096856821 
+2.922692678147156720 
+2.924191751274006990 
+2.925649559658023424 
+2.927066382739020867 
+2.928442502198844277 
+2.929778201944301053 
+2.931073768089894838 
+2.932329488940751183 
+2.933545654975397543 
+2.934722558828654293 
+2.935860495274432047 
+2.936959761208632891 
+2.938020655631930822 
+2.939043479632649891 
+2.940028536369604595 
+2.940976131054934495 
+2.941886570936954381 
+2.942760165282965357 
+2.943597225362163616 
+2.944398064428412010 
+2.945162997703138608 
+2.945892342358123805 
+2.946586417498403776 
+2.947245544145062901 
+2.947870045218106583 
+2.948460245519278988 
+2.949016471714943854 
+2.949539052318867594 
+2.950028317675149836 
+2.950484599940955910 
+2.950908233069445608 
+2.951299552792589154 
+2.951658896604001381 
+2.951986603741799442 
+2.952283015171404124 
+2.952548473568464615 
+2.952783323301597207 
+2.952987910415340700 
+2.953162582612876452 
+2.953307689238998002 
+2.953423581262821340 
+2.953510611260771412 
+2.953569133399268853 
+2.953599503417722261 
+2.953602078611266890 
+2.953577217813654787 
+2.953525281380059653 
+2.953446631169962089 
+2.953341630530001094 
+2.953210644276731855 
+2.953054038679571391 
+2.952872181443572330 
+2.952665441692303272 
+2.952434189950665644 
+2.952178798127750081 
+2.951899639499672823 
+2.951597088692446746 
+2.951271521664755149 
+2.950923315690880511 
+2.950552849343460515 
+2.950160502476430580 
+2.949746656207756335 
+2.949311692902361060 
+2.948855996154939874 
+2.948379950772762825 
+2.947883942758609876 
+2.947368359293496720 
+2.946833588719639518 
+2.946280020523182497 
+2.945708045317155133 
+2.945118054824181542 
+2.944510441859455430 
+2.943885600313473017 
+2.943243925134982231 
+2.942585812313710303 
+2.941911658863321843 
+2.941221862804145104 
+2.940516823146108294 
+2.939796939871545334 
+2.939062613918029143 
+2.938314247161244008 
+2.937552242397762026 
+2.936777003328013613 
+2.935988934538948936 
+2.935188441487080357 
+2.934375930481147865 
+2.933551808665096683 
+2.932716484000803536 
+2.931870365251040500 
+2.931013861962195044 
+2.930147384447231218 
+2.929271343768414138 
+2.928386151720259178 
+2.927492220812317747 
+2.926589964251990139 
+2.925679795927454308 
+2.924762130390456072 
+2.923837382839125532 
+2.922905969100874302 
+2.921968305615221251 
+2.921024809416601364 
+2.920075898117290514 
+2.919121989890091307 
+2.918163503451387086 
+2.917200858043811351 
+2.916234473419175632 
+2.915264769821267699 
+2.914292167968752789 
+2.913317089037942509 
+2.912339954645698725 
+2.911361186832250869 
+2.910381208044003465 
+2.909400441116478664 
+2.908419309257032737 
+2.907438236027807044 
+2.906457645328484052 
+2.905477961379201002 
+2.904499608703351221 
+2.903523012110428958 
+2.902548596678891091 
+2.901576787739001073 
+2.900608010855612484 
+2.899642691811112005 
+2.898681256588168775 
+2.897724131352620969 
+2.896771742436337060 
+2.895824516320014030 
+2.894882879616072824 
+2.893947259051393939 
+2.893018081450303924 
+2.892095773717337170 
+2.891180762820079408 
+2.890273475772005440 
+2.889374339615367937 
+2.888483781403976103 
+2.887602228186109787 
+2.886730106987299038 
+2.885867844793167603 
+2.885015868532343042 
+2.884174605059247831 
+2.883344481136930426 
+2.882525923419909653 
+2.881719358437083933 
+2.880925212574507732 
+2.880143912058227507 
+2.879375882937142084 
+2.878621551065902118 
+2.877881342087639460 
+2.877155681416904809 
+2.876444994222467688 
+2.875749705410188817 
+2.875070239605783229 
+2.874407021137801443 
+2.873760474020345512 
+2.873131021935917850 
+2.872519088218383310 
+2.871925095835687003 
+2.871349467372762199 
+2.870792625014318311 
+2.870254990527764782 
+2.869736985245949334 
+2.869239030050131589 
+2.868761545352675579 
+2.868304951080017595 
+2.867869666655418648 
+2.867456110981922102 
+2.867064702425038192 
+2.866695858795700325 
+2.866349997333103694 
+2.866027534687490608 
+2.865728886903040618 
+2.865454469400646964 
+2.865204696960899078 
+2.864979983706783528 
+2.864780743086555059 
+2.864607387856637821 
+2.864460330064445337 
+2.864339981031121862 
+2.864246751334613261 
+2.864181050792233396 
+2.864143288443744773 
+2.864133872534016412 
+2.864153210496008128 
+2.864201708933534540 
+2.864279773604079260 
+2.864387809401776064 
+2.864526220340114726 
+2.864695409534808945 
+2.864895779186659386 
+2.865127730564434927 
+2.865391663987653992 
+2.865687978809434266 
+2.866017073399357962 
+2.866379345126361500 
+2.866775190341403157 
+2.867205004360553477 
+2.867669181447630944 
+2.868168114797122303 
+2.868702196517054048 
+2.869271817611828368 
+2.869877367964999593 
+2.870519236322162993 
+2.871197810273824924 
+2.871913476238233454 
+2.872666619444119718 
+2.873457623913684422 
+2.874286872445397822 
+2.875154746596754851 
+2.876061626667294924 
+2.877007891681208740 
+2.877993919370427811 
+2.879020086157242808 
+2.880086767137351345 
+2.881194336062533168 
+2.882343165323546508 
+2.883533625933049738 
+2.884766087508369381 
+2.886040918254312082 
+2.887358484946018766 
+2.888719152911940036 
+2.890123286016458071 
+2.891571246642954840 
+2.893063395676463756 
+2.894600092486606435 
+2.896181694910454851 
+2.897808559235342862 
+2.899481040181621339 
+2.901199490885733923 
+2.902964262882764768 
+2.904775706089510745 
+2.906634168787235240 
+2.908539997604484562 
+2.910493537500004280 
+2.912495131745512111 
+2.914545121908567182 
+2.916643847835439285 
+2.918791647633919961 
+2.920988857656112714 
+2.923235812481435936 
+2.925532844899265683 
+2.927880285891954149 
+2.930278464617530165 
+2.932727708392688815 
+2.935228342675456847 
+2.937780691048153869 
+2.940385075200278031 
+2.943041814911212750 
+2.945751228033145708 
+2.948513630473907909 
+2.951329336179835838 
+2.954198657118549232 
+2.957121903261878071 
+2.960099382568595949 
+2.963131400967417228 
+2.966218262339653577 
+2.969360268502258648 
+2.972557719190443315 
+2.975810912040765643 
+2.979120142573750574 
+2.982485704176844443 
+2.985907888087277584 
+2.989386983374906492 
+2.992923276924894793 
+2.996517053420813870 
+3.000168595327266985 
+3.003878182872854463 
+3.007646094033001205 
+3.011472604512721141 
+3.015357987729604616 
+3.019302514796439851 
+3.023306454504347762 
+3.027370073305336806 
+3.031493635295383626 
+3.035677402197040742 
+3.039921633342494545 
+3.044226585656321316 
+3.048592513638284984 
+3.053019669346227705 
+3.057508302378971532 
+3.062058659858976739 
+3.066670986415390487 
+3.071345524166785967 
+3.076082512704011229 
+3.080882189073055333 
+3.085744787757851437 
+3.090670540663165156 
+3.095659677097390095 
+3.100712423755511260 
+3.105829004701711415 
+3.111009641352450394 
+3.116254552459154059 
+3.121563954091209681 
+3.126938059618630916 
+3.132377079695003452 
+3.137881222240324508 
+3.143450692423769510 
+3.149085692646737211 
+3.154786422525346801 
+3.160553078873646449 
+3.166385855686213002 
+3.172284944121135819 
+3.178250532482722601 
+3.184282806204480565 
+3.190381947831823606 
+3.196548137005045920 
+3.202781550442092229 
+3.209082361921402615 
+3.215450742264759132 
+3.221886859320181706 
+3.228390877944632198 
+3.234962959987033759 
+3.241603264271053941 
+3.248311946577715936 
+3.255089159628736795 
+3.261935053068874435 
+3.268849773449060248 
+3.275833464209086276 
+3.282886265660620584 
+3.290008314969853576 
+3.297199746140488941 
+3.304460689996509437 
+3.311791274165050591 
+3.319191623059261964 
+3.326661857861028082 
+3.334202096503990909 
+3.341812453656290760 
+3.349493040703449775 
+3.357243965731068869 
+3.365065333507958556 
+3.372957245468671594 
+3.380919799696605832 
+3.388953090906575483 
+3.397057210428023666 
+3.405232246187401834 
+3.413478282691469801 
+3.421795401009795512 
+3.430183678757760646 
+3.438643190079386791 
+3.447174005630144755 
+3.455776192559854021 
+3.464449814495451641 
+3.473194931523879259 
+3.482011600174831578 
+3.490899873403854770 
+3.499859800574865787 
+3.508891427443280975 
+3.517994796138501634 
+3.527169945147301533 
+3.536416909296018041 
+3.545735719733958735 
+3.555126403915896294 
+3.564588985585015912 
+3.574123484755866720 
+3.583729917696989453 
+3.593408296913903843 
+3.603158631131966327 
+3.612980925279101196 
+3.622875180468748013 
+3.632841393982719325 
+3.642879559253765720 
+3.652989665848993095 
+3.663171699451956975 
+3.673425641846238321 
+3.683751470897770552 
+3.694149160537903320 
+3.704618680746150972 
+3.715159997533216796 
+3.725773072923536766 
+3.736457864938392603 
+3.747214327578622495 
+3.758042410807537870 
+3.768942060533702065 
+3.779913218593670798 
+3.790955822735168290 
+3.802069806599488899 
+3.813255099704795814 
+3.824511627428523575 
+3.835839310990641682 
+3.847238067436049569 
+3.858707809617917484 
+3.870248446180041935 
+3.881859881540031587 
+3.893542015872007767 
+3.905294745089504360 
+3.917117960828245593 
+3.929011550428988642 
+3.940975396920478158 
+3.953009379002152546 
+3.965113371027048750 
+3.977287242984631543 
+3.989530860483764485 
+4.001844084735187046 
+4.014226772534875920 
+4.026678776246374269 
+4.039199943784101521 
+4.051790118595727463 
+4.064449139645484266 
+4.077176841396622287 
+4.089973053794428992 
+4.102837602249167048 
+4.115770307618686452 
+4.128770986191399039 
+4.141839449669173945 
+4.154975505150058090 
+4.168178955111111250 
+4.181449597391473816 
+4.194787225174867906 
+4.208191626972785926 
+4.221662586606973022 
+4.235199883192692027 
+4.248803291121067360 
+4.262472580042473425 
+4.276207514848857194 
+4.290007855656948976 
+4.303873357791040632 
+4.317803771765561294 
+4.331798843268322763 
+4.345858313143052598 
+4.359981917372440563 
+4.374169387060760528 
+4.388420448416954223 
+4.402734822737233600 
+4.417112226388285379 
+4.431552370789552775 
+4.446054962396759791 
+4.460619702684068599 
+4.475246288127463501 
+4.489934410187322200 
+4.504683755291282843 
+4.519494004817141253 
+4.534364835075708200 
+4.549295917293544989 
+4.564286917595989479 
+4.579337496989843714 
+4.594447311346112173 
+4.609616011383260492 
+4.624843242649482988 
+4.640128645506201188 
+4.655471855110187462 
+4.670872501397095533 
+4.686330209063758190 
+4.701844597551469995 
+4.717415281028368490 
+4.733041868372662719 
+4.748723963155370598 
+4.764461163623059825 
+4.780253062680762000 
+4.796099247874884952 
+4.811999301375875504 
+4.827952799961206409 
+4.843959314998272703 
+4.860018412426923007 
+4.876129652742850595 
+4.892292590979705480 
+4.908506776692765250 
+4.924771753940936136 
+4.941087061270434511 
+4.957452231696780842 
+4.973866792688339977 
+4.990330266148880867 
+5.006842168400243764 
+5.023402010165636256 
+5.040009296551913209 
+5.056663527032940308 
+5.073364195432127133 
+5.090110789905427424 
+5.106902792923820655 
+5.123739681256895828 
+5.140620925954773490 
+5.157545992331841411 
+5.174514339948827590 
+5.191525422596201977 
+5.208578688276640278 
+5.225673579188141460 
+5.242809531706704718 
+5.259985976369254246 
+5.277202337856452985 
+5.294458034975473737 
+5.311752480643017194 
+5.329085081867974694 
+5.346455239734371645 
+5.363862349384096007 
+5.381305800000035333 
+5.398784974788458868 
+5.416299250962362422 
+5.433847999723759870 
+5.451430586247172805 
+5.469046369661883844 
+5.486694703035103871 
+5.504374933354709398 
+5.522086401512149578 
+5.539828442285154253 
+5.557600384320852349 
+5.575401550118252558 
+5.593231256011314656 
+5.611088812151858285 
+5.628973522492033865 
+5.646884684767725204 
+5.664821590480855207 
+5.682783524882621506 
+5.700769766956014450 
+5.718779589399104246 
+5.736812258607169923 
+5.754867034656424352 
+5.772943171286055275 
+5.791039915881712297 
+5.809156509457800155 
+5.827292186640767646 
+5.845446175651697551 
+5.863617698289150582 
+5.881805969912209164 
+5.900010199422995427 
+5.918229589249885514 
+5.936463335329998259 
+5.954710627092444142 
+5.972970647440554615 
+5.991242572735516525 
+6.009525572778505520 
+6.027818810793960758 
+6.046121443412166840 
+6.064432620652331352 
+6.082751485905280475 
+6.101077175916339357 
+6.119408820768123647 
+6.137745543863495357 
+6.156086461908309104 
+6.174430684894143262 
+6.192777316081630623 
+6.211125451982518086 
+6.229474182343359701 
+6.247822590127565689 
+6.266169751498985363 
+6.284514735804028085 
+6.302856605555133385 
+6.321194416413232986 
+6.339527217170718210 
+6.357854049734227964 
+6.376173949107674765 
+6.394485943374780490 
+6.412789053682193874 
+6.431082294222108864 
+6.449364672215312844 
+6.467635187894059001 
+6.485892834484388025 
+6.504136598189814933 
+6.522365458173452701 
+6.540578386541318956 
+6.558774348324656778 
+6.576952301463660611 
+6.595111196789137153 
+6.613249978006461305 
+6.631367581677621637 
+6.649462937204667412 
+6.667534966811911268 
+6.685582585529503241 
+6.703604701175597036 
+6.721600214339540358 
+6.739568018364809454 
+6.757506999331453379 
+6.775416036039598744 
+6.793293999991274923 
+6.811139755374540528 
+6.828952159045093673 
+6.846730060510036964 
+6.864472301910081953 
+6.882177718002853162 
+6.899845136145561497 
+6.917473376277605723 
+6.935061250903795660 
+6.952607565077038920 
+6.970111116381229266 
+6.987570694913746827 
+7.004985083269036572 
+7.022353056520615588 
+7.039673382204533425 
+7.056944820301766619 
+7.074166123221726998 
+7.091336035784035374 
+7.108453295202555644 
+7.125516631067340789 
+7.142524765327832093 
+7.159476412275774138 
+7.176370278528025892 
+7.193205063009078692 
+7.209979456934365594 
+7.226692143792860179 
+7.243341799329860997 
+7.259927091529948306 
+7.276446680599915062 
+7.292899218951427009 
+7.309283351183841759 
+7.325597714067350275 
+7.341840936525342975 
+7.358011639617926036 
+7.374108436523840737 
+7.390129932524224010 
+7.406074724984950564 
+7.421941403339457288 
+7.437728549071929152 
+7.453434735699702607 
+7.469058528756489679 
+7.484598485774891508 
+7.500053156269685495 
+7.515421081719922292 
+7.530700795552831117 
+7.545890823125406932 
+7.560989681708554677 
+7.575995880468713750 
+7.590907920451856583 
+7.605724294565219701 
+7.620443487560901730 
+7.635063976018562570 
+7.649584228328041746 
+7.664002704672415511 
+7.678317857010701353 
+7.692528129060831610 
+7.706631956282420148 
+7.720627765859755520 
+7.734513976684054271 
+7.748288999337250793 
+7.761951236074039251 
+7.775499080805261976 
+7.788930919080193860 
+7.802245128070073754 
+7.815440076550204118 
+7.828514124883342085 
+7.841465625002433271 
+7.854292920393176836 
+7.866994346077353484 
+7.879568228595046797 
+7.892012885988154203 
+7.904326627782715775 
+7.916507754972071709 
+7.928554559999253293 
+7.940465326740656415 
+7.952238330487809037 
+7.963871837931484343 
+7.975364107143066761 
+7.986713387558815214 
+7.997917919961611943 
+8.008975936464366896 
+8.019885660492949597 
+8.030645306768690261 
+8.041253081291184657 
+8.051707181321605233 
+8.062005795365074334 
+8.072147103153746173 
+8.082129275629643672 
+8.091950474927060100 
+8.101608854356559419 
+8.111102558386065198 
+8.120429722625603475 
+8.129588473808489368 
+8.138576929775574342 
+8.147393199456681501 
+8.156035382854863514 
+8.164501571028072391 
+8.172789846072788578 
+8.180898281106490089 
+8.188824940250519546 
+8.196567878612972535 
+8.204125142271822213 
+8.211494768257090016 
+8.218674784534151456 
+8.225663209986919355 
+8.232458054399746317 
+8.239057318441343369 
+8.245458993646398227 
+8.251661062399932689 
+8.257661497918407534 
+8.263458264234383677 
+8.269049316177747855 
+8.274432599359622387 
+8.279606050154685093 
+8.284567595684340091 
+8.289315153799151403 
+8.293846633062230467 
+8.298159932731497435 
+8.302252942742848418 
+8.306123543693171740 
+8.309769606822644761 
+8.313188993998339882 
+8.316379557695976033 
+8.319339140984229886 
+8.322065577505860290 
+8.324556691462280611 
+8.326810297595105936 
+8.328824201169576114 
+8.330596197957248705 
+8.332124074218835830 
+8.333405606687341205 
+8.334438562550335661 
+8.335220699433275371 
+8.335749765382249876 
+8.336023498846678592 
+8.336039628661904288 
+8.335795874033102848 
+8.335289944516580007 
+8.334519540004230009 
+8.333482350704688457 
+8.332176057128018343 
+8.330598330066615986 
+8.328746830579792260 
+8.326619209975351765 
+8.324213109793388909 
+8.321526161788147746 
+8.318555987911825156 
+8.315300200296775301 
+8.311756401238628911 
+8.307922183179119457 
+8.303795128688538085 
+8.299372810449453297 
+8.294652791238389611 
+8.289632623910131670 
+8.284309851378655054 
+8.278682006601908228 
+8.272746612563402380 
+8.266501182255453273 
+8.259943218662161968 
+8.253070214741860866 
+8.245879653410423060 
+8.238369007523747456 
+8.230535739860791011 
+8.222377303106355839 
+8.213891139834014865 
+8.205074682488479709 
+8.195925353369528210 
+8.186440564613238990 
+8.176617718176775185 
+8.166454205819192680 
+8.155947409086227395 
+8.145094699291309581 
+8.133893437500050894 
+8.122340974511885747 
+8.110434650843405535 
+8.098171796711341131 
+8.085549732015049784 
+8.072565766319598879 
+8.059217198838634744 
+8.045501318416945935 
+8.031415403513278761 
+8.016956722184069406 
+8.002122532065147453 
+7.986910080354812536 
+7.971316603797419020 
+7.955339328665333554 
+7.938975470742364315 
+7.922222235306390914 
+7.905076817111739373 
+7.887536400373237555 
+7.869598158747715289 
+7.851259255317638797 
+7.832516842573702398 
+7.813368062397931801 
+7.793810046046002249 
+7.773839914130563855 
+7.753454776603829757 
+7.732651732740884576 
+7.711427871121288469 
+7.689780269613731178 
+7.667705995357184889 
+7.645202104744972971 
+7.622265643406812785 
+7.598893646192320439 
+7.575083137153085566 
+7.550831129526107688 
+7.526134625716490945 
+7.500990617280245409 
+7.475396084907138139 
+7.449347998403460736 
+7.422843316675018066 
+7.395878987709910923 
+7.368451948561348885 
+7.340559125330460510 
+7.312197433149234982 
+7.283363776163248815 
+7.254055047514678556 
+7.224268129325078114 
+7.193999892677900299 
+7.163247197602083283 
+7.132006893054113839 
+7.100275816901119086 
+7.068050795904022188 
+7.035328645700033690 
+7.002106170785463490 
+6.968380164499031970 
+6.934147409004041585 
+6.899404675271807008 
+6.864148723064249502 
+6.828376300916263908 
+6.792084146119674593 
+6.755268984705202762 
+6.717927531425393894 
+6.680056489737927983 
+6.641652551787747605 
+6.602712398390700343 
+6.563232699015732585 
+6.523210111768094954 
+6.482641283371862073 
+6.441522849153438202 
+6.399851433023338032 
+6.357623647460313165 
+6.314836093492761648 
+6.271485360683167976 
+6.227568027109196436 
+6.183080659348256347 
+6.138019812458873403 
+6.092382029964779733 
+6.046163843836901641 
+5.999361774476227538 
+5.951972330697214097 
+5.903992009710228750 
+5.855417297104550833 
+5.806244666830785661 
+5.756470581184414570 
+5.706091490788065101 
+5.655103834574765287 
+5.603504039770487388 
+5.551288521876928783 
+5.498453684655009610 
+5.444995920106295628 
+5.390911608457679804 
+5.336197118142823825 
+5.280848805785804956 
+5.224863016183232567 
+5.168236082287911870 
+5.110964325190936464 
+5.053044054105112259 
+4.994471566347229441 
+4.935243147321822121 
+4.875355070502889632 
+4.814803597417384395 
+4.753584977627993702 
+4.691695448715949901 
+4.629131236263930305 
+4.565888553838360231 
+4.501963602973374279 
+4.437352573152590907 
+4.372051641792331189 
+4.306056974224896194 
+4.239364723680493441 
+4.171971031270848229 
+4.103872025971978310 
+4.035063824606481830 
+3.965542531826756978 
+3.895304240098371729 
+3.824345029681547103 
+3.752660968615651349 
+3.680248112700469143 
+3.607102505480531462 
+3.533220178226395447 
+3.458597149919018676 
+3.383229427231440489 
+3.307113004512350241 
+3.230243863768472945 
+3.152617974647581534 
+3.074231294421625016 
+2.995079767968856999 
+2.915159327757446128 
+2.834465893827926575 
+2.752995373776100596 
+2.670743662735767465 
+2.587706643361725956 
+2.503880185812804360 
+2.419260147734301647 
+2.333842374240656881 
+2.247622697899056110 
+2.160596938711970783 
+2.072760904099413271 
+1.984110388882708076 
+1.894641175266523758 
+1.804349032822318621 
+1.713229718470858920 
+1.621278976464943788 
+1.528492538372699494 
+1.434866123060006604 
+1.340395436673576857 
+1.245076172623787780 
+1.148904011567198236 
+1.051874621389835340 
+0.953983657190010437 
+0.855226761260260870 
+0.755599563072075542 
+0.655097679256709364 
+0.553716713589225806 
+0.451452256970902965 
+0.348299887412303999 
+0.244255170016101530 
+0.139313656959628496 
+0.033470887477855538 
-0.073277612153260563 
-0.180936328634914823 
-0.289509761661605580 
-0.399002423939149864 
-0.509418841201332295 
-0.620763552226726301 
-0.733041108857124257 
-0.846256076013340852 
-0.960413031713071241 
-1.075516567087512421 
-1.191571286399545126 
-1.308581807059683300 
-1.426552759644043711 
-1.545488787911159623 
-1.665394548819335352 
-1.786274712543562515 
-1.908133962492831515 
-2.030976995327258727 
-2.154808520975226571 
-2.279633262650787806 
-2.405455956870089729 
-2.532281353469734597 
-2.660114215622752631 
-2.788959319856332719 
-2.918821456068916298 
-3.049705427547324987 
-3.181616050984025001 
-3.314558156494091357 
-3.448536587632559325 
-3.583556201411294495 
-3.719621868316623114 
-3.856738472325824674 
