+4.039814999999999934 
+3.947042170025301999 
+3.855336346093777955 
+3.764691342236818450 
+3.675100992519381826 
+3.586559151011055491 
+3.499059691757118618 
+3.412596508749603963 
+3.327163515898360124 
+3.242754647002116908 
+3.159363855719541814 
+3.076985115540308513 
+2.995612419756154665 
+2.915239781431947286 
+2.835861233376743229 
+2.757470828114852779 
+2.680062637856900132 
+2.603630754470889208 
+2.528169289453262802 
+2.453672373899965287 
+2.380134158477506645 
+2.307548813394023846 
+2.235910528370343542 
+2.165213512611043889 
+2.095451994775516802 
+2.026620222949031103 
+1.958712464613794779 
+1.891723006620015912 
+1.825646155156968042 
+1.760476235724048877 
+1.696207593101845212 
+1.632834591323195195 
+1.570351613644248800 
+1.508753062515531873 
+1.448033359553007937 
+1.388186945509141790 
+1.329208280243959095 
+1.271091842696110863 
+1.213832130853936153 
+1.157423661726522557 
+1.101860971314770232 
+1.047138614582452831 
+0.993251165427282423 
+0.940193216651968644 
+0.887959379935282289 
+0.836544285803119347 
+0.785942583599560152 
+0.736148941457934747 
+0.687158046271885148 
+0.638964603666423159 
+0.591563337969000180 
+0.544948992180561476 
+0.499116327946616423 
+0.454060125528295000 
+0.409775183773412266 
+0.366256320087530174 
+0.323498370405022939 
+0.281496189160133525 
+0.240244649258041676 
+0.199738642045923953 
+0.159973077284014220 
+0.120942883116670341 
+0.082643006043431999 
+0.045068410890086508 
+0.008214080779729294 
-0.027924982896172956 
-0.063353760506719148 
-0.098077214210516850 
-0.132100287984609821 
-0.165427907653422857 
-0.198064980917701305 
-0.230016397383441706 
-0.261287028590833970 
-0.291881728043200006 
-0.321805331235926140 
-0.351062655685406177 
-0.379658500957976486 
-0.407597648698854620 
-0.434884862661074401 
-0.461524888734429872 
-0.487522454974402386 
-0.512882271631109887 
-0.537609031178236663 
-0.561707408341974634 
-0.585182060129957549 
-0.608037625860204045 
-0.630278727190048293 
-0.651909968145087504 
-0.672935935148106346 
-0.693361197048026234 
-0.713190305148837744 
-0.732427793238539238 
-0.751078177618072829 
-0.769145957130263902 
-0.786635613188760630 
-0.803551609806966383 
-0.819898393626981914 
-0.835680393948539546 
-0.850902022757946241 
-0.865567674757011574 
-0.879681727391999679 
-0.893248540882551012 
-0.906272458250632518 
-0.918757805349465606 
-0.930708890892474550 
-0.942130006482216231 
-0.953025426639313444 
-0.963399408831406845 
-0.973256193502080258 
-0.982600004099805524 
-0.991435047106873135 
-0.999765512068337969 
-1.007595571620950814 
-1.014929381522095220 
-1.021771080678734123 
-1.028124791176337816 
-1.033994618307825242 
-1.039384650602499072 
-1.044298959854991438 
-1.048741601154191905 
-1.052716612912189653 
-1.056228016893209443 
-1.059279818242554683 
-1.061876005515536292 
-1.064020550706414880 
-1.065717409277342931 
-1.066970520187291882 
-1.067783805921000528 
-1.068161172517904767 
-1.068106509601076226 
-1.067623690406170667 
-1.066716571810347070 
-1.065388994361219588 
-1.063644782305791736 
-1.061487743619391466 
-1.058921670034608020 
-1.055950337070237666 
-1.052577504060211666 
-1.048806914182537575 
-1.044642294488236978 
-1.040087355930285895 
-1.035145793392546310 
-1.029821285718711898 
-1.024117495741235118 
-1.018038070310276488 
-1.011586640322632569 
-1.004766820750678136 
-0.997582210671303038 
-0.990036393294856154 
-0.982132935994067147 
-0.973875390333000190 
-0.965267292095981944 
-0.956312161316544618 
-0.947013502306362831 
-0.937374803684183355 
-0.927399538404779733 
-0.917091163787871366 
-0.906453121547071916 
-0.895488837818822603 
-0.884201723191334388 
-0.872595172733521274 
-0.860672566023940711 
-0.848437267179725119 
-0.835892624885534730 
-0.823041972422474011 
-0.809888627697042729 
-0.796435893270078132 
-0.782687056385674040 
-0.768645389000139900 
-0.754314147810924318 
-0.739696574285557240 
-0.724795894690585918 
-0.709615320120511761 
-0.694158046526741401 
-0.678427254746498676 
-0.662426110531779244 
-0.646157764578296323 
-0.629625352554398887 
-0.612831995130015628 
-0.595780798005598022 
-0.578474851941058077 
-0.560917232784698960 
-0.543111001502153634 
-0.525059204205337693 
-0.506764872181356019 
-0.488231021921474273 
-0.469460655150033546 
-0.450456758853399641 
-0.431222305308892828 
-0.411760252113733571 
-0.392073542213973170 
-0.372165103933434160 
-0.352037851002651614 
-0.331694682587801992 
-0.311138483319647108 
-0.290372123322476305 
-0.269398458243031769 
-0.248220329279453367 
-0.226840563210221724 
-0.205261972423085304 
-0.183487354944000813 
-0.161519494466073610 
-0.139361160378498106 
-0.117015107795486628 
-0.094484077585216930 
-0.071770796398765491 
-0.048877976699034598 
-0.025808316789717622 
-0.002564500844198569 
+0.020850801065472879 
+0.044434932939671601 
+0.068185252822240194 
+0.092099132771564562 
+0.116173958831632174 
+0.140407131003090768 
+0.164796063214311506 
+0.189338183292458329 
+0.214030932934544449 
+0.238871767678486613 
+0.263858156874194894 
+0.288987583654594538 
+0.314257544906728636 
+0.339665551242793740 
+0.365209126971210996 
+0.390885810067688855 
+0.416693152146282220 
+0.442628718430464030 
+0.468690087724174642 
+0.494874852382895192 
+0.521180618284704966 
+0.547605004801335671 
+0.574145644769251451 
+0.600800184460700493 
+0.627566283554775506 
+0.654441615108485752 
+0.681423865527802430 
+0.708510734538743581 
+0.735699935158415919 
+0.762989193666087306 
+0.790376249574259671 
+0.817858855599698842 
+0.845434777634531898 
+0.873101794717295210 
+0.900857699003982493 
+0.928700295739138149 
+0.956627403226896877 
+0.984636852802053486 
+1.012726488801110047 
+1.040894168533372799 
+1.069137762251990864 
+1.097455153125002525 
+1.125844237206429455 
+1.154302923407333648 
+1.182829133466862803 
+1.211420801923316581 
+1.240075876085230622 
+1.268792316002405052 
+1.297568094436999608 
+1.326401196834569696 
+1.355289621295153513 
+1.384231378544305446 
+1.413224491904179647 
+1.442266997264589179 
+1.471356943054071387 
+1.500492390210929727 
+1.529671412154324006 
+1.558892094755318869 
+1.588152536307931850 
+1.617450847500237820 
+1.646785151385379287 
+1.676153583352669951 
+1.705554291098632991 
+1.734985434598074860 
+1.764445186075141780 
+1.793931729974388212 
+1.823443262931844444 
+1.852977993746048657 
+1.882534143349146927 
+1.912109944777934167 
+1.941703643144925273 
+1.971313495609405386 
+2.000937771348513916 
+2.030574751528289479 
+2.060222729274727271 
+2.089880009644862202 
+2.119544909597817384 
+2.149215757965864615 
+2.178890895425490193 
+2.208568674468474491 
+2.238247459372919135 
+2.267925626174331022 
+2.297601562636691686 
+2.327273668223504011 
+2.356940354068857602 
+2.386600042948501255 
+2.416251169250892339 
+2.445892178948268381 
+2.475521529567703105 
+2.505137690162166031 
+2.534739141281611818 
+2.564324374944004781 
+2.593891894606389137 
+2.623440215135977027 
+2.652967862781189901 
+2.682473375142718552 
+2.711955301144600483 
+2.741412201005272831 
+2.770842646208624860 
+2.800245219475076652 
+2.829618514732638257 
+2.858961137087976390 
+2.888271702797457152 
+2.917548839238214065 
+2.946791184879241854 
+2.975997389252428960 
+3.005166112923603805 
+3.034296027463633472 
+3.063385815419485958 
+3.092434170285252470 
+3.121439796473250983 
+3.150401409285057852 
+3.179317734882613600 
+3.208187510259226549 
+3.237009483210679939 
+3.265782412306275972 
+3.294505066859902520 
+3.323176226901117580 
+3.351794683146134268 
+3.380359236969005643 
+3.408868700372559069 
+3.437321895959555285 
+3.465717656903712918 
+3.494054826920757861 
+3.522332260239504187 
+3.550548821572922620 
+3.578703386089170380 
+3.606794839382708506 
+3.634822077445301058 
+3.662784006637126666 
+3.690679543657818140 
+3.718507615517526510 
+3.746267159507975730 
+3.773957123173572903 
+3.801576464282371060 
+3.829124150797256210 
+3.856599160846911900 
+3.884000482696913892 
+3.911327114720815512 
+3.938578065371180603 
+3.965752353150643561 
+3.992849006583004456 
+4.019867064184245997 
+4.046805574433653518 
+4.073663595744798194 
+4.100440196436689000 
+4.127134454704760813 
+4.153745458591984629 
+4.180272305959897849 
+4.206714104459700287 
+4.233069971503280016 
+4.259339034234288945 
+4.285520429499231732 
+4.311613303818501386 
+4.337616813357414003 
+4.363530123897349178 
+4.389352410806740323 
+4.415082859012154692 
+4.440720662969382282 
+4.466265026634475888 
+4.491715163434810698 
+4.517070296240176752 
+4.542329657333765702 
+4.567492488383349425 
+4.592558040412237474 
+4.617525573770390857 
+4.642394358105470964 
+4.667163672333915159 
+4.691832804611969721 
+4.716401052306808062 
+4.740867721967500614 
+4.765232129296189889 
+4.789493599119056810 
+4.813651465357442483 
+4.837705070998886470 
+4.861653768068189052 
+4.885496917598466382 
+4.909233889602254486 
+4.932864063042496028 
+4.956386825803713592 
+4.979801574662942265 
+5.003107715260877164 
+5.026304662072934804 
+5.049391838380261177 
+5.072368676240870400 
+5.095234616460617261 
+5.117989108564342082 
+5.140631610766885906 
+5.163161589944162522 
+5.185578521604223390 
+5.207881889858332336 
+5.230071187392008270 
+5.252145915436075896 
+5.274105583737775937 
+5.295949710531797194 
+5.317677822511309493 
+5.339289454799092560 
+5.360784150918550317 
+5.382161462764768700 
+5.403420950575612558 
+5.424562182902786134 
+5.445584736582836705 
+5.466488196708296776 
+5.487272156598707262 
+5.507936217771654874 
+5.528479989913878789 
+5.548903090852329356 
+5.569205146525199268 
+5.589385790953007138 
+5.609444666209661534 
+5.629381422393498369 
+5.649195717598410660 
+5.668887217884808649 
+5.688455597250760221 
+5.707900537603052271 
+5.727221728728201455 
+5.746418868263535984 
+5.765491661668301404 
+5.784439822194681113 
+5.803263070858844408 
+5.821961136412062032 
+5.840533755311702713 
+5.858980671692368247 
+5.877301637336909579 
+5.895496411647460633 
+5.913564761616599164 
+5.931506461798298879 
+5.949321294279059202 
+5.967009048648955094 
+5.984569521972691319 
+6.002002518760646055 
+6.019307850939990878 
+6.036485337825688191 
+6.053534806091592557 
+6.070456089741485428 
+6.087249030080202239 
+6.103913475684598744 
+6.120449282374673672 
+6.136856313184638090 
+6.153134438333941247 
+6.169283535198342605 
+6.185303488281002515 
+6.201194189183516059 
+6.216955536576990404 
+6.232587436173083972 
+6.248089800695089124 
+6.263462549849007743 
+6.278705610294570860 
+6.293818915616387066 
+6.308802406294827136 
+6.323656029677312773 
+6.338379739949232317 
+6.352973498105039418 
+6.367437271919312636 
+6.381771035917823909 
+6.395974771348583943 
+6.410048466152986180 
+6.423992114936719844 
+6.437805718940948552 
+6.451489286013329050 
+6.465042830579124100 
+6.478466373612161711 
+6.491759942606011080 
+6.504923571544957817 
+6.517957300875142579 
+6.530861177475547841 
+6.543635254629091236 
+6.556279591993744660 
+6.568794255573479290 
+6.581179317689423769 
+6.593434856950921130 
+6.605560958226494250 
+6.617557712615066201 
+6.629425217416869742 
+6.641163576104621491 
+6.652772898294498916 
+6.664253299717287859 
+6.675604902189336443 
+6.686827833583745218 
+6.697922227801328177 
+6.708888224741732742 
+6.719725970274464721 
+6.730435616209964778 
+6.741017320270701774 
+6.751471246062181741 
+6.761797563044019910 
+6.771996446501072242 
+6.782068077514391113 
+6.792012642932358624 
+6.801830335341726652 
+6.811521353038717308 
+6.821085899999991931 
+6.830524185853833252 
+6.839836425851098411 
+6.849022840836354931 
+6.858083657218920770 
+6.867019106943898166 
+6.875829427463319377 
+6.884514861707060618 
+6.893075658054096166 
+6.901512070303397195 
+6.909824357645067749 
+6.918012784631415002 
+6.926077621147950225 
+6.934019142384579837 
+6.941837628806464267 
+6.949533366125296929 
+6.957106645270240364 
+6.964557762358964510 
+6.971887018668852853 
+6.979094720607877278 
+6.986181179685830855 
+6.993146712485277305 
+6.999991640632658552 
+7.006716290769333000 
+7.013320994522690199 
+7.019806088477164252 
+7.026171914145274755 
+7.032418817938782318 
+7.038547151139651348 
+7.044557269871160265 
+7.050449535068966433 
+7.056224312452154201 
+7.061881972494286508 
+7.067422890394535528 
+7.072847446048628584 
+7.078156024019992998 
+7.083349013510824577 
+7.088426808333107232 
+7.093389806879688564 
+7.098238412095355443 
+7.102973031447886498 
+7.107594076899138358 
+7.112101964876019089 
+7.116497116241673027 
+7.120779956266501287 
+7.124950914599171625 
+7.129010425237709114 
+7.132958926500615249 
+7.136796860997855596 
+7.140524675601916726 
+7.144142821419015021 
+7.147651753759893367 
+7.151051932111146314 
+7.154343820106152663 
+7.157527885496106634 
+7.160604600121176055 
+7.163574439881545075 
+7.166437884708381389 
+7.169195418535021957 
+7.171847529267964205 
+7.174394708757922956 
+7.176837452770987724 
+7.179176260959510891 
+7.181411636833370693 
+7.183544087730869165 
+7.185574124789864570 
+7.187502262918883389 
+7.189329020768093770 
+7.191054920700348241 
+7.192680488762406732 
+7.194206254655812316 
+7.195632751708110675 
+7.196960516843718736 
+7.198190090555247167 
+7.199322016874308616 
+7.200356843342717639 
+7.201295120983582265 
+7.202137404272224153 
+7.202884251107446900 
+7.203536222782323861 
+7.204093883955524191 
+7.204557802622256091 
+7.204928550085308636 
+7.205206700926189534 
+7.205392832976101225 
+7.205487527287036897 
+7.205491368102908467 
+7.205404942830528903 
+7.205228842010631851 
+7.204963659289105316 
+7.204609991387892265 
+7.204168438076091974 
+7.203639602141098663 
+7.203024089359537641 
+7.202322508468451900 
+7.201535471136286226 
+7.200663591933937013 
+7.199707488305922887 
+7.198667780541303074 
+7.197545091744828483 
+7.196340047807996854 
+7.195053277380116796 
+7.193685411839332744 
+7.192237085263712970 
+7.190708934402332275 
+7.189101598646225000 
+7.187415719999693309 
+7.185651943051062140 
+7.183810914943981274 
+7.181893285348360578 
+7.179899706431452699 
+7.177830832828965058 
+7.175687321616090131 
+7.173469832278502878 
+7.171179026683581981 
+7.168815569051309566 
+7.166380125925437383 
+7.163873366144446031 
+7.161295960812774197 
+7.158648583271697952 
+7.155931909070545771 
+7.153146615937573394 
+7.150293383751304077 
+7.147372894511290653 
+7.144385832309432693 
+7.141332883300779422 
+7.138214735674917932 
+7.135032079626657087 
+7.131785607327453924 
+7.128476012896258318 
+7.125103992370566353 
+7.121670243677588275 
+7.118175466605284996 
+7.114620362773376172 
+7.111005635604469077 
+7.107331990295032043 
+7.103600133786605042 
+7.099810774736647900 
+7.095964623489827261 
+7.092062392048951835 
+7.088104794046044432 
+7.084092544713389117 
+7.080026360854715151 
+7.075906960816121583 
+7.071735064457102204 
+7.067511393121796992 
+7.063236669609996632 
+7.058911618147970302 
+7.054536964359890305 
+7.050113435238657189 
+7.045641759117003744 
+7.041122665638610556 
+7.036556885729090993 
+7.031945151567213337 
+7.027288196555659283 
+7.022586755292467231 
+7.017841563541774796 
+7.013053358205071142 
+7.008222877292189068 
+7.003350859892309543 
+6.998438046145218472 
+6.993485177212100723 
+6.988492995246858186 
+6.983462243367037026 
+6.978393665624787801 
+6.973288006978225262 
+6.968146013262183303 
+6.962968431159469063 
+6.957756008171874562 
+6.952509492591214979 
+6.947229633470355381 
+6.941917180594426640 
+6.936572884451704724 
+6.931197496204730690 
+6.925791767661531040 
+6.920356451246353124 
+6.914892299971077350 
+6.909400067406060053 
+6.903880507651252607 
+6.898334375307273447 
+6.892762425446472108 
+6.887165413583954177 
+6.881544095648749249 
+6.875899227954690218 
+6.870231567171669163 
+6.864541870296557491 
+6.858830894624408536 
+6.853099397719338626 
+6.847348137385735001 
+6.841577871639277220 
+6.835789358677961225 
+6.829983356853190912 
+6.824160624640912332 
+6.818321920612500975 
+6.812468003406054962 
+6.806599631697174857 
+6.800717564170305707 
+6.794822559489693603 
+6.788915376270281854 
+6.782996773049108086 
+6.777067508255999684 
+6.771128340184985106 
+6.765180026965067484 
+6.759223326531499154 
+6.753258996596652963 
+6.747287794621280810 
+6.741310477785422250 
+6.735327802959538701 
+6.729340526675553491 
+6.723349405097966525 
+6.717355193994769991 
+6.711358648708791286 
+6.705360524128392008 
+6.699361574658757590 
+6.693362554193036829 
+6.687364216083157231 
+6.681367313111064021 
+6.675372597459727331 
+6.669380820684189359 
+6.663392733682728775 
+6.657409086667712472 
+6.651430629136910078 
+6.645458109844371464 
+6.639492276771543189 
+6.633533877098416909 
+6.627583657174424658 
+6.621642362489576605 
+6.615710737645659201 
+6.609789526327116249 
+6.603879471272083634 
+6.597981314243666517 
+6.592095796000779551 
+6.586223656269382332 
+6.580365633713483930 
+6.574522465906015967 
+6.568694889300234152 
+6.562883639200589592 
+6.557089449733700448 
+6.551313053819639798 
+6.545555183142878874 
+6.539816568123239193 
+6.534097937887217711 
+6.528400020238803059 
+6.522723541630682575 
+6.517069227135314335 
+6.511437800415743382 
+6.505829983697038799 
+6.500246497737126816 
+6.494688061797880607 
+6.489155393616170109 
+6.483649209374997113 
+6.478170223674517558 
+6.472719149503070923 
+6.467296698208317096 
+6.461903579468192937 
+6.456540501262043819 
+6.451208169841860851 
+6.445907289702785370 
+6.440638563554916374 
+6.435402692293842541 
+6.430200374971803967 
+6.425032308768978240 
+6.419899188964272696 
+6.414801708906408884 
+6.409740559985364072 
+6.404716431602754056 
+6.399730011143610398 
+6.394781983946986159 
+6.389873033277090997 
+6.385003840294427135 
+6.380175084026986632 
+6.375387441340939709 
+6.370641586912073606 
+6.365938193196615913 
+6.361277930402407854 
+6.356661466459973653 
+6.352089466993517064 
+6.347562595291918797 
+6.343081512280114076 
+6.338646876489772097 
+6.334259344030508387 
+6.329919568561139798 
+6.325628201260278693 
+6.321385890797948548 
+6.317193283306284712 
+6.313051022350661512 
+6.308959748900837994 
+6.304920101301960678 
+6.300932715245565419 
+6.296998223740816414 
+6.293117257085468097 
+6.289290442836714234 
+6.285518405782820395 
+6.281801767913451684 
+6.278141148391268800 
+6.274537163522934335 
+6.270990426729893485 
+6.267501548519668120 
+6.264071136456951905 
+6.260699795134355483 
+6.257388126143981211 
+6.254136728048083071 
+6.250946196350120942 
+6.247817123466110623 
+6.244750098695521778 
+6.241745708192235398 
+6.238804534935805890 
+6.235927158702414985 
+6.233114156035846065 
+6.230366100218905245 
+6.227683561243903654 
+6.225067105784253485 
+6.222517297165358841 
+6.220034695335480812 
+6.217619856837032444 
+6.215273334777640102 
+6.212995678801034316 
+6.210787435058275463 
+6.208649146178675693 
+6.206581351241062805 
+6.204584585744566283 
+6.202659381580065912 
+6.200806267000640304 
+6.199025766593488029 
+6.197318401250147879 
+6.195684688138024754 
+6.194125140671402185 
+6.192640268482444199 
+6.191230577392185630 
+6.189896569381859948 
+6.188638742563481010 
+6.187457591151482639 
+6.186353605433497549 
+6.185327271741073218 
+6.184379072421580581 
+6.183509485808450279 
+6.182718986192596411 
+6.182008043793539187 
+6.181377124730441430 
+6.180826690992793360 
+6.180357200412252894 
+6.179969106632805520 
+6.179662859082515780 
+6.179438902944241363 
+6.179297679126871223 
+6.179239624236129380 
+6.179265170546121233 
+6.179374745969778537 
+6.179568774030382627 
+6.179847673832543187 
+6.180211860033024251 
+6.180661742812040949 
+6.181197727844464751 
+6.181820216270278223 
+6.182529604666401113 
+6.183326285017239243 
+6.184210644685800062 
+6.185183066385089745 
+6.186243928148746463 
+6.187393603302449918 
+6.188632460434600802 
+6.189960863367838684 
+6.191379171129767656 
+6.192887737924141156 
+6.194486913101956205 
+6.196177041132397534 
+6.197958461574015310 
+6.199831509045695910 
+6.201796513197917804 
+6.203853798683550913 
+6.206003685128855807 
+6.208246487105231637 
+6.210582514099332485 
+6.213012070484653648 
+6.215535455492685379 
+6.218152963183612769 
+6.220864882417668440 
+6.223671496826055360 
+6.226573084782112133 
+6.229569919372162090 
+6.232662268366899738 
+6.235850394192198110 
+6.239134553900257174 
+6.242514999140738041 
+6.245991976131443302 
+6.249565725630082724 
+6.253236482904798166 
+6.257004477705182310 
+6.260869934233822320 
+6.264833071116793661 
+6.268894101375161121 
+6.273053232395923828 
+6.277310665902655629 
+6.281666597927460849 
+6.286121218781143050 
+6.290674713024817066 
+6.295327259440592016 
+6.300079031003154029 
+6.304930194850156155 
+6.309880912253895247 
+6.314931338592026933 
+6.320081623318570152 
+6.325331909935410835 
+6.330682335962816154 
+6.336133032910860052 
+6.341684126250344278 
+6.347335735383826005 
+6.353087973616796447 
+6.358940948128886106 
+6.364894759944231595 
+6.370949503903588607 
+6.377105268634458923 
+6.383362136522769958 
+6.389720183683518684 
+6.396179479932316170 
+6.402740088755539460 
+6.409402067282826465 
+6.416165466256763317 
+6.423030330004490196 
+6.429996696409198798 
+6.437064596880350820 
+6.444234056325241156 
+6.451505093120227130 
+6.458877719081312918 
+6.466351939435413421 
+6.473927752791649226 
+6.481605151112018071 
+6.489384119682716445 
+6.497264637085233829 
+6.505246675167066783 
+6.513330199013250166 
+6.521515166917062345 
+6.529801530351273087 
+6.538189233939345257 
+6.546678215425783876 
+6.555268405648315699 
+6.563959728508031333 
+6.572752100940750353 
+6.581645432888215907 
+6.590639627269199607 
+6.599734579949892321 
+6.608930179716022479 
+6.618226308243350786 
+6.627622840068294607 
+6.637119642559833999 
+6.646716575890318168 
+6.656413493005802096 
+6.666210239598658660 
+6.676106654076844116 
+6.686102567536142516 
+6.696197803730996156 
+6.706392179045303159 
+6.716685502463807467 
+6.727077575542848464 
+6.737568192381473864 
+6.748157139592958487 
+6.758844196275513028 
+6.769629133982728142 
+6.780511716695976965 
+6.791491700794463071 
+6.802568835026434613 
+6.813742860480521024 
+6.825013510556868113 
+6.836380510937452470 
+6.847843579558411164 
+6.859402426579832124 
+6.871056754357520724 
+6.882806257413941253 
+6.894650622409146834 
+6.906589528111998888 
+6.918622645371286239 
+6.930749637086465853 
+6.942970158178961348 
+6.955283855563516582 
+6.967690368118334199 
+6.980189326657153082 
+6.992780353900029056 
+7.005463064443778087 
+7.018237064733900965 
+7.031101953035249430 
+7.044057319402789119 
+7.057102745653470066 
+7.070237805336299530 
+7.083462063704335065 
+7.096775077685042454 
+7.110176395851742548 
+7.123665558394443487 
+7.137242097091339943 
+7.150905535279040492 
+7.164655387824565125 
+7.178491161095974959 
+7.192412352933251540 
+7.206418452619580250 
+7.220508940852655044 
+7.234683289714913812 
+7.248940962645913366 
+7.263281414411984827 
+7.277704091078520676 
+7.292208429979813111 
+7.306793859691328663 
+7.321459799999921358 
+7.336205661875496276 
+7.351030847441277771 
+7.365934749945624027 
+7.380916753733133717 
+7.395976234214725054 
+7.411112557840022319 
+7.426325082067220862 
+7.441613155335049079 
+7.456976117033494944 
+7.472413297474635563 
+7.487924017863859305 
+7.503507590271529359 
+7.519163317602625796 
+7.534890493569481151 
+7.550688402661830168 
+7.566556320117588719 
+7.582493511894938365 
+7.598499234642940081 
+7.614572735672101800 
+7.630713252926199175 
+7.646920014952769407 
+7.663192240874302286 
+7.679529140360036088 
+7.695929913595636052 
+7.712393751255241625 
+7.728919834472661954 
+7.745507334811613021 
+7.762155414237310147 
+7.778863225087749633 
+7.795629910044096889 
+7.812454602102315349 
+7.829336424544253603 
+7.846274490908008659 
+7.863267904959756471 
+7.880315760664840852 
+7.897417142157935110 
+7.914571123715015588 
+7.931776769724159237 
+7.949033134656321664 
+7.966339263037073515 
+7.983694189416662645 
+8.001096938341808240 
+8.018546524327128111 
+8.036041951824818952 
+8.053582215197184979 
+8.071166298686890173 
+8.088793176387879313 
+8.106461812217307994 
+8.124171159885939630 
+8.141920162869048738 
+8.159707754377851785 
+8.177532857330938043 
+8.195394384324199422 
+8.213291237603055350 
+8.231222309032906637 
+8.249186480070084926 
+8.267182621733731196 
+8.285209594575619008 
+8.303266248652429127 
+8.321351423495936928 
+8.339463948084279821 
+8.357602640813610151 
+8.375766309468545501 
+8.393953751192942292 
+8.412163752461854216 
+8.430395089052201030 
+8.448646526013050106 
+8.466916817638193038 
+8.485204707436258431 
+8.503508928101316755 
+8.521828201485433851 
+8.540161238568224178 
+8.558506739428384691 
+8.576863393215802489 
+8.595229878120825617 
+8.613604861346590980 
+8.631986999079774847 
+8.650374936461322051 
+8.668767307558059798 
+8.687162735333412655 
+8.705559831618526090 
+8.723957197083120008 
+8.742353421207313957 
+8.760747082251377549 
+8.779136747228228899 
+8.797520971873826312 
+8.815898300617350358 
+8.834267266554459042 
+8.852626391416180240 
+8.870974185540493551 
+8.889309147845192882 
+8.907629765795867627 
+8.925934515379466916 
+8.944221861074495905 
+8.962490255821469631 
+8.980738140995303098 
+8.998963946375461376 
+9.017166090116461419 
+9.035342978720745322 
+9.053493007008103888 
+9.071614558087038205 
+9.089706003326931238 
+9.107765702327551338 
+9.125792002890850796 
+9.143783240992698680 
+9.161737740752325720 
+9.179653814405021706 
+9.197529762272104392 
+9.215363872732442729 
+9.233154422193708299 
+9.250899675063003258 
+9.268597883717612618 
+9.286247288477358808 
+9.303846117574627428 
+9.321392587124920581 
+9.338884901099781644 
+9.356321251296289887 
+9.373699817307805660 
+9.391018766497190029 
+9.408276253965379254 
+9.425470422523567038 
+9.442599402665399211 
+9.459661312535349253 
+9.476654257902104916 
+9.493576332128977668 
+9.510425616144191352 
+9.527200178413099962 
+9.543898074908778284 
+9.560517349082211069 
+9.577056031835162742 
+9.593512141490052159 
+9.609883683760326534 
+9.626168651723824965 
+9.642365025791182376 
+9.658470773678640597 
+9.674483850378884142 
+9.690402198131149447 
+9.706223746393598972 
+9.721946411813508604 
+9.737568098198291722 
+9.753086696487240914 
+9.768500084722152366 
+9.783806128018047943 
+9.799002678534758815 
+9.814087575448333212 
+9.829058644920820598 
+9.843913700072649320 
+9.858650540953167507 
+9.873266954510913962 
+9.887760714567100706 
+9.902129581783295720 
+9.916371303634821999 
+9.930483614381770963 
+9.944464235038974920 
+9.958310873347750558 
+9.972021223746843077 
+9.985592967343052351 
+9.999023771883623013 
+10.012311291725639606 
+10.025453167807945931 
+10.038447027622380503 
+10.051290485184434687 
+10.063981141004187947 
+10.076516582058264504 
+10.088894381759494934 
+10.101112099929107302 
+10.113167282767840049 
+10.125057462825665766 
+10.136780158974428190 
+10.148332876378397316 
+10.159713106464373311 
+10.170918326894490491 
+10.181946001535841617 
+10.192793580432045530 
+10.203458499774447077 
+10.213938181873270850 
+10.224230035127749971 
+10.234331453998734673 
+10.244239818978456924 
+10.253952496561858254 
+10.263466839218724047 
+10.272780185362737626 
+10.281889859324225611 
+10.290793171321077182 
+10.299487417428613512 
+10.307969879551791337 
+10.316237825396205707 
+10.324288508438211664 
+10.332119167897245049 
+10.339727028706034773 
+10.347109301481491883 
+10.354263182496870499 
+10.361185853651830868 
+10.367874482443584228 
+10.374326221938815706 
+10.380538210743502248 
+10.386507572974505109 
+10.392231418231588691 
+10.397706841566488833 
+10.402930923455922851 
+10.407900729771697002 
+10.412613311751034217 
+10.417065705969793754 
+10.421254934311757978 
+10.425178003939375770 
+10.428831907266754797 
+10.432213621929141922 
+10.435320110754160439 
+10.438148321733571322 
+10.440695187994048609 
+10.442957627767007978 
+10.444932544362384164 
+10.446616826137194778 
+10.448007346466678058 
+10.449100963718182200 
+10.449894521218080712 
+10.450384847226395379 
+10.450568754906111479 
+10.450443042293967366 
+10.450004492272725543 
+10.449249872541843231 
+10.448175935586903051 
+10.446779418653779459 
+10.445057043717422829 
+10.443005517452373709 
+10.440621531207042949 
+10.437901760971017850 
+10.434842867347741802 
+10.431441495527355556 
+10.427694275253866607 
+10.423597820799807678 
+10.419148730935734903 
+10.414343588900219828 
+10.409178962373591304 
+10.403651403446758650 
+10.397757448593035079 
+10.391493618639509933 
+10.384856418737612671 
+10.377842338334112071 
+10.370447851142804652 
+10.362669415115091098 
+10.354503472410964804 
+10.345946449370744702 
+10.336994756485175628 
+10.327644788366484363 
+10.317892923721450060 
+10.307735525319426273 
+10.297168939965519741 
+10.286189498471337345 
+10.274793515624997653 
+10.262977290163583177 
+10.250737104743826933 
+10.238069225911463178 
+10.224969904075667415 
+10.211435373477014465 
+10.197461852159555917 
+10.183045541943268830 
+10.168182628392688827 
+10.152869280789190043 
+10.137101652103375216 
+10.120875878963184746 
+10.104188081627581752 
+10.087034363956377092 
+10.069410813381143299 
+10.051313500877176565 
+10.032738480934170866 
+10.013681791526090947 
+9.994139454084471907 
+9.974107473468073692 
+9.953581837933356269 
+9.932558519107308470 
+9.911033471957679808 
+9.889002634762260158 
+9.866461929084065829 
+9.843407259738235382 
+9.819834514764693267 
+9.795739565400788607 
+9.771118266049384715 
+9.745966454252034339 
+9.720279950659747925 
+9.694054559002957205 
+9.667286066064150418 
+9.639970241647642268 
+9.612102838551344064 
+9.583679592537421854 
+9.554696222304196240 
+9.525148429455329691 
+9.495031898473346388 
+9.464342296689032707 
+9.433075274252459508 
+9.401226464105636893 
+9.368791481951170397 
+9.335765926225747080 
+9.302145378069269555 
+9.267925401297048893 
+9.233101542370373949 
+9.197669330368361429 
+9.161624276957265778 
+9.124961876363641977 
+9.087677605343959186 
+9.049766923156447262 
+9.011225271531547065 
+8.972048074643396376 
+8.932230739080310400 
+8.891768653817932133 
+8.850657190186570489 
+8.808891701845114497 
+8.766467524752378893 
+8.723379977135483188 
+8.679624359463666394 
+8.635195954418112052 
+8.590090026862657879 
+8.544301823815477093 
+8.497826574420692225 
+8.450659489917722311 
+8.402795763614065550 
+8.354230570855651905 
+8.304959068996950577 
+8.254976397374802488 
+8.204277677276202496 
+8.152858011911167324 
+8.100712486384008315 
+8.047836167663128037 
+7.994224104553229182 
+7.939871327666217837 
+7.884772849391229244 
+7.828923663867120908 
+7.772318746953033042 
+7.714953056198174508 
+7.656821530815324017 
+7.597919091650245704 
+7.538240641152441412 
+7.477781063347478607 
+7.416535223807668942 
+7.354497969621696996 
+7.291664129368342628 
+7.228028513085320128 
+7.163585912240709064 
+7.098331099705604608 
+7.032258829722831450 
+6.965363837879972486 
+6.897640841079106799 
+6.829084537508220976 
+6.759689606613144441 
+6.689450709067545020 
+6.618362486743960105 
+6.546419562685812821 
+6.473616541077735320 
+6.399948007216597290 
+6.325408527482984766 
+6.249992649312380522 
+6.173694901164870963 
+6.096509792498235214 
+6.018431813737914027 
+5.939455436247563114 
+5.859575112301309119 
+5.778785275053813564 
+5.697080338511967490 
+5.614454697505686376 
+5.530902727659063878 
+5.446418785360991777 
+5.360997207737885795 
+5.274632312621329255 
+5.187318398523087737 
+5.099049744604131185 
+5.009820610644953653 
+4.919625237018800057 
+4.828457844660863252 
+4.736312635039450214 
+4.643183790129808308 
+4.549065472380144470 
+4.453951824687302441 
+4.357836970366256502 
+4.260715013119910743 
+4.162580037011599288 
+4.063426106436677898 
+3.963247266091089571 
+3.862037540945262304 
+3.759790936213592172 
+3.656501437325847537 
+3.552163009897726820 
+3.446769599704203824 
+3.340315132645720553 
+3.232793514725485373 
+3.124198632015735111 
+3.014524350630633620 
+2.903764516697692866 
+2.791912956327428752 
+2.678963475586013665 
+2.564909860465576230 
+2.449745876854836801 
+2.333465270511101419 
+2.216061767030789831 
+2.097529071820292579 
+1.977860870067343235 
+1.857050826712825842 
+1.735092586419331173 
+1.611979773546432071 
+1.487705992117533071 
+1.362264825791763556 
+1.235649837839102538 
+1.107854571105102881 
+0.978872547986818997 
+0.848697270401991055 
+0.717322219759704449 
+0.584740856932294939 
+0.450946622226846561 
+0.315932935354482858 
+0.179693195403422212 
+0.042220780808392977 
-0.096490950677186937 
-0.236448662010130484 
-0.377659036887606270 
-0.520128779775278716 
-0.663864615935095159 
-0.808873291456713162 
-0.955161573284559751 
-1.102736249246691003 
-1.251604128085948453 
-1.401772039485718935 
-1.553246834101035034 
-1.706035383587528820 
-1.860144580628817934 
-2.015581338966552671 
-2.172352593430020740 
-2.330465299963436543 
-2.489926435655728021 
-2.650742998770462933 
-2.812922008771590932 
-2.976470506356890589 
-3.141395553484223058 
-3.307704233399062943 
-3.475403650667165500 
-3.644500931200558291 
-3.815003222287448814 
-3.986917692621948284 
-4.160251532331304070 
-4.335011953006115526 
-4.511206187729322359 
