+5.003280000000000172 
+4.880662263660853206 
+4.759502055400330889 
+4.639790399089087636 
+4.521518348875727789 
+4.404676989142111587 
+4.289257434458667362 
+4.175250829539695729 
+4.062648349198680009 
+3.951441198303593083 
+3.841620611732208257 
+3.733177854327403900 
+3.626104220852474747 
+3.520391035946437874 
+3.416029654079341782 
+3.313011459507574585 
+3.211327866229173988 
+3.110970317939131924 
+3.011930287984704968 
+2.914199279320722979 
+2.817768824464896404 
+2.722630485453124027 
+2.628775853794802497 
+2.536196550428133634 
+2.444884225675432621 
+2.354830559198437978 
+2.266027259953616202 
+2.178466066147473512 
+2.092138745191861826 
+2.007037093659289173 
+1.923152937238224780 
+1.840478130688409486 
+1.759004557796164825 
+1.678724131329698110 
+1.599628792994414628 
+1.521710513388220498 
+1.444961291956838423 
+1.369373156949107440 
+1.294938165372297778 
+1.221648402947415502 
+1.149495984064512477 
+1.078473051737993682 
+1.008571777561924954 
+0.939784361665343404 
+0.872103032667562950 
+0.805520047633483394 
+0.740027692028901285 
+0.675618279675812339 
+0.612284152707727181 
+0.550017681524971103 
+0.488811264749999808 
+0.428657329182704494 
+0.369548329755718719 
+0.311476749489727922 
+0.254435099448779845 
+0.198415918695586946 
+0.143411774246843038 
+0.089415261028521265 
+0.036419001831194286 
-0.015584352734670404 
-0.066602124283392072 
-0.116641606698771660 
-0.165710066178786697 
-0.213814741280280884 
-0.260962842963651021 
-0.307161554637550793 
-0.352418032203566156 
-0.396739404100924453 
-0.440132771351170682 
-0.482605207602873065 
-0.524163759176302868 
-0.564815445108134639 
-0.604567257196133134 
-0.643426160043847339 
-0.681399091105300947 
-0.718492960729686381 
-0.754714652206055270 
-0.790071021808007146 
-0.824568898838388797 
-0.858215085673976752 
-0.891016357810175741 
-0.922979463905708286 
-0.954111125827307838 
-0.984418038694408359 
-1.013906870923835690 
-1.042584264274505124 
-1.070456833892100335 
-1.097531168353782505 
-1.123813829712871915 
-1.149311353543534864 
-1.174030248985487468 
-1.197976998788679026 
-1.221158059357988712 
-1.243579860797914272 
-1.265248806957260719 
-1.286171275473841469 
-1.306353617819159041 
-1.325802159343111519 
-1.344523199318664375 
-1.362523010986559591 
-1.379807841599999030 
-1.396383912469339350 
-1.412257419006781589 
-1.427434530771064303 
-1.441921391512153150 
-1.455724119215938472 
-1.468848806148918662 
-1.481301518902899517 
-1.493088298439684714 
-1.504215160135758289 
-1.514688093826991100 
-1.524513063853324191 
-1.533696009103456603 
-1.542242843059550950 
-1.550159453841908785 
-1.557451704253675295 
-1.564125431825523549 
-1.570186448860347639 
-1.575640542477960260 
-1.580493474659773412 
-1.584750982293502197 
-1.588418777217849076 
-1.591502546267196117 
-1.594007951316299021 
-1.595940629324978488 
-1.597306192382810686 
-1.598110227753822166 
-1.598358297921177673 
-1.598055940631871508 
-1.597208668941425991 
-1.595821971258576610 
-1.593901311389962494 
-1.591452128584831094 
-1.588479837579708231 
-1.584989828643110776 
-1.580987467620228237 
-1.576478095977615901 
-1.571467030847882640 
-1.565959565074392934 
-1.559960967255948461 
-1.553476481791486563 
-1.546511328924768947 
-1.539070704789072153 
-1.531159781451883362 
-1.522783706959587313 
-1.513947605382166550 
-1.504656576857878569 
-1.494915697637963170 
-1.484730020131328487 
-1.474104572949234360 
-1.463044360949997902 
-1.451554365283679537 
-1.439639543436769920 
-1.427304829276887510 
-1.414555133097469053 
-1.401395341662462712 
-1.387830318251016770 
-1.373864902702170987 
-1.359503911459552405 
-1.344752137616069376 
-1.329614350958589597 
-1.314095298012649238 
-1.298199702087135421 
-1.281932263318972254 
-1.265297658717830842 
-1.248300542210798447 
-1.230945544687093829 
-1.213237274042739067 
-1.195180315225259804 
-1.176779230278379273 
-1.158038558386703443 
-1.138962815920421257 
-1.119556496479988006 
-1.099824070940824683 
-1.079769987497999573 
-1.059398671710936490 
-1.038714526548090156 
-1.017721932431636667 
-0.996425247282185289 
-0.974828806563457384 
-0.952936923326975993 
-0.930753888256754536 
-0.908283969713999717 
-0.885531413781795784 
-0.862500444309810099 
-0.839195262958952526 
-0.815620049246107648 
-0.791778960588791492 
-0.767676132349866869 
-0.743315677882230297 
-0.718701688573487374 
-0.693838233890677891 
-0.668729361424922786 
-0.643379096936166128 
-0.617791444397821188 
-0.591970386041493768 
-0.565919882401654029 
-0.539643872360344723 
-0.513146273191863678 
-0.486430980607453378 
-0.459501868800000324 
-0.432362790488720172 
-0.405017576963846437 
-0.377470038131342278 
-0.349723962557570545 
-0.321783117513985140 
-0.293651249021849026 
-0.265332081896888283 
-0.236829319794015447 
-0.208146645252006657 
-0.179287719738188578 
-0.150256183693154632 
-0.121055656575420834 
-0.091689736906149122 
-0.062162002313811193 
-0.032476009578923382 
-0.002635294678681177 
+0.027356627168298786 
+0.057496261457329112 
+0.087780134352916761 
+0.118204792644099221 
+0.148766803699753147 
+0.179462755423893228 
+0.210289256210976383 
+0.241242934901235273 
+0.272320440735938085 
+0.303518443312754904 
+0.334833632541020165 
+0.366262718597070602 
+0.397802431879521912 
+0.429449522964624464 
+0.461200762561522204 
+0.493052941467581718 
+0.525002870523713305 
+0.557047380569668071 
+0.589183322399323472 
+0.621407566716031035 
+0.653717004087897458 
+0.686108544903111017 
+0.718579119325228000 
+0.751125677248513313 
+0.783745188253202052 
+0.816434641560855212 
+0.849191045989644344 
+0.882011429909645983 
+0.914892841198186701 
+0.947832347195117109 
+0.980827034658145358 
+1.013874009718128466 
+1.046970397834386723 
+1.080113343750001675 
+1.113300011447151849 
+1.146527584102386754 
+1.179793264041968381 
+1.213094272697147424 
+1.246427850559487016 
+1.279791257136180249 
+1.313181770905344603 
+1.346596689271332803 
+1.380033328520033464 
+1.413489023774207265 
+1.446961128948765829 
+1.480447016706083030 
+1.513944078411326721 
+1.547449724087733181 
+1.580961382371950830 
+1.614476500469311127 
+1.647992544109170066 
+1.681506997500203049 
+1.715017363285699759 
+1.748521162498896775 
+1.782015934518269340 
+1.815499237022840884 
+1.848968645947508094 
+1.882421755438321576 
+1.915856177807813587 
+1.949269543490299128 
+1.982659500997183688 
+2.016023716872288762 
+2.049359875647118301 
+2.082665679796223746 
+2.115938849692458046 
+2.149177123562316272 
+2.182378257441245584 
+2.215540025128921009 
+2.248660218144594047 
+2.281736645682382214 
+2.314767134566570128 
+2.347749529206933250 
+2.380681691554022539 
+2.413561501054513503 
+2.446386854606460659 
+2.479155666514670120 
+2.511865868445935401 
+2.544515409384403348 
+2.577102255586858348 
+2.609624390538032301 
+2.642079814905911483 
+2.674466546497052288 
+2.706782620211875212 
+2.739026087999999692 
+2.771195018815519440 
+2.803287498572333725 
+2.835301630099452463 
+2.867235533096271549 
+2.899087344087960094 
+2.930855216380674921 
+2.962537320016927378 
+2.994131841730879984 
+3.025636984903650184 
+3.057050969518606998 
+3.088372032116707189 
+3.119598425751783477 
+3.150728419945844294 
+3.181760300644427275 
+3.212692370171821743 
+3.243522947186489702 
+3.274250366636279441 
+3.304872979713762149 
+3.335389153811585405 
+3.365797272477695223 
+3.396095735370730395 
+3.426282958215269847 
+3.456357372757167035 
+3.486317426718867019 
+3.516161583754688458 
+3.545888323406140685 
+3.575496141057266541 
+3.604983547889881734 
+3.634349070838941653 
+3.663591252547818033 
+3.692708651323656444 
+3.721699841092608541 
+3.750563411355173571 
+3.779297967141551418 
+3.807902128966869526 
+3.836374532786556379 
+3.864713829951638147 
+3.892918687163994473 
+3.920987786431756383 
+3.948919825024506114 
+3.976713515428711432 
+4.004367585302917476 
+4.031880777433125118 
+4.059251849688058300 
+4.086479574974528184 
+4.113562741192696492 
+4.140500151191339739 
+4.167290622723295535 
+4.193932988400630002 
+4.220426095650001486 
+4.246768806668002938 
+4.272959998376395063 
+4.298998562377505550 
+4.324883404909425799 
+4.350613446801441242 
+4.376187623429237838 
+4.401604884670264894 
+4.426864194859041923 
+4.451964532742441527 
+4.476904891434998035 
+4.501684278374277426 
+4.526301715276067839 
+4.550756238089824990 
+4.575046896953852027 
+4.599172756150708530 
+4.623132894062456089 
+4.646926403126020233 
+4.670552389788412029 
+4.694009974462166390 
+4.717298291480499728 
+4.740416489052736715 
+4.763363729219562082 
+4.786139187808355011 
+4.808742054388470244 
+4.831171532226571586 
+4.853426838241899688 
+4.875507202961657072 
+4.897411870476239493 
+4.919140098394573890 
+4.940691157799423472 
+4.962064333202731881 
+4.983258922500852783 
+5.004274236929908248 
+5.025109601021147121 
+5.045764352556142640 
+5.066237842522171242 
+5.086529435067490112 
+5.106638507456715992 
+5.126564450026022790 
+5.146306666138509733 
+5.165864572139541977 
+5.185237597311985525 
+5.204425183831586033 
+5.223426786722209947 
+5.242241873811197550 
+5.260869925684686699 
+5.279310435642848631 
+5.297562909655273877 
+5.315626866316234711 
+5.333501836800000007 
+5.351187364816185621 
+5.368683006564961779 
+5.385988330692511816 
+5.403102918246177389 
+5.420026362629902117 
+5.436758269559456735 
+5.453298257017764605 
+5.469645955210204136 
+5.485801006520008016 
+5.501763065463405766 
+5.517531798645066488 
+5.533106884713346219 
+5.548488014315636541 
+5.563674890053609268 
+5.578667226438579263 
+5.593464749846800643 
+5.608067198474786075 
+5.622474322294550575 
+5.636685883009029396 
+5.650701654007294295 
+5.664521420319890588 
+5.678144978574140467 
+5.691572136949472949 
+5.704802715132748503 
+5.717836544273447785 
+5.730673466939144589 
+5.743313337070763858 
+5.755756019937766865 
+5.768001392093620616 
+5.780049341331022994 
+5.791899766637256697 
+5.803552578149444585 
+5.815007697109864537 
+5.826265055821350458 
+5.837324597602421505 
+5.848186276742787015 
+5.858850058458540566 
+5.869315918847481051 
+5.879583844844439078 
+5.889653834176522551 
+5.899525895318556756 
+5.909200047448294413 
+5.918676320401742075 
+5.927954754628463441 
+5.937035401146887104 
+5.945918321499643611 
+5.954603587708833246 
+5.963091282231370194 
+5.971381497914282299 
+5.979474337950001939 
+5.987369915831646239 
+5.995068355308459829 
+6.002569790340913869 
+6.009874365056170120 
+6.016982233703381588 
+6.023893560608939879 
+6.030608520131810479 
+6.037127296618810313 
+6.043450084359948349 
+6.049577087543819509 
+6.055508520212686818 
+6.061244606218037845 
+6.066785579175691723 
+6.072131682421307630 
+6.077283168965459836 
+6.082240301449131081 
+6.087003352098976805 
+6.091572602682582271 
+6.095948344463797852 
+6.100130878158108061 
+6.104120513887777655 
+6.107917571137381429 
+6.111522378708908576 
+6.114935274677248067 
+6.118156606345304560 
+6.121186730199513981 
+6.124026011864969199 
+6.126674826060861889 
+6.129133556555666829 
+6.131402596122624615 
+6.133482346494838922 
+6.135373218320772537 
+6.137075631119414787 
+6.138590013235692311 
+6.139916801795701318 
+6.141056442662042869 
+6.142009390389204349 
+6.142776108178702898 
+6.143357067834562812 
+6.143752749718526474 
+6.143963642705360328 
+6.143990244138245238 
+6.143833059784007844 
+6.143492603788407003 
+6.142969398631543676 
+6.142263975083128713 
+6.141376872157688460 
+6.140308637070029718 
+6.139059825190402719 
+6.137631000000020265 
+6.136022733046039512 
+6.134235603897244538 
+6.132270200099060986 
+6.130127117128964187 
+6.127806958351854405 
+6.125310334975283766 
+6.122637866004796869 
+6.119790178199192354 
+6.116767906025889268 
+6.113571691616205506 
+6.110202184720719742 
+6.106660042664490362 
+6.102945930302423605 
+6.099060519974520034 
+6.095004491461327056 
+6.090778531939051277 
+6.086383335935005690 
+6.081819605282898777 
+6.077088049078098742 
+6.072189383632915494 
+6.067124332432003442 
+6.061893626087670128 
+6.056498002295100491 
+6.050938205787614876 
+6.045214988292194391 
+6.039329108484592368 
+6.033281331944679415 
+6.027072431111919926 
+6.020703185240360078 
+6.014174380354230465 
+6.007486809203094857 
+6.000641271217265427 
+5.993638572463002134 
+5.986479525597807161 
+5.979164949825952924 
+5.971695670853542914 
+5.964072520843860303 
+5.956296338372773391 
+5.948367968384029147 
+5.940288262144510334 
+5.932058077199551249 
+5.923678277328220609 
+5.915149732498743873 
+5.906473318823654672 
+5.897649918515257106 
+5.888680419840781610 
+5.879565717077790410 
+5.870306710469555433 
+5.860904306180184875 
+5.851359416250001111 
+5.841672958550932826 
+5.831845856741754375 
+5.821879040223349122 
+5.811773444094163743 
+5.801530009105354324 
+5.791149681616112765 
+5.780633413549103317 
+5.769982162345768550 
+5.759196890921353784 
+5.748278567620630497 
+5.737228166172812394 
+5.726046665647144707 
+5.714735050408164874 
+5.703294310070909034 
+5.691725439456206459 
+5.680029438546148945 
+5.668207312439265344 
+5.656260071305905690 
+5.644188730343430827 
+5.631994309731695125 
+5.619677834588211240 
+5.607240334923470293 
+5.594682845596413046 
+5.582006406269472976 
+5.569212061364044786 
+5.556300860015945808 
+5.543273856030332070 
+5.530132107837383515 
+5.516876678447235172 
+5.503508635405828464 
+5.490029050749614115 
+5.476439000961317305 
+5.462739566924954104 
+5.448931833881354159 
+5.435016891383257054 
+5.420995833250831453 
+5.406869757526894027 
+5.392639766432063553 
+5.378306966320449689 
+5.363872467634507757 
+5.349337384860723077 
+5.334702836484602528 
+5.319969944946347340 
+5.305139836595794023 
+5.290213641647893539 
+5.275192494138124744 
+5.260077531877587198 
+5.244869896408481225 
+5.229570732959196278 
+5.214181190399978405 
+5.198702421197958223 
+5.183135581372395606 
+5.167481830450270763 
+5.151742331421371723 
+5.135918250693837450 
+5.120010758048951338 
+5.104021026597247435 
+5.087950232732985079 
+5.071799556090041960 
+5.055570179497000716 
+5.039263288932470886 
+5.022880073480416208 
+5.006421725285397528 
+4.989889439508024438 
+4.973284414280055188 
+4.956607850660026848 
+4.939860952588162490 
+4.923044926842028879 
+4.906160982991498720 
+4.889210333354515825 
+4.872194192951944558 
+4.855113779463115620 
+4.837970313181216397 
+4.820765016968289629 
+4.803499116210967479 
+4.786173838775239275 
+4.768790414962316149 
+4.751350077463562194 
+4.733854061315917683 
+4.716303603857387117 
+4.698699944682037888 
+4.681044325595339117 
+4.663337990569732305 
+4.645582185699827171 
+4.627778159157493576 
+4.609927161147532537 
+4.592030443862688216 
+4.574089261439022280 
+4.556104869911402844 
+4.538078527168533327 
+4.520011492908439621 
+4.501905028593898628 
+4.483760397407293929 
+4.465578864206410259 
+4.447361695479536969 
+4.429110159300901017 
+4.410825525285479110 
+4.392509064545054187 
+4.374162049643128825 
+4.355785754549970079 
+4.337381454598641106 
+4.318950426439512214 
+4.300493947996133492 
+4.282013298420248582 
+4.263509758047277387 
+4.244984608351570543 
+4.226439131901464918 
+4.207874612315166907 
+4.189292334215486413 
+4.170693583185481224 
+4.152079645723392609 
+4.133451809198636084 
+4.114811361806460788 
+4.096159592523443749 
+4.077497791062937083 
+4.058827247830341101 
+4.040149253878121627 
+4.021465100861581377 
+4.002776080993839081 
+3.984083487001265134 
+3.965388612078746711 
+3.946692749845089665 
+3.927997194297939920 
+3.909303239769841731 
+3.890612180882814464 
+3.871925312503956107 
+3.853243929700946424 
+3.834569327696913277 
+3.815902801826095647 
+3.797245647488990627 
+3.778599160107893429 
+3.759964635081655793 
+3.741343367741792214 
+3.722736653306883525 
+3.704145786838789256 
+3.685572063197299464 
+3.667016776995711602 
+3.648481222556063663 
+3.629966693864497884 
+3.611474484526552509 
+3.593005887722412695 
+3.574562196162384353 
+3.556144702041857730 
+3.537754696997229331 
+3.519393472060308170 
+3.501062317614579644 
+3.482762523349775208 
+3.464495378217830712 
+3.446262170387433876 
+3.428064187199964863 
+3.409902715124592198 
+3.391779039713538779 
+3.373694445557338994 
+3.355650216240310790 
+3.337647634295770160 
+3.319687981161378421 
+3.301772537134358032 
+3.283902581326856307 
+3.266079391621270034 
+3.248304244625832116 
+3.230578415629108857 
+3.212903178556266059 
+3.195279805923750160 
+3.177709568794836681 
+3.160193736734864700 
+3.142733577766543718 
+3.125330358325449254 
+3.107985343215070806 
+3.090699795562118268 
+3.073474976772073930 
+3.056312146484407410 
+3.039212562527639605 
+3.022177480875102962 
+3.005208155599664366 
+2.988305838829730554 
+2.971471780703880849 
+2.954707229326718032 
+2.938013430723821262 
+2.921391628797203044 
+2.904843065280638292 
+2.888368979694762917 
+2.871970609302780808 
+2.855649189065335936 
+2.839405951596084332 
+2.823242127117062683 
+2.807158943413689656 
+2.791157625790283703 
+2.775239397025507593 
+2.759405477327308898 
+2.743657084288519510 
+2.727995432842162060 
+2.712421735216450358 
+2.696937200890541231 
+2.681543036549611347 
+2.666240446039874534 
+2.651030630324743065 
+2.635914787439069595 
+2.620894112445112611 
+2.605969797387829079 
+2.591143031249986350 
+2.576414999907508552 
+2.561786886084863823 
+2.547259869310372959 
+2.532835125871184534 
+2.518513828769208818 
+2.504297147675995650 
+2.490186248888103027 
+2.476182295282205459 
+2.462286446271093165 
+2.448499857758211995 
+2.434823682093266939 
+2.421259068027667549 
+2.407807160669640734 
+2.394469101439735681 
+2.381246028025715056 
+2.368139074338360572 
+2.355149370466641745 
+2.342278042632785162 
+2.329526213147842473 
+2.316895000366937740 
+2.304385518644355813 
+2.291998878289351893 
+2.279736185520837566 
+2.267598542423250763 
+2.255587046901564641 
+2.243702792636452337 
+2.231946869039998393 
+2.220320361210706750 
+2.208824349889007888 
+2.197459911412225519 
+2.186228117670349302 
+2.175130036061060146 
+2.164166729444976234 
+2.153339256101165944 
+2.142648669682312157 
+2.132096019170286461 
+2.121682348830866260 
+2.111408698169817022 
+2.101276101887405101 
+2.091285589834544378 
+2.081438186967222936 
+2.071734913302529346 
+2.062176783873695740 
+2.052764808685362485 
+2.043499992668598608 
+2.034383335637055978 
+2.025415832241515002 
+2.016598471925250990 
+2.007932238879905462 
+1.999418112000003855 
+1.991057064839012458 
+1.982850065563959596 
+1.974798076911453037 
+1.966902056142486366 
+1.959162954997664574 
+1.951581719653161073 
+1.944159290675165241 
+1.936896602975906490 
+1.929794585768497051 
+1.922854162522579902 
+1.916076250919446000 
+1.909461762807362906 
+1.903011604156716441 
+1.896726675015781183 
+1.890607869465585456 
+1.884656075575389167 
+1.878872175358077712 
+1.873257044725256115 
+1.867811553442749073 
+1.862536565085676443 
+1.857432936994227290 
+1.852501520228523990 
+1.847743159523885126 
+1.843158693246411683 
+1.838748953348445792 
+1.834514765323385976 
+1.830456948161167663 
+1.826576314304042103 
+1.822873669600919566 
+1.819349813263837490 
+1.816005537822213523 
+1.812841629078845607 
+1.809858866065001237 
+1.807058020995469860 
+1.804439859224689968 
+1.802005139200673511 
+1.799754612421961220 
+1.797689023391344953 
+1.795809109572438445 
+1.794115601344593358 
+1.792609221957401022 
+1.791290687487154809 
+1.790160706791747547 
+1.789219981465998366 
+1.788469205796349826 
+1.787909066717181528 
+1.787540243765683545 
+1.787363409036809792 
+1.787379227139182181 
+1.787588355150023123 
+1.787991442570486367 
+1.788589131281163258 
+1.789382055497304780 
+1.790370841723815776 
+1.791556108711276796 
+1.792938467410339687 
+1.794518520927991467 
+1.796296864482108457 
+1.798274085357028707 
+1.800450762858973430 
+1.802827468271220646 
+1.805404764809593221 
+1.808183207577161777 
+1.811163343520605373 
+1.814345711384445448 
+1.817730841667249742 
+1.821319256576064305 
+1.825111469982759083 
+1.829107987378252087 
+1.833309305828608959 
+1.837715913929806710 
+1.842328291763541515 
+1.847146910852287327 
+1.852172234114581872 
+1.857404715820380137 
+1.862844801546133855 
+1.868492928130807140 
+1.874349523630021608 
+1.880415007272756345 
+1.886689789415445961 
+1.893174271497859884 
+1.899868845998593514 
+1.906773896389691192 
+1.913889797092914069 
+1.921216913433904327 
+1.928755601598500125 
+1.936506208587680522 
+1.944469072172571256 
+1.952644520850168153 
+1.961032873798554732 
+1.969634440831999900 
+1.978449522356453549 
+1.987478409325247775 
+1.996721383193037269 
+2.006178715872962037 
+2.015850669690588681 
+2.025737497339775040 
+2.035839441838047215 
+2.046156736481397065 
+2.056689604800007842 
+2.067438260513681847 
+2.078402907486866624 
+2.089583739683892549 
+2.100980941124657164 
+2.112594685839652264 
+2.124425137825222354 
+2.136472450999112205 
+2.148736769155346060 
+2.161218225920413349 
+2.173916944707392940 
+2.186833038672375107 
+2.199966610668749212 
+2.213317753203532856 
+2.226886548391754594 
+2.240673067912187566 
+2.254677372963398430 
+2.268899514217221025 
+2.283339531775802289 
+2.297997455126102651 
+2.312873303095345445 
+2.327967083806228743 
+2.343278794632835282 
+2.358808422154619056 
+2.374555942113371287 
+2.390521319367111097 
+2.406704507846305408 
+2.423105450508916459 
+2.439724079295320980 
+2.456560315084005186 
+2.473614067646945358 
+2.490885235605110548 
+2.508373706382657442 
+2.526079356163908773 
+2.544002049846867841 
+2.562141641000249770 
+2.580497971817357516 
+2.599070873072677923 
+2.617860164075777707 
+2.636865652627952805 
+2.656087134976536035 
+2.675524395770815911 
+2.695177208017197845 
+2.715045333034244113 
+2.735128520408127262 
+2.755426507948725234 
+2.775939021643087035 
+2.796665775612535043 
+2.817606472067432755 
+2.838760801261999145 
+2.860128441449988124 
+2.881709058840292492 
+2.903502307551411032 
+2.925507829568019691 
+2.947725254694817831 
+2.970154200513126064 
+2.992794272335276062 
+3.015645063160689254 
+3.038706153630089446 
+3.061977111981983413 
+3.085457494007965984 
+3.109146843006211913 
+3.133044689739199473 
+3.157150552387951059 
+3.181463936506761847 
+3.205984334979259831 
+3.230711227973563915 
+3.255644082897767078 
+3.280782354354796038 
+3.306125484097889089 
+3.331672900986085928 
+3.357424020939685505 
+3.383378246894770847 
+3.409534968759225571 
+3.435893563368549231 
+3.462453394439138243 
+3.489213812525848724 
+3.516174154976217547 
+3.543333745885969943 
+3.570691896054203340 
+3.598247902938616960 
+3.626001050611204590 
+3.653950609713610298 
+3.682095837411421435 
+3.710435977350925452 
+3.738970259613504155 
+3.767697900671093336 
+3.796618103341232509 
+3.825730056743426477 
+3.855032936253531162 
+3.884525903458494245 
+3.914208106113385988 
+3.944078678095422230 
+3.974136739359324544 
+4.004381395893088502 
+4.034811739673246578 
+4.065426848620015576 
+4.096225786552271764 
+4.127207603143273396 
+4.158371333876718090 
+4.189716000000030860 
+4.221240608481694245 
+4.252944151965338371 
+4.284825608725827628 
+4.316883942623918280 
+4.349118103061540452 
+4.381527024938174364 
+4.414109628605041635 
+4.446864819820432579 
+4.479791489705671204 
+4.512888514700242659 
+4.546154756516599171 
+4.579589062095679175 
+4.613190263563215154 
+4.646957178183360959 
+4.680888608315258104 
+4.714983341367373626 
+4.749240149754042406 
+4.783657790849886737 
+4.818235006944985521 
+4.852970525200737129 
+4.887863057605226658 
+4.922911300927894196 
+4.958113936674893196 
+4.993469631045387658 
+5.028977034885871333 
+5.064634783646093652 
+5.100441497333082275 
+5.136395780468749450 
+5.172496222043091230 
+5.208741395470323887 
+5.245129858544133050 
+5.281660153393635149 
+5.318330806437256086 
+5.355140328338901412 
+5.392087213963748127 
+5.429169942332744192 
+5.466386976577841672 
+5.503736763897943973 
+5.541217735514326392 
+5.578828306624540545 
+5.616566876359532223 
+5.654431827737651517 
+5.692421527621014832 
+5.730534326669489253 
+5.768768559297056342 
+5.807122543626983102 
+5.845594581447079108 
+5.884182958164158705 
+5.922885942760903966 
+5.961701787750024906 
+6.000628729129763528 
+6.039664986338948438 
+6.078808762213759209 
+6.118058242941089020 
+6.157411598015333887 
+6.196866980191612306 
+6.236422525445028064 
+6.276076352921259094 
+6.315826564895016482 
+6.355671246724480916 
+6.395608466806747217 
+6.435636276532495259 
+6.475752710241494015 
+6.515955785179123438 
+6.556243501449913857 
+6.596613841974239278 
+6.637064772442709426 
+6.677594241271729736 
+6.718200179559556950 
+6.758880501039690181 
+6.799633102038821875 
+6.840455861430282170 
+6.881346640589764085 
+6.922303283349990011 
+6.963323615957943247 
+7.004405447028365650 
+7.045546567499790136 
+7.086744750589708985 
+7.127997751750161370 
+7.169303308621868709 
+7.210659140991412919 
+7.252062950744954328 
+7.293512421825194103 
+7.335005220184035224 
+7.376538993740797245 
+7.418111372336193554 
+7.459719967686854858 
+7.501362373341845746 
+7.543036164637978658 
+7.584738898654611816 
+7.626468114168527990 
+7.668221331610439506 
+7.709996053019413154 
+7.751789761998432837 
+7.793599923669630058 
+7.835423984629665384 
+7.877259372905561108 
+7.919103497908519529 
+7.960953750390574513 
+8.002807502399784667 
+8.044662107235748039 
+8.086514899403010048 
+8.128363194568155592 
+8.170204289516405538 
+8.212035462103626671 
+8.253853971213302998 
+8.295657056712391508 
+8.337441939406485147 
+8.379205820993657738 
+8.420945884021056926 
+8.462659291840601838 
+8.504343188563588285 
+8.545994699015110996 
+8.587610928691439938 
+8.629188963713779970 
+8.670725870784147915 
+8.712218697139933354 
+8.753664470510683415 
+8.795060199072599616 
+8.836402871402626147 
+8.877689456436222315 
+8.918916903420502251 
+8.960082141871659189 
+9.001182081527183243 
+9.042213612304646375 
+9.083173604254733746 
+9.124058907517158090 
+9.164866352275797823 
+9.205592748714856555 
+9.246234886973432765 
+9.286789537100627712 
+9.327253449010616038 
+9.367623352440071827 
+9.407895956900414802 
+9.448067951635355399 
+9.488136005574915544 
+9.528096767292522529 
+9.567946864957406206 
+9.607682906292236424 
+9.647301478528572005 
+9.686799148360204725 
+9.726172461899988519 
+9.765417944635125025 
+9.804532101382122278 
+9.843511416241589984 
+9.882352352553965602 
+9.921051352855920769 
+9.959604838834460239 
+9.998009211281203790 
+10.036260850050108928 
+10.074356114011276730 
+10.112291341007130896 
+10.150062847805887856 
+10.187666930059464221 
+10.225099862257049921 
+10.262357897680592700 
+10.299437268360286168 
+10.336334185030572996 
+10.373044837084758996 
+10.409565392529691152 
+10.445891997941572527 
+10.482020778423601470 
+10.517947837556924640 
+10.553669257358276212 
+10.589181098236490897 
+10.624479398946162334 
+10.659560176542353105 
+10.694419426337283596 
+10.729053121855544717 
+10.763457214789344363 
+10.797627634952355891 
+10.831560290237131738 
+10.865251066569518557 
+10.898695827863578600 
+10.931890415976553754 
+10.964830650666474554 
+10.997512329544610665 
+11.029931228033094115 
+11.062083099317266743 
+11.093963674305143741 
+11.125568661579055885 
+11.156893747352503610 
+11.187934595425923945 
+11.218686847141167817 
+11.249146121336744741 
+11.279308014303287777 
+11.309168099739444813 
+11.338721928706846143 
+11.367965029584714998 
+11.396892908026206470 
+11.425501046913915104 
+11.453784906312893810 
+11.481739923428737171 
+11.509361512561632424 
+11.536645065061968296 
+11.563585949285217325 
+11.590179510547141462 
+11.616421071080129224 
+11.642305929987923463 
+11.667829363200009851 
+11.692986623428275550 
+11.717772940121966130 
+11.742183519422948024 
+11.766213544119963785 
+11.789858173605423985 
+11.813112543831122636 
+11.835971767261032284 
+11.858430932828181170 
+11.880485105892102382 
+11.902129328189833046 
+11.923358617793674341 
+11.944167969066908697 
+11.964552352618484932 
+11.984506715257246867 
+12.004025979948693248 
+12.023105045769973742 
+12.041738787866016480 
+12.059922057401458062 
+12.077649681520718161 
+12.094916463299998810 
+12.111717181703749446 
+12.128046591538716115 
+12.143899423411850691 
+12.159270383683741912 
+12.174154154423643348 
+12.188545393365599168 
+12.202438733863605336 
+12.215828784847737154 
+12.228710130776523357 
+12.241077331596510902 
+12.252924922694329979 
+12.264247414853425511 
+12.275039294207747531 
+12.285295022200212856 
+12.295009035534967268 
+12.304175746133964253 
+12.312789541091643031 
+12.320844782632583758 
+12.328335808062977463 
+12.335256929728423358 
+12.341602434969296098 
+12.347366586075342099 
+12.352543620240419742 
+12.357127749519211335 
+12.361113160781506792 
+12.364494015668903160 
+12.367264450546940679 
+12.369418576464873638 
+12.370950479106967990 
+12.371854218750176102 
+12.372123830218303198 
+12.371753322838488387 
+12.370736680395541640 
+12.369067861087119198 
+12.366740797479156555 
+12.363749396461992447 
+12.360087539206084273 
+12.355749081113994947 
+12.350727851779510047 
+12.345017654942379792 
+12.338612268440492414 
+12.331505444168513463 
+12.323690908032681079 
+12.315162359905517775 
+12.305913473579789041 
+12.295937896725824601 
+12.285229250847377713 
+12.273781131234537511 
+12.261587106919458634 
+12.248640720634739409 
+12.234935488765039224 
+12.220464901303230931 
+12.205222421807279787 
+12.189201487353852116 
+12.172395508495251093 
+12.154797869213133765 
+12.136401926873988444 
+12.117201012186058051 
+12.097188429152703648 
+12.076357455028331245 
+12.054701340274608157 
+12.032213308515130379 
+12.008886556490006470 
+11.984714254010988554 
+11.959689543920161370 
+11.933805542040634151 
+11.907055337134561768 
+11.879431990857277412 
+11.850928537714409572 
+11.821537985014984429 
+11.791253312826558641 
+11.760067473933716542 
+11.727973393790467327 
+11.694963970475836135 
+11.661032074650236723 
+11.626170549510456809 
+11.590372210744378734 
+11.553629846486472843 
+11.515936217273154085 
+11.477284056000165435 
+11.437666067873013986 
+11.397074930367050882 
+11.355503293180296609 
+11.312943778190328814 
+11.269388979407292339 
+11.224831462931618375 
+11.179263766908540845 
+11.132678401481783226 
+11.085067848750977504 
+11.036424562726477205 
+10.986740969284831237 
+10.936009466122325051 
+10.884222422712319656 
+10.831372180260689930 
+10.777451051659701520 
+10.722451321442697747 
+10.666365245742799317 
+10.609185052245440062 
+10.550902940143979336 
+10.491511080093985697 
+10.431001614171936609 
+10.369366655828955004 
+10.306598289843156735 
+10.242688572279295300 
+10.177629530442445116 
+10.111413162831084378 
+10.044031439096521297 
+9.975476299994667784 
+9.905739657344824423 
+9.834813393980184060 
+9.762689363707334422 
+9.689359391260028431 
+9.614815272255579970 
+9.539048773146980409 
+9.462051631182015754 
+9.383815554357155975 
+9.304332221371652167 
+9.223593281583774228 
+9.141590354966677268 
+9.058315032064728101 
+8.973758873944941428 
+8.887913412154439641 
+8.800770148679195160 
+8.712320555893366958 
+8.622556076518298696 
+8.531468123576058105 
+8.439048080347395953 
+8.345287300323491309 
+8.250177107163629842 
+8.153708794649682901 
+8.055873626643407448 
+7.956662837037018932 
+7.856067629713345823 
+7.754079178499663882 
+7.650688627121347452 
+7.545887089157951699 
+7.439665648000673315 
+7.332015356806175888 
+7.222927238449678988 
+7.112392285483295495 
+7.000401460090637684 
+6.886945694042445609 
+6.772015888649451476 
+6.655602914720446961 
+6.537697612518201140 
+6.418290791710614229 
+6.297373231329786769 
+6.174935679725801485 
+6.050968854524347407 
+5.925463442576899276 
+5.798410099920652705 
+5.669799451734479412 
+5.539622092289421929 
+5.407868584906494469 
+5.274529461914134743 
+5.139595224601013257 
+5.003056343171484954 
+4.864903256700606526 
+4.725126373092423115 
+4.583716069031797957 
+4.440662689939321339 
+4.295956549930967761 
+4.149587931770387428 
+4.001547086822810684 
+3.851824235011897191 
+3.700409564777283222 
+3.547293233027188908 
+3.392465365093505714 
+3.235916054688080301 
+3.077635363858491679 
+2.917613322943108933 
+2.755839930524081716 
+2.592305153387100880 
+2.426998926473631801 
+2.259911152835385018 
+2.091031703591182289 
+1.920350417883899929 
+1.747857102834038834 
+1.573541533492082145 
+1.397393452799696956 
+1.219402571541513769 
+1.039558568300180674 
+0.857851089412103640 
+0.674269748924656298 
+0.488804128549661598 
+0.301443777617898867 
+0.112178213035575958 
-0.079003080758677235 
-0.272110651841570572 
-0.467155080848459470 
-0.664146981018218341 
-0.863096998236832391 
-1.064015811083296015 
-1.266914130876332756 
-1.471802701713937012 
-1.678692300521374747 
-1.887593737096575630 
-2.098517854154681395 
-2.311475527367460536 
-2.526477665416447138 
-2.743535210032620242 
-2.962659136041791541 
-3.183860451407152681 
-3.407150197279996462 
-3.632539448038599517 
-3.860039311335789591 
-4.089660928141547913 
-4.321415472790604895 
-4.555314153024347945 
-4.791368210036917930 
-5.029588918520444096 
-5.269987586708754890 
-5.512575556421928979 
-5.757364203110160616 
-6.004364935901586264 
-6.253589197645633035 
-6.505048464954134246 
-6.758754248250967933 
-7.014718091814776457 
