+6.190884606589389882 
+6.078714517630196212 
+5.965288995429770758 
+5.855232544004176809 
+5.743954240308119630 
+5.633752690829421539 
+5.526839065871348211 
+5.418753435463306900 
+5.313902416817276375 
+5.120033774611055577 
+5.013856177289432559 
+4.910853705092370625 
+4.806816740132954457 
+4.705901484703431947 
+4.608039833454800061 
+4.427184083495517619 
+4.332123964387522896 
+4.236078866746690430 
+4.141034401167557277 
+4.045076440546248264 
+3.950149674838372427 
+3.776310264383766491 
+3.682473256381912030 
+3.589687476814512834 
+3.279219649425714422 
+3.192744022007239835 
+3.107249622134408806 
+3.022731212670247025 
+2.940845044508248129 
+2.859886301164508371 
+2.779850095456659620 
+2.702337077383162534 
+2.624112760456541515 
+2.546796501191161077 
+2.470383467278179257 
+2.393337046105350030 
+2.318734207780495549 
+2.243524932806836070 
+2.110463947021896658 
+2.040707096123403730 
+1.970358522318885086 
+1.902285077187669593 
+1.833645735693790968 
+1.765862815411420428 
+1.700289091615875492 
+1.632847515045787290 
+1.566283082560564921 
+1.500590860548059347 
+1.435765930043972460 
+1.373074217836184552 
+1.311206139915766400 
+1.251394849214723770 
+1.191143710574778858 
+1.131702572953452446 
+1.071878595666984069 
+1.014060125041621241 
+0.955882498910513689 
+0.898529219104296395 
+0.843118183284571998 
+0.787383034311953445 
+0.733548634047717307 
+0.679413005893343858 
+0.627137058165287975 
+0.575625772366747057 
+0.525902899364460552 
+0.475892326064709437 
+0.427631103467633444 
+0.256777096967282681 
+0.209969488418326300 
+0.125818659129083521 
+0.082035749333044805 
+0.038967749193107970 
-0.002532244936985784 
-0.077689290602730665 
-0.118082254651080021 
-0.156977384519789709 
-0.195999441289808729 
-0.234335224979477452 
-0.272750281273108186 
-0.309712242067083032 
-0.346734094966791417 
-0.411619728541293917 
-0.474956021172670440 
-0.508123784590568839 
-0.567999037928066386 
-0.599319770851248101 
-0.630001850191737489 
-0.659442407231646044 
-0.688277751103751001 
-0.717093481562111279 
-0.745286429640904302 
-0.772303994298495056 
-0.799275804994503680 
-0.825636646668641561 
-0.872984986488773984 
-0.937996337187088081 
-0.961036962594901567 
-0.983944401062666785 
-1.005806278236345719 
-1.027090547269880361 
-1.048217755993243294 
-1.068346700947973460 
-1.087909574727304651 
-1.106528000186572491 
-1.124981463410602345 
-1.142880125548794368 
-1.160576066085304170 
-1.190995566326133570 
-1.207106094041177080 
-1.222352321524963870 
-1.237065657946699204 
-1.251249788786587658 
-1.264908387278233626 
-1.278307802610007649 
-1.301069774186187189 
-1.312968280154338530 
-1.333269422000643800 
-1.343483466278042826 
-1.353393118427929309 
-1.362605620135843409 
-1.371500705948228038 
-1.392412117712001240 
-1.399216732696362264 
-1.405694084005230771 
-1.416258355025422411 
-1.421419787022092152 
-1.426211736778594030 
-1.430527704101759667 
-1.434226610050609807 
-1.437556906362273068 
-1.444235892356594775 
-1.445919479929234974 
-1.447207986177965644 
-1.448078256848342349 
-1.448498876433329308 
-1.448156234799068187 
-1.447372695531233155 
-1.446145304455665581 
-1.442902043764524578 
-1.440595892002078493 
-1.437843194495997956 
-1.434759401940646661 
-1.431219193667385703 
-1.427285964286810760 
-1.422962916069388406 
-1.418153120499797026 
-1.413052202743760866 
-1.407455271536973918 
-1.401465799084764541 
-1.395087125908513137 
-1.388600529048718890 
-1.381615031283939921 
-1.374418729000958628 
-1.366714822085556058 
-1.358820708142371103 
-1.350410489397275704 
-1.341648044938225759 
-1.332346862177050006 
-1.322882082043810748 
-1.312870553120104589 
-1.293743439849691867 
-1.282741890689237607 
-1.271395345101697494 
-1.260181022866519562 
-1.248411013586301799 
-1.236568549719910592 
-1.224163087020411211 
-1.211703773663149519 
-1.198674341624335504 
-1.185609386121591946 
-1.171685787163648129 
-1.157732448333852915 
-1.143182849700253634 
-1.128621888100725279 
-1.113458219333669952 
-1.098301280357651066 
-1.082535378096135759 
-1.066794016233428621 
-1.051097540737606195 
-1.034794681920751636 
-1.018212337211649832 
-1.001700092393388530 
-0.984572655379110984 
-0.967173970896424429 
-0.949143450784080578 
-0.930836258297722097 
-0.897195318906109485 
-0.862684087829481250 
-0.843141260865011510 
-0.823337801800651192 
-0.803680270017022913 
-0.783777789867573738 
-0.763219376671019134 
-0.742830039078238080 
-0.721780293037658893 
-0.700914778590305154 
-0.679384553408691971 
-0.657177968167389714 
-0.635168649166186761 
-0.612926271835059211 
-0.590453547182751670 
-0.567753174773264924 
-0.545749141636424184 
-0.522610366784891589 
-0.499721174075476782 
-0.476623456962228076 
-0.452841988672355811 
-0.409503120003426702 
-0.385134929456373065 
-0.361548955997331944 
-0.337279504663314356 
-0.313319486475136522 
-0.288672943136612403 
-0.264348157591745014 
-0.238821553960765876 
-0.213621490172491768 
-0.188241684461634584 
-0.162161096625109913 
-0.136425345350952298 
-0.110516965114134003 
-0.084438290318122000 
-0.058191645165535988 
-0.031779343675150784 
+0.016610227676072675 
+0.043476723592950073 
+0.069947086257111657 
+0.097122020503434214 
+0.123890188336110540 
+0.151364722748710712 
+0.202212124369963497 
+0.230100731450287199 
+0.258704568796006562 
+0.286877248493269121 
+0.339560538127912537 
+0.368119718272159169 
+0.396809999008929104 
+0.426808235164701344 
+0.456351557039470279 
+0.486024569282166752 
+0.516422314834438900 
+0.546350447948800166 
+0.576401507171051541 
+0.605968670083874450 
+0.636256588371868936 
+0.666051641751454149 
+0.696567804153709780 
+0.726582345542633234 
+0.756702438498757068 
+0.787543926183920995 
+0.817871095336236031 
+0.848919689964617419 
+0.880069713136181875 
+0.936388612633345829 
+0.967811420982903847 
+0.998696451436694055 
+1.030302277029560010 
+1.061362688320309999 
+1.093143436874805197 
+1.125009479453201067 
+1.156958782126776164 
+1.188347927379597380 
+1.219813196981346159 
+1.277152973998701313 
+1.308175518440110707 
+1.339912665651150192 
+1.371067252546640525 
+1.402284562139834989 
+1.434215140587080661 
+1.465553956091597776 
+1.498259725145200782 
+1.530370114512845880 
+1.562536839580036307 
+1.595416247734478432 
+1.627691356466892003 
+1.660677671392610577 
+1.693053952667381346 
+1.725477664748456874 
+1.757947068850663541 
+1.791124419105968535 
+1.823680871727288100 
+1.856943473591859295 
+1.889579989572943930 
+1.922920753639689728 
+1.955630422831426074 
+1.988373765676407778 
+2.021818323069888734 
+2.054624628073394632 
+2.088129992406273061 
+2.120992535330429085 
+2.182089051987676775 
+2.215019788955700619 
+2.247971290514206189 
+2.281615021268346588 
+2.314603619175707117 
+2.347608192092668133 
+2.379953181644461235 
+2.412984762952111062 
+2.445353225340748615 
+2.478405739105431937 
+2.511466538781069513 
+2.543859194307179550 
+2.576931909699804901 
+2.610008395012620497 
+2.643087151966815540 
+2.676841781357262917 
+2.737597150292458092 
+2.770670793233000584 
+2.803739553863517031 
+2.836801984604277571 
+2.897507619421649583 
+2.929870187121523362 
+2.990518505674917282 
+3.024191649664568438 
+3.085433601427325367 
+3.119056676095055547 
+3.152659212484676399 
+3.214429399280030353 
+3.247295294904213758 
+3.280136220674368275 
+3.367134273139327227 
+3.399872784059966069 
+3.431913050752776861 
+3.464588819745390236 
+3.497230986104431505 
+3.529838279902199449 
+3.561745091381796069 
+3.594279638703097302 
+3.626775578378024001 
+3.659231673166239762 
+3.690985581596601950 
+3.723359182869891537 
+3.755029945441763495 
+3.787316299922215190 
+3.818899291219604919 
+3.850437157491296336 
+3.882584364689317002 
+3.914027660043557066 
+3.946076035546121741 
+3.978072758001382603 
+4.010668037235173955 
+4.041906655332009102 
+4.073741555936493342 
+4.104872279205558527 
+4.136594840188967837 
+4.168258995500320196 
+4.199219252768970456 
+4.257754332265125896 
+4.289825015844798806 
+4.321189960653631701 
+4.353128257359205833 
+4.384361300479314494 
+4.416162813390414499 
+4.447259677940856193 
+4.504827255183418089 
+4.535724367726134076 
+4.567177941209685343 
+4.597928813343467702 
+4.628605798037312091 
+4.659831654820198565 
+4.690356353570463988 
+4.720804207489797122 
+4.751793232693721336 
+4.782082895666853517 
+4.812908518108462985 
+4.843036118140209290 
+4.873694418561653308 
+4.928662045204453612 
+4.958469725095823399 
+4.988797938138764820 
+5.018432643597556364 
+5.048582492009298761 
+5.078040592474053483 
+5.108008402792496128 
+5.137286328768324140 
+5.166473775606178265 
+5.220436085768417556 
+5.249360349979930618 
+5.278778284958772993 
+5.307512335280510918 
+5.336734466084324779 
+5.365274969016687656 
+5.393718460869285636 
+5.421486646322279057 
+5.449735758772864536 
+5.477312026684407975 
+5.505363700838834085 
+5.533883861421790229 
+5.561730929831445458 
+5.590040735346691214 
+5.617680128157754638 
+5.645215614289599948 
+5.673205181711425737 
+5.701085028555461953 
+5.727745749792759966 
+5.754856186186912304 
+5.781309117471764125 
+5.830082073839149004 
+5.880119542406537114 
+5.906071420028109031 
+5.932453748949260586 
+5.958724076933969549 
+5.984349054569261028 
+6.010395757369043856 
+6.036328544009974983 
+6.061621031490520117 
+6.087326461508697939 
+6.112395043899343960 
+6.137870704147796452 
+6.162713043224075982 
+6.187956572909326880 
+6.213593488573995849 
+6.238088621492241970 
+6.262975982175833956 
+6.287239215680656024 
+6.311888737053419796 
+6.335917911630071231 
+6.360327414872212870 
+6.425964965580043042 
+6.450405981017877544 
+6.475202770871132607 
+6.499382359091908867 
+6.522952006484387333 
+6.545918887055402813 
+6.569239470281002191 
+6.592433510645476780 
+6.615500528726150797 
+6.638440051505470230 
+6.660787352428600983 
+6.722062936766042718 
+6.744852343560195251 
+6.767506310741795872 
+6.790024381030389300 
+6.812406103947076019 
+6.834207480548416314 
+6.855436155120097297 
+6.876976257489089583 
+6.897948218197790915 
+6.919225482721262921 
+6.939939221377370515 
+6.960952132382464796 
+6.981830942917639504 
+7.002575284503380182 
+7.023603990597298008 
+7.044491927427191769 
+7.064825172732413172 
+7.085433295549838917 
+7.122170196919243246 
+7.141977430953253325 
+7.161647498901427156 
+7.197022917444485302 
+7.216305008706370927 
+7.235448764566003277 
+7.254453892882527732 
+7.288617918700863285 
+7.307231107350842692 
+7.325328995360926854 
+7.343665401869538201 
+7.376979074241972967 
+7.394917101846565366 
+7.412714222948535436 
+7.430729056254646636 
+7.448240774145686416 
+7.480036097484861202 
+7.497145561125902802 
+7.513767968618000559 
+7.544226949115982350 
+7.560458836111203951 
+7.590855115537127773 
+7.606689316255426547 
+7.622711412825737831 
+7.638267283378512573 
+7.667062578114551386 
+7.682535760292322990 
+7.698176081728041353 
+7.713357787646196506 
+7.728700399450846525 
+7.743590081891123411 
+7.758335038731630107 
+7.772935152217592680 
+7.787683803087724677 
+7.813850665160597231 
+7.828176118213434620 
+7.853860024894570024 
+7.867482000449420809 
+7.881231913976121106 
+7.894830174821031221 
+7.918659644439957290 
+7.952344937318743590 
+7.964875083929216615 
+7.977259246579143870 
+7.989249094067043977 
+8.001344176000682040 
+8.013293190998009408 
+8.025096121284489570 
+8.046160420011936765 
+8.057551875899804372 
+8.068797225364702896 
+8.079896474723092581 
+8.100121795908432176 
+8.110803695308190342 
+8.121553062654255584 
+8.131939954031329520 
+8.142388360948240589 
+8.152275886491421986 
+8.162225012477216879 
+8.179922927566092739 
+8.189461494583129664 
+8.198854398432649404 
+8.207914441325979027 
+8.216834839233865040 
+8.225978504692383453 
+8.234792448098698259 
+8.243461113317277267 
+8.252157029156389711 
+8.260532456659685607 
+8.268762896029798526 
+8.276848452603511319 
+8.284949786501252689 
+8.292742960891001047 
+8.300391598507561142 
+8.308047467736285441 
+8.315404464306848098 
+8.328541882322204160 
+8.335630634573657716 
+8.342569714935578418 
+8.349224955765050638 
+8.361075305907291977 
+8.367324071546477171 
+8.373429862825716441 
+8.379392851237104978 
+8.385213212622241841 
+8.390891127155409634 
+8.409488266263352330 
+8.418643330852663809 
+8.423523547357696373 
+8.428163723076028901 
+8.432753478192040575 
+8.440646390428915069 
+8.444744780096623771 
+8.451908116733587661 
+8.458672654220906750 
+8.462047505365005051 
+8.465289189303756956 
+8.468461299374624218 
+8.471434609031168961 
+8.474333264291329826 
+8.477039207577844238 
+8.481707596847568809 
+8.484084842950265326 
+8.486281033664884177 
+8.488387957410850504 
+8.490319893840885257 
+8.492121479399264317 
+8.493826435098835503 
+8.495365458338149267 
+8.496774984081840287 
+8.498055301875499623 
+8.499251886598546690 
+8.500328644618614149 
+8.501890405955453645 
+8.502552995853919882 
+8.503077364070936284 
+8.503674042895422502 
+8.503811847399608936 
+8.503818211360979262 
+8.503689574587188105 
+8.503115247733086690 
+8.502606415354415859 
+8.501334025354948309 
+8.500445326478448749 
+8.499466146231318575 
+8.498315271746516686 
+8.497058211212344503 
+8.495673636979464760 
+8.494129762604895717 
+8.491018538291228879 
+8.489106238914136071 
+8.487105300359880644 
+8.484934471789877364 
+8.482680998725900423 
+8.480253329810718554 
+8.477696594255942131 
+8.475066198369141546 
+8.472255216605534045 
+8.469316494100649351 
+8.466313047491057731 
+8.463122734924855450 
+8.459806038585492516 
+8.456433504089314823 
+8.452940472777385139 
+8.449327386031965759 
+8.442379823260495186 
+8.438428600400332158 
+8.434274763319139723 
+8.430084929658672621 
+8.425777687986080622 
+8.421353500763860467 
+8.416718957233275233 
+8.412059915626239004 
+8.403201860871845952 
+8.398216327947224613 
+8.393221831849741577 
+8.387903213838397321 
+8.373410771029748290 
+8.367783905041562775 
+8.362045638927556368 
+8.356196471605818132 
+8.350359628813496471 
+8.344292404684690467 
+8.338242926102715558 
+8.326750037480834976 
+8.320403577733255673 
+8.313683037703231804 
+8.306851160902329667 
+8.294133249978003164 
+8.280760200055889086 
+8.273266682719505383 
+8.265660664860391194 
+8.257942753145609771 
+8.250422673459341993 
+8.242800409871913203 
+8.235076508179762556 
+8.227090774246391902 
+8.219163197626640383 
+8.204342296295775938 
+8.189357780029688172 
+8.180969757122156238 
+8.172484365987454424 
+8.164078284130674490 
+8.140668287249921420 
+8.131737328531396969 
+8.122712236660627028 
+8.113593591536261584 
+8.104381975307040520 
+8.087222423741858179 
+8.077750260671537674 
+8.068383444319525921 
+8.058732273400606161 
+8.048991561067358802 
+8.039363394716325217 
+8.021287242366339498 
+8.002923203891093351 
+7.992691100966499818 
+7.982161992157729813 
+7.971757662982275505 
+7.961269014875435701 
+7.941568492070457452 
+7.931062049299750782 
+7.920255613065240397 
+7.909367849405549045 
+7.898624031276370694 
+7.887577114975345971 
+7.876678595515267389 
+7.865704415966871643 
+7.854424183331024878 
+7.843298920937128216 
+7.831631572475087566 
+7.820120466208210885 
+7.808533676978878901 
+7.796871845180055161 
+7.785135612940804251 
+7.773325624109140186 
+7.751199310206088988 
+7.738936158786400732 
+7.726846294843858765 
+7.704456993106977514 
+7.692168581996840615 
+7.679558539350647806 
+7.667131936236078360 
+7.644389232914574173 
+7.632032595368065664 
+7.619353651180906795 
+7.606349073321259979 
+7.582772844863163719 
+7.569847311215451846 
+7.556593771335365695 
+7.543543050739389244 
+7.530431385852004667 
+7.516990014108495544 
+7.503757278514447293 
+7.490737484335157959 
+7.477661807475765698 
+7.464256743956747542 
+7.450519472263268383 
+7.436723693766300158 
+7.411189027443525035 
+7.397231058895240352 
+7.383217382899841752 
+7.369430638653482468 
+7.344256614680898743 
+7.318914830869077903 
+7.304892514661518454 
+7.290821303038445222 
+7.276701892544278572 
+7.250645040417075471 
+7.236392702235630026 
+7.221802585313279010 
+7.207459007810440355 
+7.193071331851610850 
+7.178345302323532628 
+7.164166499283227019 
+7.149947407118487419 
+7.135391216454754826 
+7.121092733779497586 
+7.106456884935385965 
+7.092081729398832302 
+7.077368999957559303 
+7.062618491927512565 
+7.048133069623563784 
+7.033309873740693163 
+7.018754614388505786 
+7.003861523868375905 
+6.989239166543340431 
+6.974584620881264740 
+6.959592269697775890 
+6.932279595067695865 
+6.916890509335087422 
+6.901778802885217168 
+6.886328422422793416 
+6.871158114876023681 
+6.855649436325839119 
+6.840423466812852737 
+6.799589344670211588 
+6.783956820672170984 
+6.768612906702712095 
+6.752932076524835736 
+6.737542299688346503 
+6.722130916850196591 
+6.706383496355444507 
+6.677985809184291632 
+6.662497882320383980 
+6.646991873766254777 
+6.631468510171912634 
+6.615611207785050851 
+6.600054998400124440 
+6.584483630640086460 
+6.568897832346126897 
+6.552979836887710796 
+6.523975000863932117 
+6.508020940086003847 
+6.492055569172603846 
+6.476079662771678791 
+6.460413799680894797 
+6.444739291824203242 
+6.429056868705652406 
+6.413367259930952358 
+6.397350805233950943 
+6.381969404241178090 
+6.353116893914521945 
+6.337082102761701030 
+6.321365061603638758 
+6.305325021129973173 
+6.289604325233099757 
+6.273562075343505740 
+6.257840703611292632 
+6.242120099276823986 
+6.226400991848672462 
+6.210684110717638262 
+6.194649528668037419 
+6.178939370534693332 
+6.163233640867905372 
+6.147853431902603027 
+6.131838381712177544 
+6.116150309087414527 
+6.100469578623236799 
+6.071689789269247406 
+6.056353256650866435 
+6.041026433542572072 
+6.012317188376949062 
+5.983648979535741042 
+5.954708545757591232 
+5.939146143479559825 
+5.923599308200052427 
+5.894770382785399221 
+5.854008323457565055 
+5.838874903455276488 
+5.823446242835921716 
+5.808352771901699185 
+5.780109083712112295 
+5.764764284286695961 
+5.749443190067471399 
+5.734146518595379050 
+5.718874986755504430 
+5.703318448753650571 
+5.688099893843574506 
+5.659909835195431782 
+5.644771176394348444 
+5.629353813612278046 
+5.614275165423124214 
+5.599227293779904358 
+5.583904784978503066 
+5.568921260954138752 
+5.553970656341235212 
+5.539053678899282573 
+5.523867670545734576 
+5.496625338527448612 
+5.481844679481358007 
+5.466800573317622813 
+5.452095498656421846 
+5.437428894197717355 
+5.422801460343001700 
+5.408213896484510563 
+5.393666900987837742 
+5.379456789398084915 
+5.364992158211847162 
+5.350864065436825356 
+5.336191518809761725 
+5.321564817727729491 
+5.306984697280994645 
+5.292451891317436541 
+5.277967132424127072 
+5.263531151908742878 
+5.249431919325269646 
+5.235380920452338493 
+5.221093597311726953 
+5.207142137855703901 
+5.193240976111892948 
+5.179390792875500082 
+5.165592267641152091 
+5.151846078586200584 
+5.126736574744771957 
+5.112865668441992639 
+5.099327675603641197 
+5.086119884009018932 
+5.028439891535881223 
+5.015532069397994341 
+5.002147449753582720 
+4.989091608176738468 
+4.976096898990806316 
+4.962900690746283594 
+4.950031499077639729 
+4.936964734698675805 
+4.924223732199338954 
+4.911547161179351306 
+4.898678976063114199 
+4.886134563219374449 
+4.863267225961740436 
+4.850912817167428059 
+4.828150371189328993 
+4.816239970928986480 
+4.804150749116877783 
+4.772179272982206122 
+4.760352708103553709 
+4.748599115223202105 
+4.736681523773617286 
+4.724841227991745107 
+4.703259251009446196 
+4.663404872258684719 
+4.652292615326021341 
+4.641259168102438437 
+4.630527891832255882 
+4.619652245169593385 
+4.609076709130266458 
+4.589674512894571734 
+4.579108052960476627 
+4.568411394558147265 
+4.532489700865887094 
+4.522182016532411808 
+4.503854618825370082 
+4.477704787724766433 
+4.460106158248986041 
+4.443000931842473022 
+4.433522474605221753 
+4.424325903375338598 
+4.407490922577949277 
+4.391156349369774503 
+4.382396182155964048 
+4.366552774021932315 
+4.358062218122157105 
+4.349497434468197810 
+4.341201562101572264 
+4.332836553933640644 
+4.324737552708311839 
+4.316736795537262417 
+4.308834810498456847 
+4.300873922112037562 
+4.293173097618158351 
+4.285572624240410633 
+4.277921020116856710 
+4.270524872884784884 
+4.257205963734172371 
+4.249956279547616234 
+4.242955993447912633 
+4.236059561899971904 
+4.229129959613795897 
+4.222444874819990979 
+4.215865141700623653 
+4.209391250222632053 
+4.203023687488013138 
+4.196889637255475591 
+4.190858537246644921 
+4.184808446234177026 
+4.178986761566106267 
+4.173033423282306309 
+4.167309433660726370 
+4.161695081859665635 
+4.156302059608943722 
+4.146476417508731416 
+4.137129485594856604 
+4.128053988129518181 
+4.123176632415674447 
+4.118511456090340417 
+4.113960194663519587 
+4.109433926950757154 
+4.105114142183498238 
+4.100909574577991989 
+4.096738408451424007 
+4.092767919100895213 
+4.088913919861769664 
+4.085176825643909382 
+4.081557048076035699 
+4.078054995488011869 
+4.074671072894211932 
+4.068638098856021124 
+4.065535498392000235 
+4.062557509279518086 
+4.059760375698173718 
+4.057030331241120891 
+4.054476965777276121 
+4.052044825984175702 
+4.049734286483548829 
+4.047502326348190849 
+4.045438597860062657 
+4.043497579947295861 
+4.041679633118569370 
+4.039951819970612590 
+4.038383612412610901 
+4.036939543179736134 
+4.035619958392713258 
+4.034425200551087443 
+4.033335085731415859 
+4.032393559418226303 
+4.030992295652288782 
+4.030397999648750229 
+4.029935696454710836 
+4.029611023456015850 
+4.029411056043743500 
+4.029344107688679344 
+4.029405183571906690 
+4.029594585547124908 
+4.029920443317994483 
+4.030845479884106020 
+4.031532611333171090 
+4.033132880110077423 
+4.034211673862781566 
+4.035426374368757507 
+4.036748911950387431 
+4.038233543472040665 
+4.039854917300543136 
+4.041613305202168327 
+4.043469714126412207 
+4.045500174564743645 
+4.047623715752921569 
+4.051969108492188276 
+4.054474789413621494 
+4.057168961485901448 
+4.059944085009899339 
+4.062913659329645100 
+4.065959120091067192 
+4.069138704504037030 
+4.072521650094303780 
+4.075972844722457467 
+4.082662919901411946 
+4.093299709700396249 
+4.097585532720810164 
+4.101922778617272058 
+4.106303300509515530 
+4.114771177732194474 
+4.119524820315239921 
+4.124409473436041473 
+4.129531168387198470 
+4.134789679487440139 
+4.144691237228927960 
+4.150219236649054011 
+4.155998325404715921 
+4.161914859958003809 
+4.167844029611323720 
+4.173905312489754493 
+4.185493865089607191 
+4.191932770997710556 
+4.204222203439746508 
+4.211182906576356189 
+4.218135657940459637 
+4.237633080362041227 
+4.245235146519361180 
+4.259721113114852464 
+4.267719418574142054 
+4.275856505183709189 
+4.284302757528399397 
+4.292720363967200470 
+4.301452934645688231 
+4.310151195184178441 
+4.319170200682781235 
+4.328333901419226137 
+4.337454724832231712 
+4.347095438633602704 
+4.356499911480950615 
+4.374532741230973798 
+4.384538671497298701 
+4.394689284408446639 
+4.404569968842666938 
+4.414793988067799546 
+4.424944004728023295 
+4.435658608421949367 
+4.455309043887583087 
+4.466204367048206336 
+4.477464963160969091 
+4.488640345435356060 
+4.500186581772092964 
+4.521095487573057348 
+4.532801909296479081 
+4.544403433163596517 
+4.556629290978105651 
+4.568998859633042642 
+4.581512029492042615 
+4.594168685137563379 
+4.606968705353233773 
+4.619911963104099684 
+4.632998325517929672 
+4.646227653867066820 
+4.659330961869825316 
+4.672842930484540247 
+4.686222931356208932 
+4.711154509946301694 
+4.724921936997172445 
+4.738825622484834632 
+4.752577507610508789 
+4.766750411357346451 
+4.781059039382876463 
+4.795503201321610121 
+4.810082701204426492 
+4.825099041782134890 
+4.839951358608004739 
+4.854938387278491696 
+4.870369910436609828 
+4.911462832980705961 
+4.953510889536117290 
+4.969155979136469448 
+4.984928418356695978 
+5.001160546662303474 
+5.017189567694857466 
+5.061236361289532582 
+5.078078437835166881 
+5.094703661640667569 
+5.111804450057915616 
+5.129035467000974791 
+5.146040794042668232 
+5.163528668713032843 
+5.180784985389071728 
+5.198528427821995201 
+5.216034447656528350 
+5.249189698461680820 
+5.267795434406257193 
+5.286533647569314098 
+5.305025246486049006 
+5.339318621347076466 
+5.358553986032652539 
+5.377531291425698967 
+5.396633562334764100 
+5.415466765396537596 
+5.434815211507403987 
+5.470675215578675754 
+5.490373553158409692 
+5.509788674235310602 
+5.530137322153623636 
+5.550612604422516583 
+5.570800774894597573 
+5.608612939888296012 
+5.646416051259635083 
+5.684620376084219551 
+5.705588100489741521 
+5.726673340076184004 
+5.748309497597555051 
+5.787559830657211357 
+5.809093500375651864 
+5.831185145667818759 
+5.852950548860778923 
+5.875277519876505039 
+5.897272414458469392 
+5.938418751658295136 
+5.961190823354242774 
+6.002471607356744343 
+6.025102954080295170 
+6.047843698393420730 
+6.070693232781921189 
+6.113414608827184793 
+6.136571564155513414 
+6.159834902877724616 
+6.183203984518521601 
+6.206198050710045599 
+6.249097640615493887 
+6.292825614927314959 
+6.316778020041089015 
+6.341323688696454575 
+6.365974119648253549 
+6.390728568883083938 
+6.456574493427307715 
+6.481701165764919281 
+6.506928304795976281 
+6.532255123559228771 
+6.557171349442460162 
+6.582181789516404535 
+6.607285681588231263 
+6.632997431752235329 
+6.658287780193404615 
+6.683150340764394848 
+6.708620275986054260 
+6.734179744909674525 
+6.780830460579884367 
+6.806110188963860885 
+6.832002129375340793 
+6.880313642443512734 
+6.906982158562802177 
+6.933201327526223423 
+6.959502803922624992 
+6.985346484066556449 
+7.011808326933218538 
+7.038349867493743695 
+7.064970215143862475 
+7.091122836657883788 
+7.118443732111709110 
+7.145295082988130986 
+7.217447922002145688 
+7.245125109813023379 
+7.272321197107734392 
+7.299588033636463358 
+7.326924656025164850 
+7.354890097614521949 
+7.382364745364339065 
+7.409906222991312852 
+7.437513536472451392 
+7.465185684118168297 
+7.492354985016655533 
+7.519584576231047812 
+7.547442637728995152 
+7.574791118567808290 
+7.602196958617554401 
+7.654307799522804601 
+7.706038637043025830 
+7.734858318109427699 
+7.763155866062191990 
+7.792085141767295831 
+7.821068030928699066 
+7.850103356171544533 
+7.879189931538956415 
+7.932255107633764624 
+7.961479746048758521 
+7.990165150163283769 
+8.018894192459947945 
+8.072359928849081712 
+8.149569144523471920 
+8.178518304482924606 
+8.232967835464529927 
+8.262016994705339457 
+8.291692357041380745 
+8.321400111106484587 
+8.374951457297514779 
+8.404146725968860920 
+8.457241116545112902 
+8.486507035696917001 
+8.515197636906000511 
+8.544507080988420711 
+8.573237810058264685 
+8.651136957126711380 
+8.680528062702544290 
+8.710533258204215201 
+8.764574348447641938 
+8.794011376849054429 
+8.824057983094810709 
+8.853510888046589145 
+8.908223324225819084 
+8.988204513129545603 
+9.066977620983998065 
+9.097036449872732078 
+9.126487901234826339 
+9.180561451545546703 
+9.209987382544989387 
+9.239401442217788585 
+9.293391293299002598 
+9.322164156934880097 
+9.351518934089197543 
+9.380854473797676008 
+9.410169221103897641 
+9.438864042153806366 
+9.467535932030106238 
+9.496779956372112252 
+9.525996945160841278 
+9.578990180501644858 
+9.608122406925001968 
+9.637221447999536394 
+9.666878444116015601 
+9.695313433232795930 
+9.724303084505923067 
+9.752662559284139832 
+9.781571861738139972 
+9.810438080391941540 
+9.839259528360312146 
+9.940633722336562172 
+9.969814007362437280 
+9.998355844461386255 
+10.027422381601498458 
+10.056428695355837277 
+10.084794646559405606 
+10.113099183274878001 
+10.141340521630125338 
+10.170091206648040227 
+10.221665788503806027 
+10.249646482110854606 
+10.276986347346785067 
+10.328056363284993324 
+10.355187950276345532 
+10.382806549771711246 
+10.409783079765368541 
+10.437239710989361541 
+10.465169425838531936 
+10.493008995961698560 
+10.521310383785928977 
+10.571563922971026983 
+10.599586845856180162 
+10.626412746696150435 
+10.653684969694461770 
+10.680310623720949081 
+10.707374403168969934 
+10.733253659668719138 
+10.759031121683467092 
+10.828319000552056650 
+10.853702433930227045 
+10.879500434632344508 
+10.904658060655592067 
+10.930221519864318225 
+10.976340747658928976 
+11.001556523647634478 
+11.026134134679614007 
+11.051095575194823439 
+11.075419985097600062 
+11.100118789625692983 
+11.124181829854133952 
+11.148609621398087199 
+11.172403048356038369 
+11.196551373172439980 
+11.240041733758765474 
+11.263777746514834988 
+11.286883347633624552 
+11.309842354319217250 
+11.333126294266511636 
+11.356253054160768912 
+11.378753276667733729 
+11.401562254636097293 
+11.423746843508091331 
+11.446229165091576618 
+11.468543076015581761 
+11.490236100918149731 
+11.512209850088492402 
+11.534008321262692931 
+11.555629189405786761 
+11.577070119279770921 
+11.598760700849911842 
+11.637317455440802760 
+11.658463246051287143 
+11.678992708121441524 
+11.699741275903633664 
+11.720694202878863877 
+11.741431725392718732 
+11.761550879839536066 
+11.781457773202177464 
+11.800758085714226908 
+11.819462065953715069 
+11.838346618736615312 
+11.872849051669657428 
+11.891116382834965748 
+11.923729189152030727 
+11.941368066167378004 
+11.973519202557559638 
+11.990844038687761497 
+12.007923824361531828 
+12.024755817804305025 
+12.054745157001391931 
+12.070863508895612881 
+12.099533913350589032 
+12.114916469344336747 
+12.129733037404621498 
+12.144291196380372355 
+12.158877311602243054 
+12.195782901679990573 
+12.208823312860479504 
+12.232305441682097324 
+12.244842398048227494 
+12.257097896472057386 
+12.269069170561156312 
+12.280517875663722549 
+12.291918300257425045 
+12.302802443951676992 
+12.313403232821826805 
+12.323929846445516034 
+12.342077499847469824 
+12.351755737308199201 
+12.368542626892420344 
+12.377167219750248250 
+12.385657790671764644 
+12.393828541932201404 
+12.401519639727030864 
+12.415240744560808395 
+12.422294968844719065 
+12.428870634740379231 
+12.440068138967458111 
+12.445679895010583138 
+12.450946110384590426 
+12.455863772132568457 
+12.470322590012218100 
+12.473630459670305370 
+12.476629196093776741 
+12.479244229322958404 
+12.481390617435760504 
+12.484416706566886290 
+12.485548297887822500 
+12.486284940780530306 
+12.486654228660832189 
+12.486633726061441507 
+12.486232643820812882 
+12.484453796089024280 
+12.482916434405677109 
+12.480973877734761857 
+12.478570639347001503 
+12.473162126433049224 
+12.469626295210646916 
+12.465584303049949355 
+12.461194484704739338 
+12.456274215308969389 
+12.451016936646052358 
+12.445204592552684630 
+12.439066283668848811 
+12.432486859138697000 
+12.425314962587528100 
+12.417834040546757990 
+12.410068234343503590 
+12.394512359507160681 
+12.385300284329577636 
+12.375826096619590544 
+12.365691656330703552 
+12.346076933267557507 
+12.334367848009232915 
+12.322407128270242538 
+12.309702926348499830 
+12.296759840073795189 
+12.271703726418062175 
+12.257059068780067790 
+12.242200543955089387 
+12.213917888264656852 
+12.197627289817610574 
+12.181169493952801020 
+12.163855205298027329 
+12.130689556950711605 
+12.111883528741699934 
+12.092544625263869307 
+12.072669172532537019 
+12.051831186595407530 
+12.012892732120135975 
+11.990913092575095078 
+11.948619617723553077 
+11.925045548140950302 
+11.900407621280965742 
+11.875687508234008760 
+11.828255752238767684 
+11.801888511639873514 
+11.774381277011258362 
+11.746830430095135611 
+11.718107419025773908 
+11.664840465941601622 
+11.634370653439280119 
+11.603897368039271853 
+11.545681131754870208 
+11.457440971129610574 
+11.422829639665035728 
+11.329013119228044104 
+11.292743829298615310 
+11.160279505293223323 
+11.121865191115745120 
+11.081991661147306161 
+11.042282482449166992 
+11.001926708836675672 
+10.960059218160315808 
+10.881380000981248912 
+10.836665669322595562 
+10.716076400146821612 
+10.668725411720924257 
+10.622573549954580585 
+10.575736917847390117 
+10.527214053989496279 
+10.478981405310999975 
+10.429025073631379428 
+10.379379990064713013 
+10.327973379546360633 
+10.275827730723712250 
+10.132755765155732064 
+10.076729768547231458 
+10.021057100891457736 
+9.964620571238885560 
+9.907415775761714727 
+9.750674141118473415 
+9.689375110743506880 
+9.628504925677418669 
+9.513351439831025047 
+9.450201916271266711 
+9.386245927957002522 
+9.320148692697205917 
+9.255896420420716808 
+9.189493799396565521 
+9.123646768942663243 
+9.057004077266563868 
+8.988147809136453503 
+8.919884014656274118 
+8.849363823196522816 
+8.777996190717935576 
+8.705776466153988480 
+8.631199674525543486 
+8.557244129313268388 
+8.482422361629193830 
+8.406729665877803015 
+8.330161322856572070 
+8.188833172723379406 
+8.111395628244927991 
+8.033100503418715732 
+7.952284992951923925 
+7.803184264660827374 
+7.721523420865191945 
+7.637253972405497748 
+7.553810849769165614 
+7.396737992780487936 
+7.308944718245685479 
+7.220211398339064779 
+7.056622369975002584 
+6.889886285917889985 
+6.798644427497505305 
+6.706473850762115774 
+6.609470202075776513 
+6.432294337024428543 
+6.332426439237393012 
+6.233553601043830383 
+6.133683491762504048 
+6.032811034766399239 
+5.930931139364118643 
+5.830148701425144075 
+5.724128600164229752 
+5.617043531108641297 
+5.508888025390282550 
+5.218173453962525521 
+5.108327820482682746 
+4.999703464959733168 
+4.885473811637081276 
+4.772454965084508061 
+4.656028418429809079 
+4.443639803985850456 
+4.127956076286386278 
+4.010327267760863457 
+3.891640206015643422 
+3.769383706288398361 
+3.648542685541333874 
+3.526628137902859006 
+3.292533504678257561 
+3.164864623662369425 
+3.038696364532628813 
+2.908766346292938287 
+2.780372596676015107 
+2.648159977639171547 
+2.288976136363787717 
+2.152470509098749041 
+2.011960982840761858 
+1.873062269158655369 
+1.611938457457209317 
+1.469616608195976504 
+1.323143991920523455 
+1.178373770953349720 
+1.032383188242524952 
+0.885166568230652651 
+0.736718220589597017 
+0.580896449422724004 
+0.426822446681084600 
+0.271447695254873445 
+0.114766085194034417 
-0.040055710710122483 
-0.196144277877730921 
-0.350281201629783823 
-0.508894565839599800 
-0.665515926921059986 
-0.826676916026834796 
-0.985805133185816196 
-1.149536691011114442 
-1.450274414385114063 
-1.617702838794437881 
-1.925197902511897041 
-2.096370203147550626 
-2.272417899859659585 
-2.442742949440420475 
-2.617955378917576681 
-2.939677732468386040 
-3.115064286470492050 
-3.295466346408936431 
-3.473526370400763952 
-3.656669510297042791 
-3.841206403323297991 
-4.023334505967874009 
-4.368465436071018004 
-4.554487733836838359 
-4.745794246863866306 
-4.938530182791641465 
-5.132701747983043461 
-5.332322331441785579 
-5.529413453613662099 
-5.732026183341950798 
-6.100566756028928950 
-6.478252820693622738 
-6.679531387463459424 
-6.882240109302141917 
-7.090653293132243462 
-7.473048239769051193 
