0.471521
0.471521
0.471521
0.471521
0.471521
0.471521
0.471521
0.471521
0.471521
0.471521
0.471521
0.471521
0.471521
0.471521
0.471521
0.471521
0.471521
0.471521
0.471521
0.471521
0.471521
0.471521
0.471521
0.471521
0.471521
0.471521
0.471521
0.471521
0.471521
0.471521
0.471521
0.471521
0.471521
0.471521
0.471521
0.471521
0.471521
0.471521
0.471521
0.471521
0.471521
0.471521
0.471521
0.471521
0.471521
0.471521
0.471521
0.471521
0.471521
0.471521
0.471521
0.471521
0.471521
0.471521
0.471521
0.471521
0.471521
0.471521
0.471521
2.58576
2.58576
0.471521
0.471521
2.35761
0.471521
0.471521
0.471521
0.471521
0.471521
0.471521
0.471521
0.471521
0.471521
0.471521
0.471521
0.471521
0.471521
0.471521
0.471521
0.471521
0.471521
0.471521
0.471521
0.471521
0.471521
0.471521
0.471521
0.471521
0.471521
0.471521
0.471521
0.471521
0.471521
0.471521
0.471521
0.471521
0.471521
0.471521
0.471521
0.471521
0.471521
0.471521
0.471521
0.471521
0.471521
0.943043
0.943043
0.943043
0.973463
0.973463
0.973463
0.973463
0.973463
0.973463
0.973463
0.973463
0.973463
0.973463
0.973463
0.973463
0.973463
0.973463
0.973463
0.973463
0.973463
3.77217
0.471521
0.471521
0.471521
0.471521
0.471521
0.471521
0.471521
0.471521
0.471521
0.471521
0.471521
0.471521
0.471521
0.471521
0.471521
0.471521
0.471521
0.471521
0.471521
0.471521
0.471521
0.471521
0.471521
0.471521
0.471521
0.471521
0.471521
0.471521
2.58576
2.58576
2.58576
2.58576
0.471521
0.471521
0.471521
0.471521
0.471521
0.471521
0.471521
0.471521
0.471521
0.471521
0.471521
0.471521
0.471521
0.471521
0.471521
0.471521
0.471521
0.471521
0.471521
0.471521
0.471521
0.471521
0.471521
0.471521
0.471521
0.471521
0.471521
0.471521
0.471521
0.471521
3.34628
5.44531
5.44531
5.44531
5.44531
5.44531
3.34628
3.34628
2.58576
2.58576
2.58576
0.471521
0.471521
0.471521
0.471521
0.471521
0.471521
0.471521
0.471521
0.471521
0.471521
0.471521
0.471521
0.471521
0.471521
0.471521
0.471521
0.471521
0.471521
0.471521
0.471521
0.471521
0.471521
0.471521
0.471521
0.471521
0.471521
0.471521
0.471521
0.471521
0.471521
0.471521
0.471521
0.471521
0.471521
0.471521
0.471521
0.471521
0.471521
0.471521
0.471521
0.471521
0.471521
0.471521
0.471521
0.471521
2.46408
0.471521
0.471521
0.471521
0.471521
0.471521
0.471521
0.471521
0.471521
0.471521
0.471521
0.471521
0.471521
0.471521
0.471521
0.471521
0.471521
0.471521
0.471521
0.471521
0.471521
0.471521
0.471521
0.471521
0.471521
0.471521
0.471521
0.471521
0.471521
0.471521
0.471521
0.471521
0.471521
0.471521
0.471521
0.471521
0.471521
0.471521
0.471521
0.471521
0.471521
0.471521
0.471521
0.471521
0.471521
0.471521
0.471521
0.471521
0.471521
0.471521
0.471521
0.471521
0.471521
0.471521
0.471521
0.471521
0.471521
0.471521
0.471521
0.471521
0.471521
0.471521
0.471521
0.471521
0.471521
0.471521
0.471521
0.471521
0.471521
0.471521
0.471521
0.471521
0.471521
0.471521
0.471521
0.471521
0.471521
0.471521
0.471521
0.471521
0.471521
0.471521
0.471521
0.471521
0.471521
0.471521
0.471521
0.471521
0.471521
0.471521
0.471521
0.471521
0.471521
0.471521
0.471521
0.471521
0.471521
0.471521
0.471521
0.471521
0.471521
0.471521
0.471521
0.471521
0.471521
0.471521
0.471521
0.471521
0.471521
0.471521
0.471521
0.471521
0.471521
0.471521
0.471521
0.471521
0.471521
0.471521
0.471521
0.471521
0.471521
0.471521
0.471521
0.471521
0.471521
0.471521
0.471521
0.471521
0.471521
0.471521
0.471521
0.471521
0.471521
0.471521
0.471521
0.471521
0.471521
0.471521
0.471521
0.471521
0.471521
0.471521
0.471521
0.471521
0.471521
2.2055
2.2055
2.25113
0.471521
0.471521
0.471521
0.471521
0.471521
0.471521
0.471521
0.471521
0.471521
0.471521
0.471521
0.471521
0.471521
0.471521
0.471521
0.471521
0.471521
0.471521
0.471521
0.471521
0.471521
0.471521
0.471521
0.471521
0.471521
0.471521
0.471521
0.471521
0.471521
0.471521
0.471521
0.471521
0.471521
0.471521
0.471521
0.471521
0.471521
0.471521
0.471521
0.471521
0.471521
0.471521
0.471521
0.471521
0.471521
0.471521
0.471521
0.471521
0.471521
0.471521
0.471521
0.471521
0.471521
0.471521
0.471521
0.471521
0.471521
0.973463
0.973463
0.973463
0.973463
0.973463
0.973463
0.973463
0.973463
0.973463
0.973463
0.973463
0.973463
0.973463
0.973463
0.973463
0.973463
0.973463
0.973463
0.973463
0.973463
0.973463
0.973463
0.973463
0.471521
0.471521
0.471521
0.471521
0.471521
0.471521
0.471521
0.471521
0.471521
0.471521
0.471521
0.471521
0.471521
0.471521
0.471521
0.471521
0.471521
0.471521
0.471521
0.471521
0.471521
0.471521
0.471521
0.471521
0.471521
0.471521
0.471521
0.471521
0.471521
0.471521
0.471521
0.471521
0.471521
0.471521
0.471521
0.471521
0.471521
0.471521
0.471521
0.471521
0.471521
0.471521
0.471521
0.471521
0.471521
0.471521
0.471521
0.471521
0.471521
0.471521
0.471521
0.471521
0.471521
0.471521
0.471521
0.471521
0.471521
0.471521
0.471521
0.471521
0.471521
0.471521
0.471521
0.471521
2.37282
2.37282
2.37282
2.37282
2.37282
3.17897
3.17897
3.17897
5.81036
5.76473
9.06538
5.76473
5.74952
5.74952
4.88253
4.88253
0.471521
0.471521
0.471521
0.471521
0.471521
0.471521
0.471521
0.471521
0.471521
0.471521
3.65049
3.65049
3.60486
3.60486
3.60486
0.471521
0.471521
0.471521
0.471521
0.471521
0.471521
0.471521
0.471521
0.471521
6.14499
6.14499
6.14499
0.471521
0.471521
0.471521
0.471521
2.28155
2.25113
2.7835
3.20939
3.20939
3.20939
3.20939
3.20939
6.32751
6.32751
3.20939
3.20939
3.20939
3.20939
3.20939
5.50615
5.46052
5.46052
5.46052
5.46052
5.46052
5.46052
5.46052
5.46052
5.49094
3.75696
3.75696
3.72654
1.00388
1.00388
1.00388
1.00388
1.00388
1.00388
3.86343
5.20194
5.20194
1.00388
2.29677
2.40324
2.29677
2.29677
2.29677
2.3424
2.3424
2.3424
5.08026
5.08026
5.08026
1.00388
1.00388
0.471521
0.471521
0.471521
0.471521
3.92427
3.92427
3.92427
3.83301
3.87864
3.87864
3.87864
3.87864
3.87864
1.33851
1.33851
1.33851
1.33851
1.33851
1.33851
1.33851
3.71133
6.79903
3.71133
3.71133
6.64693
5.50615
2.2055
5.47573
0.471521
1.81003
0.471521
0.471521
0.471521
0.471521
0.471521
3.71133
3.71133
3.71133
3.71133
7.0424
7.11845
7.11845
3.83301
3.83301
3.83301
6.92072
6.92072
7.78771
6.92072
3.60486
10.1909
10.2062
10.2062
7.11845
7.11845
13.522
10.2974
10.343
8.68512
8.68512
6.95114
6.95114
6.99677
3.87864
6.99677
3.83301
4.74563
3.87864
6.95114
6.95114
6.67735
5.32363
5.79515
5.79515
4.53269
4.53269
4.06117
4.06117
0.973463
7.27056
8.09191
3.83301
3.83301
3.87864
3.87864
6.95114
6.95114
3.87864
3.83301
3.83301
3.83301
5.12589
5.21715
5.21715
8.0767
5.12589
5.12589
8.9437
3.83301
3.83301
3.83301
0.973463
0.973463
0.943043
0.943043
4.15243
0.471521
0.943043
0.943043
5.68868
5.8712
8.51781
8.70033
2.88997
4.47185
4.47185
4.30453
4.30453
12.2596
15.332
17.9939
22.1159
19.0282
13.9479
4.5479
7.65081
7.65081
4.5479
4.5479
4.03075
4.63916
3.77217
0.471521
1.33851
4.45664
4.45664
7.28577
10.2822
7.65081
4.5479
4.5479
7.93981
7.93981
7.08803
7.08803
6.99677
4.62395
4.71521
7.81813
10.343
10.343
10.343
7.68123
4.56311
9.96279
0.471521
0.471521
2.2055
3.0877
3.0877
2.28155
5.21715
0.471521
0.471521
3.71133
0.471521
0.471521
3.71133
5.52136
10.0388
9.44564
9.43043
6.41877
2.2055
4.04596
0.471521
0.471521
3.34628
0.973463
9.29353
9.29353
6.98156
6.98156
6.98156
6.98156
8.27444
8.27444
5.15631
5.15631
5.15631
5.15631
5.15631
2.23592
2.23592
2.23592
0.973463
2.67702
8.60907
5.64305
5.67347
5.15631
5.26279
4.74563
7.3314
12.5029
4.50227
3.63528
9.64337
10.9971
12.8528
10.267
10.2974
13.4155
13.4155
5.59741
5.35405
5.35405
5.35405
2.23592
2.23592
8.76117
5.59741
5.59741
8.53302
8.53302
13.4764
14.2521
3.96991
7.1945
5.46052
11.1036
7.98544
9.05017
9.05017
9.44564
9.44564
10.8298
13.9023
8.50259
4.989
1.62751
0.973463
3.25502
7.25534
0.943043
0.471521
1.7644
5.12589
5.17152
5.17152
6.03852
6.03852
5.74952
9.0958
5.01942
1.7644
1.7644
1.7644
1.81003
4.66958
4.66958
6.85987
5.56699
2.2055
5.46052
5.53657
2.2055
5.11068
2.28155
0.471521
0.471521
2.2055
5.53657
8.33528
8.33528
5.11068
5.11068
6.00809
6.00809
7.60518
3.54402
3.49838
3.49838
4.01554
4.06117
4.41101
3.54402
3.57444
5.39968
4.88253
1.7644
1.94693
1.7644
3.49838
3.49838
6.61651
3.49838
4.7
4.7
3.87864
0.471521
0.471521
0.471521
1.33851
0.471521
3.16376
0.471521
1.33851
1.33851
0.471521
1.33851
3.65049
3.65049
1.81003
1.81003
1.81003
1.81003
1.81003
5.67347
3.87864
3.87864
3.87864
6.95114
0.471521
3.71133
4.1068
3.71133
3.71133
3.71133
3.71133
3.71133
3.71133
3.71133
0.943043
0.943043
0.943043
6.52525
6.52525
6.52525
3.83301
3.83301
4.30453
9.30874
7.87897
10.3887
5.41489
2.23592
4.62395
4.79126
4.79126
5.04984
2.23592
2.23592
2.23592
5.41489
5.41489
7.69644
7.69644
7.69644
7.69644
1.7644
1.7644
1.81003
1.81003
1.81003
6.03852
5.12589
1.81003
1.81003
1.7644
8.06149
8.06149
8.06149
8.06149
8.06149
4.95858
4.95858
4.95858
4.95858
4.95858
4.95858
4.95858
0.973463
0.943043
0.943043
0.943043
1.81003
1.81003
4.15243
3.71133
7.0424
3.83301
3.83301
3.71133
3.71133
3.71133
3.71133
3.71133
3.71133
0.471521
0.471521
0.471521
6.0233
12.1531
9.70421
7.11845
3.71133
5.44531
7.11845
11.3317
7.11845
3.71133
3.71133
3.71133
0.471521
0.471521
3.60486
3.14855
3.14855
3.14855
3.14855
3.14855
10.2518
10.2518
8.50259
8.71554
15.0126
12.1987
9.20227
8.51781
8.51781
8.04628
8.04628
8.04628
8.04628
11.5142
11.5142
8.91327
10.6016
10.6168
13.8719
13.8262
12.5333
9.12622
1.33851
1.33851
1.33851
1.33851
4.45664
0.471521
0.471521
0.471521
0.471521
3.60486
6.79903
3.71133
3.71133
4.15243
0.973463
0.973463
0.973463
0.973463
0.973463
0.973463
0.973463
2.23592
2.23592
2.23592
1.81003
1.81003
1.81003
2.23592
0.973463
0.973463
0.471521
4.45664
4.50227
4.50227
1.81003
1.81003
1.7644
1.7644
4.95858
4.95858
4.95858
8.06149
10.9667
7.84855
4.01554
6.41877
6.41877
4.92816
8.13754
8.13754
8.13754
8.13754
4.59353
4.59353
4.59353
5.61262
5.61262
5.61262
5.61262
0.471521
0.471521
0.471521
3.65049
3.65049
3.65049
0.471521
0.471521
0.471521
0.471521
0.471521
1.1712
1.1712
1.1712
0.471521
3.16376
3.71133
4.5479
4.5479
5.97767
9.36958
7.08803
7.08803
3.71133
6.79903
3.71133
6.55567
11.2709
8.15276
5.23237
5.23237
5.32363
8.33528
8.33528
5.8712
2.75308
8.89806
6.51004
7.95502
10.267
10.267
8.54822
8.44175
13.0809
10.6777
9.23269
9.2479
6.40356
11.9097
11.9858
11.5142
11.4382
8.56344
5.8712
8.9437
9.01975
10.7537
11.1492
12.001
13.6893
10.5104
13.2939
11.4838
8.24402
4.06117
9.18706
9.18706
9.18706
9.18706
10.9515
7.83334
8.71554
8.71554
15.1799
9.73463
9.81069
12.7463
9.59774
14.1
10.9515
10.845
15.8036
12.9288
8.91327
5.74952
5.06505
4.989
3.71133
3.71133
3.71133
3.8178
3.71133
6.79903
6.81424
3.71133
3.71133
3.71133
3.71133
4.95858
5.04984
5.47573
9.62816
12.9897
15.6515
15.1799
8.22881
8.06149
1.7644
1.79482
6.98156
6.98156
9.90195
13.811
10.7233
10.6777
1.93172
2.95081
2.7835
2.7835
5.56699
2.02298
3.16376
3.16376
3.16376
3.16376
3.16376
6.57088
6.52525
9.2479
6.55567
9.67379
14.9366
12.6246
12.579
11.6055
9.90195
6.3123
5.04984
4.88253
4.88253
7.66602
8.6547
8.60907
7.22492
6.84466
6.84466
9.76506
7.36182
7.36182
7.31619
6.84466
5.11068
5.11068
4.88253
4.88253
7.1945
5.90162
5.90162
5.90162
4.45664
6.79903
3.71133
0.471521
3.65049
4.44143
0.684466
1.20162
4.51748
3.87864
3.34628
3.87864
6.54046
6.54046
9.64337
5.4301
5.47573
8.56344
6.95114
3.87864
3.87864
4.35016
4.35016
7.49871
7.46829
8.88285
12.3964
18.5262
10.556
8.71554
7.10324
8.71554
8.71554
5.59741
7.42266
7.42266
10.6473
10.6473
9.84111
9.3848
6.14499
9.3848
6.14499
5.97767
5.97767
9.3848
9.3848
9.26311
7.11845
8.79159
11.1036
11.2252
11.2252
11.2252
11.1492
5.32363
6.19062
7.1945
7.81813
3.60486
3.60486
3.60486
3.65049
3.65049
3.65049
3.65049
4.16764
4.16764
4.16764
7.02719
9.33916
9.33916
6.47962
3.36149
4.16764
4.31974
6.93593
6.90551
4.22848
9.74984
6.38835
8.77638
7.4835
7.4835
9.88674
13.1113
16.4728
13.1113
13.1113
13.1113
17.0964
11.8185
11.8185
7.40745
5.15631
5.15631
8.27444
8.10712
6.46441
5.79515
6.7534
12.1683
3.19418
2.69223
2.69223
5.81036
5.81036
7.54434
7.54434
10.7689
10.343
13.6741
10.3126
10.4191
12.655
9.96279
7.74208
7.74208
7.74208
7.74208
7.74208
14.0392
10.921
7.9246
7.9246
7.9246
5.61262
2.41845
2.37282
4.73042
4.73042
2.41845
2.37282
4.35016
4.68479
8.10712
8.10712
12.3356
11.2709
4.95858
7.24013
9.14143
9.59774
9.64337
6.41877
9.76506
9.76506
11.0123
11.0579
14.313
11.0579
11.0579
11.0123
13.9023
8.88285
11.6511
8.35049
10.1301
10.0084
12.1987
9.36958
9.44564
8.86764
7.90939
6.66214
8.74596
9.26311
2.7835
2.7835
0.471521
3.2246
15.5146
12.9136
5.08026
5.08026
9.47606
8.18318
5.90162
3.46796
3.46796
6.40356
6.40356
6.40356
6.57088
3.63528
6.7534
9.23269
4.63916
10.2062
7.36182
4.24369
6.11457
6.11457
10.1453
12.1075
12.1075
11.9553
11.9553
8.62428
8.88285
3.72654
8.91327
12.0162
7.01198
10.5104
10.6168
12.1531
12.1531
11.0275
13.2634
9.23269
10.5256
7.40745
8.09191
8.50259
7.62039
8.51781
7.14887
9.88674
5.41489
7.51392
5.41489
8.18318
11.3774
8.06149
8.10712
4.89774
4.89774
6.72298
15.6667
15.6667
19.9712
11.8489
8.62428
8.85243
10.0084
8.86764
6.12978
5.7191
8.73075
8.73075
2.28155
2.28155
2.06861
4.989
2.67702
2.67702
0.943043
3.72654
5.01942
5.01942
7.24013
4.95858
4.5479
2.40324
2.40324
4.18285
4.13722
2.40324
2.40324
5.52136
5.52136
2.81392
2.81392
2.81392
2.6466
2.81392
2.81392
2.81392
4.07638
5.46052
5.46052
5.46052
2.3424
1.15599
3.49838
4.63916
6.44919
6.37314
3.6657
2.2055
4.42622
4.33495
0.471521
0.471521
0.471521
0.471521
9.41522
9.41522
10.7081
7.89418
7.7725
6.41877
4.33495
3.83301
3.83301
4.00033
4.00033
4.00033
4.00033
4.00033
4.00033
4.04596
2.47929
5.59741
5.59741
2.47929
0.684466
0.471521
0.471521
0.471521
0.471521
0.471521
0.943043
3.25502
4.15243
0.943043
3.25502
0.973463
0.973463
0.973463
2.7835
2.7835
0.973463
4.06117
4.06117
4.06117
4.06117
8.27444
11.7424
7.42266
4.30453
4.30453
7.28577
7.28577
7.28577
7.27056
0.943043
0.973463
1.81003
1.81003
0.943043
0.943043
0.943043
1.38414
8.01586
8.70033
3.98512
3.98512
3.51359
6.76861
3.51359
0.638835
3.39191
3.51359
4.19806
4.19806
7.49871
7.43787
4.56311
5.03463
5.03463
5.03463
5.03463
5.03463
5.03463
5.03463
1.3233
1.3233
1.3233
1.3233
1.3233
1.79482
1.15599
1.15599
1.15599
1.15599
1.15599
1.15599
0.684466
0.684466
3.57444
3.57444
3.58965
3.58965
0.638835
0.684466
0.684466
0.684466
0.684466
0.471521
0.471521
0.471521
0.471521
0.471521
0.471521
0.471521
0.471521
0.471521
0.471521
0.471521
0.471521
0.471521
0.471521
0.471521
2.58576
2.58576
2.58576
2.58576
2.58576
2.58576
3.02686
3.02686
0.973463
0.471521
0.471521
0.471521
0.471521
0.471521
0.471521
0.471521
0.471521
0.471521
0.471521
0.471521
0.471521
0.471521
0.471521
0.471521
0.471521
0.471521
0.471521
0.471521
0.471521
0.471521
0.471521
0.471521
0.471521
0.471521
0.471521
0.471521
0.471521
0.471521
0.471521
0.471521
0.471521
0.471521
0.471521
0.471521
0.471521
0.471521
0.471521
0.471521
0.471521
0.471521
0.471521
0.471521
0.471521
0.471521
0.471521
0.471521
0.471521
