+2.365767602380040913 
+2.332938706999079681 
+2.299757965361604040 
+2.268205329453728325 
+2.236297901121523601 
+2.204694689032693056 
+2.173394230188266718 
+2.142395065614290051 
+2.111695740356842599 
+2.081294803477063304 
+2.051190808046168712 
+2.020777041199409041 
+1.991268590157202034 
+1.913811508496733760 
+1.885370882568327744 
+1.857217615416506096 
+1.829350290799047318 
+1.801207535009950789 
+1.773359545213209154 
+1.746353059292663268 
+1.719084308662526706 
+1.692642623248436617 
+1.665947295872642231 
+1.618618985779170405 
+1.593239801345038842 
+1.568132726620375950 
+1.542792333747840416 
+1.457269263652230862 
+1.433168489731178497 
+1.409341723842812533 
+1.367139478058165603 
+1.344531037260648931 
+1.322180577310769323 
+1.281352476311661048 
+1.259731774520445935 
+1.238363934632524810 
+1.217247638866717718 
+1.196381573283170852 
+1.174510210920094222 
+1.153742968962281568 
+1.133639798291208978 
+1.113781534515078553 
+1.093769111644528724 
+1.074401713908346157 
+1.055663258640872515 
+1.036771715564379859 
+1.018118644960675612 
+1.000076242906689616 
+0.981891492446636205 
+0.964305415571788505 
+0.917446558120871059 
+0.899996423143442970 
+0.883126441430577946 
+0.866146739751966876 
+0.849735242095601695 
+0.833548797713137057 
+0.817586171267909112 
+0.801846131156275899 
+0.786641952709488113 
+0.759009024763502183 
+0.744404798055327221 
+0.729710852783115316 
+0.715232453493015008 
+0.701257362440286247 
+0.687202101751442251 
+0.673358803231469905 
+0.659726271431593014 
+0.646031550513123332 
+0.632821220967938913 
+0.609096225914818712 
+0.596214992227108942 
+0.583797285628560481 
+0.571582223399877076 
+0.559325553441046397 
+0.547516359771168304 
+0.535671423249879375 
+0.524263366023635546 
+0.513052109582225135 
+0.502036505626514806 
+0.491215409472541387 
+0.480587680046532517 
+0.470152179879929522 
+0.451278096193082456 
+0.441385586896120508 
+0.431680953160073377 
+0.414341833240203128 
+0.405164069455750786 
+0.395988252931681384 
+0.387180291138812027 
+0.378553695517389155 
+0.369936862171037273 
+0.361673350154773310 
+0.353587895234407590 
+0.345679408954136402 
+0.331611037984193224 
+0.324348214069337004 
+0.317105157497532097 
+0.310033876588125423 
+0.303133303358033235 
+0.296538050524640440 
+0.284736713943161579 
+0.278474473397832156 
+0.272500638967922093 
+0.266565270847070490 
+0.260909630141170634 
+0.250835118177366923 
+0.245515111555481891 
+0.236259812309234984 
+0.231386752013226893 
+0.222751865615957279 
+0.218412774643478080 
+0.214221333620921328 
+0.210093882471547033 
+0.206197927407299808 
+0.202370152313968266 
+0.198765838183558863 
+0.195304427062243935 
+0.191917334887443225 
+0.188741865208917226 
+0.185644738632384065 
+0.180389563631914385 
+0.177698343354757426 
+0.175199994374668044 
+0.170880386256809569 
+0.166991416648051061 
+0.165057276384147578 
+0.163300018465037500 
+0.161646925926545393 
+0.158998001138542566 
+0.157762231609391623 
+0.155836167462947817 
+0.154972976551289943 
+0.154225713930947972 
+0.153623330358340304 
+0.152637402550875212 
+0.152479889624665521 
+0.152572891701971969 
+0.152787953489784467 
+0.153124777912196031 
+0.153582468955128171 
+0.154160133854024384 
+0.154841479220603429 
+0.155654023143500631 
+0.156563755952773498 
+0.157607718170562627 
+0.160963948593375594 
+0.162428262505521559 
+0.164004977720836997 
+0.165657669078515202 
+0.167454354706128683 
+0.169360883491548098 
+0.173145993405323662 
+0.175359491053932448 
+0.179752427370736267 
+0.184507623361503281 
+0.189561647070223049 
+0.192518406346218640 
+0.195642772979743640 
+0.198811337761457096 
+0.202016994496623692 
+0.205389736973423886 
+0.208793831927388762 
+0.212367379246153121 
+0.225499164398891949 
+0.229431589933244418 
+0.236979680062876064 
+0.241174525153344810 
+0.249114122263071724 
+0.253563208153801067 
+0.258100434096631748 
+0.262820315129691728 
+0.267533277157335991 
+0.272233278901385045 
+0.277115406939669295 
+0.281979667035948456 
+0.287027995765040789 
+0.292159161680613177 
+0.301688475137907641 
+0.307269427717405286 
+0.312713131557011081 
+0.318349602042895086 
+0.324067794479483418 
+0.329866933244584715 
+0.335627878973212113 
+0.346528594070957041 
+0.352505558075661529 
+0.358681006548980719 
+0.364807196907334319 
+0.371006173777071346 
+0.377277230615572279 
+0.388980936276128286 
+0.400787152942374769 
+0.407249074524125287 
+0.413913074502439970 
+0.420506495732029917 
+0.438966990350092123 
+0.445940449306200914 
+0.458915856054363136 
+0.466216613089768916 
+0.479521200231788125 
+0.486851834853197385 
+0.494394450084163939 
+0.501846675882243520 
+0.509512004141639885 
+0.517238280539530804 
+0.524868502224613120 
+0.532713435269897451 
+0.540617281457992149 
+0.561599802985033092 
+0.569711277810204919 
+0.577714676266507965 
+0.585771052867534170 
+0.594045811875974383 
+0.602207334279836859 
+0.610588100573740133 
+0.618852257186100818 
+0.627336479640613121 
+0.635529593405847137 
+0.643941562036378201 
+0.652228464753837889 
+0.667888764869968954 
+0.676656784477976059 
+0.685295697647311020 
+0.693979805520700932 
+0.702708522812379721 
+0.711481266969374415 
+0.720117105418834891 
+0.736419788063547021 
+0.745538035655300302 
+0.754515590723252139 
+0.771295694376571417 
+0.780573952116883518 
+0.789892885886659402 
+0.798876781694716875 
+0.808085406375067983 
+0.817142370802311779 
+0.826424509511823668 
+0.835552437855104690 
+0.852759471767088550 
+0.862369876442748096 
+0.871822679189453220 
+0.881503151983108468 
+0.899209874474557358 
+0.908986334394357387 
+0.918402764955199569 
+0.928046208723656729 
+0.937522560912068093 
+0.947226163433497081 
+0.956760460970854876 
+0.966522214884444120 
+0.976112501242180741 
+0.993965547137410255 
+1.011908376736084136 
+1.030141078500104390 
+1.040104006836881201 
+1.050091857524143801 
+1.059899571675772201 
+1.069935329338537855 
+1.079994570536505938 
+1.090076817429653566 
+1.099975152675878087 
+1.110308429584896395 
+1.120249528444209774 
+1.138735302926560333 
+1.148941607389448505 
+1.158958845280161576 
+1.169203950996823504 
+1.179677640812210493 
+1.190170549510832343 
+1.200471784620356086 
+1.210790569303555886 
+1.221126457764923900 
+1.231479006674850218 
+1.241636008412055681 
+1.251808162314150152 
+1.262207439344247062 
+1.272621645710593219 
+1.283263328892483957 
+1.293919652544761378 
+1.304590163802839431 
+1.315274412432409390 
+1.334753536914085492 
+1.345474122571695297 
+1.355991982104374438 
+1.366735985506674522 
+1.377275956149022429 
+1.388041671574158364 
+1.398602091580855689 
+1.409172024259855771 
+1.428609637703672774 
+1.447859104175705403 
+1.458468078445783078 
+1.469084335886831738 
+1.479707489948069998 
+1.490337156422098408 
+1.500972953439895896 
+1.511831733147652290 
+1.522696100251388129 
+1.542264771724455752 
+1.553142672962471105 
+1.581443376246094878 
+1.592116335634681468 
+1.602574002994770819 
+1.622187685957368064 
+1.633086647762686194 
+1.643986901669047818 
+1.664045507340118801 
+1.674947418509351360 
+1.685631179859981454 
+1.723127547625308509 
+1.733806608675051653 
+1.744483711574363660 
+1.755376355998875759 
+1.766048505203999586 
+1.776717713380126185 
+1.787383659553592796 
+1.798263584736380150 
+1.817619579638180882 
+1.828270071823610454 
+1.838915780503189490 
+1.849339294942449863 
+1.859974627371238975 
+1.870387391925847353 
+1.881011157134357514 
+1.891628631658182069 
+1.902455996037522468 
+1.913059855334294124 
+1.923872713828215897 
+1.934461761211038855 
+1.945043040132580670 
+1.955616263872187899 
+1.966396668885806998 
+1.976952751687375720 
+1.987499926151016671 
+1.997822946727594529 
+2.008136892291276787 
+2.018656083551933822 
+2.029165277224250552 
+2.039450043977180993 
+2.049938652421135377 
+2.060630183764639245 
+2.071096708523415764 
+2.090504293501006305 
+2.109871158039493100 
+2.120494367220397525 
+2.130680369860661116 
+2.149745881403837267 
+2.159895993216356835 
+2.170244226393821751 
+2.180578742216530141 
+2.190899300502160862 
+2.201205663077303587 
+2.211497593772465464 
+2.221774858417135956 
+2.231827939227281732 
+2.242284462837806913 
+2.252724996640633304 
+2.263357619183732794 
+2.282286817774985987 
+2.292456364875291364 
+2.302609461677763036 
+2.312952582487173725 
+2.323071784212861424 
+2.333173887474670583 
+2.343258681582665481 
+2.353325957781445155 
+2.363375509245174921 
+2.381787011878867766 
+2.391785174312042184 
+2.401561355951062460 
+2.411522703461360440 
+2.438060774050010870 
+2.448153438282270944 
+2.466268681825543041 
+2.476303715405910211 
+2.486117719117461711 
+2.495911416222179824 
+2.505883865790311305 
+2.515834795510380584 
+2.533889654033301131 
+2.543581330015987518 
+2.553054527097200932 
+2.562703795867328438 
+2.572135128893595191 
+2.581545510259978027 
+2.591325545910450501 
+2.600887597095363102 
+2.610621784651785404 
+2.620138580396930372 
+2.629632740214183695 
+2.639297164603943813 
+2.648745121405736036 
+2.658169981422504158 
+2.667763222245495669 
+2.676949816836271090 
+2.686304499518312738 
+2.695445309057609595 
+2.704752972942691791 
+2.713847452390351744 
+2.723107547867706479 
+2.740240471181293547 
+2.749618274806407747 
+2.758970445317772580 
+2.768110569960897660 
+2.777411580937375390 
+2.786501309018886374 
+2.803131162094710582 
+2.812333052265904687 
+2.821325164666919516 
+2.830291677911368708 
+2.839050267864315469 
+2.847965762685932489 
+2.856674156188833802 
+2.865538188261067987 
+2.874195956384898665 
+2.883008094285035572 
+2.891793857665477585 
+2.900731625803495195 
+2.909463782693459066 
+2.918346636474626443 
+2.927201596225821767 
+2.935676017668892523 
+2.944300279315483770 
+2.952897460679868136 
+2.961642082556771971 
+2.970184266399518158 
+2.978699091778733710 
+2.987186469808909450 
+2.995646313195582167 
+3.004078536230351482 
+3.012483054785902503 
+3.020689110897777141 
+3.042948511015234558 
+3.051223058326457682 
+3.066347815980295266 
+3.074709256340695696 
+3.089685392950603848 
+3.097798694405115238 
+3.106048143197783773 
+3.120822019463650232 
+3.148948141586595639 
+3.157009994891274651 
+3.164881319859906839 
+3.179263138160576041 
+3.187210572284607579 
+3.201439312707462292 
+3.215569264855896225 
+3.229600150138439929 
+3.237352182575747417 
+3.244919389339853133 
+3.252457072861467235 
+3.260118114709587456 
+3.267443722080394242 
+3.274892617276976559 
+3.282160732073880371 
+3.289550873385838514 
+3.296911288999786915 
+3.304092642240595623 
+3.311394129048047752 
+3.324579756788155205 
+3.343808617862423560 
+3.357040270013040395 
+3.364122238335912396 
+3.371317854804513736 
+3.378196285007954991 
+3.385045939965716677 
+3.392008603478972262 
+3.398941257523211856 
+3.405843892572552711 
+3.412716500421164589 
+3.419698405774555638 
+3.426510326756265989 
+3.433292203716852953 
+3.440181513283580905 
+3.446902681405257240 
+3.453593800545720516 
+3.460254871652686859 
+3.467155912886611180 
+3.474024409528819302 
+3.480726641379744635 
+3.487530704539159032 
+3.494302243780839756 
+3.500909443675537691 
+3.507354189658207666 
+3.513638329639662494 
+3.520023715102460038 
+3.526249731219634143 
+3.532447005681361052 
+3.538743759748510520 
+3.544882999667583690 
+3.551120545363514402 
+3.557201822046056172 
+3.563380236854676753 
+3.569403630781076586 
+3.575398414262207947 
+3.581612581799339168 
+3.587672397338162789 
+3.593825228373338287 
+3.599824990209303799 
+3.605916601644480579 
+3.611856429166479643 
+3.617886947729259006 
+3.623886662565186434 
+3.629736532072760369 
+3.635556887401088400 
+3.641465639281102007 
+3.647226475656134337 
+3.652957910750367354 
+3.658659984210176574 
+3.664332736801777735 
+3.669976210406226347 
+3.675590448014473210 
+3.681175493722358638 
+3.686731392725626222 
+3.692258191315003657 
+3.697755936871121474 
+3.703224677859645375 
+3.708664463826229607 
+3.714185470944469714 
+3.719566911514131213 
+3.724919553216754053 
+3.730351801922792365 
+3.735646423524751292 
+3.741019583500396539 
+3.746256413443869171 
+3.751464726598545241 
+3.756644582069344818 
+3.761900876527929150 
+3.767023420410691159 
+3.772117691363443104 
+3.777183752601554367 
+3.782221668350314037 
+3.787333453462352395 
+3.792314703904655637 
+3.797368806282801934 
+3.802293665912348075 
+3.807190718998580081 
+3.812159121270916273 
+3.817000209059180804 
+3.821813705366691405 
+3.826697070350800089 
+3.831455044796720166 
+3.836185651626122795 
+3.840984669266849227 
+3.845660215315473973 
+3.850214031465727160 
+3.854835937583559691 
+3.859337360743945844 
+3.863905939576296689 
+3.868355279525861334 
+3.872870850873806781 
+3.877451102717558662 
+3.882003692030408182 
+3.886528709386601221 
+3.891026246330689276 
+3.895496395372086251 
+3.899850659763622218 
+3.904178799438512204 
+3.908568431736366922 
+3.912844063526839555 
+3.917180305983748667 
+3.921489729629919374 
+3.925772433518845972 
+3.930028517625073547 
+3.934258082838772985 
+3.938461230960182302 
+3.942638064694091504 
+3.946788687644359861 
+3.950913204308376336 
+3.954930003879286282 
+3.959003141855274244 
+3.962969795266646500 
+3.966831579128045959 
+3.970749501796118963 
+3.974642961288594289 
+3.978512061611218620 
+3.982356907553928238 
+3.986255327395727299 
+3.990051492510187536 
+3.993823724463593905 
+3.997572131148241503 
+4.001296821215613697 
+4.004922607016649927 
+4.008600671241363322 
+4.012255347037713804 
+4.015886746029007526 
+4.019421573936528880 
+4.023080163756419303 
+4.026642409391081756 
+4.030181832007757592 
+4.033770080913654077 
+4.037334808951619003 
+4.040805541954204827 
+4.044324065144535574 
+4.047819439132904762 
+4.051291790133782378 
+4.054672479560368359 
+4.058099620301764077 
+4.061504118551943598 
+4.064886103444930399 
+4.068178731321784980 
+4.071516523550847033 
+4.074766094096235136 
+4.077928864334426251 
+4.081136739080713838 
+4.084258904670904577 
+4.087361155973097127 
+4.090571619954047833 
+4.093697165980536568 
+4.096865501060585224 
+4.099950022569478492 
+4.103014433816726481 
+4.106120788715442060 
+4.109083445334393403 
+4.112088307001752874 
+4.115012852150707445 
+4.117979066753671091 
+4.120866007776507800 
+4.123853653443796397 
+4.126821455209917389 
+4.129710786054983984 
+4.132639718920341210 
+4.135549235364269549 
+4.138439480028611506 
+4.141253362280858497 
+4.144105877847858110 
+4.146883066234817505 
+4.149642301615786621 
+4.152439485685418319 
+4.155162872818761066 
+4.157868727859402647 
+4.160557191193780646 
+4.163282739623013207 
+4.165936495019026076 
+4.168626922185501016 
+4.171299836496125124 
+4.173902447848480968 
+4.176541135071813571 
+4.179162763356462307 
+4.181767486042271997 
+4.184303860723011859 
+4.186824292274261339 
+4.189328926408485643 
+4.191868542917022822 
+4.194341706252380675 
+4.196799514985627866 
+4.199291808310473328 
+4.201768424649988454 
+4.204180450753433718 
+4.206626492111785076 
+4.209008858810180165 
+4.211424946619220400 
+4.213778264600239964 
+4.216117431885270328 
+4.218395285830329300 
+4.220659847602625803 
+4.222958025289802464 
+4.225196161039845855 
+4.227467660242099967 
+4.229725909963431008 
+4.232016747411003088 
+4.234248695110718330 
+4.236513013625811119 
+4.238719286961385890 
+4.240957728478441879 
+4.243094565166309451 
+4.245219728808153903 
+4.249217163429410249 
+4.251352817893887526 
+4.253520135489289089 
+4.255632582868400071 
+4.257776546402149975 
+4.259866427526580068 
+4.261903058014605783 
+4.263971452671588835 
+4.265987338488276492 
+4.267993183715927508 
+4.270072089830051709 
+4.272140431991275022 
+4.274198379393291169 
+4.276246101511532061 
+4.278243112210745380 
+4.280271089328970824 
+4.282249076786448505 
+4.284177801733267898 
+4.286137785728815430 
+4.288049183378653595 
+4.289952235453185381 
+4.291886483848537992 
+4.293812355049117180 
+4.295769062313704367 
+4.297678502156394131 
+4.299580054219166669 
+4.301512451162778028 
+4.303398562513193859 
+4.305239009020034757 
+4.307110636185406349 
+4.308937207115381085 
+4.310794989498883290 
+4.312608311852547338 
+4.314452890158015030 
+4.316291042328862737 
+4.318122932324675922 
+4.319985922966543157 
+4.321842738607553969 
+4.323693553903794395 
+4.325538543652593937 
+4.327377882786988650 
+4.329248368994264240 
+4.331003789135785098 
+4.332827328082279550 
+4.334609589573855892 
+4.336387259268636996 
+4.338160502465184365 
+4.339965543019333793 
+4.341730347608868001 
+4.343491225494914509 
+4.345212519282801722 
+4.346966112439671903 
+4.348680588271549574 
+4.350427546285782654 
+4.352135840719663307 
+4.353876813624852460 
+4.355615010367029249 
+4.357385991079813614 
+4.359119085418369899 
+4.360849905122232251 
+4.362578616295555989 
+4.364340606181857929 
+4.366065564162714630 
+4.367788915418628903 
+4.369510826105336143 
+4.371266565300418350 
+4.372986072424660087 
+4.374704640819484958 
+4.376492536715048232 
+4.378244743951530182 
+4.379996503202147728 
+4.381747990892654876 
+4.383534411501684325 
+4.385250857101071986 
+4.387002588258575031 
+4.388719704436903513 
+4.390472465267537316 
+4.392190928907391267 
+4.393945409853655448 
+4.395665897319144477 
+4.397422788252203674 
+4.399145975305998491 
+4.400835531926358790 
+4.402562018795308063 
+4.404255125053900599 
+4.406020896836314371 
+4.407753618091532211 
+4.409488747378150109 
+4.411261940710808460 
+4.413002437809453227 
+4.414745840219854500 
+4.417956124326792633 
+4.419708662447529690 
+4.421500612020007104 
+4.423260461696146173 
+4.425024177494086608 
+4.426791922935426449 
+4.428600068189776806 
+4.430376453419501814 
+4.432193754464002211 
+4.434015937512912231 
+4.435806579957366047 
+4.437638938977482184 
+4.439476694340230623 
+4.441283096057042634 
+4.443095007618078185 
+4.444912590654640283 
+4.446698734645044837 
+4.448528020724361376 
+4.450363458581787945 
+4.452167558063896635 
+4.454015647778748033 
+4.455832448783640487 
+4.457731877369356610 
+4.459600337062839870 
+4.461514258208980621 
+4.463397245949403569 
+4.465287664598561079 
+4.467224487888245221 
+4.469091429273745142 
+4.471005091934109110 
+4.472926818761962409 
+4.474817297433425267 
+4.476755452541252289 
+4.478662325884839035 
+4.480657518138444928 
+4.482621741743157529 
+4.484594967441922542 
+4.486577351004639169 
+4.488609792813631039 
+4.490611152958614127 
+4.492581001684408548 
+4.494601567845641910 
+4.496590526735816162 
+4.498630902792164932 
+4.500639562075669176 
+4.502658187478763452 
+4.504729296377899317 
+4.506768499403003503 
+4.508860912731183390 
+4.510964314103238948 
+4.513035588487731786 
+4.515161187245393393 
+4.517254495111793666 
+4.519402880739246342 
+4.521607207678708384 
+4.523779454621745799 
+4.525963736647037550 
+4.528160202140067980 
+4.530414205985728415 
+4.532635738079260790 
+4.534869899235975055 
+4.537116836109988505 
+4.539376694912331978 
+4.541696144745676733 
+4.543982555403040635 
+4.546282326864453438 
+4.548642954866839005 
+4.550970160653636576 
+4.553311161894853853 
+4.555714307664299412 
+4.558083617025793899 
+4.560467152129538349 
+4.562914141818643188 
+4.565326849884914218 
+4.567754209481611483 
+4.570196360564191096 
+4.572603147879638286 
+4.575074990809011588 
+4.577562039171906960 
+4.580064430851674473 
+4.582530762403262514 
+4.585063932141803633 
+4.587560675723246106 
+4.590125157569294956 
+4.592652834248792004 
+4.595196009454982189 
+4.597754809232644568 
+4.600383163937387110 
+4.602973920953962406 
+4.605635158642954252 
+4.608258381128726100 
+4.610953018361843903 
+4.613609210103634339 
+4.616393623476454877 
+4.619139850862467256 
+4.621903533462212721 
+4.624627862372348019 
+4.627426476757470653 
+4.630242926611586540 
+4.633019312802943546 
+4.635871441713428354 
+4.638683019586917311 
+4.641630454494134916 
+4.644537586681666497 
+4.647463300529395269 
+4.650407718564476767 
+4.653431633895639408 
+4.656353153992142779 
+4.659354413111109317 
+4.662374859860236143 
+4.665352383851972817 
+4.668411165069073832 
+4.671489486963226412 
+4.674524045303659392 
+4.677641394464686186 
+4.680778631167731518 
+4.684000512947687156 
+4.687243343455705258 
+4.690507243332035614 
+4.693792332429541858 
+4.697032392273040813 
+4.700359786509341831 
+4.703708722404360110 
+4.707011691735742964 
+4.710403623512642746 
+4.713817442198532603 
+4.717253262013118231 
+4.720641820206671113 
+4.724121535968545338 
+4.727553327619826717 
+4.731077377335668466 
+4.734552828467277763 
+4.738050044448963938 
+4.741569127255069738 
+4.745182673844193566 
+4.748746244423817764 
+4.752405394855285792 
+4.756087734232050224 
+4.759719024957269617 
+4.763447584368212695 
+4.767199639959171620 
+4.770823812573519618 
+4.774469821463158681 
+4.778214403718340719 
+4.781904808027681142 
+4.785694891658822669 
+4.789508096699934825 
+4.793344513410500163 
+4.797204231178179512 
+4.801087338513880809 
+4.805073894323889760 
+4.809004524590152485 
+4.812877869782521856 
+4.816855402790155338 
+4.820856754594706750 
+4.824799620842585846 
+4.828765500711953429 
+4.832837820285744712 
+4.836850439365621313 
+4.840970628583377788 
+4.845030292119285598 
+4.849113346104177324 
+4.853305665115623668 
+4.857522510317762610 
+4.861763956569971512 
+4.865942766948228027 
+4.870233130268397659 
+4.874548312002298545 
+4.878799561040180421 
+4.883074759849129975 
+4.887463796157716978 
+4.891787590780905859 
+4.896135528617840293 
+4.900599016019075549 
+4.905087793073723113 
+4.909509544984249629 
+4.914048573517217910 
+4.918519671660558146 
+4.923015275876165830 
+4.927629874444409808 
+4.932175172961440701 
+4.936840615993078885 
+4.941435831887478258 
+4.946152343073320523 
+4.950991787376636921 
+4.955760641891420626 
+4.960555484106222046 
+4.965376365831047245 
+4.970322527612392349 
+4.975096449698973800 
+4.979995750094854401 
+4.984921286496545534 
+4.989873105316897650 
+4.994851251874411702 
+4.999958178316730617 
+5.004989651425683306 
+5.010047582456838455 
+5.015236052347157525 
+5.020347562717144996 
+5.025485651027752354 
+5.030756034253202280 
+5.035947934010970073 
+5.041166521424159441 
+5.046411830523436670 
+5.051683894189933355 
+5.056982744150435138 
+5.062417377484356606 
+5.067770438751283635 
+5.073150375080027530 
+5.078667837443956223 
+5.084102153633583754 
+5.089675158225380969 
+5.095051668816587664 
+5.100566913530930613 
+5.106109178145442407 
+5.111678482519378619 
+5.117274845302882902 
+5.122898283931485608 
+5.128433226759952390 
+5.133994181243425103 
+5.139697832577093450 
+5.145311390696114984 
+5.151068765015645035 
+5.156734970345420166 
+5.162427241109465825 
+5.168264993952721653 
+5.174009959380411416 
+5.179781008442638779 
+5.185699195920825844 
+5.191766188967159579 
+5.197617137048894165 
+5.203616892173042352 
+5.209520565234397438 
+5.215574140179458418 
+5.221530528722563957 
+5.227637908757415630 
+5.233646993400196124 
+5.239682144234491190 
+5.245869905066339101 
+5.252084810496872258 
+5.258199189281498320 
+5.264339592812950386 
+5.270763505971432394 
+5.277086308044101060 
+5.283566054923522159 
+5.289943538152792613 
+5.296479042647680657 
+5.302911126851800105 
+5.309238115133149805 
+5.315723608647800802 
+5.322102869348508847 
+5.328507959857001097 
+5.334938853994779961 
+5.341530312157995120 
+5.348013265976060637 
+5.354521936538276350 
+5.361192697798042417 
+5.367890191049751181 
+5.374751886169992332 
+5.381641337881957199 
+5.388419890008343316 
+5.395364175814005847 
+5.402336089927041840 
+5.409335586195043177 
+5.416362616896613247 
+5.423134425020749383 
+5.430073393134046356 
+5.436896250896247729 
+5.443887234153590882 
+5.450760946716405542 
+5.457803740511529611 
+5.464872625214926671 
+5.471967544200607492 
+5.479088439350654482 
+5.486089139093541789 
+5.493261279185587043 
+5.500312059351310623 
+5.507387531303276518 
+5.514635813654405361 
+5.521760993989804689 
+5.529059887394316419 
+5.536533984789477003 
+5.543884249397321717 
+5.551259830377688331 
+5.558660652968926641 
+5.566238453117126284 
+5.573690039601171264 
+5.581319475782287043 
+5.588821501784567047 
+5.596348368816648211 
+5.603899992670090313 
+5.611631162090935376 
+5.619232541417689575 
+5.626858413600064779 
+5.634665069532185377 
+5.642340149188051157 
+5.650196823079935982 
+5.657762856030855048 
+5.665510290704821372 
+5.673281648506284469 
+5.680917506344835388 
+5.688735924763075325 
+5.696417685609523218 
+5.704282758863104874 
+5.712171241713323688 
+5.720083025708896152 
+5.728018000742419957 
+5.735976055045615141 
+5.743793968415852547 
+5.751960946052806278 
+5.759823516142528632 
+5.767872276101597251 
+5.775778590238328292 
+5.783871768584212703 
+5.791821359246380752 
+5.799958472140179566 
+5.808117590643549377 
+5.816465772183159189 
+5.824501328574850589 
+5.832725685757061740 
+5.840971524047423813 
+5.849069777501206602 
+5.857357738512282808 
+5.865496990133262756 
+5.873996737209099095 
+5.882347491896164016 
+5.890718891888064412 
+5.899110791294946310 
+5.907694931921696480 
+5.916127796148153983 
+5.924580708405487783 
+5.933053515677194412 
+5.941719584903736973 
+5.950232114031720698 
+5.958764065142606370 
+5.967140571992596065 
+5.975710496434016861 
+5.984299360128360945 
+5.992731144833839174 
+6.001357010330291786 
+6.010001316236092350 
+6.018663891496757401 
+6.027344563222635898 
+6.036043156684712585 
+6.044937563291030713 
+6.053671825287558761 
+6.062423470045423812 
+6.071371449226466765 
+6.080157656460404070 
+6.088960690513895102 
+6.097780363563147787 
+6.106796984866877054 
+6.115649694693303218 
+6.124518464776636861 
+6.133403099704969108 
+6.142485202734288663 
+6.151401287105246141 
+6.160332634542278640 
+6.169279041965188171 
+6.178423340507418260 
+6.187399547748967166 
+6.196390189914093405 
+6.205395056173866664 
+6.214229736391065018 
+6.223077660069144201 
+6.232123364197086346 
+6.240997427350402305 
+6.250069385416674450 
+6.258968741667161773 
+6.267880296454672262 
+6.276989870063037991 
+6.286111705816249895 
+6.295245573465074074 
+6.304391240771279215 
+6.313735474572929718 
+6.322904265231688470 
+6.332084141965357738 
+6.341274864488159579 
+6.350476190500219609 
+6.359687875682531910 
+6.368721374281260061 
+6.377952837926288865 
+6.387005232733322657 
+6.396255493711192841 
+6.405325815872567219 
+6.414593877217249940 
+6.423681142328662830 
+6.432965991161449182 
+6.442069199193261042 
+6.451369806646480853 
+6.460677978400191535 
+6.469993445730025883 
+6.479315937828175720 
+6.488645181798476713 
+6.498171493066870141 
+6.507322823299652725 
+6.516670664551991621 
+6.525833203247225711 
+6.535000887035327111 
+6.544555739443636000 
+6.554115577891893807 
+6.563871430438563692 
+6.573057560654273601 
+6.582438927728631484 
+6.591632335394676190 
+6.601020548992705628 
+6.610220088734081401 
+6.619613971267392927 
+6.629010264490785787 
+6.638600485223225434 
+6.648192567986997759 
+6.657594296833750036 
+6.667189088171694422 
+6.676784748728209706 
+6.686189013772251499 
+6.695593468885258304 
+6.704997791631001292 
+6.714401657364900800 
+6.723996628393750896 
+6.733398571158280888 
+6.742799062895038276 
+6.752197770031703072 
+6.761786099394351268 
+6.771180173969421290 
+6.780571442841571539 
+6.789959563430599587 
+6.799344190903116925 
+6.808533574216072637 
+6.817910260926293375 
+6.827282413650085147 
+6.836649678538158525 
+6.846202704003880868 
+6.855559004474731211 
+6.864909334490064907 
+6.874253331012594614 
+6.883781113478224967 
+6.893111196648279204 
+6.902433835831798703 
+6.911748658722547844 
+6.921245134035327595 
+6.930543019349682865 
+6.939642471777343502 
+6.948922260001822337 
+6.958003249949566538 
+6.967074556508903171 
+6.976324481147344159 
+6.985375102068960729 
+6.994603141912769217 
+7.003631567671456892 
+7.012648446421096082 
+7.021840875682439531 
+7.031207679543499012 
+7.040373773942855351 
+7.049712859509844165 
+7.059037298416216188 
+7.068346652637146121 
+7.077640481543108208 
+7.086732944058933725 
+7.095994722675632360 
+7.105054916988468250 
+7.114098500333405184 
+7.123125045782749964 
+7.132134123976678453 
+7.141125303117229706 
+7.150281074317465624 
+7.159234762559258058 
+7.168169232692752857 
+7.177084043070392383 
+7.186160061749374606 
+7.195033793753665918 
+7.203886517074234774 
+7.212717780133436563 
+7.221706680121364741 
+7.230493196668552613 
+7.239256873910994372 
+7.247997250259585300 
+7.256891500934251837 
+7.265583381315130040 
+7.274250551400252007 
+7.282892539509283836 
+7.291508871439459583 
+7.300274105183293116 
+7.309186083267743328 
+7.317894795773739247 
+7.326574751537753727 
+7.335225432998518258 
+7.343846319826916158 
+7.352265378049509081 
+7.360825725571427114 
+7.369184442472930030 
+7.377512539502635747 
+7.385809513959749495 
+7.394243208226932040 
+7.402643430889893850 
+7.411009639504067437 
+7.419174998043601477 
+7.427472247491078150 
+7.435733849678848983 
+7.443630936898943062 
+7.451657622804765069 
+7.459485784167572575 
+7.467603045304530340 
+7.475520721324441453 
+7.483400995747960138 
+7.491402980555333713 
+7.499206047580162959 
+7.506970083310736896 
+7.514851768963845657 
+7.522535280173254790 
+7.530333654678457833 
+7.537934395070601923 
+7.545647155040240861 
+7.553162856250811075 
+7.560635621339596213 
+7.567913707389243072 
+7.575299811097650604 
+7.582491914498911356 
+7.589789126414940412 
+7.596893051984267231 
+7.604099120667562772 
+7.611258285301703452 
+7.618369963249021382 
+7.625433569138905909 
+7.632591166216363021 
+7.639555849628720807 
+7.646470676281598600 
+7.653474609489535396 
+7.660425372559544144 
+7.667184918283751927 
+7.674028514554393610 
+7.680817025732958214 
+7.687415698080338089 
+7.694093224401887809 
+7.700581877049911483 
+7.707015142277780839 
+7.713521958915164234 
+7.719713020891042277 
+7.725849135288310521 
+7.732055793597197635 
+7.738079057536245031 
+7.744169271528535958 
+7.750077244772255014 
+7.756169741587763511 
+7.762078712203857478 
+7.768044663093286673 
+7.773945674602442679 
+7.779781053168905558 
+7.785435375703670502 
+7.791025336712948501 
+7.796438175243309843 
+7.801787993274128752 
+7.807183610942516339 
+7.812404158195231929 
+7.817559782479511554 
+7.822860502642448921 
+7.827985498323439373 
+7.833040801956896004 
+7.838025729145012832 
+7.843039130730534936 
+7.847879768605453776 
+7.852551364342565066 
+7.857247883446845549 
+7.861870560329323965 
+7.866326623782933680 
+7.870801050196563509 
+7.875288503451175259 
+7.879608762519376697 
+7.883851640152839124 
+7.888016419641482813 
+7.892184942541835113 
+7.896108802504119950 
+7.899955639115182393 
+7.903802459762029997 
+7.907491551713675904 
+7.911175905078339454 
+7.914704432773266518 
+7.918223428892208204 
+7.921588549939340140 
+7.924939275541454720 
+7.928138124680572218 
+7.931253628142114209 
+7.934347332139383369 
+7.937292237765918301 
+7.940210300978595370 
+7.943038501188913969 
+7.945776071000457463 
+7.948422239966552283 
+7.950976234583299274 
+7.953486530370978969 
+7.955851922521910424 
+7.958122785420824741 
+7.960298333226687006 
+7.962419208430571160 
+7.964399770459424488 
+7.966282625106257953 
+7.968102358110868977 
+7.969785365076406336 
+7.971399499555516854 
+7.972879374703905953 
+7.974284546406412488 
+7.975557979921003238 
+7.976728002822113694 
+7.977814454648470388 
+7.978773039833379599 
+7.979642020627606414 
+7.980385793845051978 
+7.981033847253366176 
+7.981559408280775259 
+7.981975699327927387 
+7.982281877877536402 
+7.982479921049348448 
+7.982561043722638416 
+7.982529489875322071 
+7.982384404208458406 
+7.982124928232398275 
+7.981750200260240291 
+7.981259355403967248 
+7.980637896687918342 
+7.979909796242745657 
+7.979062947109291315 
+7.978075495722206867 
+7.976986044022577715 
+7.975749200601935485 
+7.974413536436735228 
+7.972923603792725800 
+7.971338090548808708 
+7.969591344189925763 
+7.967791114381352457 
+7.965786453253892674 
+7.963692841287308255 
+7.961423873531067841 
+7.959069379213692841 
+7.956532298202771969 
+7.953967948954998590 
+7.951219168765392808 
+7.948397266093197189 
+7.945383747083120340 
+7.942235104753514463 
+7.939018803163234494 
+7.935599905468837534 
+7.932043083032384700 
+7.928424205763118238 
+7.924671174212711833 
+7.920700647958510032 
+7.916673774316009826 
+7.912421823143128918 
+7.908117422146927922 
+7.903580271019517767 
+7.898897606396657167 
+7.894068454947493763 
+7.889091839970129527 
+7.883860635820473917 
+7.878583090377714981 
+7.873155110851680405 
+7.867575706938945146 
+7.861725314966998113 
+7.855958647752942170 
+7.849918994873020139 
+7.843851912621156330 
+7.837634742820055678 
+7.831132251549233203 
+7.824471349865499192 
+7.817791811041859162 
+7.810814317381911565 
+7.803822684924170971 
+7.796524585370901761 
+7.789216914188520136 
+7.781751385516409769 
+7.773966486845113266 
+7.765851010386063180 
+7.757728512511931740 
+7.749266367329422422 
+7.740627473555544924 
+7.731988795490455146 
+7.722996627589228780 
+7.714194721159065793 
+7.705037196499942453 
+7.695896807300409037 
+7.686391649257720005 
+7.676709280685457770 
+7.666848621658997942 
+7.657015287516227176 
+7.647008804413186311 
+7.636400158314829767 
+7.625819206075224344 
+7.615054533223347022 
+7.603879647447701728 
+7.592740420649532140 
+7.581181032547991805 
+7.569662727817430437 
+7.557714206078262720 
+7.545812270009475853 
+7.533469953258087770 
+7.521179802942652870 
+7.508438999657514046 
+7.495756022600950530 
+7.482876900573021572 
+7.469531565067493162 
+7.456252665497316912 
+7.442774164201560794 
+7.429094909444856398 
+7.414928346351386423 
+7.400839958625544668 
+7.386547316696971066 
+7.371751228295590153 
+7.357042346956379930 
+7.342432184068085732 
+7.327310825458027921 
+7.312294339972273960 
+7.296755876202796642 
+7.280681273105660267 
+7.264712302530449861 
+7.248528449062060730 
+7.232465373793147023 
+7.215852599321706862 
+7.199367044047273012 
+7.182670709858241409 
+7.165407938669444476 
+7.147923107872706794 
+7.129851272666781981 
+7.111545648419323129 
+7.093378056253294872 
+7.074983446526847075 
+7.056360582872537535 
+7.037508225183580990 
+7.018425129608546698 
+6.999110048547160901 
+6.979561730644302742 
+6.959778920785993250 
+6.939760360093835345 
+6.919920542479271575 
+6.899431563941048395 
+6.878277527660989321 
+6.857303299389252871 
+6.836086969253429402 
+6.814627255684692742 
+6.792922873315626831 
+6.770521996789351959 
+6.748319346067406244 
+6.725868121092544172 
+6.702701122498313069 
+6.679743703396720633 
+6.656533769748051554 
+6.632588504890879477 
+6.608864380809009731 
+6.584391686691146717 
+6.559650520313173416 
+6.535142345855817325 
+6.509865438206286825 
+6.484829515219344032 
+6.459530362355124566 
+6.434490998395400396 
+6.408666792061463724 
+6.383110500383578412 
+6.357296487467839263 
+6.330677525029743791 
+6.304338798102534724 
+6.277181516377914328 
+6.250312829709116613 
+6.222611858519898398 
+6.195207936655865666 
+6.166957875443234371 
+6.139013413132199837 
+6.110208830880365483 
+6.081122055364692081 
+6.051751688958359132 
+6.022096330085698668 
+5.991540525008658413 
+5.961305072333572319 
+5.930780369838980270 
+5.899333078442577261 
+5.868857541419895796 
+5.837456568570989823 
+5.805760652044188674 
+5.774424234379118559 
+5.742140218476285085 
+5.710224940773793278 
+5.678021166708203893 
+5.644847491263142558 
+5.612056552168260382 
+5.577588137825243209 
+5.543499541387092222 
+5.509103046129981252 
+5.474397182759293656 
+5.438662604377953791 
+5.403327191476298808 
+5.367677948055742831 
+5.330976124343266065 
+5.295432023368508823 
+5.258832358807186580 
+5.221912897127672260 
+5.184672136511431439 
+5.147108571061073334 
+5.109220690797396713 
+5.071006981653076728 
+5.031675954189015698 
+4.992799301209222662 
+4.953592221378747773 
+4.914053184146096598 
+4.873363446547040567 
+4.833149032984923821 
+4.792598014139429097 
+4.751708842894953655 
+4.711324779486140812 
+4.670613274364324496 
+4.628714345048924983 
+4.587336656575478067 
+4.545627086597351152 
+4.502704707912801751 
+4.458546626451602712 
+4.414023507857221418 
+4.369133668863569575 
+4.324784207958636273 
+4.280079335074940872 
+4.234094094505382877 
+4.188666267344432370 
+4.142878191963306200 
+4.095782644269490902 
+4.049261804732323888 
+4.002375842396736161 
+3.956091152525523569 
+3.908477607392271125 
+3.861477057379564037 
+3.814119948035584517 
+3.765406852779822344 
+3.717324489600134285 
+3.667867807143979419 
+3.619053865851058926 
+3.568847123668457577 
+3.517222621220414513 
+3.466243645775423765 
+3.414879935949287404 
+3.362069658747143475 
+3.309923519289561966 
+3.256311346651489469 
+3.203375912957273641 
+3.148954822125009212 
+3.095223194171850878 
+3.039986126204705208 
+2.985451368470911415 
+2.931641654955532861 
+2.876313231236488299 
+2.820581328622798090 
+2.763294340171951191 
+2.706741990947112431 
+2.649780952562562408 
+2.592409491267574584 
+2.533442307593217535 
+2.475236316626834743 
+2.416614639670066289 
+2.356366286765388285 
+2.296899406354380613 
+2.237011537035036746 
+2.175465671030847314 
+2.115965769294601451 
+2.054804328713189854 
+1.991953416310654035 
+1.929925256031914227 
+1.866186219541734248 
+1.803284046687652742 
+1.739946572462595986 
+1.677477899989820997 
+1.613273394182048293 
+1.549951917283487468 
+1.484873292060120642 
+1.419350395862434944 
+1.353381406775594265 
+1.286964498433146531 
+1.218728518522520510 
+1.151401039569544205 
+1.083620097909487656 
+1.015383849229001489 
+0.946690444736971060 
+0.877538031162253818 
+0.807924750745655729 
+0.737848741237424388 
+0.667308135890939180 
+0.596301063458398950 
+0.523362076524261477 
+0.451406822145554720 
+0.377496381761453836 
+0.304585251280927505 
+0.232700618495704781 
+0.158845424028939419 
+0.086032345585699499 
+0.011225629720075236 
-0.062523216856610997 
-0.138288946781412569 
-0.214541986788485239 
-0.292855538937998983 
-0.370099024277130262 
-0.449427259683538693 
-0.529271029250720559 
-0.608020085291317347 
-0.688890711103997688 
-0.768650068371888207 
-0.847269380128791383 
-0.929679753627179917 
-1.010954011429708643 
-1.094411530430924540 
-1.176716020106590488 
-1.261228917381523651 
-1.346277975306856778 
-1.430148273336165232 
-1.514537526451579463 
-1.599447734532459808 
-1.686629895442085303 
-1.772598766278275395 
-1.859094660760960860 
-1.947901139337143039 
-2.037260623793605507 
-2.201321053639222480 
-2.290427532543378941 
-2.380073008146747160 
-2.468413563745275763 
-2.559132071918068352 
-2.648527702286960217 
-2.742206470491165948 
-2.834566485982199513 
