0.471521
0.471521
0.471521
0.471521
0.471521
0.471521
0.471521
0.471521
0.471521
0.471521
0.471521
0.471521
0.471521
0.471521
0.471521
0.471521
0.471521
0.471521
0.471521
0.471521
0.471521
0.471521
0.471521
0.471521
1.81003
1.81003
1.81003
1.81003
1.81003
1.81003
1.81003
1.81003
1.81003
1.81003
1.81003
1.81003
1.81003
1.81003
1.81003
1.81003
1.81003
1.81003
1.81003
1.81003
1.81003
1.81003
1.81003
1.81003
1.81003
1.81003
1.81003
1.81003
1.81003
1.81003
1.81003
1.81003
1.81003
1.81003
1.81003
1.81003
1.81003
1.81003
3.60486
3.60486
3.60486
2.23592
2.23592
2.23592
2.23592
4.07638
4.07638
4.07638
4.07638
3.60486
3.60486
3.60486
3.60486
5.94725
5.94725
5.94725
5.94725
5.94725
4.28932
4.28932
4.28932
4.28932
5.15631
4.47185
4.47185
4.47185
4.47185
4.47185
5.15631
3.31586
3.31586
3.31586
3.31586
3.31586
3.31586
2.67702
3.10291
3.10291
3.10291
3.10291
3.10291
3.10291
3.10291
3.10291
3.10291
2.23592
2.23592
2.23592
2.23592
2.23592
2.23592
1.81003
1.81003
1.81003
1.81003
1.81003
1.81003
1.81003
1.81003
1.81003
1.81003
1.81003
1.81003
1.81003
1.81003
1.81003
1.81003
1.81003
0.471521
0.471521
0.973463
0.973463
0.973463
0.973463
0.973463
0.973463
0.973463
0.973463
0.973463
0.973463
0.973463
0.973463
0.973463
0.973463
0.973463
0.973463
0.973463
0.973463
0.973463
0.973463
0.973463
0.973463
0.471521
0.471521
0.471521
0.471521
0.471521
1.81003
1.81003
1.81003
1.81003
1.81003
1.81003
1.81003
1.81003
1.81003
1.81003
1.81003
1.81003
1.81003
1.81003
1.81003
1.81003
1.81003
1.81003
1.81003
1.81003
1.81003
1.81003
1.81003
1.81003
1.81003
1.81003
1.81003
1.81003
1.81003
1.81003
1.81003
1.81003
1.81003
1.81003
5.01942
5.01942
5.01942
5.11068
5.11068
5.11068
5.11068
5.11068
5.11068
5.11068
5.11068
5.11068
5.11068
5.11068
5.11068
5.11068
5.11068
5.11068
5.11068
5.11068
5.11068
5.11068
5.11068
5.11068
5.01942
5.01942
5.01942
5.01942
5.01942
5.01942
5.01942
5.01942
5.01942
5.01942
5.01942
5.01942
5.01942
5.01942
5.01942
5.01942
5.01942
5.01942
5.01942
1.81003
1.81003
1.81003
1.81003
1.81003
3.60486
3.60486
3.60486
2.37282
2.37282
2.37282
2.37282
2.37282
2.37282
2.37282
2.37282
2.37282
2.37282
2.37282
2.37282
2.37282
2.37282
2.37282
2.37282
2.37282
2.37282
2.37282
2.37282
2.37282
2.37282
2.37282
3.60486
3.60486
3.60486
1.81003
1.81003
1.81003
1.81003
0.471521
0.471521
0.471521
0.471521
0.471521
0.471521
0.471521
0.471521
0.471521
0.471521
0.471521
0.471521
0.471521
0.471521
0.471521
0.471521
0.471521
0.471521
0.471521
0.471521
0.471521
0.471521
0.471521
0.471521
0.471521
0.471521
0.471521
0.471521
0.471521
0.471521
0.471521
0.471521
0.471521
0.471521
0.471521
0.471521
0.471521
0.471521
0.471521
0.471521
0.471521
0.471521
0.471521
0.471521
0.471521
0.471521
0.471521
0.471521
0.471521
0.471521
0.471521
0.471521
0.471521
0.471521
0.471521
0.471521
0.471521
0.471521
0.471521
0.471521
0.471521
0.471521
0.471521
0.471521
0.471521
0.471521
0.471521
0.471521
0.471521
0.471521
0.471521
0.471521
0.471521
0.471521
0.471521
0.471521
0.471521
0.471521
0.471521
0.471521
0.471521
0.471521
0.471521
0.471521
0.471521
0.471521
0.471521
0.471521
0.471521
0.471521
0.471521
0.471521
0.471521
0.471521
0.471521
0.471521
0.471521
0.471521
0.471521
0.471521
0.471521
0.471521
0.471521
0.471521
0.471521
0.471521
0.471521
0.471521
0.471521
0.471521
0.471521
0.471521
0.471521
0.471521
0.471521
0.471521
0.471521
0.471521
0.471521
0.471521
0.471521
0.471521
0.471521
0.471521
0.471521
0.471521
0.471521
0.471521
0.471521
0.471521
0.471521
0.471521
0.471521
0.471521
0.471521
0.471521
0.471521
0.471521
0.471521
0.471521
1.33851
1.33851
1.33851
1.33851
1.33851
1.33851
1.33851
1.33851
0.471521
0.471521
0.471521
0.471521
0.471521
0.471521
0.471521
0.471521
0.471521
0.471521
0.471521
0.471521
0.471521
0.471521
0.471521
0.471521
0.471521
0.471521
0.471521
0.471521
0.471521
0.471521
0.471521
0.471521
0.471521
0.471521
0.471521
0.471521
0.471521
0.471521
0.471521
0.471521
0.471521
0.471521
0.471521
0.471521
5.62784
5.62784
5.62784
5.62784
5.62784
5.62784
0.471521
0.471521
0.471521
0.471521
0.471521
0.471521
0.471521
0.471521
0.471521
0.471521
0.471521
0.471521
0.471521
0.471521
0.471521
0.471521
0.471521
0.471521
0.471521
0.471521
2.7835
2.7835
2.7835
2.7835
0.471521
0.471521
1.33851
0.471521
0.471521
0.471521
0.471521
0.471521
0.471521
0.471521
2.37282
2.37282
2.37282
2.37282
2.37282
2.37282
2.37282
2.37282
2.37282
0.471521
0.471521
0.471521
0.471521
0.471521
0.471521
0.471521
0.471521
0.471521
0.471521
0.471521
0.471521
0.471521
0.471521
0.471521
3.60486
3.65049
3.65049
3.65049
3.65049
5.90162
2.7835
2.7835
0.471521
0.973463
0.973463
0.973463
0.973463
0.973463
0.973463
0.973463
0.943043
0.943043
0.973463
0.973463
0.973463
0.973463
0.973463
0.973463
2.23592
1.81003
1.81003
1.81003
0.471521
2.2055
2.2055
2.2055
0.471521
0.471521
3.40712
3.40712
5.21715
5.21715
0.471521
0.471521
0.471521
0.471521
0.471521
0.471521
3.65049
6.46441
6.46441
8.19839
5.06505
2.2055
2.2055
0.471521
0.471521
0.471521
0.471521
0.471521
0.471521
1.33851
0.471521
0.471521
2.2055
2.2055
2.2055
2.2055
2.2055
5.08026
5.15631
3.34628
3.34628
3.40712
0.471521
0.471521
0.577994
0.471521
0.577994
0.577994
6.61651
6.61651
9.06538
0.471521
3.60486
3.60486
7.40745
4.06117
7.30098
4.15243
4.15243
4.15243
6.82945
0.943043
0.943043
2.67702
5.79515
5.84078
0.943043
0.943043
0.943043
0.943043
0.943043
7.24013
7.24013
7.28577
4.30453
4.30453
4.30453
5.17152
8.10712
5.17152
6.90551
5.17152
11.4534
10.6016
7.49871
8.76117
7.62039
8.15276
11.1644
7.66602
11.3926
10.9971
6.90551
3.78738
3.78738
3.78738
3.78738
3.78738
13.2786
10.1605
10.1757
3.83301
6.8903
5.41489
5.35405
0.973463
0.973463
0.973463
0.973463
0.973463
0.943043
0.973463
7.11845
6.76861
6.76861
6.81424
6.81424
3.34628
0.638835
3.77217
3.77217
3.77217
10.3583
10.2214
7.25534
7.25534
7.25534
7.25534
9.01975
6.00809
4.35016
7.28577
7.97023
7.97023
5.64305
2.40324
5.35405
7.17929
6.06894
4.22848
4.22848
4.33495
3.86343
3.71133
3.71133
4.45664
4.45664
6.79903
6.79903
3.60486
9.978
8.30486
8.3657
8.35049
11.2709
8.3657
8.35049
7.08803
3.71133
6.79903
6.79903
6.79903
6.79903
3.86343
3.75696
0.638835
3.86343
9.64337
7.45308
7.45308
7.10324
7.10324
7.10324
3.75696
3.75696
6.96635
7.42266
5.96246
8.6547
8.6547
8.6547
6.00809
5.68868
12.0314
9.0958
4.31974
4.31974
4.31974
1.11036
1.11036
4.31974
7.42266
5.09547
4.22848
10.7233
5.96246
2.92039
5.85599
5.52136
0.471521
3.07249
5.4301
6.93593
7.31619
10.2974
9.29353
14.8149
16.5032
11.6055
16.0013
16.99
18.2981
11.5295
9.35437
6.78382
0.501942
4.91295
4.91295
4.91295
8.04628
6.3123
3.48317
4.989
5.4301
11.0579
11.0427
22.7395
18.724
12.6246
12.6246
8.35049
10.0845
10.267
10.1605
9.96279
11.4838
8.38091
3.87864
0.471521
3.33107
3.27023
5.47573
3.72654
3.72654
3.13334
3.13334
0.471521
0.471521
3.65049
3.65049
3.60486
3.65049
3.60486
3.71133
3.71133
6.81424
3.71133
6.95114
6.95114
6.96635
6.96635
4.38059
3.87864
0.577994
0.577994
1.7644
1.7644
1.81003
1.81003
1.7644
1.7644
1.81003
1.81003
1.81003
1.81003
1.81003
1.81003
1.81003
1.81003
1.81003
1.81003
0.471521
0.471521
3.65049
0.471521
0.471521
6.79903
10.1757
10.1757
3.83301
3.83301
3.83301
3.92427
6.61651
9.70421
11.5447
11.5447
10.5712
8.66991
9.55211
9.35437
9.88674
9.88674
9.93237
9.88674
8.51781
8.51781
9.81069
4.89774
4.89774
4.91295
7.84855
4.91295
3.0877
2.23592
0.973463
3.10291
6.22104
6.22104
5.35405
5.35405
2.23592
5.41489
2.23592
5.35405
2.23592
2.23592
2.23592
1.04952
0.943043
0.973463
2.67702
2.67702
2.67702
2.67702
2.67702
2.67702
6.08415
4.38059
3.87864
3.87864
3.87864
9.88674
10.3583
4.15243
1.81003
1.81003
4.06117
0.943043
3.8178
6.17541
3.8178
3.8178
3.8178
2.67702
2.2055
2.2055
2.32719
2.12945
3.78738
3.78738
3.78738
3.77217
3.77217
2.47929
2.47929
0.973463
0.973463
0.973463
0.973463
4.45664
1.33851
1.33851
7.16408
7.16408
7.16408
5.67347
3.65049
0.471521
0.471521
0.471521
0.471521
0.471521
3.60486
4.88253
4.88253
5.35405
5.35405
5.35405
2.23592
2.6466
3.33107
6.69256
9.81069
6.44919
6.44919
2.6466
2.6466
2.17508
3.72654
4.19806
2.92039
8.03107
9.84111
10.5256
7.58997
7.51392
11.0731
9.78026
9.30874
9.30874
9.30874
8.48738
5.56699
5.56699
8.68512
8.68512
5.32363
2.2055
0.471521
3.60486
0.471521
0.471521
0.471521
3.33107
3.33107
3.33107
0.471521
3.87864
3.87864
4.30453
0.943043
0.973463
0.973463
0.943043
0.471521
3.71133
0.471521
0.471521
8.44175
2.02298
7.90939
2.2055
2.2055
2.02298
3.40712
6.78382
8.00065
7.87897
5.15631
3.84822
3.55923
3.62007
3.62007
3.62007
0.471521
0.471521
0.471521
2.63139
5.81036
5.81036
4.989
3.71133
3.71133
3.71133
3.71133
3.71133
3.71133
3.71133
2.75308
0.943043
0.973463
0.973463
1.84045
1.81003
1.84045
1.84045
5.77994
5.77994
8.32007
8.32007
9.18706
9.18706
12.655
9.88674
7.1945
6.72298
8.79159
5.4301
5.4301
5.4301
5.4301
3.71133
6.40356
3.71133
9.87153
6.76861
3.71133
3.71133
0.471521
0.471521
1.7644
1.81003
1.81003
0.471521
0.471521
1.7644
1.7644
2.63139
2.63139
2.63139
2.63139
1.81003
2.23592
4.04596
6.98156
5.17152
3.87864
3.87864
3.87864
2.52492
2.52492
2.52492
2.67702
3.96991
4.85211
3.96991
4.07638
4.07638
4.07638
4.07638
4.07638
1.81003
0.471521
3.40712
3.40712
3.40712
0.471521
0.471521
0.471521
0.471521
0.471521
0.471521
0.471521
0.471521
0.471521
0.471521
0.471521
0.471521
0.471521
0.471521
3.16376
3.92427
3.92427
1.70356
2.2055
2.2055
2.2055
2.2055
5.12589
3.34628
4.68479
9.84111
8.54822
11.8032
9.84111
1.7644
1.7644
1.7644
4.95858
11.2709
13.0505
13.0505
15.7275
15.7579
9.23269
9.2479
7.90939
7.86376
8.32007
8.32007
3.31586
3.31586
3.31586
2.72266
2.2055
0.471521
0.471521
0.471521
0.471521
0.471521
4.44143
6.11457
5.4301
2.2055
0.471521
0.471521
0.471521
0.471521
0.471521
0.471521
0.471521
0.471521
0.471521
0.471521
0.471521
0.973463
0.973463
0.973463
0.973463
0.973463
0.973463
0.943043
0.471521
0.471521
3.51359
0.471521
0.471521
0.471521
0.471521
4.5479
4.5479
4.5479
6.44919
3.34628
3.34628
4.57832
4.57832
4.57832
4.74563
3.34628
3.34628
5.12589
5.12589
5.39968
9.79548
8.06149
5.20194
6.67735
4.63916
5.44531
2.63139
5.8712
5.88641
4.95858
4.95858
3.71133
3.71133
3.71133
3.71133
3.71133
3.71133
3.71133
3.71133
0.471521
2.58576
2.58576
12.077
11.1188
9.62816
9.55211
11.3774
7.22492
8.79159
11.9097
8.95891
12.1227
10.343
4.21327
7.22492
8.95891
5.73431
6.25146
6.20583
6.3123
15.1799
12.3508
7.66602
7.71166
8.88285
11.6816
13.7806
11.1644
8.56344
1.7644
1.7644
4.7
6.61651
3.49838
9.84111
9.91716
6.79903
6.72298
3.54402
5.32363
9.0958
9.08059
2.75308
2.75308
4.06117
4.06117
7.05761
7.98544
1.84045
9.58253
7.30098
10.1149
10.1149
10.1149
9.01975
9.88674
9.93237
2.67702
5.99288
5.52136
8.68512
11.9553
15.5146
4.45664
1.33851
0.471521
3.71133
9.76506
6.81424
6.81424
9.12622
9.0958
7.1945
7.83334
3.42233
6.54046
6.54046
6.95114
3.87864
3.87864
0.471521
1.33851
2.7835
5.97767
6.90551
4.5479
3.71133
0.471521
4.45664
3.60486
3.60486
0.471521
0.471521
0.471521
2.2055
3.54402
8.77638
7.05761
3.87864
3.87864
3.83301
11.9553
11.8793
11.9858
11.9858
11.1796
8.89806
11.2709
11.0731
8.86764
11.9858
11.9553
9.87153
11.0275
11.0731
7.95502
7.95502
7.95502
10.343
10.343
10.343
6.98156
0.471521
5.4301
2.2055
4.33495
2.02298
5.1411
5.18673
12.7311
9.55211
5.61262
5.56699
2.2055
5.4301
6.78382
6.0233
6.0233
9.32395
9.26311
7.55955
7.22492
18.8304
19.3172
20.6253
17.6592
13.3699
13.0353
14.313
11.1644
11.1492
7.11845
12.7463
14.5715
14.678
10.7689
13.0809
11.1644
12.5181
12.5181
9.36958
9.35437
12.3356
12.3356
11.7424
10.7233
10.7233
10.7233
10.7689
10.7233
10.7233
10.7233
8.86764
4.68479
2.37282
2.19029
5.41489
5.46052
3.87864
10.3735
10.3735
10.3583
4.68479
5.84078
0.684466
0.684466
3.78738
3.78738
3.78738
3.78738
2.95081
6.06894
9.30874
9.30874
9.30874
5.32363
11.6816
13.0809
13.0657
7.83334
7.83334
7.83334
7.83334
9.94758
2.40324
2.40324
10.0388
9.93237
8.71554
8.56344
8.22881
8.32007
11.4686
12.7159
21.0968
22.3592
21.8117
18.6935
18.9217
16.2142
15.2256
12.7311
15.6819
6.61651
9.84111
9.84111
6.43398
9.78026
7.54434
7.49871
7.49871
10.1453
7.0424
7.05761
11.9097
10.7689
7.0424
6.6013
3.71133
7.0424
10.0845
10.0845
6.85987
7.81813
10.0541
9.62816
10.632
8.92848
8.88285
2.02298
9.78026
9.78026
1.7644
1.7644
4.71521
7.72687
4.68479
7.80292
1.7644
4.88253
4.88253
5.35405
2.31198
2.31198
2.31198
5.59741
8.82201
8.47217
10.9363
15.1191
13.4155
7.4835
7.4835
7.4835
11.134
6.93593
6.93593
7.36182
9.29353
6.17541
9.29353
9.76506
6.6013
8.15276
8.28965
5.06505
9.33916
9.2479
10.3126
10.3126
12.3356
15.545
7.3314
10.632
13.4308
12.1379
12.1379
13.5829
6.93593
3.40712
10.4495
5.33884
5.65826
11.0275
12.9744
19.378
18.9825
12.7615
12.8528
12.8984
14.1913
10.4039
8.41133
8.41133
11.5295
7.11845
8.04628
9.85632
11.499
9.01975
9.56732
10.632
11.3013
9.56732
9.01975
7.54434
5.61262
6.49483
6.51004
10.0845
10.0084
3.74175
3.74175
3.28544
3.27023
4.16764
3.27023
1.7644
1.7644
1.7644
1.7644
3.49838
2.43366
4.45664
4.45664
4.50227
1.81003
1.81003
1.81003
4.50227
0.684466
0.684466
1.11036
1.11036
1.11036
0.638835
0.638835
0.638835
3.71133
3.54402
3.54402
1.7644
4.71521
1.7644
3.49838
0.943043
3.93948
8.45696
11.3165
13.2786
9.96279
9.94758
14.5715
9.90195
6.90551
6.90551
2.67702
3.80259
3.80259
3.80259
2.75308
5.90162
5.94725
5.90162
4.15243
4.15243
4.15243
4.15243
4.15243
0.943043
5.29321
4.89774
8.56344
9.87153
11.6511
11.6511
9.87153
9.87153
8.15276
5.93204
3.16376
6.79903
3.71133
0.471521
0.471521
0.943043
0.943043
2.72266
2.72266
2.67702
2.67702
2.23592
0.973463
0.973463
0.943043
0.943043
0.943043
0.943043
0.973463
0.973463
0.973463
0.973463
0.973463
0.973463
3.89385
3.89385
3.89385
3.84822
3.84822
3.8178
3.8178
3.34628
3.34628
6.0233
3.34628
3.34628
3.34628
6.44919
6.44919
0.471521
0.471521
0.471521
0.471521
0.471521
0.471521
3.34628
3.34628
0.471521
0.471521
0.471521
0.471521
0.471521
0.471521
0.471521
0.471521
0.471521
0.471521
0.471521
0.471521
0.471521
0.471521
0.471521
0.471521
0.471521
0.471521
0.471521
0.471521
0.471521
0.471521
0.471521
0.471521
0.973463
0.973463
0.943043
0.943043
0.471521
0.471521
0.471521
0.471521
0.471521
0.471521
0.471521
0.471521
0.471521
0.471521
0.471521
0.471521
0.471521
0.471521
0.471521
0.471521
0.471521
0.471521
0.471521
0.471521
0.471521
0.471521
0.471521
0.471521
0.471521
0.471521
0.471521
0.471521
0.471521
0.471521
0.471521
0.471521
0.471521
0.471521
1.81003
0.471521
0.471521
0.471521
3.40712
0.471521
0.471521
0.471521
0.471521
0.471521
0.471521
0.471521
0.471521
0.471521
0.471521
3.40712
0.471521
0.471521
0.973463
0.973463
0.973463
0.973463
0.973463
0.973463
0.973463
0.973463
0.973463
0.973463
0.973463
0.973463
0.973463
0.471521
0.471521
0.471521
0.471521
0.471521
0.471521
