0.471521
0.471521
0.471521
0.471521
0.471521
0.471521
0.471521
0.471521
1.56667
1.56667
1.56667
1.56667
1.56667
1.56667
1.56667
1.56667
1.56667
1.56667
1.56667
1.56667
2.22071
2.22071
2.22071
1.56667
1.56667
1.56667
1.56667
1.56667
1.56667
1.56667
1.56667
1.56667
1.56667
1.56667
2336.31
1.56667
1.56667
1.56667
0.471521
0.471521
0.471521
0.471521
0.471521
0.471521
0.471521
0.471521
0.471521
0.471521
0.471521
0.471521
0.471521
0.471521
0.471521
0.471521
0.471521
0.471521
1.56667
1.56667
1.56667
1.56667
1.56667
1.56667
1.56667
1.56667
1.56667
1.56667
1.56667
1.56667
1.56667
1.56667
1.56667
1.56667
1.56667
1.56667
1.56667
1.59709
0.471521
0.471521
0.471521
0.471521
0.471521
0.471521
0.471521
0.471521
0.471521
0.471521
0.471521
0.471521
0.471521
0.471521
0.471521
0.471521
0.471521
0.471521
0.471521
0.471521
0.471521
0.471521
0.471521
0.471521
0.471521
0.471521
4.47185
4.47185
4.47185
4.47185
4.47185
4.47185
4.47185
4.47185
4.47185
0.471521
0.471521
0.471521
0.471521
0.471521
0.471521
0.471521
0.471521
0.471521
0.471521
0.471521
0.471521
0.471521
0.471521
0.471521
0.471521
0.471521
0.471521
0.471521
0.471521
0.471521
0.471521
0.471521
0.471521
0.471521
0.471521
0.471521
0.471521
0.471521
0.471521
0.471521
0.471521
0.471521
0.471521
0.471521
0.471521
0.471521
0.471521
0.471521
0.471521
0.471521
0.471521
0.471521
0.471521
0.471521
0.471521
0.471521
0.471521
0.471521
0.471521
0.471521
0.471521
0.471521
0.471521
0.471521
0.471521
0.471521
3.77217
3.77217
3.77217
3.77217
0.471521
0.471521
0.471521
0.471521
0.471521
0.471521
0.471521
0.471521
0.471521
0.471521
0.471521
0.471521
0.471521
0.471521
0.471521
0.471521
0.471521
0.471521
0.471521
0.471521
0.471521
0.471521
0.471521
0.471521
0.471521
0.471521
0.471521
0.471521
0.471521
0.471521
0.471521
0.471521
0.471521
0.471521
0.471521
0.471521
0.471521
0.471521
0.471521
0.471521
0.471521
0.471521
0.471521
0.471521
1.20162
1.20162
1.20162
1.20162
1.20162
1.20162
1.20162
1.20162
1.20162
1.20162
1.20162
1.20162
1.20162
1.20162
0.471521
0.471521
0.471521
0.471521
0.471521
0.471521
0.471521
0.471521
0.471521
0.471521
0.471521
0.471521
0.471521
0.471521
0.471521
0.471521
0.471521
0.471521
0.471521
0.471521
0.471521
0.471521
0.471521
0.471521
0.471521
0.471521
0.471521
0.471521
0.471521
0.471521
0.471521
0.471521
0.471521
0.471521
0.471521
0.471521
0.471521
0.471521
0.471521
0.471521
0.471521
0.471521
0.471521
0.471521
0.471521
0.471521
0.471521
0.471521
0.471521
0.471521
0.471521
0.471521
0.471521
0.471521
0.471521
0.471521
0.471521
0.471521
0.471521
0.471521
0.471521
0.471521
0.471521
0.471521
0.471521
0.471521
0.471521
0.471521
0.471521
0.471521
0.471521
0.471521
0.471521
0.471521
0.471521
0.471521
0.471521
0.471521
0.471521
0.471521
0.471521
0.471521
0.471521
0.471521
0.471521
0.471521
0.471521
0.471521
0.471521
0.471521
0.471521
0.471521
0.471521
0.471521
0.471521
0.471521
0.471521
0.471521
0.471521
0.471521
0.471521
0.471521
0.471521
0.471521
0.471521
0.471521
0.471521
0.471521
0.471521
0.471521
0.471521
0.471521
0.471521
0.471521
0.471521
0.471521
0.471521
0.471521
0.471521
0.471521
0.471521
0.471521
0.471521
0.471521
0.471521
0.471521
0.471521
0.471521
0.471521
0.471521
0.471521
0.471521
0.471521
0.471521
0.471521
0.471521
0.471521
0.471521
0.471521
0.471521
0.471521
0.471521
0.471521
0.471521
0.471521
0.471521
0.471521
0.471521
0.471521
0.471521
0.471521
0.471521
0.471521
0.471521
0.471521
0.471521
0.471521
0.471521
0.471521
0.471521
0.471521
0.471521
0.471521
0.471521
0.471521
0.471521
0.471521
0.471521
0.471521
0.471521
0.471521
0.471521
0.471521
0.471521
0.471521
0.471521
0.471521
0.471521
0.471521
0.471521
0.471521
0.471521
0.471521
0.471521
0.471521
0.471521
0.471521
0.471521
0.471521
0.471521
0.471521
0.471521
0.471521
0.471521
0.471521
0.471521
0.471521
0.471521
0.471521
0.471521
0.471521
0.471521
0.471521
0.471521
0.471521
0.471521
0.471521
0.471521
0.471521
0.471521
0.471521
0.471521
0.471521
0.471521
0.471521
0.471521
0.471521
0.471521
0.471521
0.471521
0.471521
0.471521
0.471521
0.471521
0.471521
0.471521
0.471521
0.471521
0.471521
0.471521
0.471521
0.471521
0.471521
0.471521
0.471521
0.471521
0.471521
0.471521
0.471521
0.471521
0.471521
0.471521
0.471521
0.471521
0.471521
0.471521
0.471521
0.471521
0.471521
0.471521
0.471521
0.471521
0.471521
0.471521
0.471521
0.471521
0.471521
0.471521
0.471521
0.471521
0.471521
0.471521
0.471521
1.3233
1.3233
0.471521
0.471521
0.471521
0.471521
0.471521
0.471521
0.471521
0.471521
0.471521
0.471521
0.471521
0.471521
0.471521
0.471521
0.471521
2.57055
2.55534
0.471521
0.471521
0.471521
0.471521
0.471521
0.471521
0.471521
0.471521
0.471521
0.471521
0.471521
0.471521
0.471521
3.65049
3.65049
3.65049
3.65049
3.65049
3.65049
3.65049
3.65049
3.65049
3.75696
4.88253
4.88253
4.88253
4.88253
4.88253
4.88253
4.989
4.989
4.989
4.989
4.989
4.989
1.81003
4.989
5.8712
5.8712
5.8712
4.48706
4.48706
4.48706
1.35372
1.35372
1.35372
4.48706
1.35372
1.35372
4.63916
7.66602
7.66602
7.66602
8.2136
8.2136
11.2557
7.31619
7.31619
7.31619
6.76861
6.76861
6.76861
8.06149
8.06149
4.88253
3.60486
0.471521
0.471521
0.471521
0.471521
1.7644
1.7644
5.41489
3.60486
3.60486
3.60486
3.65049
6.79903
3.60486
0.471521
0.471521
3.60486
3.60486
3.60486
0.471521
0.471521
0.471521
0.471521
3.65049
2.31198
2.31198
6.23625
10.7385
9.79548
8.88285
8.88285
6.57088
3.16376
3.16376
6.22104
6.22104
8.2136
0.471521
4.88253
4.88253
1.79482
1.79482
1.79482
1.7644
1.93172
1.93172
1.7644
3.60486
1.53625
1.56667
1.56667
1.56667
4.7
1.53625
3.31586
3.13334
3.11812
8.2136
6.49483
14.4498
17.6744
17.3702
16.0774
6.61651
6.61651
8.51781
11.5751
11.6055
11.788
8.66991
9.76506
9.74984
12.8071
12.868
13.6589
13.6589
14.8605
14.8605
14.8605
12.5029
7.80292
8.32007
8.32007
8.48738
5.26279
5.26279
6.14499
8.2136
3.42233
0.471521
0.471521
0.471521
2.02298
6.28188
9.41522
11.499
7.98544
7.98544
7.98544
8.30486
12.7311
12.7311
8.33528
10.1909
10.1909
10.1909
14.4042
14.4498
16.0317
11.0275
7.02719
5.67347
2.25113
2.25113
2.25113
9.91716
11.5295
14.5867
9.50648
16.1838
16.1838
13.0049
12.9592
16.0774
16.123
14.2369
9.74984
6.64693
6.58609
6.40356
6.47962
6.38835
4.13722
8.42654
13.4764
9.40001
6.28188
8.51781
14.3434
11.7424
8.2136
8.2136
14.967
20.7469
15.0583
14.9822
16.1534
11.5599
8.32007
8.27444
8.57865
5.38447
11.788
14.7541
12.4421
12.4269
9.23269
12.3508
11.0579
11.0579
8.97412
8.97412
5.77994
5.77994
10.0084
10.0084
6.44919
5.15631
6.93593
6.93593
6.7534
6.82945
3.33107
3.33107
3.31586
4.74563
6.03852
6.14499
2.85955
5.97767
5.97767
2.85955
4.28932
1.56667
1.56667
7.20971
9.49127
14.0544
12.868
10.9819
9.689
9.85632
9.85632
3.31586
3.31586
1.73398
1.73398
2.60097
4.7
4.7
2.44887
2.47929
2.47929
2.41845
5.56699
5.74952
5.74952
5.74952
5.74952
4.48706
4.48706
4.48706
7.60518
3.80259
6.46441
6.46441
9.58253
8.76117
5.4301
8.79159
9.84111
9.94758
9.94758
11.0579
11.0731
11.0731
6.52525
6.52525
6.58609
7.86376
7.86376
7.86376
7.86376
4.74563
9.29353
2.92039
1.58188
1.58188
4.42622
6.78382
3.77217
6.99677
5.21715
1.97735
1.97735
1.97735
1.58188
1.58188
1.58188
1.58188
1.6123
0.699677
3.89385
4.76084
4.76084
0.471521
1.33851
3.11812
3.13334
13.157
13.157
9.94758
9.94758
5.36926
5.36926
5.36926
3.65049
5.36926
2.25113
5.36926
2.25113
2.25113
0.471521
0.471521
0.471521
3.58965
3.58965
3.86343
14.8757
10.5864
3.75696
3.75696
0.638835
0.638835
0.684466
3.75696
8.45696
11.6664
11.7272
11.6664
11.6664
11.6664
8.28965
8.28965
8.60907
6.82945
2.90518
4.07638
7.1945
9.03496
9.14143
7.84855
2.0534
2.06861
2.0534
2.0534
2.06861
2.14466
0.471521
0.471521
0.471521
0.471521
0.471521
0.471521
0.471521
0.471521
5.36926
5.4301
2.31198
2.31198
3.89385
5.18673
5.18673
1.7644
1.7644
1.7644
1.7644
1.7644
5.29321
5.29321
5.29321
5.29321
0.638835
0.471521
0.471521
0.638835
0.638835
0.638835
2.41845
5.64305
2.41845
2.41845
2.41845
2.41845
2.41845
0.638835
0.638835
1.49062
1.49062
0.638835
5.59741
5.4301
2.37282
5.50615
2.3424
2.3424
2.3424
0.471521
2.46408
3.89385
0.471521
0.471521
0.471521
0.471521
0.471521
0.471521
3.71133
3.71133
4.88253
4.989
4.989
4.989
4.989
4.989
4.989
5.01942
4.07638
2.7835
3.60486
1.7644
1.7644
1.7644
3.34628
3.34628
3.34628
6.43398
6.43398
3.31586
6.46441
6.46441
3.34628
0.471521
1.7644
1.7644
1.7644
2.85955
5.74952
5.74952
5.74952
5.74952
4.63916
1.81003
1.81003
1.81003
1.81003
1.7644
1.7644
2.58576
1.7644
1.7644
1.7644
2.11424
2.11424
11.5903
9.27832
9.27832
7.98544
10.0084
10.9515
9.17185
15.0735
15.0735
10.7537
13.1418
9.88674
6.66214
6.66214
3.54402
3.54402
4.04596
1.93172
1.93172
1.7644
1.7644
1.7644
1.7644
4.95858
5.04984
4.989
4.989
3.71133
0.471521
0.471521
0.471521
0.471521
0.471521
0.471521
1.7644
1.81003
1.81003
1.7644
8.30486
8.30486
6.05373
6.54046
6.54046
6.54046
6.54046
5.67347
3.89385
0.471521
0.471521
0.471521
0.471521
0.471521
0.471521
0.471521
0.471521
0.471521
0.471521
0.471521
0.471521
1.55146
1.55146
1.7644
1.7644
1.7644
1.7644
1.7644
1.7644
1.7644
1.7644
0.471521
0.471521
0.471521
0.471521
3.60486
3.60486
3.60486
6.79903
0.471521
0.471521
0.471521
3.89385
3.89385
7.87897
11.0123
11.0123
5.99288
5.99288
5.99288
5.18673
1.7644
1.7644
4.03075
4.03075
4.03075
7.14887
10.5712
15.3473
13.5068
7.16408
7.16408
7.16408
7.16408
1.7644
1.7644
2.37282
2.37282
2.37282
11.788
11.788
8.41133
7.95502
7.95502
3.71133
3.71133
3.33107
6.81424
6.81424
6.81424
6.81424
6.81424
6.81424
6.81424
3.33107
6.44919
6.44919
6.44919
10.0388
6.81424
10.0388
10.0388
10.0388
10.0388
10.0388
7.10324
7.17929
7.17929
8.30486
8.30486
8.30486
8.25923
6.54046
5.47573
8.48738
11.6055
8.59386
5.47573
5.47573
5.47573
5.47573
6.76861
6.76861
7.87897
7.87897
6.08415
2.85955
4.80648
3.71133
3.71133
3.71133
0.471521
0.471521
0.471521
0.471521
0.471521
0.471521
0.471521
0.471521
0.471521
0.471521
3.60486
0.471521
3.60486
0.471521
0.471521
0.471521
0.471521
3.89385
3.89385
3.84822
3.93948
4.76084
0.471521
0.471521
3.60486
0.471521
2.25113
3.65049
0.471521
0.471521
0.471521
0.471521
0.471521
0.471521
0.471521
3.65049
3.65049
3.65049
6.79903
6.81424
0.471521
3.71133
6.38835
6.38835
3.71133
4.79126
1.56667
1.56667
1.73398
0.684466
0.684466
0.638835
0.638835
0.684466
3.58965
7.81813
7.81813
7.81813
6.98156
5.53657
5.64305
6.82945
6.82945
6.82945
9.88674
7.84855
7.84855
9.94758
9.88674
8.10712
8.10712
8.06149
4.95858
1.7644
1.7644
1.93172
1.93172
1.93172
6.63172
9.74984
9.74984
12.9897
10.9363
10.9363
9.15664
10.1909
6.98156
6.98156
12.1987
4.04596
4.04596
5.84078
8.95891
8.85243
8.85243
6.54046
14.313
11.3469
11.2709
11.3469
8.12234
14.2825
7.58997
7.58997
6.00809
8.89806
5.91683
1.81003
2.85955
7.11845
7.22492
7.22492
10.7081
12.4573
11.3774
11.3774
14.4803
14.4803
11.4078
14.3434
14.2217
15.7884
15.6058
15.6058
17.0052
17.2333
16.8987
22.4201
23.2262
23.2262
28.0175
27.9719
24.3366
24.2453
24.2301
29.4473
30.0557
22.4505
14.2977
13.3699
16.3968
13.3395
17.7657
17.7353
13.5068
13.5068
12.2596
12.1227
10.921
11.6207
9.0958
5.97767
5.97767
7.75729
6.64693
5.64305
6.93593
6.93593
9.94758
12.2748
12.2748
9.94758
9.94758
9.78026
9.85632
13.2634
14.3434
12.8984
15.8036
15.6971
15.6971
15.5146
12.7159
12.8832
12.8832
12.7463
8.76117
5.64305
5.65826
9.49127
16.1078
13.9631
7.71166
8.70033
6.14499
4.36537
12.1379
8.59386
6.20583
3.89385
8.9437
12.1683
16.2142
18.7848
6.1602
12.3052
12.3204
8.68512
11.9097
13.446
13.446
10.2062
7.17929
9.0958
9.06538
4.06117
4.06117
3.93948
3.89385
4.06117
7.28577
7.11845
11.3317
11.3317
9.08059
13.7958
15.7731
15.7731
18.7392
18.724
16.4272
16.2142
9.85632
9.91716
12.5333
13.2482
10.1301
13.0505
14.024
17.355
19.8952
16.7162
18.6783
18.435
16.777
23.0589
21.2185
21.4162
21.4922
17.9634
16.0165
12.3812
9.85632
11.3621
11.3621
12.3052
12.6398
12.6398
8.51781
11.9553
11.9097
11.9097
11.9097
9.91716
12.5029
15.6971
15.7427
18.511
13.0657
7.78771
7.78771
4.77605
1.7644
1.7644
2.85955
2.85955
6.09936
9.23269
9.11101
9.18706
9.21748
11.5295
12.5333
14.2673
11.1948
1.73398
1.73398
4.42622
1.73398
0.684466
0.684466
4.06117
4.06117
3.89385
6.55567
6.55567
7.11845
10.0388
10.0388
10.0388
11.8185
9.85632
5.29321
8.13754
8.06149
8.59386
10.2518
8.79159
8.68512
14.602
8.59386
8.6547
2.25113
2.25113
6.26667
6.35793
6.84466
7.01198
3.89385
3.89385
3.89385
6.81424
5.41489
3.71133
3.71133
3.71133
3.71133
0.471521
7.65081
7.65081
8.06149
8.06149
8.06149
8.06149
7.37703
9.17185
6.05373
6.05373
11.0579
9.96279
13.1874
7.54434
8.63949
10.3735
10.267
10.2822
19.4845
21.7356
24.7625
20.3971
20.7165
16.4576
16.3511
14.5107
14.5107
12.6854
11.499
14.5715
14.5715
17.5375
17.5375
20.5796
20.5796
22.4201
24.0172
24.0324
12.868
13.6133
18.2981
20.245
20.2602
15.2256
15.0887
15.332
10.7385
3.39191
5.59741
2.54013
2.6466
6.06894
6.06894
6.06894
7.36182
12.1531
18.511
15.3929
12.3204
10.1909
6.85987
6.85987
10.1149
10.9819
9.36958
13.157
10.4343
7.16408
5.56699
5.55178
5.55178
5.61262
5.61262
5.61262
5.61262
3.83301
3.83301
6.00809
2.85955
2.85955
7.87897
4.65437
2.85955
2.85955
2.85955
4.65437
4.65437
4.65437
4.65437
4.65437
11.1188
13.9935
11.1188
9.33916
9.33916
12.29
12.29
9.32395
9.32395
9.33916
8.03107
6.93593
6.93593
5.00421
4.94337
6.06894
3.13334
3.07249
3.07249
3.07249
3.07249
3.05728
4.42622
3.60486
3.60486
3.54402
3.54402
3.54402
3.54402
3.54402
3.54402
2.25113
2.25113
2.25113
2.31198
2.31198
2.25113
3.07249
3.07249
3.07249
5.76473
5.81036
5.81036
5.74952
5.81036
5.97767
3.05728
3.05728
2.61618
2.61618
2.61618
2.61618
2.61618
2.57055
2.57055
2.61618
5.49094
5.49094
5.49094
5.49094
5.49094
4.15243
4.15243
4.15243
4.15243
4.15243
4.15243
1.27767
1.27767
1.27767
0.471521
0.471521
0.471521
0.471521
0.471521
0.471521
0.471521
0.471521
0.471521
0.471521
0.471521
0.471521
1.58188
1.58188
1.6123
1.6123
1.58188
1.6123
1.6123
1.6123
0.471521
0.471521
0.471521
0.471521
0.471521
0.471521
0.471521
0.471521
1.70356
0.471521
0.471521
0.471521
0.471521
0.471521
0.471521
0.471521
0.471521
0.471521
0.471521
0.471521
0.471521
0.471521
0.471521
0.471521
0.471521
0.471521
0.471521
0.471521
1.20162
1.20162
1.20162
0.471521
0.471521
0.471521
0.471521
0.471521
0.471521
3.34628
0.471521
0.471521
0.471521
0.471521
0.471521
0.471521
0.471521
0.471521
0.471521
0.471521
0.471521
0.471521
0.471521
0.471521
0.471521
0.471521
0.471521
0.471521
0.471521
0.471521
0.471521
0.471521
