2
50
99
147
196
246
295
344
394
443
492
583
633
683
732
782
831
880
930
979
1029
1078
1127
1177
1225
1273
1322
1411
1541
1590
1640
1689
1779
1829
1919
1968
2018
2067
2116
2165
2214
2264
2313
2362
2411
2461
2509
2558
2607
2656
2828
2878
2969
3019
3069
3119
3210
3259
3308
3358
3417
3466
3515
3565
3613
3661
3710
3758
3807
3855
3945
3993
4042
4090
4138
4187
4235
4324
4373
4421
4470
4519
4568
4618
4667
4716
4766
4816
4865
4915
4964
5013
5063
5153
5202
5251
5300
5349
5399
5448
5498
5548
5639
5688
5737
5786
5835
5884
5934
5983
6032
6082
6131
6222
6271
6320
6369
6458
6590
6681
6731
6781
6830
6879
6929
7019
7069
7118
7208
7257
7307
7356
7404
7453
7583
7715
7764
7813
7862
7911
7961
8010
8059
8108
8199
8248
8379
8428
8478
8527
8577
8626
8716
8766
8816
8865
8914
8963
9054
9103
9152
9201
9249
9297
9346
9435
9526
9575
9625
9675
9725
9774
9823
9956
10006
10097
10147
10196
10244
10293
10341
10389
10438
10486
10576
10626
10675
10725
10816
10905
10954
11003
11052
11143
11192
11282
11373
11423
11472
11561
11691
11783
11833
11883
11933
11983
12031
12080
12169
12217
12266
12315
12363
12412
12460
12509
12557
12606
12655
12703
12752
12800
12889
12938
12987
13036
13085
13135
13225
13274
13323
13372
13420
13469
13558
13606
13655
13705
13795
13886
13935
13985
14117
14166
14215
14305
14354
14445
14494
14625
14674
14723
14855
14903
14994
15043
15134
15184
15233
15323
15413
15463
15512
15561
15610
15659
15707
15756
15805
15854
15903
15951
16000
16048
16096
16145
16194
16285
16376
16424
16514
16562
16611
16659
16708
16756
17010
17101
17150
17199
17248
17298
17346
17396
17447
17497
17547
17680
17730
17779
17827
17876
17924
17973
18021
18071
18120
18169
18259
18309
18358
18406
18455
18505
18554
18603
18653
18702
18752
18801
18849
18897
18946
18994
19042
19091
19139
19188
19236
19285
19334
19425
19556
19605
19655
19704
19753
19802
19852
19900
19948
19997
20045
20094
20183
20232
20280
20370
20459
20509
20558
20607
20657
20706
20756
20845
20894
20943
20991
21081
21129
21259
21308
21438
21486
21575
21665
21713
21762
21811
21860
21908
21957
22005
22054
22102
22191
22239
22288
22336
22384
22473
22522
22570
22619
22668
22717
22767
22816
22865
22913
22963
23012
23061
23111
23160
23208
23257
23306
23355
23403
23452
23501
23549
23598
23646
23695
23744
23793
23843
23892
23982
24031
24081
24130
24179
24229
24278
24327
24376
24424
24472
24521
24610
24659
24708
24840
24890
24940
24989
25038
25087
25178
25268
25317
25366
25416
25465
25596
25644
25692
25782
25831
25921
25969
26059
26107
26156
26205
26254
26304
26353
26402
26451
26541
26591
26722
26771
26820
26869
26918
26966
27015
27063
27112
27161
27210
27258
27307
27356
27405
27454
27545
27594
27684
27733
27782
27872
27961
28010
28058
28107
28238
28287
28337
28386
28435
28484
28533
28583
28632
28681
28730
28780
28829
28878
28928
29018
29067
29116
29164
29253
29343
29392
29440
29489
29538
29587
29635
29684
29774
29864
29995
30044
30093
30143
30192
30241
30290
30339
30389
30479
30528
30660
30709
30758
30808
30898
30947
31038
31087
31137
31186
31236
31284
31332
31382
31431
31562
31612
31661
31710
31760
31850
31899
31948
32039
32089
32181
32231
32281
32331
32421
32470
32520
32569
32618
32667
32759
32809
32899
32949
32998
33047
33096
33145
33193
33242
33291
33380
33429
33477
33526
33575
33623
33714
33804
33854
33903
33953
34002
34052
34101
34151
34241
34291
34423
34514
34563
34612
34660
34708
34757
34847
34896
34944
34993
35043
35092
35141
35190
35240
35289
35378
35427
35516
35565
35613
35663
35712
35761
35810
35860
35950
35999
36089
36139
36188
36237
36286
36336
36385
36433
36482
36531
36579
36628
36677
36808
36857
36948
37039
37089
37140
37190
37240
37290
37341
37431
37480
37529
37578
37626
37674
37722
37771
37819
37867
37916
37964
38013
38061
38109
38158
38206
38255
38303
38352
38441
38490
38539
38588
38638
38687
38736
38785
38835
38884
38933
38982
39032
39080
39169
39217
39306
39355
39405
39455
39505
39554
39604
39654
39703
39752
39802
39852
39902
39952
40000
40050
40099
40148
40197
40246
40296
40386
40436
40485
40535
40626
40675
40725
40774
40824
40914
40964
41013
41063
41112
41161
41209
41298
41387
41436
41484
41532
41581
41710
41759
41807
41856
41904
41994
42042
42092
42142
42191
42241
42290
42340
42389
42438
42488
42537
42586
42635
42685
42735
42785
42835
42883
42932
42980
43029
43077
43167
43216
43266
43315
43365
43414
43504
43554
43603
43653
43702
43752
43842
43891
43940
44071
44120
44170
44220
44311
44361
44411
44459
44507
44556
44604
44653
44701
44749
44798
44846
44895
44943
44992
45081
45129
45178
45226
45275
45323
45413
45462
45511
45561
45610
45659
45708
45756
45845
45894
45983
46032
46081
46131
46180
46270
46360
46408
46457
46505
46554
46644
46694
46743
46793
46843
46892
46983
47031
47080
47128
47176
47265
47314
47362
47451
47500
47548
47597
47728
47776
47866
47914
47963
48011
48060
48109
48158
48208
48298
48347
48396
48445
48494
48583
48632
48680
48729
48777
48826
48915
48963
49014
49065
49113
49162
49210
49258
49307
49357
49406
49455
49505
49554
49645
49695
49745
49795
49845
49894
49943
49991
50040
50129
50178
50227
50275
50324
50372
50421
50469
50518
50567
50615
50663
50712
50760
50809
50898
50987
51076
51125
51175
51225
51315
51364
51455
51545
51595
51644
51693
51741
51790
51838
51887
52017
52066
52116
52165
52255
52303
52352
52441
52489
52538
52586
52635
52683
52731
52780
52869
52917
52966
53014
53063
53153
53202
53251
53427
53477
53528
53579
53628
53677
53726
53775
53825
53874
53923
53971
54021
54070
54120
54169
54218
54268
54317
54367
54417
54467
54517
54567
54617
54667
54716
54765
54815
54864
54914
54963
55013
55063
55112
55162
55212
55262
55352
55400
55449
55497
55546
55635
55684
55733
55824
55873
55922
55971
56021
56069
56118
56166
56214
56262
56351
56400
56448
56498
56589
56639
56689
56738
56787
56836
56885
56935
56984
57033
57123
57213
57262
57312
57361
57411
57460
57592
57641
57732
57781
57830
57879
57929
57978
58027
58117
58167
58216
58265
58314
58363
58411
58500
58549
58597
58646
58735
58783
58833
58882
58931
59021
59070
59120
59168
59217
59265
59314
59363
59411
59461
59509
59598
59647
59695
59785
59834
59884
59933
59982
60031
60080
60170
60219
60267
60316
60364
60413
60462
60511
60560
60610
60659
60708
60756
60805
60854
60902
60951
61040
61129
61178
61227
61276
61325
61375
61424
61472
61521
61570
61660
61750
61800
61889
61937
61986
62035
62083
62173
62223
62272
62321
62412
62461
62551
62600
62649
62697
62746
62794
62843
62892
62982
63032
63081
63131
63181
63231
63280
63371
63421
63471
63521
63570
63620
63710
63759
63849
63898
63947
63995
64044
64092
64141
64189
64238
64287
64335
64384
64432
64481
64530
64579
64628
64717
64766
64814
64862
64911
64961
65009
65098
65147
65195
65243
65292
65342
65392
65441
65491
65541
65591
65639
65729
65778
65828
65877
65926
65976
66025
66073
66122
66170
66218
66267
66315
66364
66414
66463
66595
66645
66694
66742
66791
66839
66887
66936
66985
67035
67084
67215
67264
67313
67361
67410
67499
67547
67637
67686
67735
67785
67834
67883
67933
67982
68031
68080
68130
68179
68270
68318
68367
68415
68504
68553
68601
68649
68739
68788
68837
68886
68935
69025
69115
69165
69214
69263
69353
69403
69452
69502
69550
69598
69647
69695
69787
69878
69969
70018
70109
70159
70249
70298
70347
70397
70487
70536
70585
70635
70684
70733
70783
70832
70882
70931
70981
71194
71242
71372
71421
71552
71644
71694
71745
71794
71883
71932
71981
72030
72080
72170
72219
72268
72317
72367
72457
72506
72556
72605
72654
72703
72753
72802
72851
72900
72948
72996
73045
73093
73142
73232
73282
73332
73381
73430
73479
73529
73578
73627
73679
73728
73778
73827
73876
73925
73973
74022
74071
74120
74168
74217
74266
74314
74364
74413
74462
74512
74561
74610
74660
74710
74760
74852
74902
74952
75002
75093
75142
75192
75283
75373
75422
75470
75519
75608
75656
75705
75795
75844
75893
75943
75991
76039
76088
76136
76185
76274
76322
76411
76460
76508
76557
76606
76655
76704
76753
76801
76851
76899
76948
76996
77044
77094
77143
77192
77241
77291
77381
77430
77520
77570
77660
77750
77840
77888
77979
78028
78078
78210
78259
78308
78397
78446
78494
78543
78591
78640
78690
78739
78789
78839
78889
78979
79029
79078
79128
79177
79226
79275
79449
79499
79549
79599
79649
79698
79748
79838
79887
79936
79986
80035
80083
80132
80181
80270
80319
80368
80417
80466
80557
80606
80655
80704
80754
80803
80853
80902
80991
81039
81089
81138
81228
81277
81327
81376
81426
81516
81565
81615
81664
81754
81804
81853
81903
82035
82085
82135
82185
82276
82325
82375
82424
82473
82522
82572
82621
82752
82802
82851
82901
82949
82997
83046
83094
83143
83397
83447
83496
83546
83596
83646
83695
83745
83794
83844
83893
83942
83991
84041
84089
84138
84187
84276
84324
84413
84462
84510
84559
84607
84696
84744
84874
84963
85094
85142
85191
85239
85288
85378
85468
85517
85607
85697
85746
85794
85842
85931
85980
86028
86078
86127
86176
86225
86275
86324
86372
