+3.600314346133609789 
+3.542116910750742864 
+3.483196795197737394 
+3.425956802549772195 
+3.368009780514957363 
+3.309383506867788149 
+3.252420817007771081 
+3.195942037836013938 
+3.138807206637940883 
+3.083299518477447876 
+3.028269213057949827 
+2.927329270523405302 
+2.872560507091479476 
+2.818280162626491503 
+2.765557110018378673 
+2.712237170289662824 
+2.660450988067192490 
+2.609125318197954790 
+2.557224706022825700 
+2.506823040203209896 
+2.455860921623402859 
+2.406374710629275882 
+2.357338454748109768 
+2.307763125753035993 
+2.260607503553469400 
+2.213877693342802822 
+2.166611544213566720 
+2.081883879403023219 
+1.960705624632669952 
+1.915819191739461580 
+1.870458421184030939 
+1.826435689306389332 
+1.746681895096501735 
+1.702988375796742559 
+1.625437294025822377 
+1.583804533413556204 
+1.541747919052085081 
+1.500947703755489915 
+1.460556574663480323 
+1.420572564672171634 
+1.380993712079953362 
+1.341022742061239281 
+1.302256509241163762 
+1.263889541413050654 
+1.225919898526875329 
+1.187582927813844336 
+1.151164854216337297 
+1.114375599507879677 
+1.077975963159738537 
+1.041964031897553156 
+0.918596134626493033 
+0.883613402845641271 
+0.820951366265846971 
+0.787071138019969752 
+0.753578069642983461 
+0.720470181417951494 
+0.661195827675260528 
+0.629800471954037988 
+0.598767868215474675 
+0.567473971126192023 
+0.531027867440890589 
+0.501152464548801913 
+0.471632086404824680 
+0.441873334186692279 
+0.413649147553718066 
+0.385760431229790424 
+0.357634969226230837 
+0.330419023021638836 
+0.302976835492470009 
+0.276426789171525744 
+0.227525477302682244 
+0.201911031166324584 
+0.176095283746116937 
+0.151130255922223178 
+0.126484095909753957 
+0.101651667598078088 
+0.077644870917296327 
+0.033961671635878599 
+0.010368254870921856 
-0.012431192349141806 
-0.035388338052515511 
-0.058026626192877018 
-0.080347766852447045 
-0.102799288360686081 
-0.124484858776355178 
-0.145858416083841647 
-0.167348292561063872 
-0.188516840021809795 
-0.208951982857143115 
-0.229489558023497686 
-0.249309760347887988 
-0.268828114124048945 
-0.288435371975388044 
-0.322946373971455092 
-0.341315952882763618 
-0.359391695614340811 
-0.377175237163780430 
-0.394668207556038375 
-0.412220337154423078 
-0.429131188488574900 
-0.446092687861975534 
-0.462758440620540945 
-0.492336734368253204 
-0.507863671354118473 
-0.523112769521849152 
-0.538085614845560833 
-0.552783788393329978 
-0.567208866333912987 
-0.581648451768372432 
-0.595526554366951899 
-0.609136292352649100 
-0.622748759752852266 
-0.635821035991467554 
-0.659399735267100162 
-0.671722732582311188 
-0.683786444304151253 
-0.695592398470262552 
-0.716381556589416491 
-0.745677707147725854 
-0.764818467559423176 
-0.774972643932486882 
-0.784871582773350340 
-0.794326429869488315 
-0.803539138202264525 
-0.812691788487692968 
-0.828540052770153856 
-0.836999339265952713 
-0.845052034975471322 
-0.859235323073113122 
-0.866629270802770968 
-0.873937594998096756 
-0.880869419315260416 
-0.887440087429917313 
-0.893924775874555877 
-0.910048516652349093 
-0.924835866921839056 
-0.929924248956347732 
-0.934797765649287626 
-0.939457801003602988 
-0.943905734400708241 
-0.948227229658566095 
-0.952250820474710657 
-0.956066447636493066 
-0.959675472012654573 
-0.965834439046992621 
-0.968860627513007167 
-0.975965765501175753 
-0.978258690483833071 
-0.980395861355031428 
-0.982293135754273905 
-0.984029329853346901 
-0.985536331059980952 
-0.987807164808312876 
-0.988793009973882420 
-0.989583650312376051 
-0.990170411843452669 
-0.990572302060556353 
-0.990790602743350846 
-0.990713297761001144 
-0.990414079928664925 
-0.989936174751119502 
-0.989280842356366819 
-0.988468060623089784 
-0.987487400923462211 
-0.986314367659504754 
-0.983743464509898580 
-0.980534154218668519 
-0.978565628088626127 
-0.976385064933906754 
-0.974032187810878192 
-0.971508285670279470 
-0.968870170764143168 
-0.966070241098621274 
-0.957664243821371386 
-0.954202935134385477 
-0.947486939518259241 
-0.943570279554178271 
-0.939577596069219645 
-0.935519375599922931 
-0.931227668704688760 
-0.926878755114291408 
-0.922387634287510139 
-0.917657389226886444 
-0.912882187080921170 
-0.903555001004970215 
-0.898164738260793349 
-0.892739263651435522 
-0.887058305025332672 
-0.876347593311171735 
-0.865414431330137290 
-0.859204223423567726 
-0.852859903088559079 
-0.846382567468715763 
-0.834004057310780311 
-0.827152686203088017 
-0.814233713767793965 
-0.800736127596978875 
-0.793136115513696893 
-0.785563051155421022 
-0.771494735367777018 
-0.750230949367744593 
-0.734679494477860295 
-0.726055507395638955 
-0.717311714669120803 
-0.708449203281713125 
-0.699469055811039020 
-0.690738443079197850 
-0.681716129444659202 
-0.665048154218389698 
-0.655910230285700280 
-0.646475880953565785 
-0.636935370986788207 
-0.627487583285819994 
-0.617739826831316563 
-0.608090906033127432 
-0.598139741552413007 
-0.588293432617044587 
-0.578142667634549134 
-0.567892511238665243 
-0.557756096473038809 
-0.547312012389228109 
-0.536987458578185972 
-0.517601903880181347 
-0.506796367239518375 
-0.495897864912525854 
-0.484907329987517066 
-0.473825691640342939 
-0.462424946389205616 
-0.441670107793763478 
-0.430245703102052346 
-0.418734652693576237 
-0.407137862963182329 
-0.395695479061201727 
-0.383931618478015491 
-0.362352781486039000 
-0.350602883515894970 
-0.338528444324596389 
-0.326125438239796228 
-0.303593872949512900 
-0.280547157969371685 
-0.268029035329152787 
-0.255178401023421042 
-0.220885534107237991 
-0.208022509457640226 
-0.195088739406180878 
-0.171151318111612660 
-0.158021404860418713 
-0.133458678647066176 
-0.120137933421953669 
-0.084207324455861876 
-0.070650997712312424 
-0.057032422780220582 
-0.020042142690657627 
-0.006483594770531731 
+0.019374770886728232 
+0.033380394172028982 
+0.059539685220475036 
+0.073993830558998663 
+0.088213565957075080 
+0.114469895319369019 
+0.140901543103289395 
+0.155659836881790969 
+0.170173310893409813 
+0.184735877193839659 
+0.199346799130024621 
+0.214005343608635989 
+0.228410206180154951 
+0.243160875718583469 
+0.257957004519163480 
+0.272797873588205952 
+0.287682767458305122 
+0.302305888632061759 
+0.317275837353882206 
+0.331980921043265376 
+0.346725565793907897 
+0.361817515000683709 
+0.376949312297013783 
+0.405154585837292913 
+0.433490517734302472 
+0.448488099575002241 
+0.476701073992864988 
+0.491796162007604565 
+0.507239455317977761 
+0.522399982431752008 
+0.537908784668950091 
+0.553132223164487069 
+0.634177936474430215 
+0.663402675238925710 
+0.679177876411773518 
+0.694979435918714916 
+0.710806732462944790 
+0.726982924001287056 
+0.742536068145401629 
+0.758761632244958850 
+0.775336667401429924 
+0.791610519160930615 
+0.807907309409950702 
+0.851363640136176159 
+0.867738995834139271 
+0.883806261229128420 
+0.899563694965921812 
+0.915667287564064569 
+0.931459198821948053 
+0.947596862139057805 
+0.963421052804873224 
+0.979920705964075545 
+0.996105757355727928 
+1.012305481019986075 
+1.042096447214643007 
+1.058666301358980988 
+1.074917433479258388 
+1.090848547697266024 
+1.107122908539522665 
+1.123740663497788894 
+1.140036558511875686 
+1.156342307494980126 
+1.172990436172087314 
+1.189314485209588046 
+1.205980196862044718 
+1.222320414914060294 
+1.238334165303100587 
+1.254354364376980335 
+1.270714471677377500 
+1.286746243271484680 
+1.302783025173846365 
+1.319158586084628659 
+1.335204060054518305 
+1.351587522524169138 
+1.367639790849073389 
+1.384029229534670780 
+1.400420962718258444 
+1.430867197748123321 
+1.474701218497097344 
+1.491097016287915800 
+1.507826594472364778 
+1.524220299602205841 
+1.540612273649817787 
+1.557002060212012928 
+1.573723606753171467 
+1.589773260186793102 
+1.605819517767669735 
+1.622196135675727513 
+1.638234258174532387 
+1.654601709115485431 
+1.684316535082182043 
+1.700668006950307731 
+1.716679482657164524 
+1.746682818709299534 
+1.776327312680637371 
+1.792969473077279829 
+1.809269847833100631 
+1.825560959480511780 
+1.842174573535929394 
+1.858445736125915460 
+1.875038158869408500 
+1.904544364112362276 
+1.920773173635472952 
+1.936989997979529532 
+1.952863874400081468 
+1.982594144606535380 
+1.998431894817065624 
+2.041258254807188699 
+2.057373851556828726 
+2.100055103822202618 
+2.115786024658449449 
+2.144911732552581718 
+2.174307333160363953 
+2.189960662591228235 
+2.205922217794514140 
+2.221865366163992661 
+2.237789770893855668 
+2.253370692259930141 
+2.269257009499126454 
+2.284799987061454374 
+2.300646928420146509 
+2.316150710277810276 
+2.344844549435392000 
+2.360290879040288559 
+2.376037653842355546 
+2.391441851111347994 
+2.406824760602166435 
+2.435289935322122901 
+2.450929455872456142 
+2.466227183833090031 
+2.481820233882312543 
+2.497389371235832378 
+2.512934305397555690 
+2.528771235178374432 
+2.544266393210038668 
+2.559736486305332903 
+2.574866290564363780 
+2.590600359680858666 
+2.605993587348270246 
+2.621360644840195597 
+2.637014058851234743 
+2.652327420866090080 
+2.667302109450667480 
+2.682561812060732187 
+2.697794020014345762 
+2.712998475957216993 
+2.727865483203584240 
+2.743014252273753950 
+2.758134517308006295 
+2.772918329797218195 
+2.787981441072683975 
+2.802708798275181934 
+2.817713805222906043 
+2.832689105174098998 
+2.847634462867920657 
+2.862853721151142672 
+2.877737875392413436 
+2.904996136757227454 
+2.919792793229547101 
+2.934859185475865218 
+2.949592435420908210 
+2.964293974549356392 
+2.979262635001330484 
+2.993899455301174850 
+3.008503926121745664 
+3.023075840777301959 
+3.037318606313239133 
+3.051529744984679215 
+3.066004132013980144 
+3.092208907050652211 
+3.106588868418325156 
+3.120934935002408039 
+3.159411380692416671 
+3.173920455037440913 
+3.188393332590312212 
+3.202541452508411712 
+3.216654452313404633 
+3.230732158881869598 
+3.256782254785570707 
+3.282424728917588741 
+3.296334527105346357 
+3.310208089199549786 
+3.324327268219029019 
+3.338127138462773758 
+3.374840007670701247 
+3.388225807329877881 
+3.401575862327010036 
+3.426510404386821307 
+3.440032533750642774 
+3.464770562509076335 
+3.477911768017665217 
+3.502452733221502967 
+3.515488333345690997 
+3.528757381644529456 
+3.541987787695751955 
+3.555179430398594853 
+3.568600208754894698 
+3.581713172750328855 
+3.594787020352793849 
+3.607821638867672043 
+3.631660209566430098 
+3.644846267454709299 
+3.679197707204015177 
+3.691973508995435083 
+3.704709299188113203 
+3.717404982564308291 
+3.730060465922981017 
+3.742418608507978917 
+3.754994245229845262 
+3.767274001364923297 
+3.779769449600864917 
+3.792224265187819299 
+3.804638366803552607 
+3.816759566877095278 
+3.829092839313634311 
+3.841385167125174860 
+3.853636476789405130 
+3.865846696727254450 
+3.888413569763956801 
+3.900506013317178056 
+3.922608860991437130 
+3.934583851234940255 
+3.946517322150531193 
+3.968327589414286205 
+3.989757260474521949 
+4.001496821806893145 
+4.012956255902631497 
+4.024612993662461058 
+4.055571032435134171 
+4.067073625921101332 
+4.078767616342208413 
+4.090185207553933999 
+4.101560674525408068 
+4.112893984971633721 
+4.124185108403105815 
+4.135663145908460514 
+4.146868948627367324 
+4.158032483073380803 
+4.169153725907420949 
+4.180458315436262673 
+4.191494047935949929 
+4.202487428998916918 
+4.213661491144059745 
+4.233663585907850191 
+4.244493474215598638 
+4.255280948118361550 
+4.265807137005741545 
+4.285216710017298425 
+4.304702004293503137 
+4.315250473275621168 
+4.325542522137670431 
+4.336006989406868684 
+4.346429029244802678 
+4.356808648155523045 
+4.366935314786201339 
+4.377230983183432400 
+4.396030966248378746 
+4.414688022359905872 
+4.441589196015961249 
+4.451573784452993898 
+4.461516114063980076 
+4.471617812775972922 
+4.481474839408824629 
+4.491289686702706341 
+4.501062384108465153 
+4.510792962624810443 
+4.520678741141002099 
+4.538362828501030677 
+4.547931266918094018 
+4.573498879407505768 
+4.582912575384503029 
+4.592284479787392293 
+4.601804615105937302 
+4.618831480942555245 
+4.628042628115945689 
+4.645038830647082229 
+4.654131383867495586 
+4.663366820647587119 
+4.672375781163326636 
+4.681526038814153523 
+4.690269900349726129 
+4.698974258365156587 
+4.707999354376831924 
+4.716802488711999253 
+4.740136373969827233 
+4.748965483314600888 
+4.757576871643833805 
+4.766147608753817266 
+4.774851430461824364 
+4.790412088835692472 
+4.798826723615627898 
+4.807201074005197583 
+4.822646833917021425 
+4.831074676840311888 
+4.846473236088742809 
+4.854783121790958056 
+4.863051648894132661 
+4.871278911110128007 
+4.885984299973951117 
+4.893934687229479330 
+4.902006838628018670 
+4.909877964048290799 
+4.917710002562121652 
+4.925503050970602814 
+4.940029913274750939 
+4.947867677808174491 
+4.961874441407872816 
+4.969599942022362882 
+4.977132236509097751 
+4.984626332568927509 
+4.992082337474914588 
+4.999500359663443305 
+5.006730271285514178 
+5.014073427514430747 
+5.021378930953199315 
+5.034552175129977769 
+5.041752246949304350 
+5.048769293758769372 
+5.055895807786809470 
+5.062985339546326458 
+5.069894444154381397 
+5.082896258924205490 
+5.095631313029629794 
+5.102653392542687349 
+5.109498498539499778 
+5.116446155410304897 
+5.123218586747262826 
+5.130092352828929947 
+5.136792635007565444 
+5.143593050870364891 
+5.155741064063581014 
+5.162438691770169896 
+5.179945724444707800 
+5.191868467653632635 
+5.198239248412527047 
+5.204575798581830171 
+5.210749977443231984 
+5.216891577561942661 
+5.223127663378444474 
+5.234494097319974060 
+5.240635058542856939 
+5.246618450949461554 
+5.252693727477894647 
+5.258859014017523315 
+5.264867850872695598 
+5.270844029695089361 
+5.276787701484602522 
+5.282819321409618851 
+5.288697780036365259 
+5.299293125210850164 
+5.305081728509797756 
+5.315514987046356055 
+5.321214972492054329 
+5.326768413646338018 
+5.332521608955326009 
+5.338128579142751740 
+5.343704864759782680 
+5.349250627400068403 
+5.354878273692582624 
+5.364928927612640841 
+5.370358486861022129 
+5.380253823778921252 
+5.385708278919851821 
+5.391024095031580643 
+5.396310829106466755 
+5.401568650141751249 
+5.406904145641997950 
+5.412104069148108820 
+5.417170335836235751 
+5.422314209109657668 
+5.427430025088609611 
+5.432414399259261728 
+5.437475184865326661 
+5.442508431418452197 
+5.455830775681626221 
+5.460764368007799519 
+5.469856014418423840 
+5.478856668424342047 
+5.483763765920786959 
+5.488741262589548420 
+5.493594158322291143 
+5.498420513010040978 
+5.503220520574501506 
+5.508089587258968578 
+5.516616317197894581 
+5.521223701788326110 
+5.525806684969952975 
+5.530365452641561319 
+5.534807884523248234 
+5.539227433880019369 
+5.543624276974153275 
+5.548089483785137332 
+5.552440981299463729 
+5.556770307944870702 
+5.561167145446179738 
+5.565452212815546140 
+5.569804241843127279 
+5.574045781391362198 
+5.578266053074387720 
+5.582552497413625581 
+5.586730341545220746 
+5.590973851936483108 
+5.595110008999910178 
+5.599311343123155815 
+5.606888719936195642 
+5.611031363242698689 
+5.615153539500937541 
+5.619255444570791624 
+5.623420369730862234 
+5.627481918011893569 
+5.631523789147540704 
+5.635546180608018041 
+5.639630786983232724 
+5.643614425638061149 
+5.647579183360817545 
+5.651525259123696188 
+5.655532816169769994 
+5.659362162435048305 
+5.666416635236771526 
+5.670196953485374003 
+5.677161945303624613 
+5.680972367869077999 
+5.684843078733180732 
+5.688696350975682492 
+5.692532399668399634 
+5.696275224667234127 
+5.700077806438965666 
+5.703863807379034867 
+5.707558209991071330 
+5.711237099866949940 
+5.714975290055154922 
+5.718697757404363813 
+5.722404719236404702 
+5.726096393123304651 
+5.729626219341620086 
+5.733288560911621090 
+5.736863448047301972 
+5.740424478127896357 
+5.743971856989113611 
+5.747505790656873614 
+5.751098199850717130 
+5.757530498612872805 
+5.761085477358726337 
+5.764556790405594100 
+5.768086340291647574 
+5.774478159598633198 
+5.777903203339651128 
+5.781386368416180588 
+5.784788539419026598 
+5.788248797548208202 
+5.794449085488424522 
+5.797878428086663760 
+5.801228877695654873 
+5.804637404903894016 
+5.807967880457978183 
+5.811288784472252722 
+5.814532835099408992 
+5.820524737369623836 
+5.826487673373203613 
+5.829758727705440791 
+5.832955080770759970 
+5.836143768152901146 
+5.839391183308567435 
+5.847904819808073640 
+5.851125713605311418 
+5.854274263120015753 
+5.857481862922746529 
+5.860617789985483661 
+5.866481769680030212 
+5.869601118006629648 
+5.872844713627146440 
+5.876082685136965189 
+5.879250653842353458 
+5.882478141988003451 
+5.885636261577495532 
+5.888854132654058660 
+5.892003251698555211 
+5.895148229600371437 
+5.898353337349163006 
+5.901490581599695417 
+5.904624311202121056 
+5.907754733310121686 
+5.910945846991504382 
+5.914133952128640459 
+5.917319268333312010 
+5.920502015039239119 
+5.923555238012537139 
+5.926670036945900222 
+5.929719474202413743 
+5.932830811986311126 
+5.935877253563504041 
+5.941586273956245279 
+5.944693211729473958 
+5.947862878237508255 
+5.950968694871853870 
+5.954137643140416714 
+5.957243172670227516 
+5.962947786448514975 
+5.966117722147697755 
+5.969225012094375060 
+5.972396696333672317 
+5.975506113457721646 
+5.978680389729884581 
+5.984398335821563997 
+5.987514103932426224 
+5.990632007531353054 
+5.998979647838556417 
+6.002107116388883057 
+6.005301577463008300 
+6.008499447291447026 
+6.014329007629388713 
+6.017537626153176333 
+6.020750457866284933 
+6.023838934636811082 
+6.026931672505458693 
+6.030093429420720241 
+6.033195341607185291 
+6.036366847757603793 
+6.039478685378618650 
+6.042595711375199130 
+6.045783216849462960 
+6.048911285046847830 
+6.052110442387862221 
+6.055250295678909822 
+6.058461861496637013 
+6.064312011971487948 
+6.067476528744284892 
+6.070713991312368663 
+6.073892440371920998 
+6.077144497914169108 
+6.080337607970829339 
+6.086345106035153663 
+6.089627390658301387 
+6.092918048077827997 
+6.096284686483880222 
+6.099592829768772262 
+6.102909908388313376 
+6.106236107475004005 
+6.109503445857474624 
+6.115585850257623690 
+6.118948345034237235 
+6.125081437832035292 
+6.128472561407948049 
+6.131874195717394116 
+6.135356272669104882 
+6.138779691665275706 
+6.145096527508425055 
+6.151451752221065661 
+6.154857280499131278 
+6.158345513317653008 
+6.161774241287833576 
+6.165286499547480759 
+6.171770004886865557 
+6.175390416090658974 
+6.178951437779092615 
+6.182598596510465505 
+6.186259534138996763 
+6.189860794973443880 
+6.196584994105775124 
+6.200151051053184759 
+6.203805308829894116 
+6.207398772838935486 
+6.211006034114125995 
+6.217731531190493044 
+6.221455162178911813 
+6.225117342093547279 
+6.231946233103927923 
+6.235727651751208356 
+6.239447030418773465 
+6.243259499013348979 
+6.253530622265627059 
+6.257323162463172217 
+6.264476936911232308 
+6.268315357169875313 
+6.272250492826952240 
+6.276121870802121805 
+6.280090946388932061 
+6.284077390115431427 
+6.288081350634902478 
+6.292185234640944813 
+6.299619073314430828 
+6.303691974530525322 
+6.307783101632995937 
+6.311892597903339563 
+6.316020605682854949 
+6.323566221743089244 
+6.327747120725184971 
+6.331861161224727752 
+6.336079896992165672 
+6.340231265528861293 
+6.344488374008221854 
+6.352270859670733572 
+6.356495257240108998 
+6.361004666041070621 
+6.365535841915789916 
+6.369820493315069498 
+6.374214556186440284 
+6.378538803269176327 
+6.382882824593886895 
+6.387337865610971832 
+6.391905324088568818 
+6.396402627427058007 
+6.400921034099296136 
+6.405553532958208507 
+6.410114946475367503 
+6.418643185597515455 
+6.423360820549675054 
+6.428101158474438748 
+6.432864321512122174 
+6.437650430583193639 
+6.442363195072868365 
+6.447098223394720051 
+6.451758311689278713 
+6.456537737670776878 
+6.465276586497318512 
+6.470119903804135930 
+6.474986108442193355 
+6.479775294007079189 
+6.484687110571455193 
+6.489521172636873558 
+6.494478997793041941 
+6.499358320353376683 
+6.504362541398256425 
+6.509390343776590981 
+6.514338493978511835 
+6.519309452498641022 
+6.524407589221727477 
+6.529424904447993505 
+6.534570541707761748 
+6.543978472940541913 
+6.553466526349726706 
+6.563035210564711619 
+6.568337959046521846 
+6.573774359349883412 
+6.579236532766616463 
+6.589133656835294950 
+6.594557480537459604 
+6.604696800203422313 
+6.614810116593098144 
+6.620465491219247767 
+6.626033394625097550 
+6.631626742242719530 
+6.637130673162225492 
+6.642774580429974485 
+6.648328160053821101 
+6.654022871047759580 
+6.669256239134084829 
+6.675045305276673169 
+6.680979274348619157 
+6.686820841313478425 
+6.697618186199088441 
+6.703412828605769924 
+6.709354126053278300 
+6.720212622397417235 
+6.726104924518121919 
+6.732146080357344076 
+6.738089550479376300 
+6.744183017428440508 
+6.750177803760646356 
+6.756198034954023157 
+6.762369966459280235 
+6.773648219688606531 
+6.779767339747815313 
+6.786040334596110668 
+6.792211189168167351 
+6.798537047133191180 
+6.810225647991093645 
+6.816627416362891267 
+6.823055983025247961 
+6.846367591713324430 
+6.853053402092982083 
+6.859901757627022256 
+6.866779236908151063 
+6.873414451096058642 
+6.880076561520458434 
+6.886765571498631999 
+6.893481482684062911 
+6.900362183570462271 
+6.907132444381399949 
+6.913929601223096633 
+6.920614113955169344 
+6.927604580885143193 
+6.934482388398503616 
+6.941528252657515274 
+6.948460326935675724 
+6.955419240726381958 
+6.962547823867162755 
+6.969560915557513781 
+6.976744744644323148 
+6.983956443856850882 
+6.991195989280909906 
+6.998463355088375693 
+7.005758513529769971 
+7.013081434927021185 
+7.020432087665753329 
+7.027662599965799117 
+7.034919679821083349 
+7.042352213177062836 
+7.049662861026902760 
+7.057149976538251934 
+7.064514033671670745 
+7.072055561702464743 
+7.079624501430127559 
+7.087068609772520844 
+7.094691677532999563 
+7.102342004397199204 
+7.110019535140143176 
+7.123907460186189589 
+7.131350196694967281 
+7.138973635094190584 
+7.146466556173804108 
+7.154141103034961091 
+7.168146328194003658 
+7.175893144101442189 
+7.183665488787692510 
+7.198167324682815504 
+7.206012203881630995 
+7.213882322365722466 
+7.221777600324946533 
+7.229859856422212516 
+7.237643305564132490 
+7.245613563339172281 
+7.253445229191969545 
+7.261300628427971304 
+7.269179674867889851 
+7.283851011226188277 
+7.291962850965935772 
+7.299932681986051719 
+7.308259258478703835 
+7.323477868971361104 
+7.331874837415851331 
+7.340296548312272407 
+7.348573716040190718 
+7.356874419214495475 
+7.365198542234129064 
+7.373545967407785895 
+7.382087644204100130 
+7.390481781556328400 
+7.398898852828659223 
+7.414418104466594883 
+7.430013498370258596 
+7.438536043486811522 
+7.447255390910807016 
+7.455822626061004321 
+7.464587285197064048 
+7.473198636819311957 
+7.496503706788534060 
+7.505194173701748461 
+7.521389377494234196 
+7.530139612482591005 
+7.538910461697314602 
+7.547701763598517744 
+7.556693392891389749 
+7.565525515533161993 
+7.574377589358688212 
+7.590687906744522095 
+7.599777632986385534 
+7.608705043505762156 
+7.617651555550916775 
+7.626616987523130220 
+7.635601155530837403 
+7.644419960265786962 
+7.660817991092123691 
+7.669871565179013473 
+7.678757653915802450 
+7.687846317053853795 
+7.704398734874628119 
+7.713349322802069530 
+7.722690051699915514 
+7.731860783125173775 
+7.741047949405564843 
+7.757964439507987642 
+7.767197058218752836 
+7.776634180417056008 
+7.785708883175200157 
+7.794987641975688497 
+7.804091514537032204 
+7.813399603031623286 
+7.822722162887266961 
+7.831868271901364587 
+7.841409755904869883 
+7.850583063208490309 
+7.867626068590421795 
+7.877027806196522874 
+7.886250112035922299 
+7.903574292129240675 
+7.913023630021257304 
+7.922678031447512481 
+7.932151055017469865 
+7.941635405277194693 
+7.951130816286522851 
+7.960637019577525564 
+7.978124603946977089 
+7.987659938836053186 
+7.997010119471195999 
+8.006564460703781805 
+8.015932718468647522 
+8.025504955828768772 
+8.035085805089984490 
+8.044674975259301419 
+8.054272172749776360 
+8.064073198734210024 
+8.073685708249209725 
+8.083305342517261849 
+8.092735273031905763 
+8.102368112076201001 
+8.112007162076601219 
+8.121455218512437568 
+8.131105641178466570 
+8.148647225883177470 
+8.166204284062725804 
+8.175876427045341899 
+8.185552339544656775 
+8.195231689307352241 
+8.204914141381959070 
+8.214797042000212102 
+8.224484728927791366 
+8.233976721341008442 
+8.243668178940254165 
+8.253361023379572003 
+8.271166647677151929 
+8.288973562837497866 
+8.298866030898233603 
+8.316472698391239149 
+8.325966764282831889 
+8.335656954636739613 
+8.345345086939923718 
+8.354833143155520503 
+8.372615702092698342 
+8.382489931646409431 
+8.392162728805617533 
+8.401831224131701248 
+8.419774241744804044 
+8.429428264816763772 
+8.447144641585001779 
+8.456781047261994644 
+8.466410458553301766 
+8.475836171527882712 
+8.485450515113818426 
+8.494860666360533941 
+8.504458300141006788 
+8.514046861449120485 
+8.531633442305411208 
+8.541388931859280831 
+8.550938466679664174 
+8.560671364971149444 
+8.570392155329411565 
+8.580100364906288135 
+8.589601745634841024 
+8.607212357355169985 
+8.616868390791466936 
+8.626509528877384980 
+8.636135280008463866 
+8.645553110793247953 
+8.655146932659306458 
+8.672372957366958346 
+8.681727537154625196 
+8.698863324915826922 
+8.708166834591022365 
+8.717451406360076760 
+8.726527660970305078 
+8.735773288834336014 
+8.744810440811999541 
+8.754015172043455806 
+8.763011296792580396 
+8.772173154709284049 
+8.781312595867504456 
+8.790243287979008002 
+8.799336835220490372 
+8.808221575221757860 
+8.817267191400929960 
+8.826287812809063382 
+8.835282910256530897 
+8.844251951403347078 
+8.860474270573776678 
+8.869367040593889584 
+8.878051067020173548 
+8.886707597677617088 
+8.895515574060496533 
+8.904472637649803346 
+8.913041729640443833 
+8.928851486950573957 
+8.937511046088980393 
+8.945962410889077177 
+8.954382089527069155 
+8.962943932779689149 
+8.971645287401088353 
+8.980310451621551948 
+8.988766601052319061 
+8.997358269366802830 
+9.005911882779461308 
+9.014426808545948688 
+9.022564149317533477 
+9.037722009567108472 
+9.045918878343446323 
+9.054241707715076970 
+9.062356959109362009 
+9.070430882031438102 
+9.078626331523146575 
+9.086614853959479987 
+9.094398447276343944 
+9.102300806882205109 
+9.109998780163412135 
+9.117653480032604563 
+9.125422391241180264 
+9.132987798494157872 
+9.140664289722582936 
+9.148448315029295230 
+9.156027847063473502 
+9.176200606662558101 
+9.183746289908320648 
+9.191089080080008245 
+9.198231473236134548 
+9.205470402406996655 
+9.212509749220043176 
+9.219497133069680217 
+9.226575817198526153 
+9.233598984460179793 
+9.240707532084243780 
+9.247616407376201053 
+9.265802160626652295 
+9.272495866474013582 
+9.279129334318195532 
+9.285568326547199547 
+9.292080424434885799 
+9.303748438726323400 
+9.309954323437571233 
+9.321423146395520831 
+9.327574249954306396 
+9.333658808689406783 
+9.339798168501486586 
+9.345745989060269210 
+9.351624990186447661 
+9.357552241346329680 
+9.363289875484570146 
+9.368956382702005925 
+9.374550991756722240 
+9.380184858198873599 
+9.385631835527869171 
+9.395550065947411156 
+9.400676784766833549 
+9.405834596807135739 
+9.410812217566927984 
+9.419842759624181383 
+9.424702948000426517 
+9.429386055934919852 
+9.433991303558967090 
+9.442413606797165571 
+9.446881045790437526 
+9.451264206248918498 
+9.455562256350217964 
+9.459774360531099546 
+9.467284176136800511 
+9.474495977333059926 
+9.478371821415617404 
+9.482078453088144343 
+9.485693448831852947 
+9.492091627045859070 
+9.495509346571278542 
+9.498762756747945346 
+9.501983731128969879 
+9.504981081168988766 
+9.507884734933178095 
+9.510751367204946405 
+9.513463117049870021 
+9.518390919204453127 
+9.522911499698160753 
+9.527074497131444275 
+9.529165940175289506 
+9.532767308058655686 
+9.534587856218500690 
+9.537578201562901370 
+9.539049617489867572 
+9.540409372653289921 
+9.541680789542681396 
+9.543670620393923443 
+9.544590747878055836 
+9.545394562265922644 
+9.546093876961142755 
+9.546659729283916818 
+9.547106328230899663 
+9.547438093973214635 
+9.547640753517637080 
+9.547721544721298415 
+9.547676225329425392 
+9.547501903127219691 
+9.545284949037174727 
+9.544450045396237314 
+9.541556416860135670 
+9.540223116814694038 
+9.535995554465188206 
+9.532441433134234643 
+9.530304450385902015 
+9.527974222055782150 
+9.525591093897356032 
+9.520897389340316153 
+9.518110242120496167 
+9.515177580305969940 
+9.512098318401378094 
+9.508803965124695168 
+9.502482892279598303 
+9.498827928276188715 
+9.495021032303135655 
+9.491061094330909498 
+9.486861426051536483 
+9.478893735256644248 
+9.474333017289374936 
+9.469515837042965956 
+9.464633727512257622 
+9.459590827252739587 
+9.454385992875671718 
+9.448906821287506475 
+9.443371307711508678 
+9.437670380596713926 
+9.431802879367563008 
+9.425892491721000965 
+9.419820042741536170 
+9.413452777903412283 
+9.407049459300649730 
+9.400342120129661083 
+9.387569512931737137 
+9.380217905545084278 
+9.372682033170717020 
+9.365116872617981869 
+9.357372309136570365 
+9.349447131011654477 
+9.341172771164977462 
+9.332878962640513976 
+9.324400853032541292 
+9.315200731331369610 
+9.306338852456363497 
+9.297102235322817876 
+9.287859080535039169 
+9.278425331986495550 
+9.268799737930322635 
+9.259183362253107674 
+9.249174283413527320 
+9.238969603068458269 
+9.228568051793288873 
+9.218186665080118303 
+9.207391628497521907 
+9.196395912156697605 
+9.185428780338764199 
+9.173797286880558843 
+9.162191790065222108 
+9.150380437717839044 
+9.138114482669177363 
+9.125883231006358898 
+9.113442167827557228 
+9.100529558630467974 
+9.087395707451001670 
+9.074039203257941111 
+9.048876748766129907 
+9.034880172550284527 
+9.020655479090802231 
+9.006201233430296327 
+8.979300721011149733 
+8.964495852207697624 
+8.949156133744326169 
+8.920629889505599763 
+8.891637910023082014 
+8.875524514134575327 
+8.859513425773263506 
+8.842936140544574997 
+8.812220696077215365 
+8.795328326382531259 
+8.777846100033233512 
+8.745104930364551166 
+8.726933069824170275 
+8.708515353418331273 
+8.689466837755457362 
+8.670936589359527602 
+8.652166259376619095 
+8.632755825171200215 
+8.613496154435637209 
+8.593583322472053254 
+8.556759394303446342 
+8.536545657391684472 
+8.498404528835582283 
+8.477035979193864534 
+8.455847268458082766 
+8.433954059708398177 
+8.411793578488641288 
+8.389364315887931411 
+8.366664758189621409 
+8.343693386863439088 
+8.320925802664662640 
+8.296929105102798019 
+8.273621538523446617 
+8.249553318461064322 
+8.225705345899068988 
+8.201587761216885042 
+8.176177007144142195 
+8.150987507884504879 
+8.125512374395768234 
+8.099750039848826688 
+8.073164259432395795 
+8.024546791280346980 
+7.997661914737368427 
+7.947512156535988304 
+7.919217681129778086 
+7.867500740090082267 
+7.814763576788580579 
+7.760996148104248427 
+7.731895437118932790 
+7.675907533524048532 
+7.645313672238895464 
+7.613771044389919140 
+7.528911038561693303 
+7.496819092461363354 
+7.464404603545984784 
+7.404698875871043917 
+7.371366957476396919 
+7.338396315303105766 
+7.304411502367566200 
+7.270798024162986373 
+7.236153639008257699 
+7.200456128856085769 
+7.165131645555792517 
+7.128736571790827092 
+7.091986457901050755 
+7.054879460794985846 
+6.987181615914309418 
+6.949065493346654243 
+6.911358613077813295 
+6.872520080099437045 
+6.834101640640649400 
+6.795328344669613330 
+6.756198416872137180 
+6.614338852780194955 
+6.572727354342775996 
+6.530734121602195685 
+6.488357232066344515 
+6.445594757596422752 
+6.403311574479511492 
+6.359779931300447942 
+6.280435424725173021 
+6.236699571937060149 
+6.192582631149788241 
+6.147170590449713146 
+6.102278043639016047 
+6.057926746331402157 
+6.012266892746903402 
+5.966216644399853664 
+5.881569738777985279 
+5.834409906007227420 
+5.786852486005783724 
+5.738895581331608042 
+5.690537289221472506 
+5.599657614451047039 
+5.550141968914822144 
+5.500217546738273455 
+5.449882419213598617 
+5.398094673431513613 
+5.346923846612768649 
+5.294279301439930308 
+5.242264836058195598 
+5.146712687638314243 
+5.094598954030662874 
+5.039879087172183247 
+4.985821240679060296 
+4.885409641420171312 
+4.830126804194447843 
+4.773266648268980283 
+4.717101542920413948 
+4.659336936538633012 
+4.554200058133080375 
+4.496327820507575623 
+4.436813204559808099 
+4.378034725271105820 
+4.268896215648142700 
+4.207600697724032557 
+4.147068953367017308 
+4.084828144971170971 
+3.918197007630833895 
+3.854195892294108194 
+3.789706041917397350 
+3.724725232151917087 
+3.605192966295163171 
+3.540148052720630822 
+3.473281204767985741 
+3.407264939284150973 
+3.340764695076531510 
+3.273778340033332679 
+3.204921604880886399 
+3.136946579028083271 
+2.952792708711724501 
+2.881567997313930096 
+2.811262115117629801 
+2.739003161150142418 
+2.669139926596388435 
+2.598790063696831076 
+2.526470496923789444 
+2.455130943021152312 
+2.381796754135074856 
+1.993339411728046517 
+1.915211923478712164 
+1.838111930812363903 
+1.758890143689878505 
+1.679112111232484050 
+1.598775429767096856 
+1.519501158175904809 
+1.438051235895775104 
+1.357681341021085064 
+1.275108681467031602 
+1.193633832925724114 
+1.111608621535602470 
+1.029030744075153603 
+0.944195507878639262 
+0.862207748994309853 
+0.777957995846627615 
+0.693146305560613296 
+0.537655732066970149 
+0.453017993491149351 
+0.294634450821809946 
+0.206625588640326541 
+0.119852930818190373 
+0.030698619045839148 
-0.057200668443008862 
-0.221666425826997138 
-0.311172525419588286 
-0.556440209503614724 
-0.726777083231054277 
-0.981114770925636925 
-1.075393509301307837 
-1.172241072660591854 
-1.267706845724978493 
-1.365770986757940619 
-1.547501182492050376 
-1.731332367290580265 
-1.832307045462112427 
-2.019413368974834810 
-2.208659993299600721 
-2.312599667610936827 
-2.415040164934594280 
-2.518098682782824227 
-2.710829764798691421 
-2.817856070226025800 
-2.923331962972302911 
-3.033872305536636560 
-3.142867354904907096 
-3.252523781907907363 
-3.362844161552007272 
-3.476103072311244269 
-3.587772789247924976 
-3.697814858202502108 
