+1.119984922962778962 
+1.118064096663956342 
+1.116144854728084557 
+1.114305304468455660 
+1.112505633886982537 
+1.110709372328794187 
+1.108989609631466644 
+1.107274456459859779 
+1.105566171047670299 
+1.103932845733621715 
+1.102339666838997978 
+1.100786400802577392 
+1.099242336831942168 
+1.097769001460277893 
+1.096306016865244315 
+1.094911667932361388 
+1.093556065853599213 
+1.092238981557710931 
+1.090960186713063163 
+1.089744395845451796 
+1.088540727981484935 
+1.087398096146179105 
+1.086268669091452921 
+1.085176410042626438 
+1.084099941120592714 
+1.083082094064881096 
+1.082120405135529539 
+1.081174585972035862 
+1.080283030051464532 
+1.079425865992422073 
+1.078586104031746817 
+1.077781747878018059 
+1.077027926407328362 
+1.076293016645817557 
+1.075592864841787843 
+1.074940495023948062 
+1.074308513485620509 
+1.073710648465660222 
+1.073146686118494841 
+1.072626899857493488 
+1.072139242410801163 
+1.071674358544334682 
+1.071251021299604034 
+1.070843569686076968 
+1.070477244816048445 
+1.070143354253491497 
+1.069835867514711270 
+1.069572044119105225 
+1.069334210354501602 
+1.069131876669215941 
+1.068956410635672816 
+1.068812144740397319 
+1.068700878185975256 
+1.068617775072093545 
+1.068565266534628577 
+1.068543014438633865 
+1.068552194560915769 
+1.068591481397030307 
+1.068662269821910815 
+1.068761525891317010 
+1.068893093674610162 
+1.069051509482590978 
+1.069234795763461587 
+1.069450396552450222 
+1.069689324810060072 
+1.069955510266631382 
+1.070261574438881702 
+1.070589821652259577 
+1.070945893184670705 
+1.071329596934639694 
+1.071749416575549452 
+1.072188365340861482 
+1.072654370258178114 
+1.073157579004925921 
+1.073688561898834326 
+1.074247119227262459 
+1.074845048536857472 
+1.075458700069104712 
+1.076099327370460434 
+1.076766733682538613 
+1.077446583944157377 
+1.078151780684162730 
+1.078882140758173902 
+1.079637481693847434 
+1.080433799858889543 
+1.081239058309218182 
+1.082068750550062131 
+1.082922696800454387 
+1.083818886168362861 
+1.084721289590383053 
+1.085647408054488450 
+1.086616689043425676 
+1.087610291044669664 
+1.088586856821397220 
+1.089606538796205282 
+1.090627550453267203 
+1.091692263091764481 
+1.092757053455294836 
+1.093866118234226192 
+1.094997331365796134 
+1.096150521656627408 
+1.097349723960665768 
+1.098546797403671116 
+1.099765334894467150 
+1.101005167859933520 
+1.102266128376080623 
+1.103574427891487852 
+1.104877564958008929 
+1.106201326306943233 
+1.107545546613580179 
+1.108938118592792454 
+1.110351647361008220 
+1.111757070538139880 
+1.113182291173386407 
+1.114627147177296607 
+1.116121563023257934 
+1.117605598524818111 
+1.119108783692284170 
+1.120662220416008603 
+1.122203609626781118 
+1.123763668598594778 
+1.125374647106413661 
+1.126971946352371967 
+1.128620598872691172 
+1.130254500203137003 
+1.131940178169811739 
+1.133610048580443674 
+1.135332108709673271 
+1.137037320364228110 
+1.138795124636883704 
+1.140499376075835514 
+1.142291940205654166 
+1.144065630040680404 
+1.145855974310999503 
+1.147662823591492076 
+1.149523406615870824 
+1.151325442570177104 
+1.153180916502668074 
+1.155013954229902717 
+1.156862124955741589 
+1.158764266127365605 
+1.160681889483234697 
+1.162614850486142659 
+1.164563005208349100 
+1.166566431449109986 
+1.168544847016186328 
+1.170538025271940397 
+1.172586951479334560 
+1.174609525306900215 
+1.176646436314485511 
+1.178739551046623868 
+1.180805003480650539 
+1.182884373079362339 
+1.184977521989167837 
+1.187127449774662225 
+1.189248020338310008 
+1.191338275012549408 
+1.193529125699957838 
+1.195733612630166753 
+1.197907102222826925 
+1.200138168679103057 
+1.202337433999610905 
+1.204594525701796481 
+1.206819025986930916 
+1.209055817735897431 
+1.211258752562101915 
+1.213519491501259040 
+1.215792134200948338 
+1.218029814087069784 
+1.220325641614892875 
+1.222632990378968110 
+1.224951733153822886 
+1.227329410955006583 
+1.229718686769136538 
+1.232119427283048241 
+1.234531499808122268 
+1.236954772279134307 
+1.239389113253104302 
+1.241834391908148483 
+1.244241251245512103 
+1.246608937468818734 
+1.249035984822463252 
+1.251473049940172944 
+1.253970052775893018 
+1.256426991470572130 
+1.258893586380654073 
+1.261369718940427820 
+1.263906093958877319 
+1.266401136995880972 
+1.268905362982744478 
+1.271470040891446329 
+1.273992465887620495 
+1.276471978372049954 
+1.278959859599855253 
+1.281508092391184350 
+1.284012558662074532 
+1.286577500104151284 
+1.289203314149304003 
+1.291784854447122877 
+1.294427373675603343 
+1.297078154221716684 
+1.299683821439341802 
+1.302297200717248193 
+1.304918182949876382 
+1.307492942997919627 
+1.310074793125681314 
+1.312717640040160116 
+1.315313510150495357 
+1.317970460098970120 
+1.320579941685231962 
+1.323250579747499822 
+1.325927976012857057 
+1.330807948314573164 
+1.333503819257237266 
+1.336150842771943958 
+1.338803876245440838 
+1.341518281017509917 
+1.344183168277503837 
+1.346909476034071629 
+1.349585830643890594 
+1.352267718128623564 
+1.355011088493949911 
+1.357703873156240082 
+1.360514441633067451 
+1.363274228820500866 
+1.366039293568452884 
+1.368752952607079854 
+1.371528180718886381 
+1.374251611993787314 
+1.377036629402113466 
+1.379769468452598957 
+1.382563905113534553 
+1.385305791412410947 
+1.388052022561745424 
+1.390859858227444068 
+1.393614604993609563 
+1.396430954145648773 
+1.399193865746755083 
+1.402018372277109126 
+1.404789101810121288 
+1.407563572894237947 
+1.410399617987551091 
+1.413181395636132986 
+1.415966663914589363 
+1.418813473785189627 
+1.421663748784918635 
+1.424575674952053284 
+1.427432687908176900 
+1.430351311238207135 
+1.433214713702769538 
+1.436139680734385582 
+1.439009128366860457 
+1.441881441918258844 
+1.444815242371144004 
+1.447693093941126996 
+1.450573562668531657 
+1.453397705542190055 
+1.456224205720635378 
+1.459111944300310881 
+1.461942977960905221 
+1.464776141970917323 
+1.467670450522331027 
+1.470625953867877422 
+1.473524352545370952 
+1.476424658326843664 
+1.479386039965845834 
+1.482289964348929123 
+1.485195564650299449 
+1.488162112053800445 
+1.491130245999701120 
+1.494099887217982925 
+1.497070956954288379 
+1.499983915839333992 
+1.502957583712875245 
+1.505932448463102924 
+1.508848903194446534 
+1.511766362002066266 
+1.514744321856756670 
+1.517663592371040204 
+1.520643253977695952 
+1.523564049178170787 
+1.526485494016821320 
+1.529347881058388925 
+1.532270409139546263 
+1.535193382906543835 
+1.538116734828229859 
+1.541040397833386422 
+1.543904631721962240 
+1.546888391102662741 
+1.549812589514656391 
+1.552796513827494618 
+1.555720741179912103 
+1.558704560581537280 
+1.561628554298748250 
+1.564552336383177700 
+1.567475843874603036 
+1.570339361503515940 
+1.573262141488868782 
+1.576184461946354531 
+1.579046638738252906 
+1.582027480012810461 
+1.585007653103270853 
+1.587927513184237416 
+1.590906176161340113 
+1.593883982902126517 
+1.596860871252895109 
+1.599777271371603637 
+1.602692672623720505 
+1.605607017838143857 
+1.608460808051573876 
+1.611372895838498298 
+1.614224367033555207 
+1.617133978428785701 
+1.619982917754539953 
+1.622949147214693300 
+1.625854595857667562 
+1.628817797284143554 
+1.631720169228639161 
+1.634680120613960508 
+1.637579200051808570 
+1.640476571103463455 
+1.643313106010629188 
+1.646147903949731095 
+1.649039919003184362 
+1.651871061596576595 
+1.654700324278958856 
+1.657586542528444173 
+1.660411864558777983 
+1.663235167250278534 
+1.666115158729854606 
+1.668934242540334179 
+1.671809833848487914 
+1.674624516577292610 
+1.677495523316205439 
+1.680305625890899934 
+1.683171866848164999 
+1.686035632464377265 
+1.688896877713585098 
+1.691755557975810564 
+1.694669888724722018 
+1.697523252175270780 
+1.700373918322653832 
+1.703279936271899775 
+1.706125021984253642 
+1.709025257325478719 
+1.711864590381410256 
+1.714758869055956980 
+1.717592280517576286 
+1.720422699594049476 
+1.723250086094672673 
+1.726016792129839050 
+1.728838058376258147 
+1.731598693789217158 
+1.734413686863434112 
+1.737168103340066105 
+1.739919388458989191 
+1.742781942685065477 
+1.745641021519864111 
+1.748439509365274258 
+1.751234585668504762 
+1.754083150364255772 
+1.756871224707662993 
+1.759655780132395986 
+1.762493499746178527 
+1.765214195463978841 
+1.767987986936076616 
+1.770701625999448359 
+1.773468148232372421 
+1.776174602885942644 
+1.778933726916307911 
+1.781745257366198043 
+1.784496700680137771 
+1.787300327837643810 
+1.790043962175404957 
+1.792783684950177703 
+1.795463673191855403 
+1.798139850664856265 
+1.800867822268670260 
+1.803536214271826310 
+1.806256181297162478 
+1.808972062125795865 
+1.811683828611417191 
+1.814391452967958562 
+1.817094907768558754 
+1.819739121168524987 
+1.822434242463466747 
+1.825070241489135769 
+1.827756925967542134 
+1.830384610765581010 
+1.833062757867103265 
+1.835736554912008600 
+1.838405977288200654 
+1.841016656629224091 
+1.843677347729185012 
+1.846333592896931997 
+1.848985368906723048 
+1.851632652878595131 
+1.854329309183262886 
+1.856967449001626136 
+1.859601029764120561 
+1.862283635192679920 
+1.864907939552637783 
+1.867527620955145018 
+1.870195978556489447 
+1.872806257574838318 
+1.875464979329097170 
+1.878065775161441131 
+1.880714780028706068 
+1.883306014634354986 
+1.885945224383389629 
+1.888526822465494304 
+1.891103623937712142 
+1.893728050644295724 
+1.896295108107376892 
+1.898857317258265898 
+1.901466801570060872 
+1.904019165261792601 
+1.906566631912010701 
+1.909057346383172149 
+1.911595073537019962 
+1.914076218473348412 
+1.916604147946345371 
+1.919075667565365739 
+1.921593743648771779 
+1.924106821849545845 
+1.926614888895340494 
+1.929117931828298271 
+1.931615938004016542 
+1.934058068964944255 
+1.936546068347654304 
+1.939028995146133916 
+1.941456320625013721 
+1.943878757067596386 
+1.946346607512441373 
+1.948759133329590387 
+1.951216846404834282 
+1.953619422455276977 
+1.956066959384044956 
+1.958459548834138975 
+1.960896873187285117 
+1.963329025502152936 
+1.965755997377015563 
+1.968177780708134872 
+1.970643631631088244 
+1.973054908472890556 
+1.975460974093089739 
+1.977910764082991601 
+1.980306280109521033 
+1.982696564916999638 
+1.985130232337441347 
+1.987509929833494393 
+1.989884378764821271 
+1.992205275593543989 
+1.994569319557006226 
+1.996880014668009462 
+1.999233635646870288 
+2.001534112471890836 
+2.003925059746114457 
+2.006310510777193024 
+2.008690462177562974 
+2.011017475833821067 
+2.013386529155221538 
+2.015750074541811099 
+2.018061003110823481 
+2.020413636614498021 
+2.022713868180872954 
+2.025055583527091585 
+2.027345113067248850 
+2.029629344475639918 
+2.031954731002216796 
+2.034228257042624222 
+2.036496484524668471 
+2.038759413844526414 
+2.041017045663974905 
+2.043269380909353394 
+2.045562223599333151 
+2.047803861506180212 
+2.050040207232654677 
+2.052271262758259773 
+2.054497030321845052 
+2.056762773366643593 
+2.058977864974983252 
+2.061187676947632497 
+2.063437148163282941 
+2.065636303361297443 
+2.067830189577807065 
+2.070063421797738279 
+2.072202171459030851 
+2.074380275946539509 
+2.076508837612949243 
+2.078676551473118472 
+2.080839024198211540 
+2.082952288358555393 
+2.085148268571014540 
+2.087295051993546924 
+2.089436617828566156 
+2.091572972569700983 
+2.093747561675117996 
+2.095873408675989147 
+2.098037290378529374 
+2.100152659099089103 
+2.102305864459170337 
+2.104410786313569481 
+2.106510549715499447 
+2.108605163068674848 
+2.110694635009048525 
+2.112821458564090094 
+2.114985323049906274 
+2.117059112072960936 
+2.119127797120981427 
+2.121191387989389998 
+2.123291852174111760 
+2.125345181531314243 
+2.127393447662648818 
+2.129478306969994961 
+2.131557917023648052 
+2.133590853462787429 
+2.135618771260691773 
+2.137682913844598964 
+2.139700727519730172 
+2.141754584592899135 
+2.143762343233578171 
+2.145805965792731307 
+2.147803720259899407 
+2.149796542523811915 
+2.151784445685660963 
+2.153807861404720470 
+2.155826183421954312 
+2.157839426330656174 
+2.159847604948609501 
+2.161850734316936418 
+2.163848829698947984 
+2.165802094121501931 
+2.167710837005964120 
+2.169614983099214633 
+2.171593595913552832 
+2.173567252705330688 
+2.175575294103947677 
+2.177538990435678556 
+2.179419523711307427 
+2.181295551390000753 
+2.183206031587263674 
+2.185073001358733613 
+2.186935512560037154 
+2.188832243749092576 
+2.190724362380695123 
+2.192611885771716729 
+2.194533211348542956 
+2.196411504084569977 
+2.198323447673783626 
+2.200154482231462261 
+2.202019203961574689 
+2.203841519404172278 
+2.205697376669010001 
+2.207548783919401902 
+2.209395760129419628 
+2.211200765071840824 
+2.213039026287645594 
+2.214872914054874187 
+2.216702448053532670 
+2.218527648138423736 
+2.220385650504741903 
+2.222202155605867091 
+2.224051327797402777 
+2.225859221091399220 
+2.227662883180314246 
+2.229499014766516574 
+2.231257597464939568 
+2.233048691939344188 
+2.234799212748364461 
+2.236582119444699757 
+2.238324661092234269 
+2.240135643232276763 
+2.241942398055090990 
+2.243708939166810801 
+2.245507393647528271 
+2.247265846220849461 
+2.249056094155134744 
+2.250806550757542102 
+2.252588687258533895 
+2.254331241739976566 
+2.256069920181510202 
+2.257804746036050858 
+2.259571029671747944 
+2.261298143903797797 
+2.263021477297532336 
+2.264705997898464940 
+2.266456897928049052 
+2.268169033709319660 
+2.269877485739170808 
+2.271617032416282544 
+2.273283437219300929 
+2.274946378416151660 
+2.276640416089242613 
+2.278330894074752866 
+2.279983445444854873 
+2.281632629186785000 
+2.283346973837399041 
+2.285057717836441959 
+2.286764888674203355 
+2.288502550517680589 
+2.290202588009222495 
+2.291899136231536183 
+2.293592223248121176 
+2.295248117642237240 
+2.296867047147023833 
+2.298516493503818481 
+2.300129158121439144 
+2.301772261947949261 
+2.303378765506082004 
+2.305015633272773368 
+2.306616080535049296 
+2.308280068148600428 
+2.309907690441043382 
+2.311532286290252092 
+2.313153883583627390 
+2.314805512790432118 
+2.316421137342976611 
+2.318066730602688974 
+2.319709320225872951 
+2.321348936455935430 
+2.322985609656810002 
+2.324619370311805433 
+2.326250249022457695 
+2.327845743700444281 
+2.329471006899073160 
+2.331093480035720589 
+2.332713194171067705 
+2.334330180478297656 
+2.335944470241941850 
+2.337523888279308792 
+2.339132931612496247 
+2.340739372279017072 
+2.342343241995185288 
+2.343912570648312155 
+2.345511443864552348 
+2.347107841266927508 
+2.348638083351337613 
+2.350197912128604294 
+2.351723690216479312 
+2.353310739874082458 
+2.354895472109135746 
+2.356509545403644879 
+2.358089696023415449 
+2.359667628004854301 
+2.361211880528820473 
+2.362754064917783836 
+2.364325622893328926 
+2.365863723886482362 
+2.367399851031600111 
+2.368965325595026705 
+2.370497560591955821 
+2.372027916763357780 
+2.373587600775417528 
+2.375114257503419424 
+2.376639131135308780 
+2.378162253516141966 
+2.379714687928039307 
+2.381234369532180040 
+2.382752396511194970 
+2.384299731360700836 
+2.385845411034345886 
+2.387389469821373567 
+2.388931942083676319 
+2.390442058838668782 
+2.391981491435213769 
+2.393488695663572585 
+2.394994507541647444 
+2.396498959733109224 
+2.398032747400453246 
+2.399534552381474839 
+2.401035096697862414 
+2.402534413251051770 
+2.404032534999014814 
+2.405560033293232536 
+2.407055841835084031 
+2.408520061817368330 
+2.410013735018357917 
+2.411475926961521576 
+2.412937162559278370 
+2.414427886661144385 
+2.415887285301437259 
+2.417406576500477300 
+2.420139058283920619 
+2.421625591823803880 
+2.423081042549021014 
+2.424566087301533557 
+2.426020144213967278 
+2.427503832131867156 
+2.428956624643890283 
+2.430469336309676986 
+2.431981457039982253 
+2.433523248714803522 
+2.435034285534252163 
+2.436544840185575822 
+2.438054948757481633 
+2.439534457184535654 
+2.441013605919231999 
+2.442492429020992617 
+2.444001131894763645 
+2.445479401124013741 
+2.446957447763058902 
+2.448405147266153215 
+2.449882854059060477 
+2.451330286302568329 
+2.452777634894372394 
+2.454255083745508159 
+2.455702361605411888 
+2.457179805434994257 
+2.458627144224198702 
+2.460104717507201499 
+2.461582407349074408 
+2.463030086362883786 
+2.464508108303266720 
+2.465956178635761109 
+2.467434667444454721 
+2.468943625689194121 
+2.470452919451942897 
+2.471962585317282191 
+2.473472659878350299 
+2.475013394926276700 
+2.476524406698207503 
+2.478035937717433690 
+2.479517777177948190 
+2.481030444333886642 
+2.482513467554362752 
+2.484027414412356194 
+2.485481462323308577 
+2.486966502803581669 
+2.488421954916058887 
+2.489878150818085611 
+2.491365484967743349 
+2.492823282795446183 
+2.494281922232950421 
+2.495771851703921573 
+2.497232290685276190 
+2.498724124634105870 
+2.500186495273951870 
+2.501710866877669304 
+2.503205843945744746 
+2.504732481857741444 
+2.506260318758925187 
+2.507789391129268353 
+2.509289115843489348 
+2.510790096418686446 
+2.512323039394111390 
+2.513826661894850822 
+2.515362372040803596 
+2.516868776225335225 
+2.518376608850687592 
+2.519855087294914142 
+2.521335001351376448 
+2.522878139652422913 
+2.524391995170462089 
+2.525907449003053529 
+2.527455513357008243 
+2.528974300237200268 
+2.530494788120115857 
+2.532048095013699207 
+2.533572123120510167 
+2.535129113052247529 
+2.536656819617196579 
+2.538217633491235858 
+2.539749156447895562 
+2.541282619258753428 
+2.542818055596334226 
+2.544355499091999206 
+2.545894983334897610 
+2.547468024082455429 
+2.549011733778011379 
+2.550557585406951766 
+2.552105612378271715 
+2.553655848053531408 
+2.555240032542013928 
+2.556794832295279818 
+2.558351941219557446 
+2.559911392475273217 
+2.561505118150123828 
+2.563069402835106203 
+2.564604131039465607 
+2.566173282156807289 
+2.567712840655865580 
+2.569286987080984908 
+2.570831501900315175 
+2.572410772056009876 
+2.573960368769999008 
+2.575512526537769631 
+2.577132113854812889 
+2.578722070967090385 
+2.580347327935267110 
+2.581942907365030848 
+2.583541318318423485 
+2.585175302110096940 
+2.586779532063327558 
+2.588386690573810434 
+2.589996809625571217 
+2.591609921130271665 
+2.593259071002130156 
+2.594878325551711384 
+2.596500668490532959 
+2.598126131428834196 
+2.599754745899268471 
+2.601353209343269413 
+2.602988155248117330 
+2.604626346169331086 
+2.606234281036768685 
+2.607878987740987586 
+2.609493365091279493 
+2.611144709250937890 
+2.612765647951167391 
+2.614389877267754958 
+2.616051368837814195 
+2.617682335963778861 
+2.619350765622876942 
+2.621022745484538952 
+2.622732538502136279 
+2.624411783726305014 
+2.626060289305688134 
+2.627712317611129222 
+2.629402426010024385 
+2.631061659058745228 
+2.632759180741163885 
+2.634460491543022975 
+2.636165621043679685 
+2.637839682966044208 
+2.639552458769381715 
+2.641269140801175030 
+2.642954604060508750 
+2.644679104756514576 
+2.646407598283651019 
+2.648140113494642733 
+2.649912161624109253 
+2.651617323835277595 
+2.653362076123458646 
+2.655075231283176684 
+2.656792381951604831 
+2.658549455349226598 
+2.660274761046282244 
+2.662040214267715754 
+2.663846103735989068 
+2.665620222072320633 
+2.667398670955246409 
+2.669181477871211072 
+2.670968670185677851 
+2.672723667488502652 
+2.674482924658478922 
+2.676283253292323749 
+2.678051196293247838 
+2.679823475479160777 
+2.681674237575903952 
+2.683492602764438573 
+2.685315566185073166 
+2.687143154075700480 
+2.689012833770378919 
+2.690849844497719801 
+2.692691558142682684 
+2.694538000408939205 
+2.696427026064926125 
+2.698283099948906028 
+2.700143979262866978 
+2.702009689159443617 
+2.703918480190294016 
+2.705794026009707309 
+2.707674477530738422 
+2.709598388025349358 
+2.711488825930587154 
+2.713384243353652359 
+2.715284664441718121 
+2.717229052421454849 
+2.719139656031599017 
+2.721055335344408910 
+2.723015366731810438 
+2.724941372735068423 
+2.726911990129928576 
+2.728848417703478191 
+2.730829717277019952 
+2.732816448028597467 
+2.734768736652674281 
+2.736766291863389267 
+2.738729234129992918 
+2.740737706673418650 
+2.742751727892167590 
+2.744771320957370531 
+2.746755950128268786 
+2.748786643117232309 
+2.750782193879024007 
+2.752783182291923314 
+2.754748626731974070 
+2.756719328833342253 
+2.758695308001795077 
+2.760717916515527115 
+2.762704618347874508 
+2.764779772486818388 
+2.766819060043584688 
+2.768905737921289578 
+2.770914453242742326 
+2.772970597936297743 
+2.774990266149274021 
+2.777057629484361190 
+2.779088323846589770 
+2.781166979911529502 
+2.783208772314009316 
+2.785341507295272301 
+2.787394583748656895 
+2.789496160179664841 
+2.791603540902960034 
+2.793673558653050559 
+2.795792481317818101 
+2.797873838762605203 
+2.800047912514306070 
+2.802184454990108708 
+2.804370689438545394 
+2.806519183253463279 
+2.808673617085073460 
+2.810878158752559308 
+2.813044642762355441 
+2.815261513440035834 
+2.817440111725786345 
+2.819669375986289417 
+2.821904923641354923 
+2.824101871744492342 
+2.826304884308172838 
+2.828559122715575747 
+2.830774431954303338 
+2.832995848784102044 
+2.835268910870952119 
+2.837502709621166908 
+2.839742657209884058 
+2.841988766873508876 
+2.844287081020435259 
+2.846591838496669524 
+2.848903052684143233 
+2.851220736733056427 
+2.853544903560704782 
+2.855875565850338305 
+2.858165928789138555 
+2.860462553421303511 
+2.862812514327994773 
+2.865121824316153365 
+2.867484752253092850 
+2.869806791809065949 
+2.872182730955449070 
+2.874517542454325447 
+2.876906535106294349 
+2.879302135910541516 
+2.881704354924664813 
+2.884113201958554029 
+2.886528686573197167 
+2.888950818079575988 
+2.891330964502619061 
+2.893766283339681777 
+2.896159370030575886 
+2.898607909752230150 
+2.901063138813035902 
+2.903525065009965100 
+2.905944257511188233 
+2.908369896037273250 
+2.910851688947896143 
+2.913240537378925410 
+2.915685552698055183 
+2.918086943992469706 
+2.920544774782864117 
+2.922958730612549960 
+2.925429398046210938 
+2.927855938215219389 
+2.930288712432150167 
+2.932778603978303700 
+2.935223988621605606 
+2.937675619171213448 
+2.940184771395405239 
+2.942649034197459823 
+2.945171088317677821 
+2.947751335892230706 
+2.950286569728871378 
+2.952828330623821884 
+2.955376620723355163 
+2.957983649137732485 
+2.960545136381230513 
+2.963113157730806080 
+2.965740324305652820 
+2.968321550286146859 
+2.970962192421489512 
+2.973609640999419490 
+2.976210744238606765 
+2.978765101678646054 
+2.981379144371373524 
+2.983946175946539547 
+2.986573155018162673 
+2.989152856686073001 
+2.991792766954043614 
+2.994493283782990289 
+2.997146384320821255 
+2.999806009860992440 
+3.002526636776961411 
+3.005199436960900528 
+3.007878753144401784 
+3.010619462397110979 
+3.013256919055537608 
+3.015900617457194066 
+3.018605826775314860 
+3.021262125836566170 
+3.023980188899484833 
+3.026649069606136777 
+3.029324168578207743 
+3.032061407045969492 
+3.034805113794010634 
+3.037555282440049798 
+3.040311906309900891 
+3.043131434754445586 
+3.045901079247708587 
+3.048677157023040873 
+3.051459660222144876 
+3.054248580689595371 
+3.056986798431195140 
+3.059731157848553096 
+3.062481650440305181 
+3.065295762008742209 
+3.068058621639226047 
+3.070827587074380638 
+3.073660527229889361 
+3.076499809681422892 
+3.079345423583926156 
+3.082197357784914882 
+3.085113997921700602 
+3.087978666414175066 
+3.090849619642970225 
+3.093726845209175735 
+3.096669242124278743 
+3.099559101260759952 
+3.102514362107838153 
+3.105476098423219256 
+3.108384868189603800 
+3.111359381752011544 
+3.114340325473833548 
+3.117208066191023530 
+3.120141633990591856 
+3.123141389026133030 
+3.126087324899466502 
+3.129039357966908685 
+3.131997471650949993 
+3.135022205481204249 
+3.137992552575762151 
+3.140968928230934765 
+3.143951314551244991 
+3.147000742898074854 
+3.150056391047587390 
+3.153056941335675489 
+3.156063426600486999 
+3.159075827270303893 
+3.162094123437719784 
+3.167715102420770368 
+3.170688132619363220 
+3.173728857441808326 
+3.176713145064547383 
+3.179765319291993908 
+3.182823244298291332 
+3.185824316873738127 
+3.188893559188754168 
+3.192031296595885692 
+3.195111995594826837 
+3.198135286519932841 
+3.201227115940035173 
+3.204261263165967488 
+3.207300747264343777 
+3.210409034017241758 
+3.213459230011227685 
+3.216578401150332667 
+3.219703031447318509 
+3.222833094157759426 
+3.225904519186630459 
+3.229045255585607954 
+3.232191342588653704 
+3.235278384530782425 
+3.238434980112981698 
+3.241596841290968367 
+3.244763938812813997 
+3.248001037969721061 
+3.251178624297756059 
+3.254361356399793515 
+3.257549203552328354 
+3.260807349238499686 
+3.264005435627959528 
+3.267208542027960849 
+3.270351115273558040 
+3.273564063887613784 
+3.276716215596005899 
+3.279938877295722754 
+3.283166395591440079 
+3.286332722294455611 
+3.289569753822471299 
+3.292745333137542030 
+3.295991741444317391 
+3.299176438258732968 
+3.302432083938708018 
+3.305625760240180622 
+3.308890500919825950 
+3.312093015780855687 
+3.315366706102704786 
+3.318577915664933098 
+3.321860407271638227 
+3.325080164730214616 
+3.328371306248575578 
+3.331666758800833517 
+3.334966482593629156 
+3.338270437440183258 
+3.341511027971818315 
+3.344823238515333585 
+3.348139558029755491 
+3.351392141380333367 
+3.354716471430203573 
+3.357976820540961693 
+3.361308994370417302 
+3.364576944366393985 
+3.367916792107603197 
+3.371192175057611706 
+3.374539523714860767 
+3.377959022375247145 
+3.381313844959589421 
+3.384672297847436173 
+3.388102984852975119 
+3.391468631107017018 
+3.394837766932712775 
+3.398210344909501579 
+3.401517386198460446 
+3.404965635567612559 
+3.408417318303361476 
+3.411872382255458191 
+3.415330774821246695 
+3.418792442944528442 
+3.422257333114439692 
+3.425655999503333771 
+3.429127109672550411 
+3.432531766687687114 
+3.435939310336045160 
+3.439349688119334836 
+3.442762847113571834 
+3.446108995078210224 
+3.449527501981777267 
+3.452878785094585901 
+3.456302427514246656 
+3.459658636083387417 
+3.463157194147786111 
+3.466518162665128688 
+3.469951472875921983 
+3.473316935369414438 
+3.476754721511591040 
+3.480124458374156848 
+3.483566494570285776 
+3.486940282869726015 
+3.490456687965685756 
+3.493904726828227947 
+3.497425073223153991 
+3.500876851986393756 
+3.504400888595929686 
+3.507856159365005944 
+3.511383631361196578 
+3.514842142563886718 
+3.518372791357533114 
+3.521834287726927748 
+3.525367850949927107 
+3.528832073507113254 
+3.532297548430389345 
+3.535693451254573461 
+3.539231995678710607 
+3.542700837017477955 
+3.546170668747717691 
+3.549712265126964805 
+3.553183894054761094 
+3.556656310705224922 
+3.560058559976469361 
+3.563532334932169476 
+3.566935782904018026 
+3.570410645999284149 
+3.573815026256070837 
+3.577219768225744723 
+3.580695746307889227 
+3.584101015708629934 
+3.587577392159686518 
+3.591124811398860750 
+3.594601302766480710 
+3.598148687463317952 
+3.601624995239614879 
+3.605101100508793177 
+3.608647860570178167 
+3.612052404809888984 
+3.615598367663575008 
+3.619143804520203567 
+3.622688634113628847 
+3.626232774656406033 
+3.629847002786528165 
+3.633389499842770931 
+3.636789414445203317 
+3.640188389246643119 
+3.643657129100108083 
+3.647053976361764871 
+3.650520387303642256 
+3.653914798414378495 
+3.657378563506844316 
+3.660911513901528025 
+3.664372247831564344 
+3.667831356632505813 
+3.671288756966784916 
+3.674814868361937936 
+3.678268560587659941 
+3.681720289621347231 
+3.685169970127621930 
+3.688687851527785888 
+3.692133130750830272 
+3.695576100661296604 
+3.699086864119589091 
+3.702595038743611511 
+3.706100530637454593 
+3.709603245356797085 
+3.713103087907752453 
+3.716530054953189666 
+3.720023928203215924 
+3.723514642932713947 
+3.727002101949129731 
+3.730416558892322598 
+3.733897282684859764 
+3.737304949748800009 
+3.740778550781961975 
+3.744179046056764992 
+3.747645132453711003 
+3.751038069766291727 
+3.754427122083462187 
+3.757812193233535325 
+3.761124228062122210 
+3.764501132456264720 
+3.767942550133716040 
+3.771310724450450458 
+3.774743028688692714 
+3.778102069660479234 
+3.781524846745184298 
+3.784874346755188412 
+3.788218972325290590 
+3.791490516293360979 
+3.794893193788211327 
+3.798222585171015631 
+3.801614476290374522 
+3.805000756024519593 
+3.808381313722787098 
+3.811688601551714850 
+3.814990181875264952 
+3.818218747175450734 
+3.821508716497110214 
+3.824725703190297033 
+3.827936808056347395 
+3.831208638666272037 
+3.834407547187445253 
+3.837666714326739559 
+3.840985632199698685 
+3.844165258731956580 
+3.847404415283431245 
+3.850570785048446965 
+3.853730436393389525 
+3.856948874367146729 
+3.860094626258677497 
+3.863363964761463265 
+3.866560389891465110 
+3.869749249190556739 
+3.872930427623186400 
+3.876168490500393027 
+3.879333797165315456 
+3.882491072117380426 
+3.885576012427286674 
+3.888717041428957355 
+3.891849687597001672 
+3.894910159689854101 
+3.898025859879764354 
+3.901132821106202631 
+3.904230922718694430 
+3.907382992415171952 
+3.910462823533932042 
+3.913533427169920476 
+3.916594680381306315 
+3.919646459653754800 
+3.922688640899373969 
+3.925659310557789272 
+3.928682123420287109 
+3.931633579051447391 
+3.934575347554623015 
+3.937568287008770707 
+3.940611640236745039 
+3.943644083895621044 
+3.946605162442340831 
+3.949615601143019905 
+3.952614720931951986 
+3.955602383185202520 
+3.958459630436361731 
+3.961306066325479769 
+3.964200522293082507 
+3.967024730253322140 
+3.969837749701429441 
+3.972697702329163416 
+3.975545729587764310 
+3.978381696318326721 
+3.981205466767602452 
+3.984074151498317562 
+3.986872863831591562 
+3.989658966234327142 
+3.992488785911981530 
+3.995248988949208435 
+3.997996162946704235 
+4.000730167937428305 
+4.003506248175149551 
+4.006213216859928039 
+4.008906590116659174 
+4.011586225548930074 
+4.014306237770995267 
+4.016957680224141569 
+4.019648624348732824 
+4.022271285057544610 
+4.024932557737042060 
+4.027525842901126474 
+4.030156835641163227 
+4.032720146407624995 
+4.035320245549383955 
+4.037801442603168312 
+4.040319130290935590 
+4.042770402582835487 
+4.045206653482603443 
+4.047678018092083718 
+4.050083479363379979 
+4.052523115178386703 
+4.054946495608573898 
+4.057353467162467808 
+4.059743875723100359 
+4.062165834057712033 
+4.064522305801970603 
+4.066861745247914328 
+4.069183995752961636 
+4.071535757186174109 
+4.073776300215161683 
+4.076046037729083693 
+4.078252175147677683 
+4.080441060522772112 
+4.082657596133492106 
+4.084811157105910695 
+4.086947008699848283 
+4.089108932089676074 
+4.091295619603974032 
+4.093419437355977131 
+4.095566900177797010 
+4.097651941849743906 
+4.099759493147802303 
+4.101846624349903436 
+4.103872030504999380 
+4.105877487436188744 
+4.107862826987624061 
+4.109867771070286224 
+4.111811949564522450 
+4.113735498831873727 
+4.115676861939194353 
+4.117520025938532058 
+4.119342900624962667 
+4.121182655464883382 
+4.122964032601711182 
+4.124761084998379346 
+4.126500296508805121 
+4.128289520665868295 
+4.130020552587624572 
+4.131729225232814606 
+4.133449536305500160 
+4.135112492322468469 
+4.136752551426944535 
+4.138369534280160522 
+4.139995542491227809 
+4.141565351965396324 
+4.143111539457068559 
+4.144633922938933068 
+4.146132319712261705 
+4.147636379708803389 
+4.149085753334450288 
+4.150510584340195486 
+4.151910687317785786 
+4.153258061371614573 
+4.154608663494855136 
+4.155907187814063874 
+4.157207554595162335 
+4.158508009849846587 
+4.159756342670236862 
+4.161003306736822616 
+4.162222953289459682 
+4.163391507333738417 
+4.164556464097527666 
+4.165648552229951562 
+4.166736656550472873 
+4.167797556617307997 
+4.168810240755795427 
+4.169816711779667173 
+4.170775701441251648 
+4.171726973936398686 
+4.172650068397128820 
+4.173562749087753154 
+4.174445671701290550 
+4.175298623909638351 
+4.176105234433196145 
+4.176898215864063957 
+4.177660589657049783 
+4.178377812909243261 
+4.179078947523676035 
+4.179735740525408971 
+4.180374785790021974 
+4.180970312467325201 
+4.181535204300903530 
+4.182069254338919961 
+4.182572254920636112 
+4.183043997675316206 
+4.183492929628920720 
+4.183900880119712617 
+4.184276939097770764 
+4.184620895327617163 
+4.184938558928529062 
+4.185211651023859503 
+4.185453325092526100 
+4.185667418348582025 
+4.185848346321989766 
+4.185998555564848900 
+4.186113777841828920 
+4.186192529132780393 
+4.186237796287997526 
+4.186247546434781697 
+4.186221948519488478 
+4.186161802780109298 
+4.186064423734642048 
+4.185930441488292075 
+4.185759620021988425 
+4.185556245354915994 
+4.185317039245463278 
+4.185041777336257596 
+4.184730234535958715 
+4.184374700259384738 
+4.183989165438603663 
+4.183575658843018630 
+4.183126466046392267 
+4.182630882569318587 
+4.182108916812089738 
+4.181538593865248288 
+4.180942971315305456 
+4.180310571414699083 
+4.179626834954907721 
+4.178919446538806426 
+4.178158701699032918 
+4.177375426823562776 
+4.176536754053679523 
+4.175658364201073169 
+4.174720860991371296 
+4.173741503904124350 
+4.172740883208930995 
+4.171677907345708647 
+4.170594851316023366 
+4.169470630842377012 
+4.168305004468811248 
+4.167072656370209849 
+4.165822633340868109 
+4.164503659353463227 
+4.163140548224230741 
+4.161761626297608707 
+4.160310353945648743 
+4.158874878591582558 
+4.157335322914745390 
+4.155782481283152308 
+4.154152712088889920 
+4.152476985269288434 
+4.150755034454534531 
+4.149058226110691194 
+4.147281626767767904 
+4.145497508688125166 
+4.143631284123880931 
+4.141758882044145551 
+4.139802034692706911 
+4.137840368458460816 
+4.135791894733024776 
+4.133696752072346214 
+4.131554682060009753 
+4.129365425498740194 
+4.127082579551684560 
+4.124797192833832504 
+4.122415710963050373 
+4.119983998049887575 
+4.117551915782765803 
+4.115071059145939181 
+4.112489020402003703 
+4.109908811029142406 
+4.107279025254656268 
+4.104544188774982061 
+4.101869655201639375 
+4.099146776821136484 
+4.096317042610486681 
+4.093495693422640080 
+4.090564906558491920 
+4.087644045960317385 
+4.084611141067355788 
+4.081526243789754815 
+4.078324509983925594 
+4.075068062202678476 
+4.071756607334139133 
+4.068457730370081293 
+4.065105464753107967 
+4.061699532169813054 
+4.058168480065235784 
+4.054653265806992479 
+4.051083539059222360 
+4.047459018258479091 
+4.043855067252506430 
+4.040121243034048959 
+4.036409674988986396 
+4.032565434483458944 
+4.028745156148188400 
+4.024708059912951441 
+4.020694352206972688 
+4.016623580430112028 
+4.012495455715658466 
+4.008223662323737280 
+4.003978776512335358 
+3.999675660283116052 
+3.995224397018371842 
+3.990802739241313901 
+3.986229904109091393 
+3.981688505322142912 
+3.976992870903286903 
+3.972330524822586195 
+3.967510856728132751 
+3.962726350230802996 
+3.957880929578355467 
+3.952974295073784727 
+3.947904112772592011 
+3.942872883445974974 
+3.937674935022697831 
+3.932517877199719347 
+3.927298082088276132 
+3.921906773378809774 
+3.916669060157273119 
+3.911370264489943960 
+3.905897772721358407 
+3.900474657193885974 
+3.894874651056838388 
+3.889326029721010158 
+3.883597295280896144 
+3.877803069557193894 
+3.871943040251806689 
+3.866016894217137345 
+3.859901326065157345 
+3.853840638286919251 
+3.847712882777298837 
+3.841517742962810456 
+3.835126381159282172 
+3.828794128110861728 
+3.822393529382542177 
+3.815924264958088230 
+3.809386013962439588 
+3.802642882589977180 
+3.795964267981934093 
+3.789215692403321345 
+3.782256936976458483 
+3.775224652643947909 
+3.768261342354396692 
+3.761082447728534728 
+3.753828988945332235 
+3.746500616732889810 
+3.739245793447378396 
+3.731768058532940024 
+3.724214363764964286 
+3.716737706420490284 
+3.709187425033798391 
+3.701406816432240010 
+3.693706764329863113 
+3.685932076616170505 
+3.677921436472197936 
+3.669669790442947832 
+3.661828661068888824 
+3.653748946616389492 
+3.645760105949274799 
+3.637697687143666592 
+3.629391073974897353 
+3.621178983976775179 
+3.612718908829161801 
+3.604005736600979226 
+3.595564308078642135 
+3.586869090603141519 
+3.578274658878539238 
+3.569604020337015626 
+3.560673797904474025 
+3.551848155798610129 
+3.542572681245145017 
+3.533401084510805923 
+3.524148325674907323 
+3.514622704594624558 
+3.505204885658151692 
+3.495704834176866171 
+3.486122193938195224 
+3.476456607827895340 
+3.466907509825562617 
+3.457076668015368170 
+3.447364997125752506 
+3.437572366092823017 
+3.427491861158857844 
+3.417534584817424559 
+3.407285293319065822 
+3.396950196228477381 
+3.386742471042779812 
+3.376236435975819461 
+3.365860557777401230 
+3.355182146508017826 
+3.344636702949356000 
+3.333784470156812674 
+3.322843878894161218 
+3.311814557610335719 
+3.300468296846165828 
+3.289258567256088117 
+3.277958979823594632 
+3.266569159295737990 
+3.255088729496232514 
+3.243754376651431848 
+3.232093464445332742 
+3.220100008832282867 
+3.208253361679277216 
+3.196314210486121965 
+3.184035651900527064 
+3.171908439052676609 
+3.159437182839814007 
+3.147372649145072199 
+3.135217500481369601 
+3.122715275932882228 
+3.110375899927614540 
+3.097684850109714283 
+3.085159756286295796 
+3.072014464371203957 
+3.059300217241717856 
+3.046224947918539705 
+3.033052155127170302 
+3.019781444988240970 
+3.006686245189456486 
+2.993220533350090307 
+2.979655724962089636 
+2.966271282855739599 
+2.952790991436975432 
+2.938930605150451569 
+2.924969542416130164 
+2.911195397301716170 
+2.897033851563117324 
+2.882770430549729035 
+2.868698932619937914 
+2.854232647033330572 
+2.839961645995729533 
+2.825591344239414049 
+2.810818837411134918 
+2.796246693830057417 
+2.780960543761783477 
+2.765873936112516862 
+2.750681805757540843 
+2.735070428514013052 
+2.719663838609625905 
+2.704150476165880335 
+2.688529925444411273 
+2.672801769738852862 
+2.657289861223878447 
+2.641347458833353645 
+2.625296204095275865 
+2.608804729014585710 
+2.592532263844611773 
+2.575814184849257948 
+2.559318784435572702 
+2.542712401745142792 
+2.525652268893917807 
+2.508820357441003068 
+2.491529203961086125 
+2.474470018824820094 
+2.456946060059238768 
+2.439657848228564241 
+2.422255628709387487 
+2.404738969087377054 
+2.387468414289231511 
+2.369360594948095144 
+2.351498010669700989 
+2.333519246764158339 
+2.315053355064636165 
+2.296838525399711450 
+2.278506192098762817 
+2.260055914812910238 
+2.241867390773593982 
+2.223182329976727267 
+2.204762963977943357 
+2.186228736553117002 
+2.167189468874945568 
+2.148029621563401825 
+2.128748747351231430 
+2.108949163667883653 
+2.089422396907752777 
+2.069773246233965747 
+2.049596468261068782 
+2.029698674069730480 
+2.009677129789361860 
+1.989531381081291350 
+1.968845989595756851 
+1.948447906832062371 
+1.927924241225081214 
+1.907274534375176689 
+1.886923598619773657 
+1.865595158283792632 
+1.844134041432397897 
+1.822539756702607594 
+1.801247683592363202 
+1.779388272528126258 
+1.757394222781428095 
+1.717910145010949297 
+1.696436647438142709 
+1.674386026707274988 
+1.652657858170865968 
+1.630346337949875046 
+1.608361688414051471 
+1.586249448589210687 
+1.563544468605892357 
+1.541173027506236526 
+1.518672645679427058 
+1.495570041493772262 
+1.472807720632271167 
+1.448958406388057840 
+1.425448415129359381 
+1.401317652051460749 
+1.377530856664864523 
+1.353116633848366224 
+1.329051059369205756 
+1.304846770020716473 
+1.280005020068779586 
+1.255017810102899034 
+1.229884620491949354 
+1.205111963351350735 
+1.179688196597491023 
+1.154116894982942121 
+1.129429158109042319 
+1.104085865834132818 
+1.078599398016425015 
+1.053493761680994290 
+1.027722399579174661 
+1.002336727240018099 
+0.976278517199655638 
+0.950610891071510422 
+0.924263871264724646 
+0.898312365547841107 
+0.871674565957390124 
+0.845437246821944655 
+0.818506689225227291 
+0.791981614795725708 
+0.765313425295558458 
+0.737941533088438462 
+0.710419491910219136 
+0.682180469332671180 
+0.654353505325324880 
+0.625802269156801927 
+0.597668287147707478 
+0.568802694964865019 
+0.539777520007120648 
+0.510592212338071172 
+0.481834718960383768 
+0.452330721551733261 
