+3.732420762918759571 
+3.700143735245377652 
+3.668777103862281841 
+3.637039333176773859 
+3.606198706103957541 
+3.574995163582883606 
+3.544059530802546210 
+3.514001310740185957 
+3.484197975510946677 
+3.454047913753973020 
+3.424755920299166867 
+3.395715225347345267 
+3.366924648110848572 
+3.338383011067651562 
+3.310664097000174166 
+3.283181838359170435 
+3.254804953886194063 
+3.227242394231094824 
+3.199367943557586358 
+3.172295402070073322 
+3.145463649214700119 
+3.118331324328632359 
+3.091982552515893268 
+3.065871101047510816 
+3.039995828118241761 
+3.013834764424236035 
+2.988949266733468058 
+2.964287137470742461 
+2.939340508756616899 
+2.914122403286243390 
+2.889640403507041988 
+2.864894074545786928 
+2.840384247879323976 
+2.816109741061425087 
+2.792069375092633088 
+2.768261974415723525 
+2.744686366911166076 
+2.721341383892579735 
+2.698225860102195561 
+2.675338633706315861 
+2.653580603218410161 
+2.631584137331019591 
+2.609361408758183565 
+2.587362433189959621 
+2.566019418822722997 
+2.544460099541595355 
+2.523545758499112779 
+2.502421633052310135 
+2.482347682035562109 
+2.462061819638257987 
+2.442391027587015984 
+2.422111152423948255 
+2.402843560023766756 
+2.383376703028133647 
+2.364504146180381294 
+2.345438507208607692 
+2.326956980461153179 
+2.308288482593018109 
+2.290194003947076951 
+2.271918594172806394 
+2.254207205021198313 
+2.236683928981748615 
+2.218988619243839722 
+2.201842558677443940 
+2.184530329227831302 
+2.167410103835509361 
+2.150824464513739542 
+2.134421156515541540 
+2.117863201445094212 
+2.101825476831947093 
+2.085638763043620170 
+2.069962790639858774 
+2.054464419719084667 
+2.038825390505021762 
+2.023369484971423660 
+2.008095720049981381 
+1.993003115679454540 
+1.978090694801562410 
+1.963058664745113369 
+1.948507319096634438 
+1.934133224017174468 
+1.919647492056705707 
+1.905628574052279145 
+1.891784000938335097 
+1.877835611616797573 
+1.864066747898115217 
+1.850746464422534210 
+1.837596680920480452 
+1.824616453336642019 
+1.811804840569082087 
+1.799160904465135991 
+1.786430802816146191 
+1.773873327369279496 
+1.761733531863905355 
+1.749514946626513190 
+1.737705375981241751 
+1.725821834998156223 
+1.714338732236369900 
+1.703015832056849366 
+1.691626046358658098 
+1.680624042435128640 
+1.669779496689987486 
+1.658875007876066565 
+1.648559171486939423 
+1.638181595139705848 
+1.628164998246978801 
+1.617683205682225456 
+1.607566865044117055 
+1.597607920562018613 
+1.587805434640596758 
+1.577967113498911278 
+1.568477826714359313 
+1.559512673049694875 
+1.550505950937716371 
+1.541824451566573995 
+1.533105595303800861 
+1.524704429095060210 
+1.516270059382494484 
+1.507810375492253829 
+1.499662896338306961 
+1.491494182580712646 
+1.483630120129662444 
+1.475905056593389553 
+1.468318149473788914 
+1.460717950538040544 
+1.453407616597228280 
+1.446232911422194345 
+1.439193003782455627 
+1.432147516854202607 
+1.425240645748215851 
+1.418471516274379063 
+1.411839257256365610 
+1.405343000527097264 
+1.399107784553833334 
+1.393001542778870672 
+1.387023466477001588 
+1.381290884303540523 
+1.375679761267085688 
+1.370076239346029734 
+1.364708270677008617 
+1.359351408255093485 
+1.354117965176851790 
+1.348904120800145989 
+1.343817126404123652 
+1.338954138829633767 
+1.334115852372043776 
+1.329401941903158413 
+1.324902184773336433 
+1.320520313517631106 
+1.316341427953367393 
+1.312274204701801228 
+1.308236676648223629 
+1.304392911660531063 
+1.300658643947670612 
+1.296810164965146228 
+1.293155546260423616 
+1.289617351205305074 
+1.286194784056789775 
+1.282822063210602881 
+1.279630649079025684 
+1.276612935992890829 
+1.273703242756332621 
+1.270844753890248757 
+1.268151063710877047 
+1.265563180244675401 
+1.263080376075586653 
+1.260701926422978403 
+1.258381758299115472 
+1.256211946647364019 
+1.254144316338357434 
+1.252178153145504069 
+1.250275720035477267 
+1.248512393251621333 
+1.246848392187517529 
+1.245283013104278247 
+1.243844528800067017 
+1.242472315688065265 
+1.241221716800719577 
+1.240016817586067521 
+1.238910998192173096 
+1.237903527379427437 
+1.236993676698526112 
+1.236196034724577952 
+1.235490769791987908 
+1.234865632377763145 
+1.234344941194897682 
+1.233914587510116512 
+1.233573901198417477 
+1.233322214679502871 
+1.233158862913680043 
+1.233083183397754912 
+1.233095648827637891 
+1.233195091943202648 
+1.233380221637605079 
+1.233656779956660898 
+1.234004933891402978 
+1.234433441935739673 
+1.234953130283659828 
+1.235555281677368722 
+1.236224483909671434 
+1.237004416660022255 
+1.237850128012438322 
+1.238775757929376109 
+1.239780676508638102 
+1.240841360294699047 
+1.242001390057279053 
+1.243212822254621486 
+1.244497970027940159 
+1.245885323857673921 
+1.247348276440685577 
+1.248918377987151551 
+1.250565908949891281 
+1.252254988930705970 
+1.254053927476406649 
+1.255890153866829451 
+1.257837988767090742 
+1.259860075918487698 
+1.261913151092159513 
+1.264080393630540478 
+1.266274513139900471 
+1.268584450972884969 
+1.270917213878500984 
+1.273367407204573087 
+1.275785376781391811 
+1.278319617364478411 
+1.280866139562667261 
+1.283530484433208052 
+1.286203356724005431 
+1.288937943718503565 
+1.291792604674362632 
+1.294650283061248519 
+1.297629496314674835 
+1.300733502578957701 
+1.303837574794751930 
+1.307002606649749321 
+1.310294495983591379 
+1.313581007638605413 
+1.316995712558634679 
+1.320401467773882676 
+1.323865421138253673 
+1.327314589497863295 
+1.330892158855844443 
+1.334451593181488871 
+1.338064833012527544 
+1.341808328268822681 
+1.345528776985267072 
+1.349380679751766454 
+1.353206314170248614 
+1.357083256333305510 
+1.361093382465236701 
+1.365072518565304094 
+1.369185955004550426 
+1.373350813090682188 
+1.377566581659929401 
+1.381832751822679839 
+1.386237415903590620 
+1.390603874396858064 
+1.395019211195474451 
+1.399482926511461667 
+1.404087091279778488 
+1.408553504807321222 
+1.413064916530397674 
+1.417716250960101565 
+1.422317190405897769 
+1.427058962519821783 
+1.431943850465527301 
+1.436775968552926219 
+1.441752044880455941 
+1.446672550782095001 
+1.451636085365097362 
+1.456642175613277246 
+1.461690350714744735 
+1.466884445398045411 
+1.472016221518404056 
+1.477188673790018392 
+1.482401340221791486 
+1.487761363989790642 
+1.493053878723526129 
+1.498276037297872065 
+1.503644984071656587 
+1.508941146913249653 
+1.514273291940789523 
+1.519753201491715000 
+1.525156780452244565 
+1.530708742846947246 
+1.536410849634568088 
+1.542034570753625378 
+1.547693149050784811 
+1.553386150515857711 
+1.559113143269174273 
+1.564991606341243457 
+1.570785966297895797 
+1.576613025983884864 
+1.582472362043644498 
+1.588363553231508352 
+1.594164998990564630 
+1.599996218679518911 
+1.605979227767733608 
+1.611869426872307276 
+1.617788227326378614 
+1.623983643922331854 
+1.629959647604015238 
+1.636088450440694508 
+1.642245444237824703 
+1.648303733211613942 
+1.654515354321782983 
+1.660626392839674725 
+1.667019212935941574 
+1.673310663692725964 
+1.679498761381492677 
+1.685840961707707031 
+1.692078029936225025 
+1.698469466178881060 
+1.704754029923229108 
+1.711193204212328123 
+1.717655929147857918 
+1.724141828534257126 
+1.730650528192146265 
+1.737315175205533357 
+1.743734841661140234 
+1.750175321635786929 
+1.756771089236412564 
+1.763252581135800856 
+1.769753852354002621 
+1.776546677455159928 
+1.783223745015967365 
+1.789920349785490306 
+1.796636137439864278 
+1.803370755626406252 
+1.810261862267589228 
+1.833552097385329871 
+1.848770435137113033 
+1.855778354967910770 
+1.862802778000562043 
+1.869984323699968254 
+1.877182297038240355 
+1.884254723016176136 
+1.891484135452704329 
+1.898728875073888434 
+1.905561128139166449 
+1.912549076797329661 
+1.919550202625385449 
+1.926420918810151317 
+1.933447194613096665 
+1.940485706237639052 
+1.947392137938062762 
+1.954309719867363793 
+1.961382618018123525 
+1.968321849418361413 
+1.975416249103192801 
+1.982375960022411121 
+1.989781281157945170 
+1.997051711389907780 
+2.004332033013857206 
+2.011621932164158189 
+2.018775024882823121 
+2.026082969391653776 
+2.033253153149943593 
+2.040577935844901880 
+2.047764035168898822 
+2.054957581649044407 
+2.062011269780769762 
+2.069071569337701089 
+2.076285505665734110 
+2.083358367372876607 
+2.090584586387013388 
+2.097816601684947990 
+2.105054141536776058 
+2.112296936003792425 
+2.119692680880685742 
+2.126797217959928155 
+2.134054174490683131 
+2.141315323711686425 
+2.148580404578659397 
+2.155849157813888528 
+2.163121325902125136 
+2.170545160260850981 
+2.177972014126061673 
+2.185401619540764173 
+2.192685045976831226 
+2.200119316336845543 
+2.207406808687572664 
+2.214695942341427415 
+2.221986473876161661 
+2.229426981900976656 
+2.236719602038860444 
+2.244012895281052522 
+2.251157770674562464 
+2.258302844282827238 
+2.265596750420538985 
+2.272890403265122927 
+2.280332406613917673 
+2.287624848378047915 
+2.294916348009050644 
+2.302206680836072827 
+2.309495623868312641 
+2.316931658532070060 
+2.324217120064417053 
+2.331649146527245975 
+2.338930236908322691 
+2.346357354362547554 
+2.353633197643644870 
+2.361054519229008442 
+2.368472580951817896 
+2.375887161917289880 
+2.383149863052837159 
+2.390556907383731833 
+2.397811806737031759 
+2.405062539775405739 
+2.412456745019480486 
+2.419698452842549585 
+2.427083037942862731 
+2.434314918811259165 
+2.441689072439278352 
+2.448910337871425646 
+2.456126061551101358 
+2.463483136895806336 
+2.470687090975111744 
+2.477884939302908762 
+2.485076498332713157 
+2.492408151890005641 
+2.499586450370729018 
+2.506904198734108746 
+2.514068506802190406 
+2.521371611794415823 
+2.528521212468979762 
+2.535663272416037728 
+2.542943138137961689 
+2.550069442717775914 
+2.557187694922460786 
+2.564297728446677915 
+2.571544221711527634 
+2.578637148967214188 
+2.585721364511530673 
+2.592941009445955736 
+2.600007136619151282 
+2.607064072904420104 
+2.614111662688890725 
+2.621006213364579729 
+2.628034847833474963 
+2.635196819416176339 
+2.642205497049893825 
+2.649346794422707596 
+2.656334910489025702 
+2.663454922812579451 
+2.670563956896849334 
+2.677520013632821438 
+2.684323610940279714 
+2.691258095158117758 
+2.698040294322920918 
+2.705093616873077700 
+2.711994383126854480 
+2.718883641226187642 
+2.725761259158626437 
+2.732627106348028967 
+2.739481053650454356 
+2.746462478240935923 
+2.753291994702151690 
+2.760109229863060953 
+2.766914060296326028 
+2.773844851148122626 
+2.780624248131172926 
+2.787528836805644783 
+2.794282313850781740 
+2.801160209819418156 
+2.807887291961431053 
+2.814738016418466771 
+2.821438240146235010 
+2.828261325938862036 
+2.834798193614558315 
+2.841321934980149067 
+2.847967944138228180 
+2.854464854686631803 
+2.861083269023206643 
+2.867822224760735228 
+2.874412060674893521 
+2.881121645273661880 
+2.887682494939303623 
+2.894362297895260117 
+2.901026907169106384 
+2.907410544644521089 
+2.913912545043041646 
+2.920267432733759883 
+2.926607964523578076 
+2.933065695932071115 
+2.939376961941222000 
+2.945935664905471540 
+2.952478428919169229 
+2.958874787597801870 
+2.965255669963745788 
+2.971750736571644680 
+2.978100103213805472 
+2.984433751379992117 
+2.990880374209945014 
+2.997182029166125972 
+3.003467735121401638 
+3.009737418298452649 
+3.016118462330274586 
+3.022355552988726490 
+3.028576405660166060 
+3.034780951604985511 
+3.040969123326303425 
+3.047140854565885348 
+3.053296080300005322 
+3.059434736735364702 
+3.065556761304980338 
+3.071786517024341467 
+3.077874752523880097 
+3.084069905682958357 
+3.090124111724696032 
+3.096161389036415912 
+3.102304368277287505 
+3.108307275318229479 
+3.114293090412056486 
+3.120383392678638401 
+3.126334518720831568 
+3.132147473510412450 
+3.138064416224021436 
+3.143843794114925316 
+3.149726369600492237 
+3.155471994886697384 
+3.161320028294742901 
+3.167031734104634566 
+3.172845059572609205 
+3.178640791943474042 
+3.184418892314663019 
+3.190061939982919981 
+3.195922047144311051 
+3.201647029481846651 
+3.207354235569680689 
+3.213159556633967462 
+3.218715187143932344 
+3.224253667077410679 
+3.229889812561276052 
+3.235393549285431547 
+3.240880053614608070 
+3.246463059463565504 
+3.251914664597969740 
+3.257461995167530322 
+3.262991268809904533 
+3.268502463205253505 
+3.273995557112616694 
+3.279582075699928101 
+3.285038538813242148 
+3.290476843791203088 
+3.296007399226822621 
+3.301408966755869479 
+3.306792328194306574 
+3.312157469781319641 
+3.317613309467149829 
+3.322941601802685163 
+3.328359817017425559 
+3.333543411649431576 
+3.338709471299508458 
+3.343965063083808253 
+3.349095666810717464 
+3.354208717021296415 
+3.359410178823918791 
+3.364593340136666111 
+3.369652976131096267 
+3.374799903467678330 
+3.379928525745934831 
+3.384934734178189242 
+3.390027122184519293 
+3.395101209378021956 
+3.400156999140047098 
+3.405297111445523051 
+3.410315947233483413 
+3.415316501714998676 
+3.420298782172282781 
+3.425363913142985162 
+3.430309298753256630 
+3.435236438146258564 
+3.440145342438712284 
+3.445135643857504704 
+3.450007743577117481 
+3.454762770007012040 
+3.459598863871878649 
+3.468434173396397480 
+3.473218780922172400 
+3.477985272809946071 
+3.482830386118576982 
+3.487560336889235391 
+3.492176252293717642 
+3.496870483797495321 
+3.501451452031479228 
+3.506110054066517101 
+3.510656166480228269 
+3.515279235739300567 
+3.519790590406044029 
+3.524378230413554913 
+3.528948014678148670 
+3.533592683894695607 
+3.538218823087452058 
+3.542826464937045561 
+3.547415643049907974 
+3.551986391953716460 
+3.556538747092845565 
+3.560982244532283847 
+3.565317997692032392 
+3.569636900042744365 
+3.574028434308404556 
+3.578313390074391087 
+3.582759080875506097 
+3.587098270670626921 
+3.591420091159815531 
+3.595724583119623396 
+3.600099102409365592 
+3.604368711370890210 
+3.608707724888700508 
+3.612942627167423648 
+3.617246318159973661 
+3.621361144845599345 
+3.625544852172531751 
+3.629711587738406742 
+3.633945913601895228 
+3.638078506235518539 
+3.642278094553988765 
+3.646376746095731036 
+3.650541806022806757 
+3.654606724556358266 
+3.658737471581499978 
+3.662768871365482681 
+3.666783762210415798 
+3.670863628643830090 
+3.674845332412161270 
+3.678729931949759280 
+3.682679341511522875 
+3.686612522990558194 
+3.690529534715647930 
+3.694430435725173378 
+3.698394401711531110 
+3.702262935519947007 
+3.706115541199525687 
+3.710030416636654671 
+3.713851030427709699 
+3.717655904999665584 
+3.721367929936294949 
+3.725064973563382509 
+3.728900196161426983 
+3.732643075030606106 
+3.736370539631512333 
+3.740158255389432806 
+3.743854782743349041 
+3.747536100939738990 
+3.751276942005926873 
+3.754927743358799308 
+3.758637590973226583 
+3.762184422803439787 
+3.765716999570716705 
+3.769308538749807092 
+3.772885366660006401 
+3.776447556937611250 
+3.779995183833991579 
+3.783600276745236801 
+3.787118708718987481 
+3.790622805273444751 
+3.794183716345410851 
+3.797659084094777704 
+3.801190841638284024 
+3.804637798485621225 
+3.808140729357815335 
+3.811629227083009219 
+3.815034033961256288 
+3.818425141912649590 
+3.821871419464733410 
+3.825235098850630511 
+3.828585326785822751 
+3.831990146885433823 
+3.835313451379406047 
+3.838623556943416393 
+3.841920548274519565 
+3.845137620637736564 
+3.848408903022779715 
+3.851600956221476579 
+3.854780751797922012 
+3.858014235030292838 
+3.861169511005263288 
+3.864443488863745557 
+3.867639436642594575 
+3.870887894543437735 
+3.873994420654200965 
+3.877089284158353522 
+3.880236683072757486 
+3.883308239466131795 
+3.886495652729353267 
+3.889670790636676756 
+3.892833751737769798 
+3.895921735144634024 
+3.898998212789233531 
+3.902000839917418862 
+3.905054819013447975 
+3.908035588797718507 
+3.911067441912532860 
+3.914149795876703308 
+3.917159454585894540 
+3.920219362446677458 
+3.923207222095120184 
+3.926245089092208485 
+3.929211548587809855 
+3.932167564747297561 
+3.935113236567813200 
+3.938048663459897458 
+3.940914346363614484 
+3.943770388227536117 
+3.946616883630468031 
+3.949512932775548268 
+3.952340426547104713 
+3.955217277239028384 
+3.958026160078774502 
+3.960825978786395751 
+3.963674878167797289 
+3.966572392587593310 
+3.969402726885036259 
+3.972224029299361359 
+3.975036404205510632 
+3.977839956334851212 
+3.980691738175679451 
+3.983534554892642188 
+3.986368518881789669 
+3.989193742907626294 
+3.992010340098462784 
+3.994818423941936647 
+3.997562196170828308 
+4.000298008988001364 
+4.003025970186371296 
+4.005801622652067628 
+4.008514050559504938 
+4.011218954321392971 
+4.013971417317849344 
+4.016606625841807166 
+4.019289612558660352 
+4.021965513038434636 
+4.024580038640793944 
+4.027242236542696752 
+4.029897677393274869 
+4.032546472222811040 
+4.035188732331328687 
+4.037878295779012916 
+4.040507693767292352 
+4.043184365779354472 
+4.045801359198526015 
+4.048465607729118787 
+4.051070656201170905 
+4.053669963189252101 
+4.056263642017451154 
+4.058904569298091403 
+4.061487223670291691 
+4.064064593562535244 
+4.066636793208714629 
+4.069256275910669629 
+4.071818378982261954 
+4.074427798084402141 
+4.076928228447862068 
+4.079476205196110428 
+4.081967839716439173 
+4.084507063816450234 
+4.086990346492696879 
+4.089521271919746681 
+4.092048178269092951 
+4.094622631972676174 
+4.097141773425864386 
+4.099708546684926347 
+4.102220399701471898 
+4.104779979383470057 
+4.107336111406630685 
+4.109888920458766748 
+4.112438531386011675 
+4.114985069188185740 
+4.117528659014261017 
+4.120018637666234440 
+4.122506023469474812 
+4.125041622139534958 
+4.127524130053069840 
+4.130004402437887023 
+4.132533111216764254 
+4.135009228708271145 
+4.137483469019432647 
+4.140006392341317287 
+4.142426793595116230 
+4.144845735923315289 
+4.147313684355424357 
+4.149730020313578294 
+4.152195541729527761 
+4.154609729234720383 
+4.157073291385703584 
+4.159536041803145956 
+4.162048339769417460 
+4.164509815032729989 
+4.166970839872043086 
+4.169481749663126458 
+4.171942229838623284 
+4.174452833356518511 
+4.176963471923128779 
+4.179474272926748668 
+4.181985363788741417 
+4.184496871958956810 
+4.186908430734042064 
+4.189370865341561334 
+4.191783783023680598 
+4.194247840003002992 
+4.196712895339993032 
+4.199128727013902385 
+4.201646481188607396 
+4.204115251740801362 
+4.206585500723626581 
+4.209107811478682848 
+4.211581413596952039 
+4.214107395758579955 
+4.216584840646671495 
+4.219114993727366425 
+4.221596770778357488 
+4.224080872995545022 
+4.226516649060211961 
+4.229005707337084807 
+4.231497447502333031 
+4.233991989171786763 
+4.236540451781420025 
+4.239041018358207680 
+4.241595877621370470 
+4.244102956587044062 
+4.246613439019500724 
+4.249178787849939631 
+4.251696510263648143 
+4.254217995884675751 
+4.256743363634552857 
+4.259272732337572975 
+4.261754474910003587 
+4.264292113901816172 
+4.266782185554911067 
+4.269276546971727093 
+4.271827414483249541 
+4.274330784058909316 
+4.276891078802712798 
+4.279403909657222727 
+4.281974093689898453 
+4.284496837941563996 
+4.287077372265528652 
+4.289610480969159312 
+4.292201825469739163 
+4.294798805242654005 
+4.297454714874277215 
+4.300063436704309794 
+4.302731570965558028 
+4.305352510666087262 
+4.308033354362622802 
+4.310666986322377880 
+4.313307075358628673 
+4.315899657165267911 
+4.318498654718653462 
+4.321158528236524354 
+4.323770821519068441 
+4.326389857339176359 
+4.329125305671753132 
+4.331868308714041937 
+4.334618987851516003 
+4.337377464231255253 
+4.340199268242089126 
+4.342973863576271576 
+4.345645152034812497 
+4.348324068536927101 
+4.351066774049053620 
+4.353761429102640967 
+4.356464031950910254 
+4.359174687979354701 
+4.361950231807613321 
+4.364677482667470798 
+4.367413103607550973 
+4.370214458556049841 
+4.372967312468151846 
+4.375786476247840895 
+4.378614800630067805 
+4.381394392088854062 
+4.384182982688365371 
+4.387039058043518125 
+4.389904727665874695 
+4.392780100351650674 
+4.395724268822551295 
+4.398619576364576567 
+4.401465520141207399 
+4.404380786867219122 
+4.407246488616148206 
+4.410122119444413791 
+4.413068004822091162 
+4.415964006147278020 
+4.418991554751871220 
+4.422030316635703784 
+4.425141521612547812 
+4.428203274917356325 
+4.431276577951961393 
+4.434237917548452756 
+4.437272137364866254 
+4.440255490584677389 
+4.443312384877207144 
+4.446318147229872508 
+4.449398118291142623 
+4.452426682416968262 
+4.455466674216736145 
+4.458581885187310689 
+4.461709204758742331 
+4.464912933110431581 
+4.468065022750504767 
+4.471294234385464250 
+4.474471500349090469 
+4.477726608078159920 
+4.480929453202627144 
+4.484210866314360722 
+4.487439689950937449 
+4.490747814141887062 
+4.494003012087469884 
+4.497271409301881739 
+4.500553101413571788 
+4.503915570263574253 
+4.507224413435896082 
+4.510546837596057124 
+4.513951163233651087 
+4.517301312242066658 
+4.520665324114409245 
+4.524043291226567121 
+4.527504677161801716 
+4.530911119453462810 
+4.534331793075899064 
+4.537766788456363720 
+4.541286742277192978 
+4.544750947340741476 
+4.548229744267724861 
+4.551794670396835940 
+4.555303218079539640 
+4.558898684636886856 
+4.562509713418942070 
+4.566136396133981812 
+4.569705820473652480 
+4.573363766288364829 
+4.577037635913400848 
+4.580653563589601518 
+4.584284953951831554 
+4.587931890045740424 
+4.591594454363974620 
+4.595347959819094719 
+4.599042348950939996 
+4.602752612069215488 
+4.606478829401837061 
+4.610297620581978784 
+4.614056314383326196 
+4.617831201220443660 
+4.621622358990184587 
+4.625507739965682319 
+4.629332006924188114 
+4.633172776495679379 
+4.637109018703883478 
+4.641062602150295646 
+4.645033605738325910 
+4.649022107704662510 
+4.652947891313749196 
+4.656809993310316642 
+4.660769405148698752 
+4.664664586209650743 
+4.668576236688685377 
+4.672586435762838164 
+4.676531568054229204 
+4.680576081507429542 
+4.684638030575787759 
+4.688717482552512195 
+4.692898300158534930 
+4.697013317778315766 
+4.701146037535608002 
+4.705296524045409434 
+4.709550095047907448 
+4.713736672034031017 
+4.718027201061749665 
+4.722250123889669027 
+4.726577868620833733 
+4.730837386957326807 
+4.735202599220311726 
+4.739498956965131349 
+4.743813636797404421 
+4.748235317886122075 
+4.752587190840932507 
+4.756957557685624671 
+4.761346473846562510 
+4.765844137501955124 
+4.770361229588430341 
+4.774897806630758801 
+4.779362610138999656 
+4.783937930997206323 
+4.788532900462013409 
+4.793147571826378517 
+4.797781997559944500 
+4.802436229304525739 
+4.807110317869520699 
+4.811804313227389329 
+4.816518264509159764 
+4.821157344540552003 
+4.825815681269786772 
+4.830588981813951577 
+4.835286357950076663 
+4.840003120849194040 
+4.844739311968677242 
+4.849592229243531172 
+4.854367796497684573 
+4.859162912285360569 
+4.863977614802102778 
+4.868910805739089298 
+4.873765194622531993 
+4.878639280595772121 
+4.883633178057226409 
+4.888647657223364362 
+4.893581849135779649 
+4.898637183137534379 
+4.903713201126697285 
+4.908707797671787887 
+4.913824864895238065 
+4.918859749435245732 
+4.923811256672031789 
+4.928885726044443416 
+4.933876061439807614 
+4.938885647191018080 
+4.944124460709738322 
+4.949278811878098594 
+4.954453294639687755 
+4.959754153778994201 
+4.964969376187604588 
+4.970204793312723801 
+4.975567892608713017 
+4.980844168570723873 
+4.986140694086820702 
+4.991566202538464836 
+4.996903689226499523 
+5.002151926437575113 
+5.007529604007798341 
+5.012817236931732978 
+5.018124381635410636 
+5.023562228081882353 
+5.028908832718177457 
+5.034386979434120057 
+5.039773077959089242 
+5.045178730170631454 
+5.050717174973910595 
+5.056162358219595809 
+5.061741166552156557 
+5.067225896484144343 
+5.072845080532267126 
+5.078599968683780830 
+5.084260365578945340 
+5.089941159992873665 
+5.095758913253326305 
+5.101480912329876993 
+5.107223300309030378 
+5.112986072312213359 
+5.118887458055670692 
+5.124691395069218558 
+5.130515695194813652 
+5.136360349449866192 
+5.142345253419006390 
+5.148230999695145194 
+5.154137066692522140 
+5.160184599029169483 
+5.166131680957667172 
+5.172099040679352555 
+5.178086661864425899 
+5.184217347278718968 
+5.190245850725538901 
+5.196294559860641371 
+5.202487519074807665 
+5.208576987924989687 
+5.214686596904884119 
+5.220941627851002131 
+5.227091854118584457 
+5.233262145060596282 
+5.239452473495253670 
+5.245789760862234807 
+5.252020485764939295 
+5.258271159356526780 
+5.264541750002542209 
+5.270832224950723344 
+5.277142550326937354 
+5.283343306748538026 
+5.289692823559550838 
+5.296062083175372415 
+5.302320463491774660 
+5.308728691514187581 
+5.315025168042229353 
+5.321472205188581661 
+5.327806617524943000 
+5.334159740192585986 
+5.340664474524368543 
+5.347055276814463021 
+5.353598383770911795 
+5.360026683237986589 
+5.366742484251989076 
+5.373343376859060605 
+5.380098730667345563 
+5.386873976661131103 
+5.393532961170116380 
+5.400347421102630996 
+5.407044719998314264 
+5.413760895143276741 
+5.420633531333149513 
+5.427387661334188707 
+5.434160484094274324 
+5.440951936407495637 
+5.447761953839690641 
+5.454450928758332040 
+5.461157592879863465 
+5.468022158499614704 
+5.474764372950348346 
+5.481665092455282107 
+5.488725358989228198 
+5.495804453452845628 
+5.502760156739027408 
+5.509876296062683920 
+5.516868147605627826 
+5.524021011337591602 
+5.531048691842623377 
+5.538237948795488919 
+5.545301128412987168 
+5.552381753000408260 
+5.559479737857094150 
+5.566740385609419306 
+5.573873181541330268 
+5.581169167571077949 
+5.588189973075460060 
+5.595373787471477733 
+5.602427305301569405 
+5.609644330843066129 
+5.616730200572693121 
+5.623980064176879345 
+5.631246370965804715 
+5.638529021758040827 
+5.645827916028849813 
+5.653292405702451617 
+5.660623806191194873 
+5.667971138333792069 
+5.675334296162882097 
+5.682713172346833375 
+5.689956595003915041 
+5.697366265217564951 
+5.704639640906154163 
+5.712079668513823094 
+5.719382564264268609 
+5.726852501906101622 
+5.734184474212606020 
+5.741530667626173035 
+5.749044458500353727 
+5.756419045716363314 
+5.763961583366863373 
+5.771364094324244576 
+5.778780246054661340 
+5.792566715921207532 
+5.800176582510339074 
+5.807644455924944715 
+5.815281367721761185 
+5.822775479536911547 
+5.830438913386328359 
+5.837958745634477253 
+5.845648167158944197 
+5.853350509744428720 
+5.861065632688152505 
+5.868635559026914805 
+5.876375561168838857 
+5.884127915730092084 
+5.891892476153323344 
+5.899827925398792416 
+5.907616693403902275 
+5.915576531249036485 
+5.923388890262399897 
+5.931372481265095864 
+5.939207802376595069 
+5.947214498471255162 
+5.954911671759305136 
+5.962619218182686254 
+5.970497880222429998 
+5.978225923808331288 
+5.985963877268396516 
+5.993873097575488806 
+6.001792314535270734 
+6.009559444596966671 
+6.017660060037297143 
+6.025608245530355234 
+6.033565741569550056 
+6.041532372750545221 
+6.049670821265674903 
+6.057655367582386319 
+6.065648509763677865 
+6.073650066111225598 
+6.081659853350810607 
+6.089513978177931719 
+6.097539512529326799 
+6.105408703776358692 
+6.113285082170717644 
+6.121332778470126357 
+6.129387584545707313 
+6.137284713310725337 
+6.145353019201961864 
+6.153427851123515424 
+6.161509009949439175 
+6.169431188396922394 
+6.177689503703692964 
+6.185788432260716618 
+6.193892874971424156 
+6.202002624565664313 
+6.210283132874335976 
+6.218402965396235160 
+6.226527468780306052 
+6.234656429133642597 
+6.242789630905483556 
+6.251092963089211807 
+6.259234069764143982 
+6.267378756700331621 
+6.275526801641220231 
+6.283844362298008690 
+6.291998506757025211 
+6.299988836729255581 
+6.308314596125084606 
+6.316476081282074162 
+6.324806171198053661 
+6.333138078473023569 
+6.341304869279539957 
+6.349472927171575520 
+6.357475288100361333 
+6.365645146822912714 
+6.373648807563441210 
+6.381652765257763704 
+6.389823538043406081 
+6.397827387934894361 
+6.405997563321603749 
+6.414167063378307887 
+6.422168940461155273 
+6.430336355639506785 
+6.438335699682522062 
+6.446333424397126421 
+6.454495844238291369 
+6.462656060126406032 
+6.471146721622616838 
+6.479301620057990263 
+6.487619839522375642 
+6.495768377689254969 
+6.503913359856953846 
+6.512054513469985650 
+6.520025544746888002 
+6.528158308532416854 
+6.536120589478093379 
+6.544243874314220832 
+6.552196331158686604 
+6.560309033871160267 
+6.568250579048101834 
+6.576186318131043151 
+6.584281114432334547 
+6.592204290243964593 
+6.600285690499140046 
+6.608195180783901890 
+6.616262032212960165 
+6.624156700703185408 
+6.632043610112457799 
+6.640086532544852815 
+6.648120770576260163 
+6.656146019017016968 
+6.664325462697192393 
+6.672331609640332672 
+6.681143204839328220 
+6.689128131431303359 
+6.697102475697729318 
+6.704903512686458456 
+6.712693791498669071 
+6.720634958215963017 
+6.728402575310893141 
+6.736319974773321562 
+6.744224883195256481 
+6.752116972555125329 
+6.759995912911559657 
+6.768021749275857424 
+6.775873108680131374 
+6.783710310824980994 
+6.791533018009037193 
+6.799340890590574560 
+6.807292461178450438 
+6.815227864792618995 
+6.822988521323919642 
+6.830890829154273369 
+6.838618340496669390 
+6.846486096723742421 
+6.854179028069758317 
+6.862167204891583161 
+6.870291907313369251 
+6.878084579367767404 
+6.885857703441816469 
+6.893610893138618856 
+6.901189304251552414 
+6.908593775088165856 
+6.916132461817602994 
+6.923497307447615157 
+6.930994813187407289 
+6.938318599089829064 
+6.945773451616608973 
+6.953357648705656757 
+6.960767434223008365 
+6.968154335297878532 
+6.975517966110090562 
+6.983007485094261391 
+6.990322914908171370 
+6.997762434951393828 
+7.005028063626372870 
+7.012415943296703702 
+7.019630153750048507 
+7.026964734292787895 
+7.034271760135584195 
+7.041405497698776550 
+7.048656695095042224 
+7.055734888732253296 
+7.062784971575274184 
+7.069949527931306932 
+7.076941553431051801 
+7.084046001016092831 
+7.090978266352795600 
+7.098020858750695439 
+7.104891643751789942 
+7.111731357335619563 
+7.118539571717628966 
+7.125453813044829943 
+7.132197072230948010 
+7.138770909945893806 
+7.145448807163551130 
+7.152093034336398425 
+7.158703150882917754 
+7.165412546344656519 
+7.171952392403745158 
+7.178456784046360006 
+7.185056904989979287 
+7.191488291263087973 
+7.197882859627735108 
+7.204240154296728704 
+7.210559717307107874 
+7.216968878860646086 
+7.223210802249893092 
+7.229539774464052826 
+7.235827509216276709 
+7.241824475825328733 
+7.247906245141143344 
+7.253824128918825664 
+7.259702204722600527 
+7.265661213369287275 
+7.271577790135598462 
+7.277451452850272062 
+7.283281717116572906 
+7.289068096308113809 
+7.294693364574255767 
+7.300391425335599038 
+7.305929232895584491 
+7.311537042112190576 
+7.316985486769566727 
+7.322501093889075108 
+7.328080478947008203 
+7.333610053295084086 
+7.338871082935044754 
+7.344193358402648641 
+7.349359154927654458 
+7.354583209146982270 
+7.359651801003209926 
+7.364775612492872270 
+7.369745010765345938 
+7.374766540289048322 
+7.379634738639030189 
+7.384452111239474092 
+7.389316903746486531 
+7.394127680295231819 
+7.398883906823289891 
+7.403680411232961056 
+7.408324785419942771 
+7.412912982402096951 
+7.417444458767857185 
+7.422009379062851409 
+7.426424589005176102 
+7.430693094994072823 
+7.434992208006029557 
+7.439145923111167846 
+7.443326763751160868 
+7.447363547975149878 
+7.451423922507675712 
+7.455341617901529716 
+7.459279314233777214 
+7.463075744835116154 
+7.466888532454064809 
+7.470561504225290861 
+7.474172565907387877 
+7.477794434901849918 
+7.481350639559840587 
+7.484840596499410026 
+7.488263719933696549 
+7.491619421666875667 
+7.494840699134493356 
+7.498061189273389715 
+7.501276078477713938 
+7.504356163121803647 
+7.507426533722862061 
+7.510363762402308296 
+7.513287103679770595 
+7.516079005836017402 
+7.518798058490135716 
+7.521443649029736278 
+7.523963427055880615 
+7.526411540154279933 
+7.528836130348969924 
+7.531184808849649137 
+7.533502519758128457 
+7.535695916601850008 
+7.537811506971578979 
+7.539807872277618728 
+7.541767570385868424 
+7.543610004160350435 
+7.545411312801054038 
+7.547097359320420473 
+7.548802974541329647 
+7.550357761075787266 
+7.551858796145486608 
+7.553272797512398995 
+7.554573408214506181 
+7.555813027501665502 
+7.556963531562645997 
+7.558003887538752963 
+7.558975863992069222 
+7.559856619313971571 
+7.560645441340305695 
+7.561328604256989827 
+7.561933286509638918 
+7.562443896810194133 
+7.562859711968279441 
+7.563169037387510230 
+7.563393335104212412 
+7.563522791723964467 
+7.563562261302368306 
+7.563509057423080328 
+7.563364685979392377 
+7.563122444725324911 
+7.562775743096453951 
+7.562337733345765756 
+7.561813684623350795 
+7.561181064571028898 
+7.560465013850185656 
+7.559652939070152122 
+7.558724200627779055 
+7.557716018237655931 
+7.556561537184837363 
+7.555299877075048798 
+7.553930265210606620 
+7.552451926032198060 
+7.550864081114328386 
+7.549165949161261935 
+7.547431256558892798 
+7.545554117064987132 
+7.543610437680387193 
+7.541562284260420412 
+7.539362968567335344 
+7.537101540099549801 
+7.534683031550652998 
+7.532152670924042503 
+7.529564767860843055 
+7.526868086792968704 
+7.523942598109737645 
+7.520959562690265443 
+7.517860867874487596 
+7.514578908411953861 
+7.511244174048409050 
+7.507791438284147745 
+7.504145789856373483 
+7.500452257722177940 
+7.496638357393269558 
+7.492621725411858336 
+7.488562221691532628 
+7.484379958079829365 
+7.480074137224558939 
+7.475552246752787511 
+7.470900018283238353 
+7.466116595786673749 
+7.461201120243677209 
+7.456152729639303089 
+7.450970558958358581 
+7.445653740181437996 
+7.440201402280154142 
+7.434725788154445070 
+7.429002540878956395 
+7.423259747931240327 
+7.417383461278292955 
+7.411372847033557143 
+7.405100231201636518 
+7.398815664559865724 
+7.392394234628605787 
+7.385835096237924446 
+7.378999265094988047 
+7.372159309079506784 
+7.365179074726816211 
+7.358057705517385472 
+7.350794342098080136 
+7.343540703291619565 
+7.335993703795807619 
+7.328460554420345829 
+7.320787855736043070 
+7.312810515879126783 
+7.304853302495304845 
+7.296583800820137355 
+7.287992039048170057 
+7.279067745924441724 
+7.270159934678325442 
+7.261094235807843411 
+7.251683582372267622 
+7.242296050958592524 
+7.232940302366601237 
+7.223624914079680437 
+7.214159647719752932 
+7.204341707212474688 
+7.194365777719671229 
+7.184230945156820702 
+7.173724527027408371 
+7.163265844397412430 
+7.151989980566209049 
+7.141197023004608013 
+7.130015159198586971 
+7.119119396250955134 
+7.108064857917610446 
+7.096615329577124598 
+7.085237239272247578 
+7.073455572313166684 
+7.061750307826888395 
+7.049881796095595732 
+7.037344205943915298 
+7.024627494809536188 
+7.011990353445375135 
+6.999179245054111043 
+6.985926355866681092 
+6.972760817586779680 
+6.959418390498917972 
+6.945620318172707641 
+6.931636012515284051 
+6.917749706501814089 
+6.903393585583992298 
+6.888848120579675438 
+6.874408850978504404 
+6.859485382711696388 
+6.844673642815741310 
+6.829368027967417376 
+6.814179744842105535 
+6.798803577309002755 
+6.782918890295587033 
+6.767160044026763188 
+6.751210262707696863 
+6.735399878741215929 
+6.719404340360219052 
+6.702883582943709229 
+6.686510942620778053 
+6.669603215229241044 
+6.652147338274554400 
+6.634840494792291210 
+6.617334543761330679 
+6.599265004322461436 
+6.581353596534587069 
+6.563239928806140711 
+6.544547011043169604 
+6.526021488923944958 
+6.507290526219724924 
+6.488353063634566986 
+6.468815155292402252 
+6.449457233772262654 
+6.429488063189683800 
+6.409299388168196998 
+6.389300422646929434 
+6.368673755735409614 
+6.348243354243551906 
+6.327597777421001268 
+6.306735937545964177 
+6.285656743746661945 
+6.264359101996308965 
+6.243283243161418028 
+6.221549924777320939 
+6.198694029961288265 
+6.176051908967266968 
+6.153176540441000597 
+6.129602146316797118 
+6.106721326302031017 
+6.083139104809591302 
+6.059797628560336769 
+6.035743007541390703 
+6.011936277882164781 
+5.987404552874436625 
+5.963127946217413822 
+5.938617055479547879 
+5.913363252047982854 
+5.888375522876311052 
+5.862632760250831687 
+5.836641226288264761 
+5.811454170082812176 
+5.785503603270187867 
+5.758773558205378507 
+5.732332051628338476 
+5.705645791734877292 
+5.678713606821232496 
+5.650977061499246723 
+5.622981975676179189 
+5.594727093932021056 
+5.566211157300909207 
+5.537432903266497952 
+5.508391065756771177 
+5.455447472943673937 
+5.426259194941569497 
+5.397416668647938565 
+5.367716934985182320 
+5.338371069897081433 
+5.308155135424197368 
+5.278301270665502365 
+5.247564364560484584 
+5.215927005720617515 
+5.184653440193685903 
+5.153112398443759012 
+5.120650661246252788 
+5.088565439547509506 
+5.056209004134464280 
+5.022911369433785467 
+4.990003172018422362 
+4.956819992888122250 
+4.922674847508311302 
+4.888932262567149856 
+4.854213672097887233 
+4.819906533673629312 
+4.784609231211607749 
+4.749732363828500503 
+4.714571586081795829 
+4.679851866105035008 
+4.644125289173651083 
+4.608848854139973028 
+4.572551443210278066 
+4.536713348147185521 
+4.499840042031173937 
+4.463435316098408379 
+4.426748349027475271 
+4.388231309515790990 
+4.349405297505431811 
+4.310268919113319441 
+4.270820776736751867 
+4.231059469049937682 
+4.190983590998167863 
+4.150591733793977056 
+4.110699789483200028 
+4.071325127758571583 
+4.031655422589812687 
+3.990853629592289842 
+3.950583843447954990 
+3.910015199713640754 
+3.867437031979195527 
+3.825393088074057424 
+3.783033643873785490 
+3.740357338889064742 
+3.698243438460697696 
+3.654935852463781831 
+3.612200926339776075 
+3.568256687085238799 
+3.523081982276612401 
+3.477568805059930934 
+3.432636087350792842 
+3.388302471014013051 
+3.343652921488830643 
+3.297745935918732663 
+3.252453930863611564 
+3.205888360761926403 
+3.159948516481835945 
+3.112718852273247183 
+3.064177329751982093 
+3.016264169090975944 
+2.968010569347107275 
+2.919415106833945561 
+2.869474019776570017 
+2.820183496372969056 
+2.771563252365528474 
+2.721586030615294138 
+2.672290339032871387 
+2.622658355295735877 
+2.571644083309019280 
+2.521328349414538206 
+2.469613233649218031 
+2.418608161414340429 
+2.365112919004829894 
+2.311243732292666220 
+2.256999039295185749 
+2.202377274110852490 
+2.146272985820412593 
+2.090884742464090174 
+2.037352827667036514 
+1.981214719204581032 
+1.925825925174956099 
+1.868924115464745128 
+1.811634225952310384 
+1.753954659377019221 
+1.697049076318880800 
+1.638593221418433110 
+1.580923788563004972 
+1.522873997802264956 
+1.464442327317005077 
+1.404422941089394250 
+1.345215059248302314 
+1.284400431884535010 
+1.224410081203071599 
+1.162793812006244210 
+1.102014704586073535 
+1.039590361790036610 
+0.978016179250589257 
+0.916046127723099790 
+0.852401693360261614 
+0.789627064058943340 
+0.726451845498006676 
+0.661572771446432562 
+0.597583403952181236 
+0.533188692963578514 
+0.467060326425456473 
+0.401841826610553898 
+0.336213194990527153 
+0.268820778144023720 
+0.202358648842874800 
+0.135481565236671209 
+0.069565437218545689 
+0.001862178771194323 
-0.066260824921730244 
-0.134805189279381121 
-0.203772533497134312 
-0.274585075240979748 
-0.345841455851941149 
-0.416104991017070880 
-0.488245287927218108 
-0.560834598849432098 
-0.633874668604850200 
-0.705892948681077215 
-0.779830684649019723 
-0.852732049106401213 
-0.927574339939735815 
-1.002876104988419392 
-1.077119321901616189 
-1.153336070210530195 
-1.230017578033170800 
-1.307165627235384875 
-1.384782003849825749 
-1.462868498079366475 
-1.539851099814864455 
-1.618873724727006191 
-1.696777193440117237 
-1.776743016184484603 
-1.855574293615037007 
-1.936490413874896177 
-2.016256473679248096 
-2.096487793375528597 
-2.178837871560604711 
-2.260014458565789752 
-2.343332689914142009 
-2.423780765832773909 
-2.506373953691494627 
-2.587742766777736847 
-2.671279286295602517 
-2.753575529604810335 
