0.471521
0.471521
0.471521
0.471521
0.471521
0.471521
0.471521
0.471521
0.471521
0.471521
0.471521
0.471521
0.471521
0.471521
0.471521
0.471521
0.471521
0.471521
0.471521
0.471521
0.471521
0.471521
0.471521
0.471521
0.471521
1.6123
1.6123
1.6123
1.6123
1.6123
1.6123
1.6123
1.6123
1.6123
1.6123
1.6123
1.6123
1.6123
1.6123
1.6123
1.6123
1.6123
1.6123
1.6123
1.6123
1.6123
1.6123
1.6123
0.471521
0.471521
0.471521
0.471521
0.471521
0.471521
0.471521
0.471521
0.471521
0.471521
0.471521
0.471521
0.471521
0.471521
0.471521
0.471521
0.471521
0.471521
0.471521
0.471521
0.471521
0.471521
0.471521
0.471521
0.471521
0.471521
0.471521
0.471521
0.471521
0.471521
0.471521
0.471521
0.471521
0.471521
0.471521
0.471521
0.471521
0.471521
0.471521
0.471521
0.471521
0.471521
0.471521
0.471521
0.471521
0.471521
0.471521
0.471521
0.471521
0.471521
0.471521
0.471521
0.471521
0.471521
0.471521
0.471521
0.471521
0.471521
0.471521
0.471521
0.471521
0.471521
0.471521
0.471521
0.471521
0.471521
0.471521
0.471521
0.471521
0.471521
0.471521
0.471521
0.471521
0.471521
0.471521
0.471521
0.471521
0.471521
0.471521
0.471521
0.471521
0.471521
0.471521
0.471521
0.471521
0.471521
0.471521
0.471521
0.471521
0.471521
0.471521
0.471521
0.471521
0.471521
0.471521
0.471521
0.471521
0.471521
0.471521
0.471521
0.471521
0.471521
0.471521
0.471521
0.471521
0.471521
0.471521
0.471521
0.471521
0.471521
0.471521
0.471521
0.471521
0.471521
0.471521
0.471521
0.471521
0.471521
0.471521
0.471521
0.471521
0.471521
0.471521
0.471521
0.471521
0.471521
0.471521
0.471521
0.471521
0.471521
0.471521
0.471521
0.471521
0.471521
0.471521
0.471521
0.471521
0.471521
0.471521
0.471521
0.471521
0.471521
0.471521
0.471521
0.471521
0.471521
0.471521
0.471521
0.471521
0.471521
0.471521
0.471521
0.471521
0.471521
0.471521
0.471521
0.471521
0.471521
0.471521
0.471521
0.471521
0.471521
0.471521
0.471521
0.471521
0.471521
0.471521
0.471521
0.471521
0.471521
0.471521
0.471521
0.471521
0.471521
0.471521
0.471521
0.471521
0.471521
0.471521
0.471521
0.471521
0.471521
0.471521
0.471521
0.471521
0.471521
0.471521
0.471521
0.471521
0.471521
0.471521
0.471521
0.471521
0.471521
0.471521
0.471521
0.471521
0.471521
0.471521
0.471521
0.471521
0.471521
0.471521
0.471521
0.471521
0.471521
0.471521
0.471521
0.471521
0.471521
0.471521
0.471521
0.471521
0.471521
0.471521
0.471521
0.471521
0.471521
0.471521
0.471521
0.471521
0.471521
0.471521
0.471521
0.471521
0.471521
0.471521
0.471521
0.471521
0.471521
0.471521
0.471521
0.471521
0.471521
0.471521
0.471521
0.471521
0.471521
0.471521
0.471521
0.471521
0.471521
0.471521
0.471521
0.471521
0.471521
0.471521
0.471521
0.471521
0.471521
0.471521
0.471521
0.471521
0.471521
0.471521
0.471521
0.471521
0.471521
0.471521
0.471521
0.471521
0.471521
0.471521
0.471521
0.471521
0.471521
0.471521
0.471521
0.471521
0.471521
0.471521
0.471521
0.471521
0.471521
0.471521
0.471521
0.471521
0.471521
0.471521
0.471521
0.471521
0.471521
0.471521
0.471521
0.471521
0.471521
0.471521
0.471521
0.471521
0.471521
0.471521
0.471521
0.471521
0.471521
0.471521
0.471521
0.471521
0.471521
0.471521
0.471521
0.471521
0.471521
0.471521
0.471521
0.471521
0.471521
0.471521
0.471521
0.471521
0.471521
0.471521
0.471521
0.471521
0.471521
0.471521
0.471521
0.471521
0.471521
0.471521
0.471521
0.471521
0.471521
0.471521
0.471521
0.471521
0.471521
0.471521
0.471521
0.471521
0.471521
0.471521
0.471521
0.471521
0.471521
0.471521
0.471521
0.471521
0.471521
0.471521
0.471521
0.471521
0.471521
0.471521
0.471521
0.471521
0.471521
0.471521
0.471521
0.471521
0.471521
0.471521
0.471521
0.471521
0.471521
0.471521
0.471521
0.471521
0.471521
0.471521
0.471521
0.471521
0.471521
0.471521
0.471521
0.471521
0.471521
0.471521
0.471521
0.471521
0.471521
0.471521
0.471521
0.471521
0.471521
0.471521
0.471521
0.471521
0.471521
0.471521
0.471521
0.471521
0.471521
0.471521
0.471521
0.471521
0.471521
0.471521
0.471521
0.471521
0.471521
0.471521
0.471521
0.471521
0.471521
0.471521
0.471521
0.471521
0.471521
0.471521
0.471521
0.471521
0.471521
0.471521
0.471521
0.471521
0.471521
0.471521
0.471521
0.471521
0.471521
0.471521
0.471521
0.471521
0.471521
0.471521
2.25113
0.471521
0.577994
1.33851
0.577994
1.87088
1.87088
1.7644
1.7644
1.7644
1.7644
4.88253
3.65049
3.65049
3.65049
0.471521
0.471521
0.471521
0.471521
0.471521
0.471521
0.471521
0.471521
0.471521
0.471521
0.471521
0.471521
0.471521
3.93948
0.471521
0.471521
2.35761
0.471521
2.25113
2.25113
2.25113
2.25113
8.59386
5.36926
0.471521
0.471521
3.71133
3.71133
1.55146
1.55146
4.5479
4.5479
1.53625
0.471521
0.471521
3.93948
7.01198
3.89385
3.89385
3.89385
3.89385
8.10712
8.10712
1.58188
1.58188
0.471521
0.471521
3.65049
3.65049
3.65049
0.577994
0.471521
3.42233
0.471521
2.31198
3.71133
3.71133
3.71133
3.71133
6.79903
3.71133
6.81424
6.79903
6.54046
3.65049
0.471521
3.65049
3.65049
2.25113
5.36926
6.25146
6.25146
9.59774
6.25146
0.471521
3.11812
10.4799
9.62816
9.62816
3.13334
0.471521
0.471521
0.471521
1.53625
1.53625
0.471521
0.471521
0.577994
0.577994
0.471521
0.471521
0.471521
3.89385
5.67347
8.83722
3.93948
4.04596
3.65049
10.1605
8.00065
9.29353
9.29353
11.1188
8.30486
11.9401
10.6625
12.8984
15.6058
6.95114
10.1757
13.0809
11.134
10.0236
3.16376
3.17897
8.57865
8.57865
8.86764
12.5029
15.1647
15.3168
13.6589
12.6398
10.3278
0.471521
16.5337
19.4388
6.08415
6.08415
9.43043
5.62784
9.08059
8.2136
9.08059
7.08803
7.24013
9.00454
8.89806
16.3511
8.53302
8.53302
6.98156
3.84822
5.36926
5.36926
5.36926
5.36926
5.36926
5.36926
9.88674
9.689
12.9136
15.8188
13.4003
13.3395
10.2062
7.13366
10.4343
13.3547
6.81424
9.8259
8.01586
9.88674
7.87897
9.71942
13.2786
10.1605
10.1605
8.82201
7.84855
5.64305
5.36926
5.36926
5.36926
5.36926
3.60486
6.34272
11.0123
11.0123
7.97023
11.5295
11.6055
15.043
18.1764
21.2489
15.7884
10.0997
15.1343
14.4042
8.39612
8.95891
11.9858
11.9858
5.33884
5.15631
13.6589
12.5486
9.33916
7.1945
9.46085
9.21748
12.0162
15.2408
8.97412
13.6437
8.59386
5.26279
12.2596
15.1799
12.0922
5.97767
1.53625
3.3767
6.03852
6.00809
3.33107
11.3165
8.19839
8.3657
4.92816
4.92816
7.45308
9.76506
8.6547
9.978
9.978
8.91327
7.55955
9.8259
9.91716
8.01586
11.0884
11.134
11.1796
8.95891
8.85243
7.98544
6.23625
9.44564
8.38091
11.2557
8.13754
9.40001
4.68479
0.471521
3.60486
3.60486
0.471521
9.94758
11.7272
12.5486
12.5486
9.67379
5.67347
6.82945
6.99677
13.0353
9.93237
8.10712
1.59709
1.6123
1.58188
8.10712
8.06149
8.06149
9.35437
15.545
11.0579
11.0884
15.3168
8.95891
15.4233
13.2482
9.94758
9.94758
9.90195
4.989
6.1602
6.1602
10.0541
13.1722
10.9058
3.65049
3.65049
3.65049
3.13334
0.638835
3.33107
6.54046
6.54046
8.22881
5.33884
5.33884
5.33884
5.33884
11.21
11.21
11.21
11.9553
6.69256
10.0845
11.3317
8.22881
7.90939
7.95502
7.90939
1.55146
0.471521
0.471521
1.1712
1.1712
1.1712
2.02298
2.02298
5.30842
7.80292
9.79548
11.8489
12.0618
13.8414
11.9706
12.5181
18.3437
5.70389
3.89385
10.9819
9.06538
8.85243
3.89385
3.89385
3.89385
5.67347
5.67347
5.67347
4.989
4.06117
3.55923
5.33884
8.45696
6.51004
6.82945
1.33851
4.21327
4.15243
4.45664
6.23625
6.7534
6.23625
2.25113
8.59386
6.81424
4.989
8.41133
8.41133
8.41133
11.5295
4.88253
5.97767
5.77994
5.77994
4.45664
4.65437
6.51004
9.85632
6.73819
3.33107
3.31586
3.31586
3.31586
3.31586
4.80648
4.80648
1.56667
1.56667
0.471521
0.471521
0.471521
3.89385
0.471521
0.471521
1.33851
4.63916
6.41877
4.63916
4.63916
4.63916
4.59353
4.59353
4.63916
4.63916
3.17897
3.17897
3.17897
1.53625
1.53625
1.53625
1.53625
1.53625
1.53625
1.53625
4.65437
1.53625
4.22848
3.16376
0.471521
0.471521
2.54013
5.70389
5.70389
5.77994
2.46408
0.471521
1.7644
1.7644
4.88253
7.78771
4.66958
1.7644
4.50227
5.52136
8.6547
7.36182
5.47573
3.16376
3.16376
0.471521
1.7644
1.7644
1.7644
1.7644
1.7644
1.7644
1.81003
1.81003
1.81003
1.81003
3.54402
1.81003
1.81003
5.18673
5.18673
8.10712
5.70389
5.70389
5.70389
2.25113
11.3317
5.82557
3.89385
4.989
4.989
4.989
6.58609
4.27411
4.27411
9.20227
8.10712
2.84434
2.84434
0.882201
0.882201
0.882201
0.882201
0.882201
0.882201
1.97735
1.97735
1.56667
1.56667
1.56667
1.56667
1.56667
7.31619
7.31619
4.91295
4.91295
3.36149
7.42266
5.55178
4.68479
4.68479
1.6123
1.58188
4.45664
4.45664
4.45664
1.33851
1.33851
6.43398
6.43398
0.471521
3.74175
3.74175
3.74175
3.74175
3.74175
2.46408
2.46408
5.64305
5.67347
7.45308
12.2291
7.10324
4.22848
4.22848
4.28932
4.48706
4.42622
4.41101
7.52913
6.7534
3.51359
3.51359
6.63172
6.52525
3.55923
3.34628
4.68479
4.68479
1.56667
1.56667
4.7
4.80648
7.65081
7.75729
9.74984
7.90939
7.89418
7.34661
7.34661
7.34661
4.47185
7.54434
7.54434
7.54434
4.13722
4.42622
4.42622
1.00388
1.00388
1.56667
2.85955
6.76861
6.76861
4.07638
7.1945
7.1945
6.3123
12.7463
12.579
12.6398
12.2291
9.32395
9.27832
4.13722
4.13722
13.1265
12.5486
6.82945
6.82945
6.82945
3.34628
6.82945
6.82945
6.82945
6.82945
6.82945
17.9787
9.96279
9.96279
9.96279
9.96279
6.76861
8.30486
8.35049
5.67347
3.89385
3.89385
0.471521
3.17897
2.3424
3.60486
1.7644
6.81424
6.76861
9.88674
9.88674
0.471521
1.73398
8.09191
8.09191
8.09191
11.3317
15.1343
15.1343
14.4498
10.556
7.27056
7.27056
2.7835
2.7835
2.7835
8.95891
3.71133
3.60486
6.81424
3.71133
3.71133
3.71133
8.45696
8.35049
9.46085
5.36926
5.36926
2.25113
2.25113
5.67347
3.84822
9.40001
12.5333
13.0353
15.7579
11.134
11.9858
9.00454
11.3317
8.10712
7.01198
4.989
4.989
13.4764
11.5295
7.30098
4.95858
5.97767
5.97767
5.97767
5.99288
5.99288
5.97767
2.85955
4.65437
1.7644
4.76084
4.71521
4.76084
4.47185
7.46829
7.46829
13.0049
9.90195
6.73819
4.45664
5.17152
8.66991
5.41489
8.89806
5.67347
8.63949
12.8375
15.9405
12.9897
15.9861
9.978
11.8032
11.8032
14.4498
14.4194
9.56732
6.78382
6.78382
6.78382
10.0084
9.94758
11.2405
13.9175
18.2068
18.724
13.3851
13.7806
17.7353
18.7087
15.4081
12.0618
11.9706
10.0084
8.57865
8.77638
3.87864
13.3699
6.93593
3.86343
6.03852
9.23269
9.12622
10.7689
16.9596
20.4123
14.2521
13.3699
11.6968
21.3706
18.3133
12.579
18.9673
25.3557
18.0851
18.146
19.667
20.6253
15.8036
15.3016
15.7123
16.4424
16.4424
10.0084
8.09191
13.0201
11.3926
10.8906
16.2447
14.6324
18.1308
18.4654
20.1385
8.71554
8.86764
8.28965
7.46829
16.3816
19.3932
15.8644
15.8036
19.0282
16.0165
15.6363
18.5871
13.6133
16.7466
19.8039
17.2333
19.1499
21.5987
14.5411
9.29353
11.3774
14.313
15.0126
16.0774
11.8337
11.712
10.556
10.3887
8.60907
11.1188
10.6168
10.6168
8.30486
9.78026
5.74952
4.88253
6.95114
6.28188
7.4835
4.48706
7.62039
15.256
13.0201
9.88674
9.67379
13.9023
10.6929
4.65437
7.7725
7.7725
7.7725
12.1379
7.57476
8.27444
8.95891
15.9861
13.7958
16.0926
13.0657
13.1265
11.712
11.712
14.6172
18.3589
19.6366
9.23269
9.32395
9.33916
12.5638
15.4994
15.4994
13.4155
12.5486
6.37314
6.37314
9.49127
10.3887
10.3887
10.3887
10.3887
10.3887
12.7159
15.6667
9.65858
12.7767
12.7767
5.90162
11.134
7.20971
2.92039
4.45664
4.45664
7.1945
7.31619
6.46441
3.71133
6.57088
7.86376
7.86376
7.86376
10.2062
16.701
10.9363
6.58609
7.87897
7.87897
10.1909
13.7806
11.4078
11.4078
14.1
7.93981
7.95502
11.1492
10.0388
14.8301
8.68512
9.81069
11.3621
8.41133
8.24402
9.59774
7.93981
17.7505
19.0586
11.0123
18.4958
9.65858
12.6702
6.47962
6.54046
4.33495
4.33495
4.31974
4.31974
8.03107
10.4191
5.26279
3.34628
3.34628
5.17152
5.11068
4.51748
6.34272
7.74208
3.33107
5.26279
3.33107
3.33107
3.34628
3.34628
3.2246
7.65081
4.48706
7.9246
5.97767
7.6356
5.67347
2.25113
0.471521
1.58188
1.58188
4.27411
4.27411
9.27832
4.80648
4.80648
4.80648
4.80648
4.80648
4.80648
4.85211
4.85211
7.49871
7.49871
1.58188
3.36149
3.36149
1.58188
1.6123
9.21748
9.21748
6.51004
5.74952
5.74952
4.42622
1.58188
1.55146
1.55146
0.638835
0.638835
0.638835
0.684466
0.684466
0.684466
0.638835
0.638835
2.95081
0.684466
0.684466
0.684466
1.70356
1.73398
1.73398
2.60097
2.60097
2.60097
1.73398
1.73398
4.42622
4.42622
3.5288
3.5288
3.36149
3.36149
3.36149
3.33107
1.58188
1.58188
1.58188
1.58188
0.471521
0.471521
0.471521
0.471521
0.471521
0.471521
0.471521
1.79482
1.79482
8.12234
8.12234
5.18673
5.18673
5.18673
5.18673
5.18673
5.18673
1.79482
0.471521
0.471521
3.34628
3.34628
3.34628
0.471521
0.471521
0.471521
0.471521
0.471521
0.471521
0.471521
0.471521
0.471521
0.471521
0.471521
0.471521
0.471521
0.471521
0.471521
0.471521
3.77217
0.471521
0.471521
0.471521
0.471521
0.471521
0.471521
0.471521
0.471521
0.471521
0.471521
0.471521
0.471521
0.471521
0.471521
0.471521
0.471521
0.471521
0.471521
0.471521
0.471521
0.471521
1.56667
1.56667
1.56667
0.471521
0.471521
0.471521
1.20162
1.20162
1.20162
1.20162
1.20162
1.20162
1.20162
1.20162
1.20162
