0.471521
0.471521
0.471521
0.471521
0.471521
0.471521
0.471521
0.471521
0.471521
0.471521
0.471521
0.471521
0.471521
0.471521
0.471521
0.471521
0.471521
0.471521
0.471521
0.471521
0.471521
0.471521
0.471521
0.471521
0.471521
0.471521
0.471521
0.471521
0.471521
0.471521
0.471521
0.471521
0.471521
0.471521
0.471521
0.471521
0.471521
0.471521
0.471521
0.471521
0.471521
0.471521
0.471521
0.471521
0.471521
0.471521
0.471521
0.471521
0.471521
0.471521
0.471521
0.471521
0.471521
0.471521
0.471521
0.471521
3.42233
3.42233
3.42233
3.42233
3.42233
0.471521
0.471521
0.471521
0.471521
0.471521
0.471521
0.471521
0.471521
0.471521
0.471521
0.471521
0.471521
0.471521
0.471521
0.471521
0.471521
0.471521
0.471521
0.471521
0.471521
0.471521
0.471521
0.471521
0.471521
0.471521
0.471521
0.471521
0.471521
0.471521
0.471521
0.471521
0.471521
0.471521
0.471521
0.471521
0.471521
0.471521
0.471521
0.471521
3.34628
3.34628
3.34628
3.34628
3.34628
3.34628
3.34628
3.34628
3.34628
3.34628
3.34628
3.34628
3.34628
3.34628
3.34628
3.34628
3.34628
0.471521
0.471521
0.471521
0.471521
0.471521
0.471521
0.471521
0.471521
0.471521
0.471521
0.471521
0.471521
0.471521
0.471521
0.471521
0.471521
0.471521
0.471521
0.471521
0.471521
0.471521
0.471521
1.81003
1.81003
1.81003
1.81003
1.81003
1.81003
1.81003
1.81003
1.81003
1.81003
1.81003
1.81003
1.81003
1.81003
1.81003
1.81003
1.81003
1.81003
1.81003
1.81003
1.81003
1.81003
1.81003
1.81003
1.81003
1.81003
1.81003
1.81003
0.471521
0.471521
0.471521
0.471521
0.471521
0.471521
0.471521
0.471521
0.471521
0.471521
0.471521
0.471521
0.471521
0.471521
0.471521
0.471521
0.471521
0.471521
0.471521
0.471521
0.471521
0.471521
0.471521
0.471521
0.471521
0.471521
0.471521
0.471521
0.471521
0.471521
0.471521
0.471521
0.471521
0.471521
0.471521
0.471521
0.471521
0.471521
0.471521
0.471521
0.471521
0.471521
0.471521
0.471521
0.471521
0.471521
0.471521
0.471521
0.471521
0.471521
0.471521
0.471521
0.471521
0.471521
0.471521
0.471521
0.471521
0.471521
0.471521
0.471521
0.471521
0.471521
0.471521
0.471521
0.471521
0.471521
0.471521
0.471521
0.471521
0.471521
0.471521
0.471521
0.471521
0.471521
0.471521
0.471521
0.471521
0.471521
0.471521
0.471521
0.471521
0.471521
0.471521
0.471521
0.471521
0.471521
0.471521
0.471521
0.471521
0.471521
0.471521
0.471521
0.471521
0.471521
0.471521
0.471521
0.471521
0.471521
0.471521
0.471521
0.471521
0.471521
0.471521
0.471521
0.471521
0.471521
0.471521
0.471521
0.471521
0.471521
0.471521
0.471521
0.471521
0.471521
0.471521
0.471521
0.471521
0.471521
0.471521
0.471521
0.471521
0.471521
0.471521
0.471521
0.471521
0.471521
0.471521
0.471521
0.471521
0.471521
0.471521
0.471521
0.471521
0.471521
0.471521
0.471521
0.471521
0.471521
0.471521
0.471521
0.471521
0.471521
0.471521
0.471521
0.471521
0.471521
0.471521
0.471521
0.471521
0.471521
0.471521
0.471521
0.471521
0.471521
0.471521
0.471521
0.471521
0.471521
0.471521
0.471521
0.471521
0.471521
0.471521
0.471521
0.471521
0.471521
0.471521
0.471521
0.471521
0.471521
0.471521
0.471521
0.471521
0.471521
0.471521
0.471521
0.471521
0.471521
0.471521
0.471521
0.471521
0.471521
0.471521
0.471521
0.471521
0.471521
0.471521
0.471521
0.471521
0.471521
0.471521
0.471521
0.471521
0.471521
0.471521
0.471521
0.471521
0.471521
0.471521
0.471521
0.471521
0.471521
0.471521
0.471521
0.471521
0.471521
0.471521
0.471521
0.471521
4.77605
4.77605
4.77605
4.77605
4.77605
4.77605
0.471521
0.471521
0.471521
0.471521
0.471521
0.471521
0.471521
0.471521
0.471521
0.471521
0.471521
0.471521
0.471521
0.471521
0.471521
0.471521
0.471521
0.471521
0.471521
0.471521
0.471521
0.471521
0.471521
0.471521
0.471521
0.471521
0.471521
0.471521
0.471521
0.471521
0.471521
0.471521
0.471521
0.471521
0.471521
0.471521
0.471521
0.471521
0.471521
0.471521
0.471521
0.471521
0.471521
0.471521
0.471521
0.471521
0.471521
0.471521
0.471521
0.471521
0.471521
0.471521
0.471521
0.471521
0.471521
0.471521
0.471521
0.471521
0.471521
0.471521
0.471521
0.471521
0.471521
0.471521
0.471521
0.471521
0.471521
0.471521
0.471521
0.471521
0.471521
0.471521
0.471521
0.471521
0.471521
0.471521
0.471521
0.471521
0.471521
0.471521
0.471521
0.471521
0.471521
0.471521
0.471521
0.471521
0.471521
0.471521
0.471521
0.471521
0.471521
0.471521
0.471521
0.471521
0.471521
0.471521
0.471521
0.471521
0.471521
0.471521
1.81003
4.30453
4.30453
4.30453
4.30453
4.30453
4.30453
4.30453
4.30453
4.30453
4.30453
4.30453
4.30453
4.30453
4.30453
4.30453
4.30453
4.30453
4.30453
4.30453
4.30453
4.30453
4.30453
4.30453
1.81003
1.7644
1.81003
1.81003
1.81003
1.81003
1.81003
1.81003
0.471521
0.471521
0.471521
0.471521
0.471521
1.33851
1.33851
1.33851
1.33851
1.33851
3.11812
2.25113
5.47573
8.89806
8.89806
8.89806
5.33884
3.71133
4.5479
4.5479
4.5479
4.5479
4.5479
4.5479
1.33851
1.33851
1.33851
1.33851
0.471521
0.471521
0.471521
0.471521
0.471521
0.471521
0.471521
3.71133
3.71133
4.76084
4.76084
4.76084
4.76084
4.76084
4.77605
4.82169
4.82169
4.82169
4.82169
3.71133
3.71133
0.471521
0.471521
0.471521
3.65049
3.65049
3.65049
0.471521
8.13754
8.16797
8.18318
6.40356
6.40356
3.71133
3.71133
3.71133
3.71133
3.71133
3.71133
3.71133
3.71133
6.81424
6.81424
6.81424
6.79903
3.8178
0.471521
3.34628
3.34628
3.34628
3.34628
3.34628
3.34628
3.34628
3.34628
3.34628
3.34628
3.34628
3.60486
0.471521
0.471521
0.471521
3.33107
3.49838
3.49838
3.49838
3.49838
3.5288
9.84111
9.87153
9.67379
6.81424
6.79903
6.79903
6.79903
3.60486
3.60486
3.60486
3.60486
6.79903
6.79903
9.67379
6.44919
3.34628
4.92816
4.92816
4.92816
5.12589
5.12589
5.12589
2.25113
2.25113
5.47573
12.6246
6.44919
8.91327
9.59774
9.64337
12.7615
12.7615
6.00809
5.97767
7.78771
13.6133
10.6929
10.7841
9.47606
13.2634
7.14887
11.3317
14.6932
16.8835
13.6589
16.5945
21.3554
15.8036
11.788
8.70033
5.77994
8.47217
8.44175
8.48738
5.79515
7.08803
5.79515
8.91327
10.1301
10.3278
7.20971
9.23269
5.59741
4.27411
9.50648
10.6168
9.94758
11.2405
14.3586
14.1456
17.3702
19.4997
19.4997
10.9515
7.54434
7.54434
7.54434
7.54434
7.54434
7.54434
4.30453
5.03463
5.4301
5.47573
2.61618
2.61618
2.61618
2.61618
7.39224
10.343
16.8227
18.4958
9.79548
6.81424
6.81424
11.1036
8.89806
11.6664
11.8032
11.6055
13.735
11.9401
8.92848
18.6935
15.5754
19.2867
16.3816
11.6359
8.57865
8.57865
9.87153
6.69256
4.38059
3.05728
3.05728
5.55178
5.55178
6.81424
6.81424
6.46441
3.34628
4.68479
4.68479
3.60486
3.60486
6.43398
10.5256
8.95891
6.64693
3.75696
5.47573
12.4877
12.4877
4.65437
4.65437
4.65437
5.97767
3.72654
1.33851
1.33851
3.8178
3.71133
7.10324
9.78026
7.11845
7.28577
3.84822
5.1411
6.96635
5.67347
3.89385
3.89385
5.18673
5.18673
8.13754
8.13754
8.13754
8.13754
12.7463
12.5942
6.76861
6.87509
11.7272
8.79159
5.36926
7.9246
7.9246
9.58253
8.53302
9.29353
12.4117
14.9974
14.9366
14.7388
9.90195
9.96279
11.0731
11.0731
8.10712
14.5867
5.06505
3.39191
3.39191
1.55146
1.55146
3.16376
3.33107
6.23625
6.23625
7.55955
5.97767
2.85955
1.55146
1.55146
1.55146
1.55146
4.65437
7.57476
7.57476
7.57476
7.57476
6.43398
6.43398
9.18706
11.8793
14.9062
14.9366
17.6744
17.6744
9.06538
6.03852
6.90551
6.03852
3.40712
1.56667
4.7
4.7
8.95891
4.66958
4.7
12.4573
6.49483
4.65437
4.65437
5.97767
8.15276
8.15276
5.03463
3.83301
2.25113
3.71133
3.71133
3.71133
0.471521
0.471521
2.3424
0.471521
3.04207
6.1602
2.25113
2.25113
2.47929
2.41845
2.41845
2.41845
2.41845
2.41845
2.41845
3.10291
4.44143
4.44143
4.44143
7.4835
7.4835
6.11457
9.11101
8.42654
8.3657
11.0731
6.25146
8.3657
5.18673
5.18673
5.18673
1.7644
3.54402
6.66214
7.54434
4.42622
3.54402
3.54402
3.54402
3.54402
3.54402
6.96635
9.88674
5.30842
3.54402
1.7644
1.7644
1.7644
1.7644
1.7644
1.7644
1.7644
1.81003
1.81003
1.7644
4.88253
4.88253
1.81003
1.81003
1.81003
3.60486
4.45664
4.50227
1.33851
0.471521
0.471521
0.471521
0.471521
0.471521
0.471521
0.471521
0.471521
0.471521
2.25113
0.471521
0.471521
0.471521
0.471521
0.471521
3.71133
0.471521
1.53625
1.53625
1.53625
1.53625
4.3958
1.53625
1.53625
1.53625
10.6016
10.6016
10.6016
7.11845
3.89385
3.89385
3.89385
3.89385
3.89385
3.89385
6.20583
0.471521
0.471521
0.471521
1.81003
1.7644
0.471521
3.89385
4.76084
3.71133
3.71133
0.471521
0.471521
0.471521
0.471521
0.471521
0.471521
0.471521
0.471521
0.471521
0.471521
0.471521
3.60486
0.471521
0.471521
0.471521
3.60486
3.60486
6.43398
6.43398
6.23625
3.14855
2.0534
2.0534
2.0534
2.0534
2.0534
0.471521
1.33851
1.33851
1.33851
3.71133
3.71133
3.71133
0.471521
3.48317
0.471521
0.471521
0.471521
0.471521
0.471521
0.471521
0.471521
3.71133
0.471521
0.471521
0.471521
0.471521
0.471521
0.471521
3.93948
3.65049
0.471521
8.92848
7.14887
7.14887
7.14887
7.14887
3.89385
7.11845
4.8369
3.71133
3.71133
3.71133
3.71133
3.71133
3.71133
0.471521
1.33851
0.471521
2.25113
0.471521
0.471521
0.471521
2.3424
2.3424
3.3767
3.3767
0.471521
3.74175
3.74175
4.94337
3.60486
0.471521
0.471521
0.471521
0.471521
2.25113
2.25113
2.25113
2.25113
2.25113
2.31198
2.31198
0.471521
0.471521
3.34628
3.34628
0.471521
0.471521
0.471521
0.471521
0.471521
0.471521
0.471521
0.471521
0.471521
0.471521
3.19418
3.19418
0.471521
0.471521
0.471521
0.471521
0.471521
3.71133
6.79903
6.81424
3.71133
6.79903
6.81424
6.81424
6.81424
6.81424
6.81424
6.81424
6.79903
3.60486
0.471521
0.471521
0.471521
0.471521
7.90939
6.79903
10.1149
21.188
17.9178
17.3854
20.823
26.2379
26.3291
26.3291
18.4958
18.5262
16.7314
12.2291
11.499
5.20194
8.88285
6.81424
4.42622
3.60486
3.65049
7.80292
4.88253
4.88253
4.88253
4.88253
1.81003
5.91683
12.4573
9.33916
6.32751
6.28188
8.95891
9.41522
8.3657
5.18673
5.99288
0.471521
0.471521
0.471521
0.471521
3.87864
5.65826
3.87864
6.90551
7.58997
7.55955
5.82557
11.1492
13.9479
12.6094
12.6094
15.6515
19.013
18.222
19.8952
24.5647
23.8042
29.0974
25.9793
21.9333
19.013
17.4919
24.6256
22.0398
22.1919
21.9333
21.9333
27.5916
23.5152
23.7738
26.2683
23.2719
23.3023
26.8159
22.4353
19.013
19.0282
19.4388
23.2719
18.1003
16.6097
19.8799
19.3932
21.9333
25.0819
20.1385
23.8651
20.8382
17.2942
17.0964
17.355
16.2447
14.4346
6.87509
11.5142
14.6324
15.7275
15.6819
18.6175
21.8725
21.8573
18.8913
18.9369
20.7621
20.7317
22.7243
16.7162
19.7887
26.5725
28.2
22.4809
20.5036
21.0207
17.7201
25.5686
28.3521
24.9602
33.8583
33.691
22.0702
27.8958
25.0971
25.0819
31.3029
27.3178
27.3178
27.1809
34.0864
36.7939
37.2046
38.7256
44.3534
41.8133
45.1292
44.1405
42.3
41.5243
43.4408
41.5699
41.5699
47.7301
42.7868
42.8324
39.912
42.7715
43.2887
42.878
42.8628
39.7447
40.5052
32.2156
27.7589
28.3673
28.6563
21.7812
24.9602
24.7168
19.302
20.3667
26.8159
25.1123
24.8233
29.7058
29.6146
26.9984
33.6301
32.4285
31.1204
31.3486
24.8842
32.033
35.3033
30.4511
24.0932
29.4625
28.9301
28.9301
28.8236
25.7055
30.9531
29.0822
23.1198
25.8272
25.8272
25.7664
21.8725
28.0023
35.6075
38.6191
37.1133
36.9916
36.2007
36.2007
35.6531
35.6531
32.6567
33.6453
33.4324
33.4324
35.0447
35.1664
34.8013
34.9078
35.4249
38.7408
44.1557
44.1557
44.1557
44.3686
33.2651
37.9499
37.235
37.235
36.6114
39.3492
38.8929
46.5741
44.9771
47.6997
39.4861
37.4783
40.7029
42.4065
39.6838
36.444
33.5693
25.2644
34.0408
31.8201
24.3062
27.9414
23.1654
21.0359
21.9181
25.1732
24.8385
25.1275
22.2223
26.2531
24.3366
24.3518
19.1346
19.6366
19.4084
19.4084
19.0586
18.9217
18.8
15.3625
15.1952
15.4994
20.8382
24.3214
21.9181
24.1693
21.0511
17.7353
17.7201
17.9939
21.9638
18.4502
24.0172
23.135
26.3596
26.3596
26.5421
30.8923
20.6861
24.9754
30.4359
32.7327
29.4625
27.1657
25.5838
26.6486
29.9796
32.322
31.2117
23.9107
21.766
25.1123
25.1427
27.7589
23.3631
23.1958
21.5379
21.5379
22.4049
22.4049
25.6751
33.7214
33.8279
30.6337
37.0068
40.0945
35.4554
32.9304
34.1777
29.7363
24.3366
22.1311
21.8269
19.1651
19.2107
19.3932
21.6139
20.7621
21.7508
24.6256
18.6479
17.2181
17.2181
9.62816
6.57088
6.57088
6.57088
8.88285
6.57088
6.57088
6.57088
6.57088
2.40324
2.40324
2.40324
2.43366
3.68091
9.21748
9.21748
10.3126
5.79515
5.79515
4.7
4.7
4.7
4.7
0.471521
0.471521
0.471521
0.471521
1.3233
1.3233
0.471521
0.471521
0.638835
0.638835
0.638835
0.684466
0.684466
0.638835
0.638835
0.638835
0.638835
4.06117
5.39968
6.08415
7.51392
8.8068
4.71521
4.71521
7.93981
3.84822
3.68091
3.68091
1.81003
1.81003
1.81003
1.81003
1.7644
1.7644
1.7644
1.7644
1.7644
1.7644
1.7644
1.7644
1.7644
0.471521
0.471521
0.471521
0.471521
1.56667
3.49838
0.471521
0.471521
1.56667
1.56667
1.53625
1.53625
1.55146
1.53625
1.53625
1.53625
2.40324
2.40324
2.40324
2.40324
2.40324
2.40324
1.56667
1.56667
1.56667
1.56667
1.59709
2.06861
1.59709
1.59709
1.59709
1.59709
1.59709
1.59709
1.59709
1.59709
1.59709
0.471521
0.471521
0.471521
0.471521
0.471521
0.471521
0.471521
0.471521
0.471521
1.6123
1.6123
1.6123
0.471521
0.471521
3.34628
3.34628
0.471521
0.471521
0.471521
0.471521
0.471521
0.471521
0.471521
0.471521
0.471521
1.81003
1.81003
1.81003
1.81003
1.81003
1.81003
1.81003
1.81003
1.81003
1.81003
1.81003
0.471521
0.471521
0.471521
0.471521
0.471521
0.471521
1.59709
1.59709
1.59709
1.59709
1.59709
4.68479
1.6123
1.6123
1.6123
1.6123
2.85955
2.85955
2.85955
2.85955
2.85955
1.7644
1.7644
1.7644
1.81003
1.7644
1.81003
1.81003
1.81003
1.81003
1.81003
1.81003
1.81003
1.81003
4.68479
4.68479
4.68479
4.68479
4.68479
