+1.817526138530419777 
+1.811431671603747295 
+1.805496288864439025 
+1.799595148246837972 
+1.793606276358386431 
+1.787774009036399825 
+1.781855224523376080 
+1.776091398534743071 
+1.765256590140826587 
+1.759472395098472752 
+1.753606037288000907 
+1.747775807096051848 
+1.742097119468542399 
+1.736338076200184544 
+1.730614811953403942 
+1.720515563628044697 
+1.714891154931015960 
+1.709302087307911222 
+1.703858978048244044 
+1.698339546586725035 
+1.692855114257981519 
+1.687405566969681914 
+1.682098746452776128 
+1.676825213497381784 
+1.671584861634057617 
+1.666483525739058891 
+1.661308546071114112 
+1.656271045317008639 
+1.651161024115279652 
+1.646186954352322207 
+1.636842620033776674 
+1.631857328369953564 
+1.626803547008243145 
+1.617791030226207294 
+1.604767542941489156 
+1.596019854099503421 
+1.591205984863275580 
+1.586520110090944069 
+1.577900722212867590 
+1.573210506815750698 
+1.568552575584214459 
+1.564019022734278064 
+1.559424701170784910 
+1.554862348252076032 
+1.550512467843936815 
+1.546102157824932544 
+1.541811336650029229 
+1.537461123558644616 
+1.529636921452226517 
+1.521825568195799283 
+1.517529489131720588 
+1.513264395446102029 
+1.509114567037303178 
+1.504910522831270914 
+1.497503170745388523 
+1.493466251802272327 
+1.489377044303112463 
+1.485318138473467275 
+1.478008362604115611 
+1.470798024249224234 
+1.466878411123480053 
+1.462988538177472098 
+1.452861437754115137 
+1.449078989048909083 
+1.445325825781327067 
+1.441601850791420558 
+1.438054205217667469 
+1.434387158552524077 
+1.430749014318423828 
+1.424272882639755267 
+1.420715155536846908 
+1.417185967710137717 
+1.413685224301257204 
+1.410212830746092605 
+1.406768692774254648 
+1.403352716408543976 
+1.399964807964416691 
+1.396604874049451439 
+1.393272821562816066 
+1.389968557694731599 
+1.386822522029455440 
+1.383637187109979294 
+1.380478279937469077 
+1.377409381407006972 
+1.374302536186609025 
+1.371221862417804749 
+1.368105207102619847 
+1.362563385828931661 
+1.357048629780934323 
+1.346866672947550914 
+1.344023420092258059 
+1.338810179000804013 
+1.336039020330543892 
+1.333237153502039085 
+1.328259306619521407 
+1.325530078544578938 
+1.322826628388684256 
+1.320148870022626486 
+1.317496717595183053 
+1.314870085532586552 
+1.312320663764583006 
+1.307650559109886146 
+1.303163831335870659 
+1.298658331746885164 
+1.296266482479408122 
+1.293850385360236110 
+1.291506604823879689 
+1.289139395003907840 
+1.286843365357749125 
+1.284570853036329341 
+1.282321780931296340 
+1.278251641881501532 
+1.274259847415201818 
+1.272119307514385511 
+1.270001775055085380 
+1.267907174580610974 
+1.265835430879917789 
+1.263786468987123435 
+1.261760214181026463 
+1.259715936872907616 
+1.257735332656706451 
+1.255737483241028629 
+1.253802227603422859 
+1.251850498926796229 
+1.249998645491666061 
+1.246621287381025400 
+1.244792929105828172 
+1.243023199893258379 
+1.239761580554256115 
+1.238052123885770905 
+1.236328542650985796 
+1.234626601362040832 
+1.232946229064853183 
+1.231253723822531621 
+1.229616714162389490 
+1.226633159377275906 
+1.225056981641123866 
+1.223470445309022825 
+1.221936941316389635 
+1.220424454199316777 
+1.218902693154703121 
+1.217432458821732677 
+1.215953670172118750 
+1.214496476721936613 
+1.213089309248214231 
+1.211674661613752146 
+1.210336715899500204 
+1.208963907557817130 
+1.207639163956273576 
+1.206308344160079482 
+1.202896180416928029 
+1.200677911103944506 
+1.199484760048577403 
+1.198335257016188038 
+1.196231202806021576 
+1.195113657980562571 
+1.194015768731617078 
+1.192937470844710024 
+1.191878700327864138 
+1.189984679485502905 
+1.189001247811386053 
+1.188016415956908212 
+1.187050806367313305 
+1.186104356335173193 
+1.185195738462875736 
+1.184268685209104444 
+1.182649727921545324 
+1.181795069483738025 
+1.180942345877109334 
+1.180125603784401900 
+1.179327536137105392 
+1.178563803717493030 
+1.177802524797396666 
+1.177074714259497501 
+1.176349987537586239 
+1.175643635934097375 
+1.174969458597958205 
+1.174299306303675738 
+1.173634235681459081 
+1.172988050426273743 
+1.172373051176225145 
+1.171278670308399050 
+1.170703680928463220 
+1.170169178735269266 
+1.169641153593745875 
+1.169130865288495968 
+1.168648133284437396 
+1.168172787487106401 
+1.167724175226273919 
+1.167283548465461784 
+1.166527829029639030 
+1.166136214384658087 
+1.165754435955720147 
+1.165404816304711710 
+1.165064921400555509 
+1.164748571491386553 
+1.164442531037178874 
+1.163919282806278321 
+1.163661724620284055 
+1.163421029969147202 
+1.163197144598685284 
+1.162994074473356232 
+1.162656477963444512 
+1.162496247235839775 
+1.162349806987596157 
+1.162047445451872552 
+1.161962919193032739 
+1.161896552328117505 
+1.161846435449026771 
+1.161811992649228742 
+1.161794548972517660 
+1.161804811853795361 
+1.161833213616919158 
+1.161878633397739780 
+1.161939202693155426 
+1.162017340797532494 
+1.162111923327766139 
+1.162222896880015677 
+1.162350208256308859 
+1.162620371028482147 
+1.162946867550678443 
+1.163144775377345841 
+1.163358091567898267 
+1.163591593756689857 
+1.163835892408838557 
+1.164095452580796497 
+1.164375991717831127 
+1.164660164691258659 
+1.164958844266299032 
+1.165278662849765556 
+1.165606521181021815 
+1.165956033494216282 
+1.166312888885346011 
+1.166691910153693001 
+1.167077582291898175 
+1.167477447997060214 
+1.167900239098254023 
+1.168346810688964066 
+1.168808638802919297 
+1.169285674678828713 
+1.169757891496988833 
+1.170254312039305855 
+1.170754630862249845 
+1.171268791596842940 
+1.171819049127884593 
+1.172372782916100586 
+1.172940806874136266 
+1.175047160855423822 
+1.175705177748157082 
+1.176365063492359253 
+1.177039527586441370 
+1.178290153527437489 
+1.179005192612895936 
+1.179719906310950250 
+1.180448411265753839 
+1.181205955860075374 
+1.182589664876544155 
+1.183370690260465263 
+1.184181660615688969 
+1.185693787197307447 
+1.187234984933034365 
+1.188110744182673262 
+1.189722111774404345 
+1.191396918380144943 
+1.192317611818541234 
+1.193270660739182976 
+1.195020545209596996 
+1.196031699592305930 
+1.197056942869693996 
+1.198096230672077711 
+1.199149518817322013 
+1.200216763310250068 
+1.201297920342056180 
+1.202392946289714271 
+1.203479922919132861 
+1.204580147405646340 
+1.205693579159077933 
+1.207753785472054586 
+1.209834012447733365 
+1.210984333763140963 
+1.212170984010299213 
+1.213370577854679944 
+1.214558699809752840 
+1.215783806147337387 
+1.216996855291613944 
+1.219282219308268189 
+1.221609712616320120 
+1.223979104319654843 
+1.225325240329852683 
+1.226657648402902145 
+1.227948524015368470 
+1.229305403915368133 
+1.230647206377113001 
+1.233170678602411252 
+1.234574596710297012 
+1.235990804857527436 
+1.239788374444009023 
+1.241249010881310344 
+1.245193213816527811 
+1.246667827826646979 
+1.248123514958398905 
+1.249620896208537779 
+1.251098822358813090 
+1.253899445084182274 
+1.255408792725460465 
+1.256992588016790258 
+1.258556117264842733 
+1.260163164291244975 
+1.263085290922843384 
+1.264659180217339918 
+1.266310014792946248 
+1.267939053656302661 
+1.269612755320687070 
+1.271264139861800313 
+1.272960578143627508 
+1.274634181050895432 
+1.276353226599846291 
+1.279476136587465396 
+1.281226933372286325 
+1.282953656512286766 
+1.286189061644308351 
+1.287946565676406641 
+1.289714785180329226 
+1.291530105615092516 
+1.293319884002692488 
+1.296634892922902349 
+1.298491987245832480 
+1.300322589697921138 
+1.302201388405108240 
+1.304053202012373402 
+1.307481708246272634 
+1.310945307904807899 
+1.312884628963841172 
+1.314795590552676696 
+1.316716845490161436 
+1.318687891282696478 
+1.322222706508507928 
+1.324143084228901257 
+1.326113525719867958 
+1.328053578602558016 
+1.331676400522526116 
+1.333685159313100055 
+1.337359354749213303 
+1.339437965148251752 
+1.341526939642134320 
+1.345313121466895634 
+1.349175254204716623 
+1.351226091388932460 
+1.353329358453952302 
+1.355399183040237210 
+1.357521782534460986 
+1.359697727645404530 
+1.361927598155928676 
+1.364123920720742511 
+1.366330290497891120 
+1.368591110565685831 
+1.370817694235360484 
+1.373054244686341185 
+1.377105067603498378 
+1.379369384984093783 
+1.383470003896752232 
+1.387648535286086782 
+1.389911933059933880 
+1.392184693426111064 
+1.394513462964801498 
+1.398729671128330354 
+1.402977155360987105 
+1.405302772045415205 
+1.407637593034237300 
+1.413876444700225221 
+1.416244692677992578 
+1.418670649401038819 
+1.421057253418579469 
+1.425464374715055715 
+1.427876595194050191 
+1.430347308636863213 
+1.432777663803227686 
+1.435216961110846068 
+1.437665178430039381 
+1.440172531430520708 
+1.442588285057162967 
+1.445063130577014521 
+1.447496033081602240 
+1.449937390828604400 
+1.452438310438181723 
+1.457054664356723928 
+1.459632038925555042 
+1.462166662731588795 
+1.464709973134528553 
+1.467314120315690973 
+1.469822569651298094 
+1.472391813947081740 
+1.474916966217893810 
+1.477503220801910100 
+1.480098037473727590 
+1.482648180710539831 
+1.485313275096642016 
+1.487933655270331279 
+1.490616254354982129 
+1.493253747867332004 
+1.495899681234225564 
+1.498608292453049495 
+1.501271216812095410 
+1.508431557516874300 
+1.511180225779016784 
+1.513937543670905050 
+1.521313957890547020 
+1.526395957631517364 
+1.529200310732802492 
+1.534269596123130741 
+1.537097746722678737 
+1.539877543365617996 
+1.542722427579563016 
+1.547864428752497634 
+1.550732844248008613 
+1.553609626472865157 
+1.558808856430484724 
+1.561708961990397881 
+1.564559111465794183 
+1.569756225814838757 
+1.572570008273167286 
+1.575450226890824812 
+1.580701782944833322 
+1.583604144882676978 
+1.588955396282415000 
+1.591939685986890618 
+1.594872148224937058 
+1.597812371938759579 
+1.600760339838003699 
+1.603776435336371042 
+1.606739997161908295 
+1.612203301465927829 
+1.615188640150842403 
+1.618181623050467310 
+1.621243549559439279 
+1.624251925543325425 
+1.629735528857309657 
+1.635306119064990238 
+1.638349686944625683 
+1.643897013423918363 
+1.647024330948902771 
+1.652610189814485819 
+1.655696034286748830 
+1.658726101332910430 
+1.661826627958002067 
+1.667477094291587747 
+1.670598400940483064 
+1.673790982192114862 
+1.682191705671036708 
+1.685476324020005245 
+1.688704187638123466 
+1.691939608439968268 
+1.695182569962840891 
+1.698433055799063451 
+1.701756285940526636 
+1.704956535052724265 
+1.708229495925090102 
+1.711444234621808169 
+1.714666121963410284 
+1.717895142805812236 
+1.723844531091086152 
+1.727160089197621318 
+1.730416483970898645 
+1.733679939352272603 
+1.736950440467955659 
+1.740294934001576976 
+1.746333420689499816 
+1.749630959688462495 
+1.752867964142990065 
+1.756179294865853224 
+1.759429781557393824 
+1.762754846870895564 
+1.766018759988712716 
+1.769357503077338301 
+1.772634787118328781 
+1.776055638547725080 
+1.782231158731298448 
+1.785671969476691157 
+1.789050852086556231 
+1.792436538906777566 
+1.795829015778112936 
+1.799228268577293788 
+1.802703864027284553 
+1.809047466700090423 
+1.812542836486501052 
+1.816045190088408923 
+1.819624770150668702 
+1.828923123266287476 
+1.832387065211840138 
+1.835928531597616375 
+1.845239792239373733 
+1.848734724345701963 
+1.855242715178525126 
+1.861701369396033812 
+1.868254126702872275 
+1.871791808799832424 
+1.875335965610156030 
+1.878959112479024807 
+1.882516309895968076 
+1.886079941531843662 
+1.889649994027551294 
+1.893299509650807178 
+1.896882494235958116 
+1.900471859468611635 
+1.904067592079162763 
+1.907743256861825332 
+1.914449899164587965 
+1.918144145800028344 
+1.921919038017571468 
+1.925626526620645373 
+1.932390914549859673 
+1.936116794270943187 
+1.939849169092596082 
+1.943588025131315122 
+1.947333348520739804 
+1.954241595143613175 
+1.957929875132856656 
+1.977147159371554164 
+1.983995812219051746 
+1.987733137305070175 
+1.991552977657174095 
+1.995302526551276490 
+1.999058106155837677 
+2.002896533462974027 
+2.006664258296797954 
+2.010437974986263310 
+2.017384858318716390 
+2.021252924414667085 
+2.025049632242754249 
+2.028852269574625833 
+2.032738610697673032 
+2.036553188931169878 
+2.040373657955568909 
+2.044278154789186619 
+2.048110486533122998 
+2.055164699608414747 
+2.062317284780343929 
+2.066176974624513107 
+2.070042456491688387 
+2.073992782995420558 
+2.077869928055860349 
+2.081832129115201546 
+2.088979143869757138 
+2.092958046183730048 
+2.096863132434367394 
+2.100853780506446888 
+2.104850340486057458 
+2.108772691866604543 
+2.112700695126100037 
+2.116634337428604962 
+2.120573605932032812 
+2.124599053938570847 
+2.131859545657454280 
+2.135739505484016476 
+2.139705804929770139 
+2.143596541895684382 
+2.150824670538311612 
+2.154811973025894112 
+2.158723236880234264 
+2.162803071324922666 
+2.166806841250074722 
+2.174256898442898933 
+2.178358327179744425 
+2.185837415771067604 
+2.189954740870180938 
+2.194077676531406951 
+2.198206208882173662 
+2.202340324032575403 
+2.206480008074831023 
+2.210625247082758094 
+2.214776027111231116 
+2.218765975968159943 
+2.222844289928762596 
+2.226844494592800761 
+2.234442085355027974 
+2.238540593474128038 
+2.242644332949491837 
+2.246753290502216505 
+2.250951469428640106 
+2.254986806614966088 
+2.259111338506550659 
+2.263156704076981995 
+2.267291447059667231 
+2.271346789603700067 
+2.275491691102263125 
+2.279641704173895000 
+2.283881666502677987 
+2.288041965847412484 
+2.292207335937180179 
+2.296462926523020087 
+2.300638500150379961 
+2.304904474157579486 
+2.309090195695148395 
+2.313280919283094761 
+2.317562309824487077 
+2.321763097717952640 
+2.329491743560466954 
+2.333792635280242500 
+2.338098650909730569 
+2.342323503213123104 
+2.346553248406664238 
+2.350874344129161297 
+2.355113932314101710 
+2.359445042714702900 
+2.363781188780407660 
+2.368122355525727585 
+2.372468527926442139 
+2.376819690919068861 
+2.381175829400323352 
+2.385536928226593467 
+2.397073949625015743 
+2.401452975567959669 
+2.405836891046352122 
+2.413652310309447380 
+2.417961741798185571 
+2.422187724870045411 
+2.426506327767309568 
+2.430741266948312607 
+2.435157352253807250 
+2.439578208130797954 
+2.444003818848496934 
+2.448345515292043029 
+2.456331867251915213 
+2.460775308311090814 
+2.465045413908930172 
+2.469408913158577690 
+2.473687689589782579 
+2.478060010644466349 
+2.482347399688231704 
+2.486728482927936579 
+2.491024425996695157 
+2.495414211423289341 
+2.499718649555446426 
+2.504027269505868070 
+2.508429950637960371 
+2.512926942784521778 
+2.517338350381486567 
+2.529153163472947607 
+2.533670666597000576 
+2.538102100209836287 
+2.542628322522432427 
+2.547158923209053238 
+2.551603143367905613 
+2.556142362933234935 
+2.560594996704065984 
+2.565142767907478749 
+2.569603749159268258 
+2.574068837380279362 
+2.578629266403343667 
+2.583102602351764254 
+2.587579995628125129 
+2.592061429677267714 
+2.596638469630995871 
+2.601219681949862750 
+2.605805048848110150 
+2.610302721976250684 
+2.614896262206938715 
+2.619493903615352171 
+2.624003553757375595 
+2.628517108270972624 
+2.633034550033078069 
+2.637648173701117926 
+2.645962792419922494 
+2.650402532805575362 
+2.654938532358763759 
+2.659571005891277817 
+2.664114636585069196 
+2.672562744531044920 
+2.681023673883696112 
+2.685771077087110825 
+2.690429248953128294 
+2.695091218347958506 
+2.699570263811327475 
+2.704146196589367168 
+2.708632226447790448 
+2.713215253271739957 
+2.717801836296257711 
+2.722391957038758470 
+2.726985596942374634 
+2.731676592885582178 
+2.736277286003524267 
+2.740881441777277328 
+2.745489041346417025 
+2.750005929125435067 
+2.754620290080286082 
+2.763104457073319864 
+2.767822776925088046 
+2.772450096680334930 
+2.781052464737056695 
+2.785689197825365060 
+2.790423915277219891 
+2.795067208351388111 
+2.799808578537342996 
+2.804458350815732803 
+2.809111299877504297 
+2.813862460978589386 
+2.818521767207007755 
+2.823184189434741587 
+2.827849707367530829 
+2.836522384187410761 
+2.841196634403436505 
+2.845873901243486159 
+2.850745258463586840 
+2.855333008970405650 
+2.860019261125648526 
+2.864612719266607321 
+2.869208971934295249 
+2.877834408513615827 
+2.882534533677455268 
+2.887237489795803747 
+2.895882875860031902 
+2.900497577590813947 
+2.905114916686954984 
+2.913779464429200772 
+2.922356652882178718 
+2.927082660190045704 
+2.931811291563724886 
+2.936639107322173370 
+2.941372971964079319 
+2.950074468089094459 
+2.954815524675203697 
+2.959559072807681268 
+2.964305089525260506 
+2.973125591145418412 
+2.981857314506157763 
+2.990499846914906446 
+2.995164169506217000 
+2.999927935343545293 
+3.004596682224052628 
+3.009364917751304880 
+3.014037997090012411 
+3.018908031108071377 
+3.023682860575356290 
+3.028557351060261027 
+3.033336498080315025 
+3.038215343206773333 
+3.042998707552669657 
+3.047784121910519950 
+3.056481159239650580 
+3.061174416828725597 
+3.065967385504683840 
+3.070664409705458731 
+3.075461173803963888 
+3.080161867114169283 
+3.088882425916311902 
+3.093588133635554627 
+3.098491730531923061 
+3.103299029022118738 
+3.108108056793960294 
+3.112918787575379653 
+3.117829424647985626 
+3.122643515574077711 
+3.127459229461689194 
+3.132374868460136241 
+3.137292140972761878 
+3.142112625254478875 
+3.147033047461746946 
+3.151856563033601510 
+3.156780021603721842 
+3.161507944109943402 
+3.166335754603182728 
+3.171164941526613212 
+3.175896881420571471 
+3.180728710996059139 
+3.185463185897954297 
+3.190396221662344711 
+3.195133147907533111 
+3.199871234256773000 
+3.208659414474486660 
+3.213400664062705747 
+3.218241778838290212 
+3.227037544541174086 
+3.231980471387257747 
+3.236825538620620613 
+3.241770473283033915 
+3.246518520933296514 
+3.251465321657227570 
+3.256314064772162453 
+3.261064667958345265 
+3.265915043401348861 
+3.270766198415723469 
+3.275519076878302460 
+3.280371685397020176 
+3.285224982574926678 
+3.289979870959531816 
+3.294834440520482577 
+3.299788697678175176 
+3.304644440445628994 
+3.313663639950810591 
+3.330814379142616133 
+3.335772144021575514 
+3.340631086866712174 
+3.345589498120702387 
+3.350449008334194900 
+3.355308750228007675 
+3.360168691079242542 
+3.369194711167486034 
+3.374055038917592064 
+3.378915438102889190 
+3.383875068078666004 
+3.388735509528353340 
+3.393595921093989443 
+3.402622204930215943 
+3.411648050919349195 
+3.416607041170102832 
+3.421565796273795534 
+3.426524279408553753 
+3.431482453594788318 
+3.436241975682854832 
+3.441100291222219276 
+3.445859067910281404 
+3.454681499061744265 
+3.459538100316916776 
+3.464394164425825373 
+3.469150569744762436 
+3.474005464334942506 
+3.478859714199399988 
+3.487674849461214865 
+3.492428069887691500 
+3.497279539770222101 
+3.502031204561162347 
+3.510839380389616515 
+3.515687537423576536 
+3.520435819515918219 
+3.525282034675123022 
+3.538035378748018545 
+3.542877643542551525 
+3.547619946442012839 
+3.552459845458862286 
+3.557199756632087428 
+3.561938429102546877 
+3.566774508094615825 
+3.571609218743821756 
+3.580485603445757281 
+3.585414785889625477 
+3.590342384481708393 
+3.595169853486649636 
+3.600094190485279011 
+3.604918380975478343 
+3.609839288377051147 
+3.614561669965491220 
+3.623313241199292989 
+3.628128946957284828 
+3.636871000901817030 
+3.641681302629459438 
+3.646391497652176739 
+3.651197802880123966 
+3.656002026630766899 
+3.660706146110686454 
+3.665506124589255066 
+3.670206003839362907 
+3.675001570124163841 
+3.679794843692075101 
+3.684585781440568475 
+3.689276638476330916 
+3.694160476212519306 
+3.699041746105146800 
+3.703920401625829584 
+3.708893888482152512 
+3.717761115924402393 
+3.722434623506938323 
+3.727202795511645128 
+3.735856229885371693 
+3.740616477915571281 
+3.745276766636406407 
+3.750031230020305806 
+3.758756094870530529 
+3.763501956574477170 
+3.768341455472074664 
+3.773080964456206665 
+3.777817258970108671 
+3.782646850523052606 
+3.787280017516892805 
+3.792006387561214886 
+3.796729355157227204 
+3.801352590965854539 
+3.806068682988138274 
+3.810685091943817770 
+3.819331534301443121 
+3.824033841314613547 
+3.828732419793093200 
+3.837448292954134033 
+3.842135949473258982 
+3.846819688572185036 
+3.851403995248408485 
+3.856175216620535195 
+3.864752709911747353 
+3.869416800429771541 
+3.874076682380292347 
+3.878732305232656330 
+3.883478497788971140 
+3.888125360562353805 
+3.896554258241203605 
+3.901188561546416800 
+3.905818306992079769 
+3.910349098627242448 
+3.914969668279301374 
+3.919491371314017591 
+3.924196616413222038 
+3.928802889845410817 
+3.933498147583401661 
+3.942030317665355277 
+3.946710969329028096 
+3.951386333036938758 
+3.955869654239730693 
+3.960441244199700783 
+3.972637367654550111 
+3.977189439145240257 
+3.981736069352457719 
+3.986369821732926866 
+3.994695966164727885 
+3.999221090380277843 
+4.003832676728584339 
+4.008346204682918135 
+4.012853908122027136 
+4.017355730519390988 
+4.021851615142844949 
+4.026341505054075398 
+4.030825343108158876 
+4.039045006711632801 
+4.047243702981011992 
+4.051698494152640606 
+4.056237622382962371 
+4.060679463004881917 
+4.065114805141175403 
+4.069543589830288965 
+4.074055936916819221 
+4.078471292116399027 
+4.082879910495942788 
+4.090959622865852907 
+4.098837257988583005 
+4.103392371113425696 
+4.107672532338700222 
+4.112034797232929861 
+4.119939636519591275 
+4.124281466431717114 
+4.132237001339960969 
+4.136469648904729013 
+4.144386291762211627 
+4.152189546139871013 
+4.156474789896040356 
+4.160752191056358740 
+4.165108735685347341 
+4.169370096969451822 
+4.177262685608489790 
+4.181500916734092854 
+4.185817168305969282 
+4.190124791585311037 
+4.197856548725908077 
+4.202054068187400127 
+4.206243048105342552 
+4.210508646045822090 
+4.214680170604557574 
+4.225704949213604067 
+4.229759836428471864 
+4.233806102830169671 
+4.237927708322446030 
+4.241956359198911564 
+4.246143497545548762 
+4.253739310594942147 
+4.261385699222104861 
+4.268833420352009966 
+4.276248622307689651 
+4.280271961236175038 
+4.284203652713614474 
+4.288207447884408552 
+4.292119858860173665 
+4.296022628279057898 
+4.300077688376193308 
+4.304041353607213516 
+4.308075331303484745 
+4.312018189180217398 
+4.316030784784676833 
+4.319952540623818393 
+4.323863742390030573 
+4.327684820308973279 
+4.331654191801851184 
+4.335612345528122802 
+4.346007389976777269 
+4.353049039022470978 
+4.356866990307826981 
+4.360596106694610619 
+4.364391694071535710 
+4.368098758317167984 
+4.374943060550856799 
+4.378694935552317702 
+4.382358899543282504 
+4.389274092894397405 
+4.396148186530371760 
+4.399907486610511675 
+4.403654146389718527 
+4.410291667335328292 
+4.413928655303426041 
+4.417553202549373559 
+4.424251228728130592 
+4.427839794574217613 
+4.431488455977429908 
+4.435051185077234948 
+4.441633372515900291 
+4.445230819952918466 
+4.448814584031940633 
+4.455159559299890937 
+4.458634060593341886 
+4.464910419138554687 
+4.468276822724714492 
+4.471699813334482521 
+4.477881808630098881 
+4.481196888011290902 
+4.484498531133789712 
+4.487855017424320359 
+4.491129266862952107 
+4.494389840796048752 
+4.497704154754537775 
+4.500936849292977548 
+4.504222536168539293 
+4.507427023887395912 
+4.510683748406926874 
+4.513859699867748709 
+4.517087124698990763 
+4.520234208442549750 
+4.523431994186646321 
+4.526549876725671773 
+4.529717681909788851 
+4.535432319930508882 
+4.538493268131075453 
+4.541602622036652548 
+4.544696365410552552 
+4.547774409289703890 
+4.553386762006759625 
+4.556419784073801438 
+4.559436762796496012 
+4.562498681008483992 
+4.565482969878518205 
+4.570921742480495986 
+4.573799718187765428 
+4.576721246072914084 
+4.581985004079305313 
+4.587251428770626305 
+4.590036769405879014 
+4.592863216462970577 
+4.595615315382074684 
+4.598407644814833439 
+4.601126142228454619 
+4.606122271385254763 
+4.608903592912677816 
+4.611611371785294011 
+4.614301319403686819 
+4.619195267329534893 
+4.621887775799046416 
+4.626686462418619250 
+4.629325645491495500 
+4.634027618648943303 
+4.636612666179299680 
+4.639127063726278699 
+4.641622604611803204 
+4.644048837746564296 
+4.646456788355969536 
+4.648945528627450585 
+4.651365047369675487 
+4.653765215339984884 
+4.656145932446188240 
+4.658507098305634919 
+4.662745412831991842 
+4.665050974026859976 
+4.669233665099029373 
+4.671528087266632490 
+4.673756186659798750 
+4.676008798880920914 
+4.681809453020867373 
+4.683897927630296998 
+4.686009309033233983 
+4.688057318638469972 
+4.690127187351131433 
+4.692134330412039311 
+4.694162275373502169 
+4.696168885350352262 
+4.698194344222859975 
+4.700157525736417874 
+4.702059646020995132 
+4.703979855206331884 
+4.705839675084208196 
+4.707678410618503229 
+4.711031598536755460 
+4.712846412320639722 
+4.714602488305763117 
+4.716336984308012070 
+4.718085250150799048 
+4.719775823477570853 
+4.722852427105193485 
+4.724513925150628957 
+4.726152300734239198 
+4.727767443053201291 
+4.730673134099109944 
+4.732221764130302155 
+4.733777607572379864 
+4.735278316471007720 
+4.736785026588220759 
+4.738237354664945222 
+4.739665565822164695 
+4.741041136795286270 
+4.742421271109326320 
+4.743749527558779988 
+4.746149872447682938 
+4.747462564828613729 
+4.748723855357840584 
+4.749960135435925324 
+4.751195744046699865 
+4.752381138543179340 
+4.753541171265307064 
+4.755605382136632642 
+4.757604393298641376 
+4.758664754867565350 
+4.760485047104728196 
+4.761430875258040984 
+4.762351401407398654 
+4.763264890168666277 
+4.764151774487621616 
+4.765011934059646848 
+4.765845248257788214 
+4.766651596132311042 
+4.767446476784064302 
+4.768197971310404348 
+4.769520993611049420 
+4.770194067530293403 
+4.770852339799631636 
+4.771457040900012103 
+4.772046693658031913 
+4.772597112176316436 
+4.773120493080081239 
+4.773626767807926718 
+4.774104619868713151 
+4.774553924126082372 
+4.774974555114208208 
+4.775366387037281335 
+4.775729293769070516 
+4.776056626714567876 
+4.776355962514259978 
+4.776632532240893347 
+4.776874925450744769 
+4.777093116256248884 
+4.777278076396176409 
+4.777437386289269838 
+4.777566760552987901 
+4.777727165388311548 
+4.777770296800864180 
+4.777782934083549371 
+4.777764439124675633 
+4.777716556652745972 
+4.777637162716311892 
+4.777529372209785130 
+4.777250479892390267 
+4.777052867949139525 
+4.776828785435069058 
+4.776563128388378487 
+4.776270734367980886 
+4.775650583591504628 
+4.775267458890889216 
+4.774852092022432437 
+4.773994695124334164 
+4.773497161717881632 
+4.772956834319361796 
+4.772395636704030331 
+4.771790051262618348 
+4.771164664709341530 
+4.770507319673320978 
+4.769788462057237943 
+4.769050060148165571 
+4.768277940080197119 
+4.766047066646255104 
+4.765149890152156509 
+4.763432320236979933 
+4.761600520997709474 
+4.759631114485055825 
+4.758532344751417398 
+4.757375761769969458 
+4.756208436558617692 
+4.753927612228543431 
+4.751553272460578903 
+4.750223362758749346 
+4.748829884111325228 
+4.747400029216851003 
+4.745903345348078339 
+4.741800567523315024 
+4.740198018354838894 
+4.738558260376513509 
+4.736881146164647838 
+4.733666892742752097 
+4.731845414795429861 
+4.728428860902037734 
+4.724880525924180397 
+4.722914963531889221 
+4.720910763354070561 
+4.718867774487743638 
+4.716742950802990109 
+4.714621131020001243 
+4.712460064539973459 
+4.710214280221597605 
+4.707973454083766995 
+4.705645963851572411 
+4.703372524168780267 
+4.701012113052517094 
+4.698611532322710893 
+4.696170627386640817 
+4.693740289420426315 
+4.691219101643342881 
+4.688604415858709018 
+4.686000660760424985 
+4.683301397166003355 
+4.680614436116676380 
+4.677886055109292229 
+4.675116096568906698 
+4.672246585362791471 
+4.669392140908303013 
+4.666495640707357673 
+4.663556925678442155 
+4.660575836364063917 
+4.655052304413399789 
+4.651951015098898523 
+4.643514366711696262 
+4.640255263311459544 
+4.636952582636527431 
+4.633606162026042696 
+4.630285468640123803 
+4.626851979603775256 
+4.623445680671416369 
+4.616943943300990227 
+4.613340786600359955 
+4.609617856991027551 
+4.605923903184766743 
+4.598943683888196077 
+4.595120172484924659 
+4.591171554556217949 
+4.587255604435645395 
+4.583293648433599543 
+4.579285518249448295 
+4.575231045194980695 
+4.571130060193892675 
+4.566897260275397663 
+4.562787876103285178 
+4.558546336916390551 
+4.550721495144291140 
+4.546436369117155429 
+4.538369864815974708 
+4.533861252189146818 
+4.525548848411172109 
+4.520999441602318925 
+4.516307108314785879 
+4.507659319642312923 
+4.502829055499455890 
+4.498049558788891567 
+4.493222579140259576 
+4.488245888279237761 
+4.483322447530081689 
+4.478246939517913638 
+4.473226358166450645 
+4.468051337800148737 
+4.462825783030245574 
+4.453204636871016753 
+4.447835799660408540 
+4.442415744327549376 
+4.432326508613503080 
+4.426646041054936198 
+4.420911517792761813 
+4.410335336660306638 
+4.399578294309634430 
+4.388639218496861005 
+4.382550824908240550 
+4.376406925024928896 
+4.370207322535567762 
+4.363951820686888361 
+4.357893765750919357 
+4.351655994347973788 
+4.345492931106750056 
+4.339277639939573383 
+4.332878809367012529 
+4.326557436701024884 
+4.319916566833837734 
+4.313352778388255260 
+4.306733626813789684 
+4.294293389051029308 
+4.287515012769109291 
+4.263276219175814674 
+4.250169806378692350 
+4.242884692496184051 
+4.229620942224846303 
+4.222317835757180227 
+4.214956857396860990 
+4.207537812431806579 
+4.200060505730738747 
+4.192679118465764354 
+4.185085900186473751 
+4.177590590347827870 
+4.163542989608146172 
+4.155565188937432985 
+4.141048623922458205 
+4.133060188780361521 
+4.125011590706523457 
+4.116736511173454183 
+4.108565749898816399 
+4.100334221466545692 
+4.085227000830738753 
+4.076823251197742692 
+4.068531342778125115 
+4.060005580289914207 
+4.051241974770569243 
+4.042590863582995020 
+4.026358944074065249 
+4.017348296627815785 
+4.008272116320843459 
+3.999313669228580892 
+3.990291868766720818 
+3.973555481064277473 
+3.964352839475932200 
+3.954896262892670045 
+3.945563802800590381 
+3.936166774506091315 
+3.926704969110761390 
+3.917178177280954188 
+3.875005396083297526 
+3.864925277133308690 
+3.854776093651735458 
+3.836126608031552365 
+3.825781444590544922 
+3.807193886891676371 
+3.797076713566662765 
+3.778145580621090183 
+3.758773091424051138 
+3.748346622750513113 
+3.737854169222922351 
+3.727074849306353244 
+3.707542205385801815 
+3.696568876054593389 
+3.685751810213325097 
+3.674640080823693644 
+3.663687017332381224 
+3.652205678006064993 
+3.640882562985180648 
+3.629488543747197760 
+3.618023398374216271 
+3.606486904498900969 
+3.594641193225367459 
+3.582720722320424933 
+3.570965899951143996 
+3.559138825946660312 
+3.546995671477388701 
+3.535021933781044012 
+3.522728653200233762 
+3.489907736183626596 
+3.477588196138363230 
+3.465194655128199130 
+3.452726885001412782 
+3.439927916432726551 
+3.427309475184177501 
+3.414616112936471382 
+3.401586233686554106 
+3.388740798218144334 
+3.376084198024277061 
+3.363088847313731478 
+3.350017421077156943 
+3.337138772428840383 
+3.323916062211341504 
+3.288187940372636842 
+3.274682072979930414 
+3.260820551814465951 
+3.247157598343276774 
+3.233135294591386710 
+3.219314292375980546 
+3.205130221772606980 
+3.179104413333496026 
+3.152805212988573302 
+3.138530330061865214 
+3.111807538425791275 
+3.085105678187403111 
+3.070453435047371116 
+3.055418585475945026 
+3.040602277205124437 
+3.025704398859188515 
+3.010418145813456903 
+2.995354720491589795 
+2.967472607164530984 
+2.952175065232080620 
+2.936794522852447464 
+2.908009614265402831 
+2.892710165842489634 
+2.876687577555266273 
+2.861223415511419788 
+2.845353501396613360 
+2.829725349037488513 
+2.813687540557305411 
+2.797564547908330645 
+2.781687760918072350 
+2.765395400532772552 
+2.749352221015834985 
+2.732889509358591873 
+2.716678972029033634 
+2.700385260320450787 
+2.683666057763001156 
+2.667203538479467451 
+2.636457116645364529 
+2.619754517575667574 
+2.602616707304532540 
+2.585742943778134961 
+2.568429901715613362 
+2.551383990463725659 
+2.533894710975775677 
+2.516675665043585308 
+2.499370578048600411 
+2.481615967469099182 
+2.449136975577967501 
+2.431496179907832289 
+2.413397890960259140 
+2.395580564905648746 
+2.377301556226663504 
+2.359306696482056598 
+2.340845941963412447 
+2.322292986389093539 
+2.304029011224783208 
+2.285292758180146766 
+2.266463518083644768 
+2.232024776414631706 
+2.212932229916920512 
+2.193745683253254253 
+2.174859299791493950 
+2.155485884263465213 
+2.136415932352011993 
+2.116854599138529913 
+2.097600049475695450 
+2.077849745905059109 
+2.058003581665350801 
+2.038469234956003628 
+2.018432508649477874 
+1.998710969035964347 
+1.978482618312031871 
+1.958572843226562110 
+1.938151801858034595 
+1.918052744931698195 
+1.897437942807412625 
+1.876724853481455568 
+1.838850838494154205 
+1.800650014275760880 
+1.779911083078915768 
+1.758641273014139417 
+1.737708474291818961 
+1.716240213775962475 
+1.695112480737805294 
+1.673444678792969320 
+1.652120940801454330 
+1.630252502518806823 
+1.607832861134653069 
+1.585758516588728684 
+1.563581834082371058 
+1.541302531673465870 
+1.518462473784595534 
+1.495974974931775003 
+1.454401630966879910 
+1.431619861956845652 
+1.408265661344462849 
+1.385272906826586770 
+1.362175293526327824 
+1.319476976590378436 
+1.296080346007055573 
+1.273058460463070585 
+1.249934623815005530 
+1.225738589568645676 
+1.161816733071843633 
+1.137709699547825970 
+1.113494776411572573 
+1.089171671760627458 
+1.064240358009160836 
+1.039697789758133872 
+1.015046155173473519 
+0.990791581778644126 
+0.965923172828466403 
+0.940944820028738915 
+0.895293811535650574 
+0.849277342936408663 
+0.823785794144134442 
+0.798706261174621845 
+0.772993470051712261 
+0.747168472128751260 
+0.721761431263318265 
+0.695180657207883357 
+0.669017239556509047 
+0.642202969090179820 
+0.615270293879637054 
+0.565947925217613834 
+0.539226154899475896 
+0.512389493981902922 
+0.485437638228267687 
+0.458370282871397139 
+0.430631156298155959 
+0.403329512513832533 
+0.375911445378859677 
+0.348376647988198007 
+0.320159268945277020 
+0.269059845817945398 
+0.241071918515840311 
+0.212390934462135750 
+0.183586517572647656 
+0.154658337855462458 
+0.126188328455866472 
+0.098183483742307454 
