+5.071251464593826697 
+4.985624012372411151 
+4.898984685463437572 
+4.813121546664741679 
+4.728030779120581784 
+4.645421780608046447 
+4.563546729516719580 
+4.479036838396234899 
+4.396982186637780288 
+4.315681059652102469 
+4.235129704711831700 
+4.155324379766714316 
+4.074655525227505848 
+3.996346111113289190 
+3.918771489164543986 
+3.841927960120208319 
+3.764265993187898562 
+3.688888326290577169 
+3.614230643377061014 
+3.540289287755806757 
+3.468547976188165016 
+3.396013913234035897 
+3.325644205654396224 
+3.254503228648951030 
+3.182630241977253860 
+3.112896509845330506 
+3.043853875942431841 
+2.974110898943296721 
+2.906453674798127107 
+2.839476789270697576 
+2.771830660250310441 
+2.706217541772998114 
+2.639955669165409358 
+2.575691947545413196 
+2.510799711554367875 
+2.447871102127403997 
+2.385598047274013034 
+2.322726273518941564 
+2.261767135018053931 
+2.200228901722966146 
+2.140569607312289069 
+2.080350598287841191 
+2.021977160442129939 
+1.964235007808465827 
+1.905961661554408604 
+1.849484612377017889 
+1.792495148199834798 
+1.737269425380788324 
+1.681549827875450376 
+1.627561738262398361 
+1.573098077567089970 
+1.520334011726798717 
+1.468170766555856321 
+1.416605038643408143 
+1.364599464106965865 
+1.314230926721373649 
+1.265460075607792056 
+1.216251584204724345 
+1.167624244074924267 
+1.119574812140024189 
+1.071137143828934768 
+1.024245467863506676 
+0.976982481310892048 
+0.932163433456289603 
+0.886966679117199952 
+0.842328519331347891 
+0.798245780992332676 
+0.754715300906187103 
+0.711733925777795484 
+0.670159104389361104 
+0.629105242089208261 
+0.587730393120513561 
+0.547720348359390208 
+0.508222419383056234 
+0.467620174467936245 
+0.427567176231260504 
+0.388060157440787812 
+0.349095861464258306 
+0.311434272710730653 
+0.273535001603659289 
+0.236910931683201653 
+0.200795806844395130 
+0.165186611146947548 
+0.130791785539224215 
+0.096876747882065573 
+0.062747115949469467 
+0.029111567539591654 
-0.003361337926358843 
-0.036027546534123545 
-0.068208486655743528 
-0.099907097641695586 
-0.131126309255642504 
-0.161869041688019522 
-0.191525182093060131 
-0.221333255031261444 
-0.250079370143033053 
-0.278964115730243378 
-0.307386722905152787 
-0.334783946839472435 
-0.361743133294882391 
-0.388814925642401832 
-0.414897064567633755 
-0.441608765115073076 
-0.467856893638251670 
-0.493644432571714198 
-0.518974354161689355 
-0.543356551666653864 
-0.567789119834204214 
-0.591772867681245707 
-0.615310727053485884 
-0.637948044055584695 
-0.660611654210010890 
-0.681957355081915573 
-0.703334802219940158 
-0.723874041141209013 
-0.744433531151537764 
-0.764990834068901115 
-0.785124941867683113 
-0.804838697311982543 
-0.823753081885565841 
-0.842642887343081348 
-0.861120752757174479 
-0.879189481259771810 
-0.896502582515855906 
-0.913428051032464161 
-0.929634768718735849 
-0.945474464648738078 
-0.961268114662574114 
-0.976373551025975672 
-0.991119302347011732 
-1.005803758615811283 
-1.019829999683031119 
-1.033503816326961200 
-1.047101468949724001 
-1.060603233568057746 
-1.073471603771849914 
-1.086234443872148958 
-1.098383786011351226 
-1.110181016566665235 
-1.121628620570382040 
-1.132952016675370821 
-1.143700778281425912 
-1.154107365043974376 
-1.164174226215583197 
-1.173903802183412282 
-1.183298524482793823 
-1.192542316093589072 
-1.201267880352158812 
-1.209833875467785091 
-1.217900098545268150 
-1.225798277352613930 
-1.233214903612012137 
-1.240455172437259002 
-1.247231873971308858 
-1.253695401219754757 
-1.259970442368647525 
-1.265808369896240571 
-1.271340173581512190 
-1.276671716909785204 
-1.281592085626487076 
-1.286213301814641774 
-1.290537656172448422 
-1.294567430778987394 
-1.298231531135948913 
-1.301684854698077487 
-1.304850347206047090 
-1.307730256573031546 
-1.310376878684835766 
-1.312686617486393814 
-1.314756069808491468 
-1.316537530962512470 
-1.318006211568039099 
-1.319224352554884128 
-1.320161456275261713 
-1.320819837991450640 
-1.321196858501356708 
-1.321310165330917386 
-1.321151595424714387 
-1.320734618426562257 
-1.320060856158216112 
-1.319110852651294685 
-1.317924763860728099 
-1.316488291930032695 
-1.314803539716943526 
-1.312830646141213364 
-1.310650648720319111 
-1.308176738921861038 
-1.305509977890065620 
-1.302543671732129482 
-1.299398560480932829 
-1.295948408344960612 
-1.292409371710290245 
-1.288650007726563018 
-1.284587035286888224 
-1.280208592720473604 
-1.273784500636883976 
-1.268855504750590057 
-1.263804106257666149 
-1.258535946408082751 
-1.253052992634674290 
-1.247238761291029618 
-1.241204992654485473 
-1.234826522147527861 
-1.228223974098603399 
-1.221535452386211418 
-1.214495543529333865 
-1.207382385419498050 
-1.199913560822490233 
-1.192536598181019869 
-1.184964533962432398 
-1.177038771296995634 
-1.169078241789653028 
-1.160928256404934800 
-1.152590668401034080 
-1.144067323136212622 
-1.135360058082392598 
-1.126470702838753724 
-1.117214120503154717 
-1.107962419156605982 
-1.098534106094169793 
-1.088733189573721560 
-1.079154829355839063 
-1.069412146403565522 
-1.059298730151540191 
-1.049229063167888221 
-1.038785305629748912 
-1.028395408761838326 
-1.017406754969175431 
-1.006475442243658591 
-0.995157100724492594 
-0.983906214344754559 
-0.972265353217264483 
-0.960701886314532238 
-0.948745609214875607 
-0.936876491841217351 
-0.924611838154609345 
-0.912443937509393344 
-0.899877882601182399 
-0.887418003257551824 
-0.874298751526810136 
-0.861289176737344953 
-0.847870710710455278 
-0.834303896727325522 
-0.820860847759024459 
-0.807005630843288913 
-0.793559103365962137 
-0.779703811049186513 
-0.765714493923566941 
-0.751876552705119217 
-0.737913083880370912 
-0.723825655044625371 
-0.709615826400553651 
-0.695578811300186395 
-0.681131253470266707 
-0.666864320343425909 
-0.652485790549341971 
-0.637694087480504379 
-0.623094404582272610 
-0.608079905524838260 
-0.593264863662113839 
-0.578033455210220204 
-0.563008793213405134 
-0.547566305604001435 
-0.532337707198683674 
-0.516689914520247484 
-0.501263008531643628 
-0.485415628932877929 
-0.469469583231548526 
-0.453426309203107891 
-0.437287237472782309 
-0.421053791529176991 
-0.404727387737822575 
-0.388645401451718442 
-0.372139128391326679 
-0.355883628384171757 
-0.339202953642466554 
-0.322436240283133557 
-0.305929605436929819 
-0.289343011854866106 
-0.272329717576432984 
-0.255585437212592304 
-0.238765041400209377 
-0.221517018045537029 
-0.204192319856540294 
-0.187148120154112974 
-0.169318195451158893 
-0.151771400150041202 
-0.133792902141271597 
-0.116103161638309693 
-0.097981497495626790 
-0.080154082448630426 
-0.062626287421847948 
-0.044669036651037608 
-0.027016487843787296 
-0.009303993211526418 
+0.008838123107789642 
+0.026668177115023894 
+0.044554645355658451 
+0.062496371279072704 
+0.080867684892640845 
+0.098917572639576790 
+0.117019261992880708 
+0.135550326188703885 
+0.153753250214069936 
+0.172385318772246166 
+0.190684906853792135 
+0.209413339787442254 
+0.228572355216997813 
+0.247779000157911433 
+0.266646537154111130 
+0.285943867368697369 
+0.304897933924833886 
+0.323893107019339155 
+0.342539391128291015 
+0.361612609337252700 
+0.380333193681259729 
+0.399480075780457078 
+0.418270693302294383 
+0.437486908555046128 
+0.456736517334500824 
+0.476018433812551933 
+0.495331578608483092 
+0.514674878775412736 
+0.534442918102081777 
+0.553843896858935203 
+0.572875078255024484 
+0.592328398637604892 
+0.611408849330587145 
+0.630910431943735972 
+0.650036179928086710 
+0.669581994603336561 
+0.688749115993377181 
+0.708335181580229900 
+0.727539800405660131 
+0.747162184562898624 
+0.766400472564357393 
+0.785654020306536971 
+0.805725034040007948 
+0.825408727542559006 
+0.845105405775225194 
+0.865216445575417659 
+0.885338992391949020 
+0.905069282090275706 
+0.924808714851250713 
+0.944959447469003955 
+0.964714505742288786 
+0.984475901008043053 
+1.004646170937752991 
+1.024417578560234965 
+1.044192572705258115 
+1.063566607790384033 
+1.083346057930629769 
+1.102722750780286809 
+1.122099505752822690 
+1.141879153263519520 
+1.161253529891087766 
+1.181029053111000149 
+1.201204685853057619 
+1.220972537350689002 
+1.240735312663890255 
+1.260492172777559094 
+1.280645272011170288 
+1.299984820856693535 
+1.319316312045529571 
+1.339041435223735643 
+1.358756552893009228 
+1.378862871726906469 
+1.398555327319150443 
+1.417833862865703232 
+1.437500977581496198 
+1.456753185429797259 
+1.475991262071592924 
+1.495614804996325820 
+1.514822122898090040 
+1.534412775535803242 
+1.553586424898390828 
+1.572742350678128620 
+1.592278353407014624 
+1.611794424903521428 
+1.631289835329129190 
+1.651161061859862222 
+1.670612524667215215 
+1.690041156232549913 
+1.709842021632102860 
+1.729222372708139943 
+1.748183019307151032 
+1.767907533725691316 
+1.787604637269360808 
+1.807273608288868960 
+1.827306234446231414 
+1.846916201060175844 
+1.866495892069444995 
+1.885653943481119921 
+1.905171636271738134 
+1.924267606110241058 
+1.943331879232202297 
+1.961975741333095158 
+1.980587986652239341 
+1.999554766194387767 
+2.018101333979515744 
+2.036999860688894604 
+2.055478396335446600 
+2.074306287348150590 
+2.092714476941702539 
+2.111469390827304338 
+2.129804960939087888 
+2.148484597491947312 
+2.166745314974433345 
+2.185347415004972316 
+2.203531086787394955 
+2.222053431913371124 
+2.240534658018187741 
+2.258598317235178232 
+2.276996525902430069 
+2.294977820046197881 
+2.313290894206076587 
+2.331932552799068414 
+2.350156595711375473 
+2.368706318502461716 
+2.386839209022213915 
+2.405294853114468001 
+2.423334512252231843 
+2.441693977649039393 
+2.459638368344482462 
+2.477534865176912238 
+2.495019223783553119 
+2.512819488413859048 
+2.530208664467651580 
+2.547550071760882329 
+2.565562771700649947 
+2.583164000601527732 
+2.601071701562740035 
+2.618925659233220404 
+2.636369941324819610 
+2.654116100600048433 
+2.671807126413925815 
+2.689442562827800920 
+2.706319864904322525 
+2.723145126288708084 
+2.740266830982243995 
+2.756985741992742600 
+2.773651448711401457 
+2.790609088389616854 
+2.807510496184679738 
+2.824012078745755883 
+2.840801022497287498 
+2.857532584067803860 
+2.873866684961955631 
+2.890483547078073645 
+2.906704579881665751 
+2.923205303254539533 
+2.939311875899256243 
+2.956362488959104251 
+2.973348198719054647 
+2.989275112985741334 
+3.005473851294606202 
+3.021282920651628956 
+3.037360707836126661 
+3.053050665334189340 
+3.069006225846881541 
+3.084575839352611926 
+3.100407933082935497 
+3.115856005074443047 
+3.131563427140042322 
+3.146888794502424425 
+3.162470375040386639 
+3.177671908861328554 
+3.193126512819533858 
+3.208203118184811409 
+3.223217508722076463 
+3.238480260902266927 
+3.253368149208739180 
+3.268501243425646408 
+3.283875258554827425 
+3.298874975047097813 
+3.313808296220543070 
+3.328674976228003679 
+3.343776112159282832 
+3.359107265954457855 
+3.374066964501272192 
+3.389550380910049121 
+3.404661832375593278 
+3.419699548383680288 
+3.434955952114941091 
+3.449261572974820389 
+3.463498474884439737 
+3.477666455905269238 
+3.492052329125955978 
+3.506080462787846130 
+3.520039091022161948 
+3.533928028662219667 
+3.547747094678925350 
+3.561775973773812165 
+3.575453335080205353 
+3.589060302965206173 
+3.602596712897284004 
+3.616062404414241982 
+3.629729845668351551 
+3.643052184085214584 
+3.656573033677624096 
+3.669751413801418671 
+3.682858328120914848 
+3.695893640467005525 
+3.709121033638448139 
+3.722011281524219672 
+3.735090386912337301 
+3.747835063298199820 
+3.760507511528580871 
+3.773107619231553134 
+3.785380336307501814 
+3.797836923098414807 
+3.809968851068780360 
+3.822281521855448894 
+3.834272288324122702 
+3.846193072906988419 
+3.858289939520992640 
+3.870558333587650779 
+3.882507439903504221 
+3.894383298192051868 
+3.906185837911375192 
+3.918153598198244048 
+3.929570698175597787 
+3.941152896296732600 
+3.952427396555489025 
+3.963863918675838427 
+3.974995619581698669 
+3.986286276162944731 
+3.997503185043410845 
+4.008646308729783669 
+4.019490447262974442 
+4.030487409960408662 
+4.041188315623863048 
+4.052039012515970207 
+4.062596596237932900 
+4.073300950233811335 
+4.083715149999887828 
+4.094058382211395397 
+4.104543892174106645 
+4.114743697737720751 
+4.125082791981540709 
+4.135347928867150635 
+4.145539116493171861 
+4.155862071127736534 
+4.165903889854002173 
+4.176074462117930430 
+4.185765837386073329 
+4.195386339648420559 
+4.205134193819139554 
+4.214611558843253114 
+4.224018141535792026 
+4.233547722688137505 
+4.243003621083939692 
+4.252195142893079094 
+4.261505315758573609 
+4.270741950028179801 
+4.279905100609582291 
+4.288994825667195698 
+4.298194430531062871 
+4.307135996780824705 
+4.316184557268313959 
+4.324978241942047497 
+4.333876054416128554 
+4.342522161097022604 
+4.351269548694228106 
+4.359768407090319542 
+4.368194514978921639 
+4.376547962597905794 
+4.384997085936636729 
+4.393204018176737335 
+4.401338581505701342 
+4.409237063561487702 
+4.417391015053670600 
+4.425309099699392235 
+4.433155244260247763 
+4.441087476031708725 
+4.448788625549184417 
+4.456418190756195052 
+4.463976295430897245 
+4.471310987255500358 
+4.478728005840121540 
+4.485924742499729057 
+4.493201194399560450 
+4.500260495777617109 
+4.507396922963764041 
+4.514462829161900004 
+4.521458361243035462 
+4.528383668926267980 
+4.535099701399533778 
+4.541886446063993610 
+4.548467044164628881 
+4.555115845454307255 
+4.561561626797176139 
+4.567940929614840329 
+4.574384729259446836 
+4.580759589016560440 
+4.587065683404857097 
+4.593303189656407604 
+4.599472287702992546 
+4.605573160162561130 
+4.611728404204868070 
+4.617692001254670053 
+4.623468290205461351 
+4.629298139743753815 
+4.634943784134074818 
+4.640525060161300175 
+4.646042156732479889 
+4.651608192506644812 
+4.657107752192901629 
+4.662651239358289068 
+4.668017129261179399 
+4.673424661087852705 
+4.678657753482121429 
+4.683930230607852963 
+4.689031418412313634 
+4.694067656743769135 
+4.699039171805459603 
+4.704045665593293180 
+4.708887113399359059 
+4.713664535930081279 
+4.718473703189428825 
+4.723122490904801296 
+4.727707973238496564 
+4.732322032673920376 
+4.736689996524628299 
+4.741087030709971728 
+4.745509562409366389 
+4.749867473790283512 
+4.754161035538918334 
+4.758390520810358737 
+4.762473514979764566 
+4.766576944278921424 
+4.770617125596875674 
+4.774515412660528035 
+4.778431199696285603 
+4.782208130492183962 
+4.786000650575896742 
+4.789657338880966009 
+4.793254930771978728 
+4.796793705604358138 
+4.800203502813707779 
+4.803626676053475819 
+4.806991877152116288 
+4.810299393845737015 
+4.813483758705430660 
+4.816677940502995803 
+4.819751845529745005 
+4.822833844031282347 
+4.825798425042742146 
+4.828709332373922969 
+4.831625815656479972 
+4.834486964991774549 
+4.837349783076105858 
+4.842414145686488425 
+4.845063643639281992 
+4.847711731911566346 
+4.850252807495945007 
+4.852740697319628538 
+4.855175720299067521 
+4.857558197207843875 
+4.859935465360299744 
+4.862212764036683232 
+4.864393586817534754 
+4.866525235192151300 
+4.868650893168619653 
+4.870684116335609382 
+4.872669106691807528 
+4.874646027590715747 
+4.876612169081350423 
+4.878489229794459980 
+4.880354179946513327 
+4.882168563804216710 
+4.883897952449758328 
+4.885613294008326335 
+4.887279162692585111 
+4.888864072451777787 
+4.890433079522381377 
+4.891923781591518861 
+4.893397393071998280 
+4.894795330744520889 
+4.896175026050225476 
+4.897481655630310016 
+4.898743635035954114 
+4.899961325690190606 
+4.901135090531999694 
+4.902287908367915392 
+4.903374038678708580 
+4.904417348467363880 
+4.905418206630533184 
+4.906376983512645396 
+4.907275749693629230 
+4.908152320628315302 
+4.908987922206887511 
+4.909782930400563572 
+4.910537722560633256 
+4.911238482192325172 
+4.911914781233432947 
+4.912539380397564770 
+4.913138680863444741 
+4.913699656576779873 
+4.914222692831214268 
+4.914708176205845547 
+4.915147714128799805 
+4.915560003186483229 
+4.915928588566252699 
+4.916269212908181530 
+4.916574220016255659 
+4.916844003848238387 
+4.917078959552926953 
+4.917283220051021253 
+4.917449019212017269 
+4.917581190848840045 
+4.917680134761095445 
+4.917747262213564063 
+4.917780636489142765 
+4.917781008756366923 
+4.917748816591268834 
+4.917684151178050911 
+4.917589689661634900 
+4.917462002199746607 
+4.917310079653098853 
+4.917125749141411539 
+4.916916926959083334 
+4.916680532003782744 
+4.916411174414340834 
+4.916120243730040862 
+4.915796025131005997 
+4.915452149158754835 
+4.915066718673959834 
+4.914670973871126947 
+4.914241398479077816 
+4.913786389371040286 
+4.913306366218052723 
+4.912812290896540368 
+4.912283991148995277 
+4.911720421881803134 
+4.911144556073472778 
+4.910520867157659453 
+4.909885783104095403 
+4.909227763591032634 
+4.908547261396313921 
+4.907830457897850884 
+4.907105925017471115 
+4.906375398462343718 
+4.905625026500572083 
+4.904855238915582838 
+4.904066466162700699 
+4.903259139355792939 
+4.902433690253333864 
+4.901607932134018242 
+4.900747884076828598 
+4.899889064780282411 
+4.898977725726179067 
+4.898068484389718868 
+4.897143715198805758 
+4.896203854033966962 
+4.895249337312128191 
+4.894260686881767519 
+4.893277893684065738 
+4.892261301305487642 
+4.891252019369000337 
+4.890209311290290017 
+4.889175332267768681 
+4.888108338617087156 
+4.887051457850518865 
+4.886005797655276872 
+4.884906127611344573 
+4.883818560654562546 
+4.882699167933440165 
+4.881593174892760345 
+4.880478730009702559 
+4.879333288642309086 
+4.878179978941816763 
+4.877019272113890302 
+4.875898472029767561 
+4.874748172016168724 
+4.873592099978785619 
+4.872430700493197264 
+4.871288265917478100 
+4.870117632303964328 
+4.868942997238760562 
+4.867740727535760925 
+4.865520460567818617 
+4.864310257625059641 
+4.863098171057172792 
+4.861884674937400952 
+4.860670243462936746 
+4.859503949542121504 
+4.858313355488747654 
+4.857147484081862920 
+4.855958196412424321 
+4.854794462037784974 
+4.853608231168803577 
+4.852424209981214709 
+4.851242845208995291 
+4.850064583578321376 
+4.848889871793855555 
+4.847695309122128648 
+4.846529132317022537 
+4.845367854320722145 
+4.844188389938636874 
+4.843038371759592842 
+4.841871326566113964 
+4.840734389952888961 
+4.839581622382055137 
+4.838436771695348249 
+4.837322955386597734 
+4.836195177100554687 
+4.835076726395812763 
+4.833968076249359314 
+4.832869699406648678 
+4.831782068366554661 
+4.830705655366274165 
+4.829640932366144668 
+4.828609300027942197 
+4.827589791402589370 
+4.826603271125541994 
+4.825609069722810673 
+4.824628312102946737 
+4.823661440650284682 
+4.822708897398498173 
+4.821752142668813690 
+4.820829895473567106 
+4.819904973734181475 
+4.819014822324579228 
+4.818123568328021022 
+4.817267309033458567 
+4.816411553947693491 
+4.815590979471459754 
+4.814788729234089182 
+4.814005240975012256 
+4.813225557168902213 
+4.812481309343621838 
+4.811771717862886710 
+4.811067644683745925 
+4.810384514390136701 
+4.809722761510344391 
+4.809082819989670021 
+4.808452751774650480 
+4.807858199716075198 
+4.807286766032444980 
+4.806738882188984263 
+4.806225428356674101 
+4.805735390720707656 
+4.805259716324054686 
+4.804818230562104553 
+4.804392959054317735 
+4.804001668588263385 
+4.803628474843362639 
+4.803282223345121338 
+4.802963339272811716 
+4.802672247033615172 
+4.802409370248840403 
+4.802175131740391123 
+4.801969953517204459 
+4.801794256761496626 
+4.801651135560724981 
+4.801535038923429255 
+4.801451105875860215 
+4.801396249899208435 
+4.801373108720834892 
+4.801380641167663832 
+4.801421525481710084 
+4.801494718113386462 
+4.801601118148569824 
+4.801741137815452198 
+4.801919097638799983 
+4.802128296485077996 
+4.802372354084064376 
+4.802657749230601070 
+4.802973480256599537 
+4.803325299884546595 
+4.803721920767380027 
+4.804147888959306556 
+4.804611165956409025 
+4.805112153555369581 
+4.805662654089874586 
+4.806241053908713035 
+4.806858371112097572 
+4.807515002943388183 
+4.808211345479416643 
+4.808963243526143572 
+4.809757319126275021 
+4.810576835739954760 
+4.811419668313301479 
+4.812321318266598702 
+4.813265038046860234 
+4.814251215158088293 
+4.815258804608609111 
+4.816330167724384381 
+4.817421942335776031 
+4.818579994935970667 
+4.819807411042625667 
+4.821081419561211057 
+4.822402422431951940 
+4.823770820109192670 
+4.825187011546010041 
+4.826651394179306998 
+4.828133625813159746 
+4.829631209591948249 
+4.832595510195753619 
+4.834294683569821061 
+4.835973348659667437 
+4.837735299320011784 
+4.839508965977201704 
+4.841330157110436794 
+4.843238660717839039 
+4.845197399905321944 
+4.847165216351481121 
+4.849224451332436736 
+4.853096130965611543 
+4.855255209670485073 
+4.857511010713665200 
+4.859819431557114378 
+4.862229563232544294 
+4.866707941533339188 
+4.869222546619225156 
+4.871844428121103299 
+4.876652337116880176 
+4.884003149040097469 
+4.886875999978550489 
+4.889744943854316794 
+4.892729840372299854 
+4.895771820956861475 
+4.901573758912485701 
+4.907508685916289970 
+4.910822888061678881 
+4.914265438421762333 
+4.917769642265125363 
+4.921263895252889320 
+4.924744851243972654 
+4.928357850592543166 
+4.932031288704110672 
+4.935688650494247653 
+4.939482620764557019 
+4.943337923080941110 
+4.950661495430072279 
+4.958115488483072930 
+4.962262595174051327 
+4.966559268963369966 
+4.970833931776586390 
+4.975172155231814664 
+4.979574219101198018 
+4.983948611716068733 
+4.988477870275312753 
+4.993071790131950571 
+4.997730642473046991 
+5.002454696294151404 
+5.011401831046156552 
+5.020474389273742233 
+5.029875630164148959 
+5.035033316635780132 
+5.040258163640683797 
+5.045659129768694129 
+5.055558584239558506 
+5.060932151366690945 
+5.066485318640317814 
+5.071991654132687266 
+5.077564025625810551 
+5.083320830244313804 
+5.089027317538982409 
+5.099784728618972807 
+5.105805706812609479 
+5.116921297268577362 
+5.123012723510986355 
+5.129430145077959580 
+5.141299604242899335 
+5.147925942722521242 
+5.154492036350974971 
+5.161266100578673743 
+5.168115091651419135 
+5.174760808857687522 
+5.181616593294342543 
+5.188402800729440933 
+5.195402376064043537 
+5.202329801043333646 
+5.209473899460559387 
+5.222786744920154156 
+5.236499979487595269 
+5.244143186379399246 
+5.251863546229006197 
+5.259504522633951851 
+5.267378162664973829 
+5.275329472254392194 
+5.283358618743332791 
+5.291302858012405075 
+5.299486603310843869 
+5.307416677894641666 
+5.315586553536776115 
+5.323662902904676919 
+5.331982378551388457 
+5.340205541558110447 
+5.348501547144485002 
+5.357045649539766252 
+5.365665919185539146 
+5.381877495143977619 
+5.390716069277287303 
+5.399631280020273039 
+5.408807551175416783 
+5.417877945190738842 
+5.426837861180810130 
+5.443646819439155848 
+5.453009945895155752 
+5.462256992060585681 
+5.471773343604534823 
+5.481170664657726732 
+5.490840596288071751 
+5.500388528135395916 
+5.510212370609928634 
+5.528459073235346466 
+5.538709807230492110 
+5.549041832944999975 
+5.568054956745218220 
+5.578616590374246620 
+5.589259764006357045 
+5.599553976009554290 
+5.610140265127202319 
+5.620805015068166099 
+5.640597876725819582 
+5.651262443498650256 
+5.662451580268080598 
+5.673496376083395631 
+5.684847667320996223 
+5.696051426483358604 
+5.707564971088643802 
+5.718927776509064920 
+5.740003378326438366 
+5.751589577016750887 
+5.763493417357437032 
+5.775238745841704713 
+5.787304960057657155 
+5.799209404355459618 
+5.811192588870498277 
+5.833159309379581714 
+5.845364165013499758 
+5.857396217834390129 
+5.880159691390040244 
+5.892920627896827135 
+5.905505689167542371 
+5.918428507778736858 
+5.942157631552578145 
+5.955310676809340009 
+5.968279763963027840 
+5.981594181302270385 
+5.994990001457558115 
+6.008467153138370875 
+6.021753597034297911 
+6.035118004659769220 
+6.048285187029062371 
+6.061803695900957578 
+6.075399923468993713 
+6.088793946278935998 
+6.102543756608462822 
+6.116088044564507165 
+6.129991055988360138 
+6.143685220574262473 
+6.157741021486798694 
+6.171584644757015070 
+6.185502063275850837 
+6.200370051449718645 
+6.215321079431773477 
+6.230355002323637592 
+6.245768901943231199 
+6.260670929982107502 
+6.275952621641565088 
+6.291014538158747449 
+6.305851781237293174 
+6.321069792454967029 
+6.336059691283768558 
+6.351433141594309717 
+6.366575036939503995 
+6.382103236517044920 
+6.410250134160756730 
+6.425995926606361763 
+6.441501841748626056 
+6.470494958174368705 
+6.486855116155533452 
+6.503294913509494179 
+6.519814117667910303 
+6.536086273386757739 
+6.552762028399888194 
+6.569845770897044801 
+6.586018530168250784 
+6.602263457507136835 
+6.618246605634915625 
+6.634298560452813298 
+6.650755667445494623 
+6.680829137203639689 
+6.697826861704294643 
+6.714213744163783915 
+6.730668034324040150 
+6.747534390943037863 
+6.764124132384069732 
+6.781128227436113320 
+6.812189921137743021 
+6.829388078045586674 
+6.846654588852263856 
+6.863989157014790621 
+6.881391481488955186 
+6.899218482892765181 
+6.916756765739530799 
+6.934721849471237931 
+6.952033470846686214 
+6.969771249977799954 
+6.987574877110958482 
+7.005809375389626226 
+7.023745021428232427 
+7.042113524699979976 
+7.060179792102612595 
+7.078680854788044208 
+7.097248304827299847 
+7.115135157867399585 
+7.133457039400023625 
+7.151841581718278107 
+7.169911323548330273 
+7.188418797246789893 
+7.206608227806786005 
+7.225237125363753066 
+7.243926775902803428 
+7.262676780511110763 
+7.281102262275628512 
+7.299584888449718534 
+7.334004641142295888 
+7.353037216083120775 
+7.371737567662092872 
+7.390884452847306108 
+7.410088434464585205 
+7.428955433509493389 
+7.448665916441179924 
+7.468434455824214169 
+7.487863483627954508 
+7.507745539437701510 
+7.527284866761307036 
+7.546878077524228345 
+7.566926199498142935 
+7.586626818177277798 
+7.606783532142951998 
+7.626589572860474675 
+7.663101636981114240 
+7.699784083006800728 
+7.719826139280011823 
+7.790975545831083870 
+7.811235555265525043 
+7.831957086914609789 
+7.852310721011704686 
+7.873126638884213158 
+7.893571634597140729 
+7.914060999190748014 
+7.934594162460423483 
+7.971999238972221846 
+7.992230728217077917 
+8.012502123597940340 
+8.033236420127593647 
+8.053586745384871293 
+8.073975270726133857 
+8.129808718474309970 
+8.186769057437315311 
+8.208251666329662299 
+8.229770889396483824 
+8.250894584069740745 
+8.272484255549043652 
+8.293675643164155176 
+8.314899529295603386 
+8.336155240380124454 
+8.357442097328956265 
+8.378759415515061093 
+8.400542464758492756 
+8.421919215405658576 
+8.443761454996291604 
+8.465194774783389775 
+8.487093259429205006 
+8.508580238848354682 
+8.530531976012213136 
+8.552069659141933400 
+8.574071608810040601 
+8.630946417255927372 
+8.652147474471128419 
+8.691509292549234544 
+8.713207608269472715 
+8.734480878343223509 
+8.756214718429518484 
+8.795732812288672875 
+8.817511848707326294 
+8.839305401883692070 
+8.861112659993539253 
+8.882932805357105721 
+8.904765014424825154 
+8.963185631585625757 
+8.985054991373289113 
+9.007379046063014982 
+9.047580783135334315 
+9.069476784023059679 
+9.091377582707700356 
+9.113282299020728061 
+9.135637168992735369 
+9.157547090319859251 
+9.179458234247062975 
+9.201369696351218153 
+9.242060145632528645 
+9.282295664077791386 
+9.341281650154055427 
+9.363613412321619478 
+9.385490941359279304 
+9.408252400254786707 
+9.430557574868675630 
+9.452851824603635933 
+9.475579623435617549 
+9.497848618336945492 
+9.519658566588837800 
+9.560123429033531295 
+9.581889171167167873 
+9.604081139342538265 
+9.625810612670530730 
+9.666112814465382286 
+9.705899434033522510 
+9.727087144709747335 
+9.748251433440966451 
+9.769831443948472582 
+9.790945332751331165 
+9.812471783611012910 
+9.833531126958927615 
+9.854999761266938663 
+9.876437555015085579 
+9.898279916243065912 
+9.919216192038874169 
+9.940119671794279910 
+9.961423714221314896 
+9.982257684367858985 
+10.020791244899593053 
+10.077269470178958244 
+10.098746752908997593 
+10.137289793112634229 
+10.158209436988839158 
+10.179081799642981210 
+10.200330145107413315 
+10.221103312302549426 
+10.242247917751161168 
+10.262916936170705995 
+10.283952718903606183 
+10.304931590916151407 
+10.325852233922519829 
+10.347129927454613352 
+10.368344245642742152 
+10.389493765828435201 
+10.410577057348026742 
+10.431592681515962084 
+10.468918521235263341 
+10.489330562907587918 
+10.509672289519194521 
+10.546509236326851777 
+10.566243171628560304 
+10.586304943319696292 
+10.605890720794999282 
+10.625798519325595493 
+10.645230652896547241 
+10.664978850842256719 
+10.683859274923431570 
+10.703053026189614627 
+10.721775367201825446 
+10.740805032854666479 
+10.759363969717895770 
+10.778224090418142112 
+10.796996471792432715 
+10.815679699592699592 
+10.849758831909927181 
+10.868556386084073040 
+10.902142529943773752 
+10.920290828071308908 
+10.938707639772346170 
+10.957020011837983020 
+10.975226375177054905 
+10.992964241874309650 
+11.010956048074234559 
+11.028837123061842718 
+11.060386471300354572 
+11.077601123246779480 
+11.094703610265227667 
+11.111346834801093308 
+11.128222749109642820 
+11.144641059057995847 
+11.161284331127365732 
+11.177807757287645529 
+11.194209766707455600 
+11.210819714156929905 
+11.226971588914743450 
+11.242997257321055926 
+11.258895118662127999 
+11.287756950406487633 
+11.303283480523308668 
+11.318675992660367058 
+11.333622852248641522 
+11.348745228546011532 
+11.363424301839147645 
+11.378270068926143566 
+11.404869936103526840 
+11.419310905354818075 
+11.433314694597553896 
+11.447175881098401007 
+11.472775667267594457 
+11.486496397570565620 
+11.522681565212668175 
+11.535820554800420012 
+11.548797957668927694 
+11.561871810761040535 
+11.574773701126364500 
+11.587501740818625606 
+11.600054033455482028 
+11.612428674202952550 
+11.624623749760619518 
+11.636637338347174619 
+11.648467509684820698 
+11.669521395220511906 
+11.680823859336562975 
+11.691935454054041443 
+11.702854207930741381 
+11.713365584374304973 
+11.723687983289313053 
+11.733819525134769890 
+11.767844989432594716 
+11.777092156700557979 
+11.786320465381319167 
+11.795515220646917598 
+11.804313748182265087 
+11.812896391539711161 
+11.821095927866513975 
+11.835447161316150044 
+11.855132330090317083 
+11.862010933950767111 
+11.868812950727464894 
+11.886015756791341147 
+11.892098953975576592 
+11.897940870436556793 
+11.903429752814473019 
+11.908787480208321341 
+11.913797635435710021 
+11.918567706330883027 
+11.923185473316497252 
+11.930854892490653896 
+11.934603724067478936 
+11.938182928541055006 
+11.944036893295827184 
+11.946843940938197903 
+11.949453695160752176 
+11.951802892088764452 
+11.955396311586010683 
+11.957000005220645988 
+11.958310276091170365 
+11.960064373733239051 
+11.960621275827586274 
+11.960915305883212056 
+11.960932325536331788 
+11.960670838918918690 
+11.959468010696282292 
+11.958425650751223657 
+11.955754177648248771 
+11.953911006096410219 
+11.949738407403209806 
+11.947018278083245235 
+11.941230429487204034 
+11.937567585720877616 
+11.933747681327062651 
+11.929628151212682496 
+11.925111433456891064 
+11.916202492305625782 
+11.910793667121740924 
+11.905181462750302757 
+11.893813679024875185 
+11.887156850440920408 
+11.880167166135112922 
+11.872689186558428531 
+11.865019538358779982 
+11.857009632348843198 
+11.848482952153013059 
+11.832227237057992397 
+11.822687319521252292 
+11.812982239137941320 
+11.802922263947992931 
+11.792288533766253522 
+11.772201406116590050 
+11.760748854615012959 
+11.739006252319859058 
+11.726254053706245628 
+11.690986940347858791 
+11.677097433218193601 
+11.650885358091489508 
+11.635907423509271652 
+11.620537989995021633 
+11.604774407681000881 
+11.588614017518350963 
+11.571712016572874404 
+11.540231139659713477 
+11.522149318786855332 
+11.504015060633346224 
+11.484319190945118550 
+11.431806450033167977 
+11.411677085947960819 
+11.391122013566640447 
+11.352689453640470774 
+11.330920547149124999 
+11.290263189326633864 
+11.267732210747237076 
+11.244292171640999811 
+11.220405124826310583 
+11.196068231723117492 
+11.171278644294996951 
+11.145513534668570088 
+11.119800591182706029 
+11.093626293584609499 
+11.066439257938899487 
+11.039324020406986904 
+11.011170800853108176 
+10.983680328333070619 
+10.955146034218831375 
+10.926729777344576178 
+10.897851225484370019 
+10.867891311897126982 
+10.838070056779017136 
+10.807778094035203509 
+10.775720408913025850 
+10.743145754000561709 
+10.710050940691171917 
+10.648473089443822204 
+10.613894164030620360 
+10.578782802920100536 
+10.543135766742103954 
+10.506949805552203259 
+10.470961556307681661 
+10.433698894140858826 
+10.396649184229351803 
+10.358296956086498142 
+10.287861611306281517 
+10.247946462112482280 
+10.208281954083272325 
+10.168072148299351909 
+10.126476354257526680 
+10.085155183235890775 
+10.043279150585899373 
+10.001716670813241450 
+9.958732831858178258 
+9.916079009837702074 
+9.872880580857838595 
+9.828217291088819252 
+9.782050863228729298 
+9.735283391217940618 
+9.687911415667329607 
+9.600131796320857447 
+9.551036393580560002 
+9.502323513854992854 
+9.453013975698413063 
+9.360879989444063298 
+9.266701295045258746 
+9.213488649890683391 
+9.160718326714839321 
+9.106232910244726142 
+9.051099328853396742 
+8.995313976500959541 
+8.938873236062377714 
+8.881773479312606412 
+8.825172832778129361 
+8.767932336103520186 
+8.662317149895784496 
+8.554558960652069999 
+8.493072695594484856 
+8.432149984623556804 
+8.370564303320882971 
+8.255708881605309912 
+8.192223368093371150 
+8.126744844651678790 
+8.061888836793350777 
+7.996349124533372432 
+7.928763379568228409 
+7.805293509695310661 
+7.735683725100508390 
+7.668171447062901436 
+7.598555033646384516 
+7.471748599444227423 
+7.278701865275700733 
+7.206674018503825607 
+7.132424561020528131 
+6.933440888941068359 
+6.793163899791081484 
+6.713274355253072478 
+6.634222348955089998 
+6.554413969272848917 
+6.473845431054964905 
+6.390845110410889873 
+6.171292492418504416 
+6.087120878460274831 
+5.860009427374819779 
+5.772962995185218382 
+5.683319565935426532 
+5.594660913514855949 
+5.507032224376175122 
+5.416778451010612727 
+5.250769489479817587 
+5.082059278374843281 
+4.752210025777935165 
+4.655266380704365936 
+4.557478865543705737 
+4.458843451178148953 
+4.359356097453880530 
+4.256955988491869292 
+4.155734996898927669 
+3.967564514542936571 
+3.861756252268585321 
+3.669000136873384221 
+3.562803675685291882 
+3.455719598882380339 
+3.347743758390058666 
+3.238871994951293409 
+3.129100138112310692 
+2.927402834337002435 
+2.815073511752715696 
+2.704148393300523256 
+2.590001446145245634 
+2.474930012794674727 
+2.361306508215164524 
+2.049069199532404184 
+1.927212556466613602 
+1.804368155095143589 
+1.578241583761492706 
+1.348800263175018443 
+1.223872206876167379 
+1.097970630751111010 
+0.971091158393642573 
+0.843229401941760770 
+0.711741097483107765 
+0.581881290939858076 
+0.451025877468279823 
+0.319170423008516835 
+0.074366844200786097 
-0.063109584930300500 
-0.313239537056806405 
-0.450874166636714868 
-0.589538815697704166 
-0.729238007319534809 
-0.872859336855928092 
-1.014662575234053676 
-1.160440372397279596 
-1.304366264535189224 
-1.452319565172300209 
-1.721425927269538469 
-1.869456176101244260 
-2.144153179853541147 
-2.295245869748015366 
-2.450544156624458125 
-2.732953028870765522 
