19
67
116
166
215
264
314
363
412
460
508
557
605
655
704
753
802
852
901
950
1000
1049
1098
1147
1196
1245
1295
1345
1395
1444
1536
1584
1632
1681
1729
1777
1826
1874
1923
1971
2019
2068
2116
2165
2214
2262
2311
2359
2408
2456
2505
2554
2604
2653
2702
2750
2799
2847
2895
2944
2992
3042
3091
3140
3190
3239
3288
3336
3385
3433
3482
3530
3580
3630
3679
3728
3778
3827
3876
3926
3975
4024
4073
4123
4172
4221
4270
4320
4369
4418
4468
4517
4566
4615
4664
4713
4762
4810
4859
4909
4958
5008
5058
5107
5157
5206
5255
5304
5352
5401
5450
5499
5548
5597
5646
5696
5745
5795
5844
5893
5942
5991
6040
6089
6138
6187
6236
6286
6335
6385
6434
6484
6534
6583
6632
6682
6731
6780
6829
6879
6928
6977
7027
7076
7126
7175
7225
7273
7322
7370
7419
7467
7515
7565
7614
7664
7713
7763
7812
7862
7911
7960
8010
8059
8108
8157
8206
8255
8305
8354
8403
8453
8502
8551
8601
8650
8699
8749
8798
8847
8897
8945
8994
9044
9093
9142
9190
9239
9288
9337
9387
9436
9485
9534
9584
9634
9684
9733
9783
9832
9882
9931
9980
10029
10079
10128
10177
10227
10276
10325
10374
10424
10473
10522
10571
10619
10668
10718
10767
10816
10866
10915
10965
11014
11064
11113
11162
11212
11261
11311
11361
11410
11460
11509
11559
11608
11657
11705
11754
11803
11852
11902
11951
12001
12050
12100
12149
12199
12248
12298
12347
12396
12445
12493
12542
12590
12638
12687
12735
12784
12834
12883
12932
12981
13030
13080
13129
13177
13226
13274
13323
13371
13420
13468
13517
13566
13615
13664
13714
13763
13813
13863
13913
13963
14013
14063
14111
14159
14208
14256
14305
14353
14401
14451
14500
14549
14599
14648
14697
14747
14796
14845
14894
14944
14994
15044
15093
15142
15191
15241
15290
15339
15388
15438
15487
15536
15585
15634
15684
15733
15783
15832
15882
15932
15981
16031
16080
16129
16179
16228
16277
16325
16374
16422
16471
16519
16567
16617
16666
16715
16764
16813
16863
16912
16961
17011
17060
17109
17159
17207
17255
17304
17352
17400
17449
17498
17547
17596
17644
17692
17741
17789
17837
17886
17934
17983
18031
18079
18128
18176
18224
18273
18321
18370
18418
18467
18515
18565
18615
18665
18714
18764
18814
18864
18913
18963
19013
19062
19112
19162
19211
19259
19308
19357
19406
19454
19504
19553
19602
19652
19702
19751
19801
19851
19900
19949
19998
20048
20097
20146
20196
20246
20295
20345
20395
20445
20494
20543
20593
20642
20691
20741
20791
20841
20891
20940
20990
21040
21090
21139
21189
21238
21287
21337
21386
21436
21485
21535
21585
21635
21685
21735
21784
21833
21883
21933
21982
22032
22082
22131
22181
22229
22278
22326
22374
22423
22472
22522
22571
22620
22670
22719
22768
22818
22867
22917
22966
23014
23062
23111
23159
23208
23256
23304
23353
23401
23450
23499
23549
23598
23647
23696
23746
23795
23844
23893
23943
23992
24041
24089
24138
24189
24239
24290
24341
24392
24443
24492
24542
24592
24641
24691
24740
24789
24837
24886
24934
24983
25031
25079
25128
25176
25224
25273
25321
25370
25418
25466
25515
25564
25612
25661
25710
25759
25808
25857
25905
25954
26002
26051
26099
26148
26196
26244
26292
26341
26389
26437
26486
26535
26584
26633
26682
26732
26781
26829
26877
26926
26975
27024
27073
27121
27170
27218
27267
27315
27364
27413
27461
27510
27558
27606
27655
27703
27752
27801
27851
27900
27949
27999
28048
28097
28147
28196
28245
28294
28342
28390
28439
28527
28576
28624
28672
28721
28771
28821
28870
28920
28970
29020
29069
29118
29167
29217
29266
29315
29365
29414
29464
29513
29562
29612
29661
29711
29759
29810
29860
29910
29961
30011
30061
30110
30158
30207
30255
30304
30352
30400
30450
30499
30548
30598
30647
30697
30746
30796
30846
30896
30946
30995
31045
31095
31145
31195
31244
31293
31342
31391
31440
31490
31539
31588
31638
31687
31737
31787
31837
31886
31936
31985
32034
32083
32132
32181
32229
32278
32327
32375
32424
32472
32521
32570
32619
32668
32718
32767
32816
32865
32915
32964
33013
33063
33113
33162
33212
33261
33310
33358
33406
33455
33503
33552
33601
33650
33699
33747
33795
33844
33892
33941
33989
34038
34086
34134
34185
34235
34284
34334
34383
34433
34482
34532
34581
34631
34680
34729
34778
34828
34877
34927
34976
35025
35075
35124
35173
35223
35272
35322
35371
35421
35470
35519
35569
35618
35668
35717
35767
35816
35866
35916
35964
36013
36061
36110
36158
36207
36256
36304
36353
36402
36450
36498
36548
36597
36646
36696
36745
36794
36844
36893
36943
36991
37039
37088
37136
37184
37233
37281
37330
37378
37426
37475
37523
37572
37622
37672
37721
37771
37821
37871
37920
37969
38018
38068
38117
38166
38216
38266
38315
38365
38415
38464
38514
38564
38612
38661
38709
38758
38806
38855
38904
38953
39002
39052
39101
39150
39200
39249
39298
39347
39395
39444
39492
39541
39589
39638
39688
39737
39786
39834
39883
39931
39979
40028
40076
40125
40173
40222
40271
40320
40370
40419
40468
40517
40567
40616
40665
40714
40763
40813
40862
40911
40961
41010
41060
41109
41159
41209
41259
41309
41359
41409
41457
41506
41554
41604
41654
41704
41754
41802
41851
41899
41948
41997
42045
42094
42142
42191
42240
42290
42338
42386
42435
42483
42532
42580
42629
42677
42726
42774
42823
42872
42921
42969
43018
43066
43115
43163
43212
43260
43308
43357
43405
43453
43502
43551
43600
43650
43698
43746
43795
43844
43892
43941
43990
44039
44088
44137
44186
44235
44284
44334
44383
44432
44481
44531
44580
44628
44676
44725
44773
44821
44870
44918
44967
45015
45064
45112
45161
45209
45259
45309
45359
45409
45459
45509
45558
45608
45658
45707
45757
45807
45856
45906
45955
46004
46053
46103
46152
46201
46249
46298
46348
46397
46446
46495
46545
46594
46643
46692
46742
46791
46840
46889
46939
46987
47036
47084
47133
47181
47230
47279
47327
47376
47425
47475
47525
47574
47624
47674
47722
47772
47821
47870
47919
47969
48018
48066
48116
48165
48214
48263
48313
48362
48412
48462
48512
48561
48610
48660
48709
48758
48807
48857
48906
48955
49005
49054
49103
49151
49199
49249
49298
49347
49396
49446
49495
49545
49595
49645
49695
49745
49795
49844
49893
49941
49991
50041
50091
50140
50190
50240
50289
50339
50388
50438
50487
50537
50586
50636
50684
50734
50783
50832
50881
50931
50979
51028
51076
51124
51173
51222
51271
51319
51369
51418
51467
51516
51565
51614
51662
51711
51761
51810
51859
51909
51958
52007
52057
52106
52155
52204
52254
52303
52352
52401
52451
52500
52549
52597
52646
52694
52742
52791
52839
52889
52938
52988
53037
53086
53136
53185
53234
53283
53333
53382
53431
53480
53528
53577
53625
53674
53722
53770
53819
53867
53916
53965
54013
54062
54110
54158
54207
54255
54303
54352
54400
54449
54497
54546
54594
54642
54692
54742
54791
54841
54890
54940
54988
55037
55085
55134
55182
55231
55281
55331
55381
55431
55481
55530
55580
55629
55679
55728
55777
55825
55874
55923
55971
56019
56068
56116
56165
56214
56263
56312
56362
56411
56460
56508
56557
56605
56654
56702
56751
56799
56848
56896
56944
56993
57041
57089
57138
57186
57235
57283
57332
57382
57432
57482
57532
57582
57632
57681
57731
57780
57829
57878
57926
57975
58023
58072
58120
58169
58217
58266
58316
58365
58414
58463
58513
58562
58611
58660
58708
58757
58805
58854
58903
58953
59003
59052
59102
59152
59201
59250
59300
59349
59398
59447
59497
59546
59595
59644
59693
59742
59792
59840
59888
59937
59985
60033
60082
60131
60180
60229
60278
60328
60377
60426
60475
60523
60572
60620
60669
60718
60768
60816
60865
60913
60962
61010
61059
61108
61158
61208
61258
61308
61358
61408
61456
61506
61555
61604
61653
61702
61752
61802
61852
61901
61950
62000
62049
62099
62148
62197
62247
62296
62346
62395
62445
62494
62543
62593
62642
62691
62741
62790
62839
62889
62938
62987
63037
63087
63135
63184
63232
63281
63329
63377
63426
63474
63523
63571
63620
63668
63716
63765
63813
63861
63910
63958
64006
64055
64105
64154
64204
64254
64302
64351
64399
64448
64497
64547
64596
64646
64695
64745
64793
64842
64890
64939
64987
65036
65084
65133
65182
65232
65281
65331
65381
65430
65480
65529
65578
65628
65677
65726
65775
65825
65874
65923
65972
66022
66071
66120
66169
66217
66266
66314
66363
66411
66459
66509
66559
66608
66658
66708
66757
66807
66857
66907
66956
67006
67055
67104
67153
67203
67252
67300
67349
67398
67447
67495
67544
67594
67643
67693
67743
67792
67842
67892
67942
67991
68041
68091
68141
68191
68240
68290
68339
68388
68437
68486
68535
68584
68633
68681
68730
68779
68827
68876
68925
68974
69023
69073
69122
69171
69221
69271
69319
69368
69417
69466
69515
69564
69614
69663
69712
69761
69811
69860
69909
69958
70007
70057
70105
70153
70202
70250
70299
70347
70397
70446
70496
70545
70594
70643
70693
70742
70791
70840
70889
70938
70988
71037
71086
71136
71186
71235
71285
71335
71384
71434
71482
71530
71579
71627
71676
71724
71773
71823
71872
71921
71970
72020
72069
72118
72167
72217
72267
72317
72366
72416
72466
72515
72564
72612
72662
72711
72760
72810
72859
72908
72958
73008
73058
73108
73158
73208
73257
73306
73354
73402
73451
73499
73548
73597
73647
73696
73745
73795
73844
73893
73941
73990
74038
74087
74135
74183
74232
74280
74329
74377
74426
74474
74523
74571
74621
74671
74720
74770
74819
74868
74918
74967
75017
75066
75116
75165
75215
75265
75315
75364
75414
75464
75514
75563
75613
75663
75714
75763
75813
75863
75913
75962
76012
76060
76108
76157
76205
76253
76301
76352
76402
76452
76502
76552
76602
76651
76700
76750
76799
76848
76898
76947
76997
77046
77096
77145
77195
77244
77293
77343
77393
77443
77493
77543
77592
77641
77690
77739
77789
77838
77887
77935
77984
78032
78081
78129
78178
78226
78274
78323
78371
78420
78469
78517
78565
78615
78663
78712
78760
78809
78857
78906
78954
79004
79053
79102
79151
79200
79249
79299
79348
79397
79447
79495
79544
79593
79642
79690
79739
79788
79836
79884
79933
79982
80030
80078
80128
80177
80226
80275
80324
80372
80421
80469
80517
80566
80614
80663
80711
80760
80808
80857
80905
80954
81004
81054
81103
81153
81202
81252
81302
81351
81401
81450
81499
81549
81598
81647
81696
81744
81794
81843
81892
81941
81991
82040
82090
82139
82189
82239
82288
82337
82387
82436
82485
82534
82583
82631
82680
82729
82777
82826
82875
82923
82972
83021
83070
83119
83168
83217
83266
83316
83365
83414
83463
83511
83560
83608
83657
83706
83755
83803
83851
83900
83948
83997
84047
84096
84146
84195
84245
84294
84343
84392
84442
84491
84540
84589
84639
84688
84737
84787
84836
84886
84935
84985
85034
85084
85133
85181
85230
85280
85330
85380
85429
85479
85528
85578
85627
85677
85726
85775
85825
85875
85924
85974
86024
86073
86123
86173
86223
86273
86323
86373
