4.68479
4.68479
4.68479
1.81003
0.471521
0.471521
0.471521
0.471521
0.471521
0.471521
0.471521
0.471521
0.471521
0.471521
1.59709
1.59709
1.59709
1.59709
1.59709
1.59709
1.59709
1.59709
1.59709
1.59709
1.59709
1.59709
1.59709
1.59709
1.59709
1.59709
1.59709
1.59709
1.59709
1.59709
1.59709
1.59709
1.59709
1.59709
1.59709
1.59709
1.59709
1.59709
1.59709
1.59709
1.59709
1.59709
1.59709
1.59709
1.59709
1.59709
1.59709
1.59709
1.59709
1.59709
1.59709
1.59709
1.59709
0.471521
0.471521
0.471521
0.471521
0.471521
0.471521
0.471521
0.471521
0.471521
0.471521
0.471521
0.471521
0.471521
0.471521
0.471521
0.471521
0.471521
0.471521
0.471521
0.471521
0.471521
0.471521
0.471521
0.471521
0.471521
2.37282
2.37282
2.37282
2.37282
2.37282
2.37282
2.37282
0.471521
0.471521
1.81003
1.81003
1.81003
1.81003
1.81003
1.81003
1.81003
1.81003
1.81003
1.81003
1.81003
1.81003
1.81003
1.81003
1.81003
1.81003
1.81003
1.81003
3.54402
3.54402
3.54402
3.54402
3.54402
1.81003
1.81003
1.81003
1.81003
1.81003
1.81003
1.81003
1.81003
1.81003
1.81003
1.81003
0.471521
0.471521
0.471521
0.471521
0.471521
0.471521
0.471521
0.471521
0.471521
0.471521
1.20162
1.20162
1.20162
1.20162
0.471521
0.471521
0.471521
0.471521
0.471521
0.471521
0.471521
0.471521
0.471521
0.471521
0.471521
0.471521
0.471521
0.471521
0.471521
0.471521
0.471521
0.471521
0.471521
0.471521
0.471521
0.471521
0.471521
0.471521
0.471521
0.471521
0.471521
0.471521
0.471521
0.471521
0.471521
0.471521
0.471521
0.471521
0.471521
0.471521
0.471521
0.471521
0.471521
0.471521
0.471521
0.471521
0.471521
0.471521
0.471521
0.471521
0.471521
0.471521
0.471521
0.471521
0.471521
0.471521
0.471521
0.471521
0.471521
0.471521
0.471521
0.471521
0.471521
0.471521
0.471521
0.471521
0.471521
0.471521
0.471521
0.471521
0.471521
0.471521
0.471521
0.471521
0.471521
0.471521
0.471521
0.471521
0.471521
0.471521
0.471521
0.471521
0.471521
0.471521
0.471521
0.471521
0.471521
0.471521
0.471521
0.471521
0.471521
0.471521
0.471521
0.471521
0.471521
0.471521
0.471521
0.471521
0.471521
0.471521
0.471521
0.471521
0.471521
0.471521
0.471521
0.471521
0.471521
0.471521
0.471521
0.471521
0.471521
0.471521
0.471521
0.471521
0.471521
0.471521
0.471521
0.471521
0.471521
0.471521
0.471521
0.471521
0.471521
0.471521
0.471521
0.471521
0.471521
0.471521
0.471521
0.471521
0.471521
0.471521
0.471521
0.471521
0.471521
0.471521
0.471521
0.471521
0.471521
0.471521
0.471521
0.471521
0.471521
0.471521
0.471521
0.471521
0.471521
0.471521
0.471521
3.77217
3.77217
3.77217
3.77217
3.77217
3.77217
3.77217
3.77217
3.77217
3.77217
3.77217
3.77217
3.77217
3.77217
3.77217
3.77217
3.77217
3.77217
3.77217
0.471521
0.471521
0.471521
0.471521
0.471521
0.471521
0.471521
0.471521
0.471521
0.471521
0.471521
0.471521
0.471521
0.471521
0.471521
0.471521
0.471521
0.471521
0.471521
0.471521
0.471521
3.16376
3.16376
3.16376
3.16376
3.16376
3.16376
3.16376
3.16376
6.58609
6.63172
5.18673
5.18673
5.18673
5.18673
5.18673
1.81003
1.81003
1.81003
1.81003
1.7644
1.7644
1.7644
1.7644
1.7644
1.7644
1.7644
1.7644
1.7644
1.7644
1.7644
1.81003
1.81003
1.81003
1.81003
1.81003
1.81003
1.81003
1.81003
1.81003
1.81003
0.471521
0.471521
0.471521
0.471521
0.471521
0.471521
0.471521
0.471521
0.471521
0.471521
0.471521
0.471521
0.471521
0.471521
0.471521
0.471521
0.471521
0.471521
0.471521
0.471521
0.471521
0.471521
0.471521
0.471521
0.471521
0.471521
0.471521
0.471521
0.471521
0.471521
0.471521
0.471521
0.471521
0.471521
0.471521
0.471521
0.471521
0.471521
0.471521
0.471521
0.471521
0.471521
0.471521
0.471521
0.471521
0.471521
0.471521
0.471521
0.471521
0.471521
0.471521
0.471521
0.471521
0.471521
0.471521
0.471521
0.471521
0.471521
0.471521
0.471521
0.471521
0.471521
0.471521
0.471521
0.471521
0.471521
0.471521
0.471521
0.471521
0.471521
0.471521
0.471521
0.471521
0.471521
0.471521
0.471521
0.471521
0.471521
0.471521
0.471521
0.471521
0.471521
0.471521
0.471521
0.471521
0.471521
0.471521
0.471521
0.471521
0.471521
0.471521
0.471521
0.471521
0.471521
0.471521
0.471521
0.471521
0.471521
0.471521
0.471521
0.471521
0.471521
0.471521
0.471521
0.471521
3.65049
3.65049
3.65049
3.65049
3.65049
3.65049
3.65049
0.471521
0.471521
0.471521
0.471521
0.471521
0.471521
0.471521
0.471521
0.471521
0.471521
5.47573
5.47573
5.47573
5.47573
2.25113
2.25113
2.25113
2.25113
2.25113
2.25113
2.25113
2.25113
0.471521
3.71133
3.71133
3.71133
0.577994
0.471521
0.471521
0.471521
0.471521
0.593204
3.34628
3.34628
4.41101
0.471521
0.471521
0.471521
1.56667
1.53625
0.471521
0.471521
1.44498
0.471521
3.8178
4.68479
6.72298
8.66991
8.56344
8.33528
20.9143
23.2871
26.0706
28.1848
29.2343
25.6599
29.5537
29.5842
30.801
35.4554
34.923
36.9308
39.1211
41.4482
37.9955
37.9499
45.0531
44.6576
43.6233
38.5735
33.5236
44.5816
47.6084
45.6311
42.5434
41.7372
44.2013
42.5738
47.6084
55.3962
53.0233
52.8104
48.3538
43.5777
43.5777
39.8207
21.8117
16.3816
13.2634
13.6589
17.933
15.6363
13.5524
14.8149
16.1534
18.6479
20.823
20.8838
19.0282
22.3897
19.1042
18.2068
13.2178
16.0774
16.9443
19.1042
8.74596
11.9401
11.8337
5.61262
6.90551
6.81424
6.84466
6.81424
3.89385
6.90551
0.471521
0.471521
6.79903
6.79903
6.81424
3.60486
0.471521
0.471521
3.60486
3.60486
6.79903
6.93593
6.93593
8.12234
8.22881
5.01942
6.79903
9.11101
6.81424
6.76861
4.989
1.7644
6.90551
5.47573
3.71133
3.71133
3.71133
5.49094
5.49094
11.2252
7.98544
7.98544
3.89385
6.84466
4.94337
4.94337
4.94337
1.53625
1.53625
3.0877
6.20583
9.76506
9.99321
9.94758
6.61651
6.6013
7.71166
7.71166
7.01198
4.82169
9.62816
11.1644
10.8906
10.8906
9.67379
6.55567
2.25113
3.11812
3.11812
9.40001
9.40001
2.25113
2.25113
2.25113
0.471521
3.60486
0.471521
3.89385
3.89385
3.89385
7.93981
7.93981
7.1945
7.16408
6.25146
6.25146
9.50648
7.28577
8.88285
10.7081
15.0735
8.97412
15.6667
14.7388
14.678
14.6324
16.9139
7.20971
4.12201
14.5867
12.579
6.78382
8.89806
12.0162
7.11845
7.11845
3.89385
0.471521
1.81003
3.54402
3.54402
3.54402
6.93593
6.93593
9.88674
6.98156
0.471521
2.31198
8.62428
17.2181
15.6515
11.1036
5.67347
5.67347
2.25113
2.31198
5.55178
5.49094
5.49094
8.59386
5.17152
5.36926
5.36926
2.25113
5.36926
5.36926
4.65437
0.471521
6.81424
6.81424
4.65437
4.65437
9.33916
9.33916
4.65437
4.65437
7.81813
4.76084
1.53625
3.31586
6.43398
7.30098
4.18285
4.18285
3.11812
0.471521
2.75308
5.77994
2.9356
2.75308
5.17152
5.17152
9.47606
8.73075
5.50615
4.82169
1.70356
1.70356
1.70356
2.50971
2.57055
7.40745
9.46085
9.46085
9.46085
6.47962
5.47573
5.55178
3.60486
6.54046
4.45664
4.45664
6.3123
6.34272
7.58997
10.8146
3.71133
3.71133
0.471521
0.471521
0.471521
0.471521
5.67347
5.84078
5.84078
8.95891
9.67379
12.655
6.6013
4.06117
4.06117
4.06117
4.06117
0.471521
3.65049
3.65049
3.65049
3.60486
3.60486
4.65437
1.53625
1.53625
1.53625
1.53625
4.65437
8.35049
8.35049
5.23237
7.60518
11.0123
11.0123
9.36958
3.93948
3.89385
3.89385
6.76861
4.989
4.989
8.10712
4.989
4.989
4.989
4.989
8.10712
8.10712
3.31586
2.25113
2.25113
2.31198
5.4301
2.25113
6.19062
6.82945
6.82945
6.82945
6.82945
5.65826
8.63949
0.471521
1.7644
1.7644
6.73819
4.71521
1.81003
0.471521
0.471521
0.684466
1.70356
2.50971
1.70356
1.70356
1.70356
1.70356
2.38803
2.38803
5.99288
4.82169
1.93172
1.93172
0.471521
0.471521
0.471521
0.471521
0.471521
0.471521
3.34628
4.68479
0.471521
0.471521
0.471521
3.42233
3.71133
0.471521
1.1712
1.1712
2.9356
5.33884
5.33884
5.33884
3.54402
3.54402
3.54402
3.54402
3.54402
3.54402
3.54402
3.54402
3.54402
2.44887
2.44887
1.20162
0.471521
0.471521
0.471521
2.25113
2.25113
2.25113
2.25113
2.25113
2.25113
2.25113
2.25113
2.25113
5.36926
5.36926
3.89385
4.00033
4.00033
0.912622
0.912622
0.912622
0.912622
0.912622
1.97735
1.97735
3.75696
3.75696
1.56667
1.56667
0.471521
0.471521
1.33851
0.471521
3.89385
3.89385
3.89385
3.89385
3.89385
0.471521
0.577994
0.471521
0.471521
0.471521
0.471521
0.471521
0.471521
0.471521
0.882201
0.882201
0.882201
2.72266
2.72266
5.03463
2.3424
2.37282
2.37282
2.3424
2.3424
5.56699
0.471521
0.471521
1.7644
1.7644
4.27411
7.65081
6.93593
0.471521
0.471521
0.471521
0.471521
0.471521
2.25113
5.36926
5.36926
2.25113
7.69644
3.3767
2.3424
1.7644
1.7644
1.81003
5.85599
1.7644
1.81003
2.44887
1.7644
1.7644
1.7644
1.7644
4.45664
4.45664
4.45664
4.45664
4.45664
0.471521
0.471521
0.501942
1.59709
4.80648
6.57088
5.47573
5.53657
5.5822
4.989
9.88674
6.76861
6.76861
6.76861
3.54402
4.989
4.989
4.989
4.989
4.88253
4.88253
4.88253
1.7644
1.7644
1.7644
1.93172
1.93172
1.93172
1.93172
1.7644
1.7644
1.7644
1.7644
1.7644
1.7644
2.85955
0.471521
0.471521
2.25113
2.25113
0.471521
0.471521
0.471521
0.471521
0.471521
3.71133
3.71133
3.71133
3.71133
3.71133
3.71133
3.71133
3.71133
3.71133
3.71133
3.71133
3.71133
3.71133
3.71133
3.71133
6.40356
0.471521
0.471521
2.25113
2.25113
2.12945
0.471521
4.03075
4.19806
4.15243
9.689
6.99677
6.05373
6.05373
6.05373
3.74175
0.471521
3.71133
3.71133
0.699677
0.471521
0.471521
2.25113
5.36926
5.36926
5.36926
8.6547
8.59386
5.36926
5.47573
10.3278
5.61262
6.61651
7.87897
4.63916
7.75729
7.80292
5.99288
6.0233
5.97767
6.66214
6.66214
5.36926
3.17897
3.17897
3.19418
11.7576
5.4301
2.25113
0.471521
3.60486
3.11812
3.11812
3.11812
2.25113
0.471521
0.471521
0.471521
0.471521
0.471521
0.471521
0.471521
3.60486
3.60486
5.36926
2.25113
3.60486
9.93237
9.93237
9.93237
8.10712
5.08026
8.24402
8.24402
8.95891
2.9356
4.00033
4.00033
4.00033
4.00033
3.65049
3.65049
3.65049
0.471521
3.42233
6.54046
3.65049
3.65049
3.65049
3.65049
6.81424
4.989
1.7644
3.89385
3.89385
7.01198
7.01198
8.30486
9.21748
9.29353
4.88253
4.88253
5.97767
4.989
5.04984
8.41133
5.18673
8.3657
11.3621
14.0848
13.0201
12.9592
12.7007
9.84111
6.72298
9.03496
9.99321
9.70421
8.16797
8.16797
11.3317
8.22881
7.0424
4.65437
5.97767
5.97767
4.68479
3.33107
9.76506
9.70421
8.59386
9.46085
11.712
11.712
13.157
9.91716
8.30486
8.04628
14.1913
14.1761
14.2369
14.4651
15.621
18.5871
18.4806
17.4007
21.2337
21.2337
15.6819
15.5146
15.4689
10.9667
12.0314
11.9249
9.12622
16.4728
13.2482
13.0353
17.9787
15.9253
9.58253
20.2754
18.2372
18.2068
17.1573
17.1269
14.1913
17.2181
17.5528
17.0204
12.3204
18.8456
14.4346
19.7583
22.9981
23.1045
14.5411
17.0052
17.7809
17.5071
17.3246
21.5683
19.8495
27.6829
24.1541
19.1346
16.4576
20.0625
21.766
24.3214
21.6444
17.5528
17.5528
13.0961
16.9748
13.4612
16.7466
16.7466
16.7618
14.4955
14.602
18.8913
14.5563
19.1499
14.6324
17.9482
23.5456
18.1916
18.1155
16.2447
13.157
13.1874
24.1693
20.2754
20.2754
22.5113
19.5757
21.477
18.2677
19.0282
17.2486
16.5185
16.5185
14.9974
22.3288
22.2832
26.5269
14.9974
16.3664
16.4424
13.0049
17.9026
11.6664
8.44175
9.50648
9.50648
9.65858
9.65858
9.74984
12.6702
17.5375
17.3854
22.7395
16.9748
16.9596
19.378
18.2372
12.5486
11.1796
19.2715
15.9557
18.9977
20.0473
20.3819
17.3246
14.2065
16.3816
16.3816
20.4123
19.8039
12.7007
11.5142
8.28965
4.06117
4.06117
3.86343
4.71521
10.2062
15.9253
15.1039
14.1456
16.777
11.9097
8.89806
10.0084
11.788
9.81069
9.85632
9.84111
6.96635
13.3091
11.6511
10.9819
4.63916
10.8146
11.6207
10.7689
10.9971
10.9971
16.8075
14.2673
11.134
10.8754
8.15276
7.54434
4.85211
3.36149
3.36149
6.47962
6.23625
4.45664
6.23625
8.33528
12.6854
6.17541
6.73819
8.01586
11.134
14.0392
8.00065
9.84111
9.90195
10.4952
6.78382
6.78382
6.78382
6.78382
6.57088
9.689
6.78382
9.27832
7.69644
10.6625
4.28932
6.58609
3.87864
1.6123
1.58188
1.58188
3.36149
3.36149
4.82169
6.00809
6.08415
6.76861
3.54402
3.54402
3.60486
3.58965
5.18673
5.18673
5.18673
5.18673
3.71133
3.71133
3.16376
3.16376
7.90939
5.32363
5.29321
1.58188
5.53657
2.46408
5.33884
2.46408
3.36149
1.58188
6.0233
6.0233
6.0233
6.0233
6.28188
4.48706
7.9246
7.9246
6.81424
6.81424
6.82945
8.66991
8.66991
9.08059
9.90195
12.4421
11.5142
11.6968
10.6625
7.78771
6.92072
6.92072
6.19062
6.19062
0.471521
0.471521
3.60486
3.60486
3.60486
3.60486
0.471521
0.471521
0.471521
0.471521
0.471521
0.471521
0.577994
0.577994
0.471521
0.471521
3.5288
4.33495
4.30453
8.27444
8.97412
8.97412
8.97412
8.97412
8.97412
14.602
14.602
7.02719
9.94758
9.91716
4.16764
4.16764
4.16764
1.29288
1.29288
1.29288
1.29288
1.29288
1.29288
1.29288
1.29288
1.29288
1.29288
1.29288
1.29288
1.29288
1.29288
1.29288
1.29288
1.29288
1.29288
1.29288
1.29288
1.29288
1.29288
1.29288
1.29288
1.29288
1.29288
1.29288
1.29288
1.29288
1.29288
1.29288
0.471521
0.471521
0.471521
0.471521
0.471521
0.471521
0.471521
0.471521
0.471521
0.471521
0.471521
0.471521
0.471521
0.471521
0.471521
0.471521
0.471521
0.471521
0.471521
0.471521
0.471521
0.471521
0.471521
0.471521
0.471521
0.471521
0.471521
0.471521
0.471521
0.471521
0.471521
1.7644
1.7644
1.81003
