+3.841517105097448592 
+3.769964249420864277 
+3.699085768851847700 
+3.627452342166568755 
+3.557925782736798936 
+3.489063134093108864 
+3.364298846863486236 
+3.297300827790400568 
+3.232301103624777738 
+3.166588004640033649 
+3.102840450563892016 
+3.038398964984952766 
+2.975890584049548870 
+2.912707483071790282 
+2.748126101064933824 
+2.585490750586584952 
+2.525051415981739211 
+2.465246754350818748 
+2.407250584515807645 
+2.302295336675632242 
+2.246000992532895868 
+2.190300336848315599 
+2.044276906542846994 
+1.991816466606596059 
+1.938835894960612150 
+1.886430855283462327 
+1.834598168358353654 
+1.784375190076294526 
+1.733666190054030665 
+1.683520127835721247 
+1.634940252585834752 
+1.586894615899895111 
+1.538396030498529132 
+1.491421054384081568 
+1.405709669963116859 
+1.360226593674693785 
+1.314329333257648891 
+1.269888314241539362 
+1.188838061303639115 
+1.144958596032022768 
+1.100724053154434223 
+1.057032203904626932 
+1.013879850329393317 
+0.971263804810470699 
+0.895068500377196319 
+0.853947763683080563 
+0.813351253231877180 
+0.772479616174854389 
+0.733718369286088024 
+0.695451577548009681 
+0.657676316302776787 
+0.619633785578574958 
+0.582842731241736800 
+0.545798451463376910 
+0.509979781353073758 
+0.444722546707831956 
+0.410957578214944164 
+0.376953189371288300 
+0.344094596769636052 
+0.311680494298153921 
+0.279046818585328538 
+0.220941912622500514 
+0.188954742972496703 
+0.132555802164786574 
+0.101872254073803070 
+0.072248681003204140 
+0.043064132806535760 
+0.014315866365766539 
-0.013425316559143585 
-0.041317977338612977 
-0.068226237481245899 
-0.095273935475439053 
-0.122437801614232455 
-0.170755603724459970 
-0.196693327265352824 
-0.222201663010301420 
-0.247283430030849072 
-0.291364618455576707 
-0.314318820291034751 
-0.337355748970098457 
-0.359537617546850985 
-0.381791227242928688 
-0.403210746345058713 
-0.424691194094728441 
-0.445358279487172215 
-0.466494473912369312 
-0.486822427614755693 
-0.507174514704483048 
-0.542822261930713257 
-0.577215605514887375 
-0.595786720351736410 
-0.613257728794983858 
-0.630734196150870563 
-0.647505168615923221 
-0.663933243762914405 
-0.680352287089477148 
-0.696094480145799555 
-0.711818151129062660 
-0.727504379265508039 
-0.742831215660553656 
-0.757801230007459470 
-0.772416982579786637 
-0.786681024245807325 
-0.800595896482898528 
-0.814164131391942991 
-0.827127125356294624 
-0.839761997370187085 
-0.851823139015599029 
-0.873602893992934337 
-0.885007133588751937 
-0.896094524728785924 
-0.906867383194039700 
-0.917538263679683386 
-0.927682668858966775 
-0.937519484209486276 
-0.947050991283953092 
-0.963589828439434637 
-0.972273675685142447 
-0.980492628034077551 
-0.988428993727612504 
-0.996397810346664858 
-1.003914248876818238 
-1.011142876161222670 
-1.018224635590805338 
-1.024878493287514569 
-1.031251181476404266 
-1.037344882328173679 
-1.043045810383918859 
-1.048483143904945347 
-1.053763972511793323 
-1.062665499057821261 
-1.067100490462981721 
-1.071281702184154749 
-1.075290324951719168 
-1.079038668374667775 
-1.082528834114759864 
-1.085762915633302850 
-1.088742998204176526 
-1.093610641689203522 
-1.095876430393291745 
-1.097896186892488135 
-1.099671956878292445 
-1.102304733327630348 
-1.103399439640491142 
-1.104273007901638071 
-1.104892536142450421 
-1.105279897314424442 
-1.105393169360306072 
-1.105132738628185951 
-1.104635510948916544 
-1.103923368435950625 
-1.102990602650530061 
-1.101839157125439339 
-1.100470967447754855 
-1.098922402114969277 
-1.095511782114859667 
-1.093384766065515823 
-1.091058527540671452 
-1.088370597541368223 
-1.085521033783346301 
-1.073978665562051571 
-1.070202753714478039 
-1.066306953536260149 
-1.058653603851835268 
-1.050365176858699900 
-1.045490200102547451 
-1.036342253795104806 
-1.031161541608024645 
-1.025696601685293086 
-1.015440411577877011 
-1.009486788376511068 
-1.003361698709391181 
-0.991537537402443103 
-0.984932083628374588 
-0.978021944969865498 
-0.971085262854103792 
-0.963987209319677074 
-0.956579708118167726 
-0.949313746777082468 
-0.941897781488124419 
-0.934174222376931152 
-0.912946029910056023 
-0.904671466784834788 
-0.896076499862938913 
-0.872663102858111106 
-0.863709653203568184 
-0.854616793758697479 
-0.845196311738499073 
-0.827883193458861744 
-0.818267460218965237 
-0.808319693308170439 
-0.798439386592568301 
-0.788430472793676618 
-0.778294493889162720 
-0.767822269701048388 
-0.757434242678383551 
-0.720010838572248790 
-0.709306646903572702 
-0.698264926416689580 
-0.687337775651709837 
-0.676302390158718847 
-0.664926892054995999 
-0.653676983262865274 
-0.642085345450215339 
-0.630626489120078570 
-0.618824375994921905 
-0.607162094007424269 
-0.595401173572466025 
-0.583294875614250419 
-0.571338683833801486 
-0.558783707219566939 
-0.546381636910112878 
-0.534139771397788454 
-0.521549392191983596 
-0.508865940866539024 
-0.496352411326510978 
-0.472656812236964985 
-0.459630687268175908 
-0.446518019116228349 
-0.433320143274421365 
-0.419766468038275331 
-0.406400484665058404 
-0.392953285623894200 
-0.379426178831121508 
-0.365820465376528237 
-0.340348573438504776 
-0.279731414928693578 
-0.265597245820186512 
-0.251685405678142349 
-0.237417452449343092 
-0.223376930159532083 
-0.208980021985038622 
-0.194519791073159976 
-0.179997449867077552 
-0.165115961171450554 
-0.138173535866898956 
-0.123422862452148951 
-0.108615873508872252 
-0.081581323839614139 
-0.066927832596188175 
-0.052224542952398423 
-0.037164691074048406 
-0.021746346732239186 
-0.006277536000037554 
+0.009240541269246449 
+0.024494905784361087 
+0.040107018461335464 
+0.055451266208579764 
+0.083745330298587550 
+0.099208190035281252 
+0.115027559099972532 
+0.130569565824858014 
+0.146467457705883763 
+0.175178585108397122 
+0.191179955196050244 
+0.206895101030946549 
+0.222642660309900986 
+0.238743936828061720 
+0.254230886100850206 
+0.283020018964256881 
+0.298909309055052752 
+0.314500011590492790 
+0.330440757552309616 
+0.346079955121782135 
+0.362394798357996706 
+0.378406126997329118 
+0.394439027284043231 
+0.410492531535463279 
+0.440357570467233561 
+0.456464665822359006 
+0.472588690092597741 
+0.489058253341386528 
+0.505213625309692382 
+0.521713241735016542 
+0.551446471821736228 
+0.567982061371227864 
+0.584197635475583343 
+0.600422895476637741 
+0.616656951088491834 
+0.632898918003628186 
+0.649147917879909109 
+0.678676561035997938 
+0.694940699111051163 
+0.711208572698660557 
+0.727479332005545043 
+0.743420020273740434 
+0.759694008955912548 
+0.775968386187817050 
+0.792242325537451553 
+0.808515006410684300 
+0.824785614038226811 
+0.840721379183530626 
+0.856985502447666470 
+0.872913379341243356 
+0.889167893035561541 
+0.905084842186551164 
+0.920995273069256104 
+0.937229691482279303 
+0.953455789159824540 
+0.969672802705053627 
+0.985879974416886906 
+1.015950335560179330 
+1.032125263303752760 
+1.048287479768609920 
+1.064765676521463700 
+1.080899988775294140 
+1.124287716843025198 
+1.140363458145036368 
+1.156749224583415447 
+1.172788880988817173 
+1.189136389306541197 
+1.218510003137633024 
+1.248138519258735979 
+1.264061082939621272 
+1.279960925145851913 
+1.295837395587768892 
+1.312013114310587536 
+1.327840402262517649 
+1.343642387234381896 
+1.359418440694085906 
+1.375489076994118598 
+1.391210842401716885 
+1.406904810480408941 
+1.422570374245279101 
+1.438525739251898194 
+1.454132084427377958 
+1.469708224235829697 
+1.511197772017935037 
+1.526973140035211784 
+1.542399760068218217 
+1.557792910394628194 
+1.573152035224407719 
+1.588788966009568426 
+1.604389315633071078 
+1.619952510280060487 
+1.635477981730780961 
+1.650655802447413834 
+1.666104927436393712 
+1.681206863641016458 
+1.696577479537572319 
+1.711601432915935028 
+1.726586025356868337 
+1.741530758178032823 
+1.756435137752706321 
+1.771601584343601044 
+1.786120887855229267 
+1.800901296290235987 
+1.815339074781173512 
+1.829735843313010424 
+1.844389791385000699 
+1.859000089907004494 
+1.873566285026336375 
+1.912288575784852895 
+1.926982348472071171 
+1.941335609610420843 
+1.955933761588580566 
+1.970192450147997487 
+1.984403699185226078 
+1.998567097449460928 
+2.012682238515404620 
+2.026748720770251033 
+2.040766147400688624 
+2.055018669586446300 
+2.068935792623314729 
+2.082802690506093679 
+2.096900421275568860 
+2.110664696467401402 
+2.124377620283101287 
+2.149429636967430390 
+2.162994928657063998 
+2.176232262747624269 
+2.189418681835761493 
+2.203100048177477621 
+2.216453505465721285 
+2.230023746254662598 
+2.243267628335924968 
+2.278671862345974297 
+2.291977579971854251 
+2.305225112805216359 
+2.328660766977798779 
+2.351909294289180608 
+2.364628547567373396 
+2.377032452635507997 
+2.389380900214143288 
+2.412129373139046518 
+2.424318147503613297 
+2.436702660035063417 
+2.448777177035185382 
+2.461294293068863936 
+2.473500917736442872 
+2.485895028416154950 
+2.497980619646622991 
+2.510250737821824174 
+2.522214346066252944 
+2.534359520977024438 
+2.546200232240872552 
+2.558219549296636863 
+2.579693142422245344 
+2.591532987283922562 
+2.603073454996843061 
+2.614785381768219175 
+2.626432399928426697 
+2.637783312865620733 
+2.649301233164202074 
+2.669868345224422512 
+2.680976412198202041 
+2.692245847712647411 
+2.703002267226396249 
+2.723005706370539958 
+2.734025535916059901 
+2.744760195889279331 
+2.755430594216522699 
+2.766036592982577424 
+2.776792517378733116 
+2.787267998369522992 
+2.797678687608868842 
+2.808234924818827416 
+2.818514340687671371 
+2.828936384291751871 
+2.839290477394121659 
+2.849371454683572225 
+2.859590678190787827 
+2.878014392573135183 
+2.887840975550342026 
+2.897601730838695211 
+2.931535501410865496 
+2.940997034336640059 
+2.958202752919054657 
+2.967664789746332854 
+2.984708223021362627 
+2.993975139266725982 
+3.002989496181945661 
+3.012119184462757282 
+3.020998979256447114 
+3.029632927323990366 
+3.038558580097864947 
+3.047238331183554472 
+3.055676243362168698 
+3.064050103980211937 
+3.072359899052543142 
+3.080776722297144943 
+3.088957022453967749 
+3.097241641182073124 
+3.105459473371867674 
+3.113444841445402567 
+3.121530475295226204 
+3.142658644679402258 
+3.150500446019211864 
+3.158117536381977342 
+3.165827320112388321 
+3.173470456711497967 
+3.180893021783037788 
+3.188404324526511679 
+3.195697819076140256 
+3.203077443324052531 
+3.210390616999576174 
+3.223503932863311938 
+3.230630238279119659 
+3.237690300984018776 
+3.244684183482029027 
+3.251611951589622684 
+3.258473674422757149 
+3.265407426752295450 
+3.272135935486951475 
+3.278798627606077432 
+3.285529533296271065 
+3.292059503306814516 
+3.298655159777145407 
+3.305182652530064935 
+3.316888100679048712 
+3.322971796828647406 
+3.329117821820855028 
+3.335198874638235278 
+3.341092934038556006 
+3.347045697560631528 
+3.352933827542061707 
+3.358757443804606169 
+3.364516669249461245 
+3.374927511584902451 
+3.380617928976867859 
+3.386129997008850090 
+3.391578314552715412 
+3.396963022285223843 
+3.406688068512009782 
+3.411787528882861409 
+3.416930826788318498 
+3.421908179905171377 
+3.426927133129741065 
+3.431883511116434970 
+3.440824590968370789 
+3.445604359753969614 
+3.450322196835421629 
+3.454978276868805764 
+3.459572777348988382 
+3.464013978859698639 
+3.468487111467398076 
+3.472809776103810364 
+3.477074049825818136 
+3.481367121118487340 
+3.485599724741192951 
+3.489772057528188753 
+3.493884319049223475 
+3.497936711596500992 
+3.501929440171676511 
+3.505862712472809228 
+3.512855435208821042 
+3.516546108590238529 
+3.520255627321365655 
+3.523832793312839051 
+3.527572338519308293 
+3.531034539774055236 
+3.534511714925017589 
+3.537931374847071542 
+3.543996249268728249 
+3.547255190255138579 
+3.550457520527253497 
+3.553603483193112034 
+3.556693323867030188 
+3.559788628321771675 
+3.562765839271630153 
+3.565687685169577126 
+3.568612354386114127 
+3.571366306486643438 
+3.576334163796281995 
+3.578939254036957784 
+3.581545318127917099 
+3.584046243881416238 
+3.586496009203018254 
+3.588944308697459284 
+3.593256446912982405 
+3.595603250432024556 
+3.597850613292366440 
+3.600046289187399662 
+3.602233793326443223 
+3.604325920402725814 
+3.606367236141807986 
+3.608358034963361050 
+3.610337696337533764 
+3.613807530145505709 
+3.615641449114283201 
+3.617389144190976236 
+3.619122271004374003 
+3.620771819289767990 
+3.622405443204690823 
+3.625281548266301890 
+3.626774737437243878 
+3.628219127668315114 
+3.629615061088573569 
+3.630962882057524155 
+3.632237401902226548 
+3.633441747638440411 
+3.635560213565419474 
+3.636663603017634028 
+3.637722710611616339 
+3.639553775598806329 
+3.641238702784435510 
+3.642779624455586340 
+3.644769608453796828 
+3.645424854785248581 
+3.646065816903017343 
+3.647113812526292520 
+3.647627887552073567 
+3.648461167822999673 
+3.648857427869955039 
+3.649223987379724310 
+3.649558878905087678 
+3.650068184631294343 
+3.650293681603158813 
+3.650484510443613662 
+3.650726045076355231 
+3.650848727399521820 
+3.650865023511221885 
+3.650846979834075245 
+3.650793571151195849 
+3.650707328806155783 
+3.650585140156812347 
+3.650432290988504302 
+3.650247067708999982 
+3.649818538500395171 
+3.649531093279301253 
+3.648928414021850752 
+3.648548475552361392 
+3.648136413033755243 
+3.647710675108824852 
+3.647256111034058446 
+3.646773128602285308 
+3.646262137023401184 
+3.645723546911473711 
+3.645157770271645781 
+3.644577578226412928 
+3.643421829685657087 
+3.642756111235265770 
+3.642065209678394311 
+3.641349544853157649 
+3.640609537900018289 
+3.639829774818236441 
+3.639041877085685162 
+3.638230917016598287 
+3.637397320856076810 
+3.636523822443675780 
+3.634894706806810483 
+3.633958887746799871 
+3.633021032939976802 
+3.632063071893648409 
+3.629385791151706897 
+3.628357335731913214 
+3.627289281032378021 
+3.626202892098604025 
+3.625120894504727964 
+3.624022180555046546 
+3.622884272102316228 
+3.621753137151531021 
+3.620606627145487977 
+3.619445188232533361 
+3.618269267568492875 
+3.617054885548062426 
+3.615851074263435994 
+3.613580944744319456 
+3.612315397194069355 
+3.611037537436754707 
+3.609747847584728220 
+3.608446810730683296 
+3.607161252251005035 
+3.605865717477320320 
+3.604587389632406325 
+3.603273455483053667 
+3.601950910238681303 
+3.600592975027338660 
+3.599254435789202677 
+3.597881140437812153 
+3.596528490949022050 
+3.595169556500662278 
+3.593804800902613561 
+3.592406674725979521 
+3.591031576262585290 
+3.589652062029773383 
+3.588268598763551420 
+3.586853315927462926 
+3.585463300948659171 
+3.582903948862398380 
+3.581507965849350494 
+3.580082257893154818 
+3.578684332606445917 
+3.577286158284842532 
+3.575859683412124568 
+3.574433943763988264 
+3.573037917177960487 
+3.571643554153834721 
+3.570279717647689033 
+3.568890048324417030 
+3.565219365621005831 
+3.562695501051710512 
+3.561300776078517139 
+3.559939710221096565 
+3.557456263355237347 
+3.556141320339686107 
+3.554806447976424533 
+3.553506590206081839 
+3.552188058803281034 
+3.550905131413022442 
+3.549631265201860675 
+3.548340676684549333 
+3.547086503909191890 
+3.545816963785706655 
+3.544584335804720876 
+3.543363054575918270 
+3.542128505451498821 
+3.540931540465208194 
+3.539722761466510548 
+3.538551969086148219 
+3.537370856124999907 
+3.536228094377946718 
+3.535099891126369798 
+3.533940651539688727 
+3.532820898832531586 
+3.530807875011086061 
+3.529736548335892010 
+3.528683223417412584 
+3.526817663367511457 
+3.525817645681422974 
+3.524837482323441407 
+3.523858285829628123 
+3.522919717966677133 
+3.522002471172172466 
+3.521107031091782691 
+3.520233883367112959 
+3.518706558831874442 
+3.517915048408455814 
+3.517146698459087784 
+3.516386704435171762 
+3.515666550704740434 
+3.514956707915478429 
+3.514286613259578917 
+3.513641978844692204 
+3.513010649389453732 
+3.512418857089996127 
+3.511842420352192740 
+3.511283551011993964 
+3.510775384568124657 
+3.510285753879867965 
+3.509826026561048362 
+3.509388244006355517 
+3.508990409187775494 
+3.508623937835668727 
+3.508289312854119935 
+3.507764547706285096 
+3.507526815899315586 
+3.507046535791005670 
+3.506857617258115845 
+3.506789594032509338 
+3.506805136336252460 
+3.506857949964159893 
+3.506948448103568872 
+3.507077109023179151 
+3.507244410546983548 
+3.507455453338185425 
+3.507702280719164900 
+3.507989189095372495 
+3.508323762962499259 
+3.509034025334186069 
+3.509479985193920903 
+3.509968332691328463 
+3.510510831718352875 
+3.511086263112048300 
+3.511692431181415053 
+3.512355056482726834 
+3.513047543488400759 
+3.513799208172703636 
+3.514579819551395534 
+3.515404705124578921 
+3.516311515383184094 
+3.517247740825914626 
+3.518252082694409033 
+3.520186222852561997 
+3.521331802247753107 
+3.522504315766197713 
+3.523701191835185487 
+3.524972755158393589 
+3.526267546987038592 
+3.527639970319119911 
+3.529064029775354161 
+3.530509535508889574 
+3.533388735672703618 
+3.535048917360772869 
+3.536765180104014750 
+3.538501993709140869 
+3.540330723371800659 
+3.542140412593516530 
+3.544042924064759514 
+3.545961036266059185 
+3.547975113669929570 
+3.551779509585791139 
+3.553955345601818472 
+3.558151169543468662 
+3.562550888666025095 
+3.565056138009693676 
+3.567572288494401445 
+3.570202501001982665 
+3.572787531438028630 
+3.575487502796256933 
+3.578192630869926116 
+3.580957809240155054 
+3.583842960645623688 
+3.586730739297088633 
+3.589741895249025649 
+3.592817347324757105 
+3.595957526457990383 
+3.601895257981616361 
+3.605289954878371450 
+3.608683810109365009 
+3.612144468197734604 
+3.615599680443202679 
+3.619193829324626410 
+3.622780617707227702 
+3.626433112717850182 
+3.630229884283486363 
+3.634016361235110626 
+3.637950722364439393 
+3.641872778051800985 
+3.645862511665381334 
+3.650090868178803571 
+3.654306732432956561 
+3.658594355429746425 
+3.662954144861623185 
+3.667477721851950978 
+3.671984555036127418 
+3.680549398499962876 
+3.685266979835230217 
+3.690157671601255185 
+3.695126392310375429 
+3.700173562726615462 
+3.705093040859064324 
+3.710085573834497108 
+3.715257853681062095 
+3.720399139763167717 
+3.725724034010480690 
+3.731126598967311914 
+3.736494587524804345 
+3.742052042828458269 
+3.752348040324188450 
+3.758128430615008675 
+3.768953846540878949 
+3.774961811152517388 
+3.781175824818062470 
+3.787347703905290075 
+3.793601270282313642 
+3.805433008645061843 
+3.817550084673841937 
+3.824330117237416005 
+3.831059169692870636 
+3.837732459484460179 
+3.850320590148380795 
+3.857370851994811556 
+3.864360092776564226 
+3.871579872845044346 
+3.878735838212543197 
+3.886126492377665720 
+3.893603975125957906 
+3.901168626715363352 
+3.908820785451844859 
+3.916560787676546251 
+3.924549647000300290 
+3.932468147077101683 
+3.940475494466330719 
+3.948738183458376572 
+3.956926038323451245 
+3.965373595951742214 
+3.973743281655184312 
+3.982377049635400734 
+3.990929872523267807 
+3.999396497131454620 
+4.008130007887884538 
+4.016774232996197291 
+4.025689652763082549 
+4.042119383803303378 
+4.051295673708168898 
+4.060565168785600143 
+4.070120225396767211 
+4.087565678795596291 
+4.097197461167951360 
+4.106923880470431776 
+4.116745224905169032 
+4.126661780400755930 
+4.136879154453040108 
+4.146988938222484045 
+4.157194782736551630 
+4.167496964651466129 
+4.177895758284218886 
+4.197248177221996279 
+4.207922504784855633 
+4.218473660737712905 
+4.229341534971469585 
+4.240307569403004351 
+4.251372022059365818 
+4.262535148526732875 
+4.273797201937597379 
+4.294741160558478654 
+4.306285199288772070 
+4.318167785685441018 
+4.329913861463710489 
+4.341760296858750756 
+4.353707327826549012 
+4.366249082220320155 
+4.378651207108814170 
+4.391158810895889886 
+4.414449196310457069 
+4.427257656948635045 
+4.439913159987545654 
+4.452932481419694000 
+4.465795064527222635 
+4.479026131921300724 
+4.492096651538902918 
+4.516372801169089790 
+4.530010487059731972 
+4.543480274058319779 
+4.557054051910974124 
+4.570732011690303409 
+4.596126831436390781 
+4.610101343093658599 
+4.636332419588271136 
+4.650899499807009008 
+4.665576317952942809 
+4.680066240835994762 
+4.694661895170655797 
+4.709664579817766317 
+4.724777696350990652 
+4.739695852949936672 
+4.755028115532367039 
+4.808303776144366992 
+4.863852145320899822 
+4.880390214733108856 
+4.896389572308756932 
+4.912496699028300995 
+4.942362375636454530 
+4.959111959885271759 
+4.975635875698269039 
+4.992268120507977969 
+5.009008800440972742 
+5.025513071289180012 
+5.042468709160120355 
+5.059183739689528281 
+5.076003197998845806 
+5.093280863755513366 
+5.110667529560179112 
+5.128163279416082077 
+5.145768194086510761 
+5.163845002482964297 
+5.181670707747367821 
+5.199605801959622298 
+5.217281002047966076 
+5.235432837926948579 
+5.253320476724432808 
+5.271689293497957784 
+5.305713738540704938 
+5.324393852035527175 
+5.343183793299040474 
+5.362470458510024685 
+5.381482419760393654 
+5.400604323694016884 
+5.419836201473393622 
+5.439178080814861538 
+5.458231908375841712 
+5.477791614105951723 
+5.497058859282738297 
+5.516836459461508468 
+5.536317175634215992 
+5.556312711136257576 
+5.576006924956746325 
+5.596220409271384533 
+5.616128120467163143 
+5.636559539498619209 
+5.656680720677076835 
+5.677330032544518623 
+5.697664628997216596 
+5.718531763834940662 
+5.739508897456183867 
+5.760596001190979365 
+5.781793042703427865 
+5.803099985979320863 
+5.842521365216332363 
+5.864582178331906093 
+5.886757243989623412 
+5.908599600769042226 
+5.930551572594826126 
+5.953064473261679090 
+5.975237720138007802 
+6.016249088832928749 
+6.038732530097556506 
+6.060863005890459121 
+6.083098190949959516 
+6.105904527505988000 
+6.128351057102488397 
+6.150902035933690115 
+6.173557370724215509 
+6.196792230749586849 
+6.238792575474919389 
+6.262330627728294630 
+6.304874670410077542 
+6.329202653465285877 
+6.353153046434378837 
+6.376719115997599552 
+6.400882646871648873 
+6.424657237481056882 
+6.448534809565560799 
+6.473015907429116922 
+6.497101156091344087 
+6.521793953025769142 
+6.567934967484086783 
+6.592932186803180272 
+6.618549044969427975 
+6.686707542070831067 
+6.712203923844322517 
+6.738329232552958459 
+6.763512531874867229 
+6.789324360058852648 
+6.814710976668767017 
+6.841262037839211274 
+6.867387463914290890 
+6.893616991983915199 
+6.919950399595890644 
+6.946387459998632607 
+6.973470659837271768 
+7.000116431662778638 
+7.071857906434626528 
+7.098880620371373240 
+7.126559984097065481 
+7.153788558302114353 
+7.181677436714728913 
+7.209110790355163445 
+7.237208061937559833 
+7.265410144482086885 
+7.293149583436715488 
+7.320989106987500605 
+7.348928423331749116 
+7.400504521248459255 
+7.452414401129498600 
+7.481396742701881486 
+7.557813719226293969 
+7.586575987364689411 
+7.639656677975532162 
+7.668692765343887885 
+7.698420242751730314 
+7.727649652698177718 
+7.756974210647427981 
+7.786994933958178322 
+7.816510620884482563 
+7.846120348656805632 
+7.875823741226364305 
+7.905620417801761945 
+7.936120948723278445 
+7.966104915723237312 
+7.996180987654570416 
+8.026348764526598956 
+8.056607841540536441 
+8.087578139652993769 
+8.118020425357819647 
+8.148552759221525221 
+8.179174716983524718 
+8.235022021425205452 
+8.292425846656392707 
+8.323460890296937364 
+8.354583058162974751 
+8.385791893224535443 
+8.417726502113326958 
+8.448467711999549934 
+8.557997816411180736 
+8.589755953223424001 
+8.621597185711619815 
+8.653521014423093405 
+8.739270102492856296 
+8.771492976185891521 
+8.803796044492511186 
+8.891211427136843426 
+8.923806103638169063 
+8.956478449842581568 
+8.989897068555258386 
+9.022724647589122071 
+9.055628211192274790 
+9.088607190949486991 
+9.122336356235821953 
+9.183243266227584911 
+9.215828122374309928 
+9.249163677554346208 
+9.281888723774418537 
+9.315366210387090007 
+9.348229126193002614 
+9.409340230574521513 
+9.443772500600813302 
+9.477585242902193841 
+9.512157905276875880 
+9.546106929190079526 
+9.580817313522118184 
+9.614899979703761090 
+9.648350260547392310 
+9.828485989444709858 
+9.920957383236327587 
+9.954946422858775179 
+9.989701332395483746 
+10.023802857721790360 
+10.058671184753672279 
+10.093595722156415206 
+10.128575735519515177 
+10.162894947685643388 
+10.197982592807402824 
+10.232405803596268612 
+10.296364971660418419 
+10.331650730601459998 
+10.395869430125802779 
+10.431294997526528334 
+10.467493157033652906 
+10.503015173800914539 
+10.539310089423965522 
+10.574925286920773715 
+10.611313598937881508 
+10.676927583484237871 
+10.713442141189144508 
+10.750000108189633252 
+10.816644080947680706 
+10.882688882549871323 
+10.918700385141640652 
+10.954748693106317603 
+10.990096165302615461 
+11.026214747339810884 
+11.091904690353327823 
+11.128117251330664317 
+11.164361464664219525 
+11.199895814390469440 
+11.235458804500796148 
+11.271791332273517483 
+11.308151876285842619 
+11.375006421677168689 
+11.411441340450272364 
+11.448644976156616693 
+11.485128210126264392 
+11.552196045497547416 
+11.588740469410300449 
+11.624558193096360625 
+11.661140651727905038 
+11.697740847678318232 
+11.733610336844105149 
+11.800905627346727655 
+11.836816011579454511 
+11.872738764363006680 
+11.908672918477325453 
+11.945366450271928116 
+11.981320668638280935 
+12.017283331325335993 
+12.054752349682496870 
+12.090729170830737615 
+12.157449757521796130 
+12.194189169999347655 
+12.230181330123743422 
+12.266924839024696325 
+12.303668786022269543 
+12.339662218731746179 
+12.377153574049870599 
+12.413892188842307718 
+12.450626789230156533 
+12.487356245927317744 
+12.524828802370933545 
+12.561544394449743578 
+12.599000417305115107 
+12.667143398919280983 
+12.703819198030215532 
+12.771895717245520530 
+12.808530918481725536 
+12.876523029465195336 
+12.913107892710661062 
+12.949672807968052979 
+12.986216556485068452 
+13.053278496910641238 
+13.090499673476841735 
+13.126950240265831127 
+13.163373625579541937 
+13.199768571427373587 
+13.236875642669559738 
+13.273209263182952355 
+13.339859455913140707 
+13.404915572499783494 
+13.441088786191526694 
+13.476486652716920034 
+13.512582788776699161 
+13.548638020314902164 
+13.583916488836093706 
+13.619886816003642593 
+13.655812254405894635 
+13.690959695739353563 
+13.726792281967041376 
+13.761846153421126715 
+13.797580539813340650 
+13.833263269978012033 
+13.869619533022339297 
+13.934916903136006283 
+13.971110631208164321 
+14.006521418157136694 
+14.041872306003586601 
+14.105204694519217767 
+14.140380516610402850 
+14.174775109436215104 
+14.239091182066966113 
+14.274009765902430757 
+14.309567840130503313 
+14.373381214526661509 
+14.408018000588059593 
+14.500237680860278644 
+14.534585330037110396 
+14.597457421980948311 
+14.631567705315484673 
+14.693992411494225081 
+14.728542956707048717 
+14.762310471024633785 
+14.795985307719099922 
+14.829565883016352146 
+14.862368212763419351 
+14.895757489368470772 
+14.929047741970572716 
+14.962237357483340716 
+14.995324715422702511 
+15.028308187892495340 
+15.089282010043387317 
+15.121959630563447163 
+15.154527016928311056 
+15.187643685131005711 
+15.219983268257056608 
+15.252207568175499830 
+15.284968919989436742 
+15.316955146357877027 
+15.348820971920986267 
+15.381211234616516847 
+15.412828577465420565 
+15.444320333006492874 
+15.501192789736839117 
+15.532321515735370454 
+15.614889026685837337 
+15.646147054522614894 
+15.676639733423312961 
+15.706991838020430308 
+15.736586480639038754 
+15.766654996790929744 
+15.795968366310844999 
+15.825139968051386674 
+15.854771297857700674 
+15.883651157959009836 
+15.913578025304762065 
+15.942749728051140323 
+15.971764513881716141 
+16.001207747382562019 
+16.029899792315788432 
+16.058429257411251712 
+16.086794252003134176 
+16.138458417945358292 
+16.166913857591453052 
+16.194626611295486640 
+16.221605328591021333 
+16.248415479383496063 
+16.275608405527297151 
+16.324539116964327690 
+16.350678739994872757 
+16.377179790867817388 
+16.403493836554986274 
+16.430150068542172193 
+16.456080204396940303 
+16.481817297204962358 
+16.507359331755612430 
+16.533219462393351051 
+16.558361217746814020 
+16.604014320663107895 
+16.628580001091972207 
+16.652938657300992986 
+16.697619843977502541 
+16.721375563779552920 
+16.744916226785683477 
+16.768239730588476277 
+16.790874655332519438 
+16.813762040003084053 
+16.854759946717216224 
+16.877464244868470189 
+16.935810168222861449 
+16.957204182456120378 
+16.978360675363536103 
+16.999277457719031759 
+17.020371733873286502 
+17.056878746970500771 
+17.092986525082110916 
+17.112511809340205104 
+17.162692557013976113 
+17.181282741656787039 
+17.215108762690466193 
+17.233303555216835434 
+17.250862455840906051 
+17.268499742311888667 
+17.285507566434802129 
+17.302239127475871783 
+17.345595982129605517 
+17.361609951758030235 
+17.389679567138632166 
+17.404549170284482784 
+17.419124719715743055 
+17.433692122671111235 
+17.447666233894835841 
+17.461339018193630324 
+17.474977707637219027 
+17.488034278787520037 
+17.500782170443528685 
+17.523384329364997569 
+17.535481921169839836 
+17.547016146516710933 
+17.558455192971837988 
+17.569338961516791642 
+17.580109071867422443 
+17.598632086150399090 
+17.608245634693890480 
+17.617709562746199481 
+17.640828861042791686 
+17.648685519463182203 
+17.656361950375170977 
+17.663542354769472098 
+17.670523363159407637 
+17.677017544167586749 
+17.683292918207730082 
+17.689090838295790320 
+17.694650296465304962 
+17.699741849729971221 
+17.704480101811892467 
+17.708950052587276502 
+17.712966703169524152 
+17.716694782129884800 
+17.726765030847225546 
+17.728800162466836099 
+17.730399578265185312 
+17.732323122595261111 
+17.732790165502777313 
+17.732855560456844302 
+17.732505386055088081 
+17.731750820386523060 
+17.730558148988631473 
+17.727325907701946051 
+17.724921899297132910 
+17.722079576038900939 
+17.718795924716591372 
+17.715146856331131175 
+17.707323200346440473 
+17.702447973912811108 
+17.692350940891646616 
+17.686096744247240764 
+17.679517056346071513 
+17.672340270022303343 
+17.644400539686564855 
+17.635509894958186550 
+17.625973668217039148 
+17.616178244271488040 
+17.605930856320878064 
+17.585724986592442320 
+17.573926492608215710 
+17.551260582198409566 
+17.526984934528563542 
+17.512633872790271283 
+17.472892931319147891 
+17.456994718333422867 
+17.440588592840192916 
+17.423320850163211304 
+17.405879023064162681 
+17.387919848881232099 
+17.369057606882115863 
+17.350043579964509632 
+17.330502682776671719 
+17.310431742786221321 
+17.289827577695039196 
+17.268249947184539650 
+17.247006794113570294 
+17.224783762084424410 
+17.182541044706713507 
+17.158760582172465803 
+17.133922424084374825 
+17.087745769485906067 
+17.062340712742482651 
+17.035844352700255655 
+17.009335019934454181 
+16.981704907843891306 
+16.953497138942367428 
+16.924708386349593070 
+16.895335313215905870 
+16.865374572710170042 
+16.834822808006137507 
+16.803034803780597883 
+16.771278645579538846 
+16.738921263376685289 
+16.677911723923582343 
+16.643830308306210242 
+16.609134579965417089 
+16.573093963542159912 
+16.537146578823005427 
+16.499821574368276345 
+16.462608424669806340 
+16.359207803624656208 
+16.319643724311806210 
+16.278607655195660442 
+16.202187209913805788 
+16.160103706356252928 
+16.117361813059396525 
+16.073065255412309682 
+16.028982260023045825 
+15.984230077960043914 
+15.939738902740172577 
+15.893651390906793353 
+15.847845207245052634 
+15.800408196171630948 
+15.753273084485938327 
+15.704472324444481046 
+15.613026723068832879 
+15.518160205263313856 
+15.464997897204881383 
+15.411094516348885719 
+15.356446114031463424 
+15.302164043604337351 
+15.246028805021873964 
+15.190281995505916512 
+15.133804542766517542 
+15.076592677358535255 
+15.017452252192443396 
+14.909049675154500747 
+14.848969572691347096 
+14.788136598785008857 
+14.725282083983890047 
+14.661635583310660635 
+14.599786042549412812 
+14.537199203257539892 
+14.472544190081205073 
+14.408456268016406554 
+14.343620016906314163 
+14.162833531262787545 
+14.093756484710446841 
+14.022446978639107940 
+13.950302263531874303 
+13.877318124945137612 
+13.806459699476816283 
+13.733319189546985939 
+13.659360532525608889 
+13.584579718534008919 
+13.507421096354615742 
+13.430966910377170720 
+13.353678390183873148 
+13.207915192533182136 
+13.128220487699257646 
+13.049328047656759466 
+12.831534506434520537 
+12.609398310904646578 
+12.525197386938895505 
+12.440152064537931764 
+12.352459919371929331 
+12.265696219395520572 
+12.102553107751631956 
+12.013334956078525195 
+11.921363163616122804 
+11.830387627291209185 
+11.734690233536067439 
+11.639980585477943009 
+11.463621236496612354 
+11.366287371260121120 
+11.183045036339144929 
+11.080982176107786685 
+10.977934546624368295 
+10.787845645961441576 
+10.681996050498701933 
+10.575143976993665262 
+10.467284760248531938 
+10.362788050083270974 
+10.255148179258865682 
+10.148754379972091400 
+10.039169216367744397 
+9.928594759136000647 
+9.817026549709400030 
+9.704460118168057647 
+9.495089976597936854 
+9.379667429136972601 
+9.260842512681753291 
+9.143363621492559545 
+9.022430958670446088 
+8.902877204834828362 
+8.782289618439511614 
+8.658170620836186160 
+8.537994651431143112 
+8.411742326097336075 
+8.286952060719329438 
+8.158525550506830371 
+8.031595147671279022 
+7.900975170513303780 
+7.663045651284368986 
+7.534662542115404094 
+7.402531640763285736 
+7.272041553165005112 
+7.140502157582732323 
+7.005135423275599571 
+6.871461998067704968 
+6.733907493429999391 
+6.598081831847118828 
+6.458320925545764979 
+6.317438333384534310 
+6.172519359040267162 
+6.026422360781723775 
+5.635028074630426431 
+5.487620116508243662 
+5.339057991778963341 
+5.189336832007123590 
+5.035360316346976894 
+4.883282529689831009 
+4.730030931555035956 
+4.575600605937601983 
+4.419986624966821154 
+4.134297325966419301 
+3.978579573756945820 
+3.821707931775863987 
+3.660373064454055747 
+3.501155289599483744 
+3.334061273841469220 
+3.165694477643181681 
+2.725392452972877244 
+2.559368739144461280 
+2.388653082579031306 
+2.220208602871535764 
+1.606685494963896232 
+1.429039725040594178 
+1.250114925272141519 
+0.914415034170530383 
+0.731807352650645004 
+0.547900645814964449 
+0.362689700118110636 
+0.172349079556883833 
-0.173717723525785406 
-0.364008364978862797 
-0.559553244440138986 
-0.919016351824087696 
-1.275065928221577938 
-1.468945726632591597 
-1.668210730249561013 
-1.864732795029148793 
-2.066705616504480592 
-2.265890550823531857 
-2.474784275502505348 
-2.680900908717232856 
-3.063113039620783074 
-3.273192806071789196 
-3.489010852827202580 
-3.701940015527371397 
-3.916287750124123779 
-4.132059545865214290 
-4.536575492449784974 
-4.756446392564606995 
-4.977762643636999940 
-5.205091210295359261 
-5.433936412884992961 
-5.849698617645413989 
-6.275131396952323470 
-6.506326820809794853 
-6.743775043385843659 
-6.977983879664281019 
-7.218518788036014655 
-7.460621602877225200 
-8.102410463322728518 
-8.350239717781757776 
-8.594660720822922428 
-8.840620202523179927 
-9.093191137180548722 
