+3.318102735070103559 
+3.254702878453296755 
+3.191971123631091256 
+3.129903768160361199 
+3.067250777850061283 
+3.006514530023636667 
+2.946431568068935913 
+2.886998235451834649 
+2.829404195659368959 
+2.771246124678242051 
+2.713726855468610921 
+2.656842776695723884 
+2.600590288344525991 
+2.546094741522999083 
+2.491081971504390591 
+2.435586535144690590 
+2.381824634188160594 
+2.328676492838014589 
+2.232644641044627676 
+2.180175133827826794 
+2.129361361540337505 
+2.078125646929797288 
+2.028513881203178215 
+1.978497472129291390 
+1.930073561565444074 
+1.882232372045897106 
+1.834970470384123420 
+1.789231476971668400 
+1.743106247030847156 
+1.697550141063289164 
+1.652559769871551953 
+1.608131755273765950 
+1.564262730088336939 
+1.520949338118642746 
+1.479055411160454137 
+1.435976083873048648 
+1.393464884886615796 
+1.353185362082104159 
+1.312600176644877603 
+1.240252162278870252 
+1.201167374850714342 
+1.163390766222634376 
+1.125345116782339616 
+1.087819562633758785 
+1.050810876003451355 
+1.014315839907176553 
+0.978331248134591380 
+0.942853905233951295 
+0.907880626496812226 
+0.872709913041516128 
+0.838745376232945539 
+0.805275349542442509 
+0.771628751773346888 
+0.738490456475365598 
+0.706504887338732068 
+0.675001198874748631 
+0.643976292420327834 
+0.612808558083627997 
+0.582741575327313299 
+0.553144079678382639 
+0.524602884278465798 
+0.495925778553287344 
+0.468280353674250360 
+0.441073896961612366 
+0.413750477085340407 
+0.387422462444045657 
+0.360989909296904887 
+0.335002931730790987 
+0.309975465843486120 
+0.284861787997749527 
+0.260684122543880736 
+0.236922794656204694 
+0.213093015036019739 
+0.190164633392380544 
+0.166714759862976791 
+0.144160471869497098 
+0.122025552514230196 
+0.099868204537491234 
+0.078571802800497803 
+0.058108253304987922 
+0.037622106894855012 
+0.017946817207561860 
-0.001740200842809791 
-0.020638091759983546 
-0.039918610558393297 
-0.058789018232614954 
-0.077617410106365359 
-0.095668418909939490 
-0.113318230583953738 
-0.130910763332100721 
-0.147759081272562209 
-0.163889723957213906 
-0.179963933556769096 
-0.195341504241943742 
-0.210652919344100464 
-0.225288464202509253 
-0.239848314238628735 
-0.254032827136216000 
-0.267844834968802292 
-0.281287159011075261 
-0.294104677972851558 
-0.306823309251434750 
-0.318936977591129267 
-0.330706229942920871 
-0.342363343858410829 
-0.353444674415776650 
-0.364405222126599426 
-0.374809184487667757 
-0.385083893579811765 
-0.394820960278512878 
-0.404231796874927607 
-0.413501038510482477 
-0.422260484730153429 
-0.430701330639415847 
-0.438988620260377882 
-0.446637237821619681 
-0.454137282973499090 
-0.461185000826977998 
-0.468076472332231486 
-0.474532764051468714 
-0.480950593699771112 
-0.487057231006954083 
-0.492742304307315138 
-0.498240385549247211 
-0.507277613905689151 
-0.511757467435351554 
-0.516048749315453747 
-0.520057580514627471 
-0.526692779570429259 
-0.529913206988798624 
-0.532860202764605440 
-0.535587898224026748 
-0.537989543446542928 
-0.540124759284169809 
-0.541995845140895049 
-0.543605091038784405 
-0.544954777633277487 
-0.546066806988088960 
-0.546898998426198268 
-0.547478462355936113 
-0.547807441929497152 
-0.547888171009262681 
-0.547716954626627839 
-0.547302894499006598 
-0.546663054883699928 
-0.545772935351331423 
-0.544670959582162606 
-0.543313353558941170 
-0.541757604642866930 
-0.539941013746378484 
-0.537939784964158729 
-0.535672639750638169 
-0.533127907463789352 
-0.530409537707976497 
-0.524844656591286984 
-0.521436955544725134 
-0.517881066721898264 
-0.514113115501958262 
-0.510051818271568536 
-0.505861723950998154 
-0.501373953082980606 
-0.496770095082954111 
-0.491864363258748494 
-0.486750751492050604 
-0.481431402276276010 
-0.475908448446142884 
-0.470184013194591355 
-0.464260210089717962 
-0.458014724060268996 
-0.451694605444568076 
-0.445313585318814376 
-0.438749119708228275 
-0.432003152920636513 
-0.425220740061577285 
-0.418121174803469220 
-0.410695556901471637 
-0.403242853027740988 
-0.395775548346884776 
-0.387823603823000518 
-0.373070268690500306 
-0.364803553862144803 
-0.356373997704633183 
-0.347606469482627300 
-0.338853542990054546 
-0.330126737482400845 
-0.321250720646197863 
-0.312037652844480817 
-0.302865306041421700 
-0.293353267364793613 
-0.283692873448581295 
-0.273885906050586492 
-0.263934138431883625 
-0.253839335372133323 
-0.243392894774942636 
-0.233227639732834113 
-0.222714234443211812 
-0.212283453031661740 
-0.201723727006375420 
-0.190812678417773274 
-0.179997287985199428 
-0.168599316139735222 
-0.157532244449846370 
-0.146109951887960943 
-0.134563378904453135 
-0.123133551618136661 
-0.101634695066596059 
-0.089631446429241812 
-0.077263286395600872 
-0.064775682649953925 
-0.051917057209303508 
-0.039193407182079198 
-0.026355473719127609 
-0.013665050743552953 
-0.000868077137060386 
+0.011769527956539072 
+0.025039229724225454 
+0.038414980765109519 
+0.051895133482799505 
+0.065478049030332830 
+0.079162097293258959 
+0.092945656872695182 
+0.106827115068423240 
+0.120524379452027208 
+0.134312623524353469 
+0.148474493955114362 
+0.162442004962690678 
+0.176783715206246139 
+0.190635035039907308 
+0.204566540194790480 
+0.218869574105026388 
+0.232958956413034990 
+0.247420330766742858 
+0.262257076020713242 
+0.276874275456276298 
+0.291566459914874176 
+0.318742771106558020 
+0.333640037910212239 
+0.348913096378836940 
+0.363642082833679936 
+0.378435250230288567 
+0.393601479698885370 
+0.408520446412366400 
+0.423812450314811517 
+0.439165991366188724 
+0.454579738345967321 
+0.495755180110416749 
+0.511058299652921821 
+0.526733811368295335 
+0.542140666251534675 
+0.558242103867009565 
+0.574072330571110179 
+0.590276155561351601 
+0.606204146199337046 
+0.622178632562597755 
+0.637870993925680363 
+0.654262127523434600 
+0.670697814250936997 
+0.687176757160678608 
+0.703697667348418765 
+0.720259263936271488 
+0.736527875795155662 
+0.753166283941380854 
+0.769507748711104611 
+0.799611137685299234 
+0.816046804811112469 
+0.832513455716818118 
+0.849009942707936283 
+0.865535125357116630 
+0.882087870488808878 
+0.899005670219104491 
+0.915610674812333158 
+0.932239863110299716 
+0.948552065286280666 
+0.965225877939672294 
+0.981579694821542947 
+0.998293860396303412 
+1.014685134869843797 
+1.031435437299552671 
+1.048202409127598767 
+1.064984995649722599 
+1.081782149230514634 
+1.098936037973744728 
+1.115759455209957451 
+1.132594317982221543 
+1.149439606920320323 
+1.166638374128294409 
+1.183501646420201947 
+1.200372308354288542 
+1.217249368578244617 
+1.234476432462312090 
+1.251363423324071356 
+1.268253860204057837 
+1.285146779520546900 
+1.302041224560819721 
+1.319281041182401193 
+1.336175677667431838 
+1.353068991763958895 
+1.369960054221043499 
+1.386847942579932935 
+1.403731741158764867 
+1.420954947954852665 
+1.437827717186556331 
+1.454693671896596596 
+1.471551923494587077 
+1.502493057607698690 
+1.519324680623718837 
+1.536488409191982596 
+1.552953919236855773 
+1.569407188226417338 
+1.586189784243140277 
+1.602615903213491677 
+1.619369150706679417 
+1.649756884184786720 
+1.666122071142768224 
+1.682810057252178471 
+1.699138936215359719 
+1.715788299003120798 
+1.732077828057202229 
+1.748685487358893731 
+1.764932673752983350 
+1.781157815243257891 
+1.797697499390825460 
+1.813875915696563812 
+1.830366429597130251 
+1.846495249619151791 
+1.862598480132616752 
+1.879010088069652085 
+1.895059520554590149 
+1.911414799484579596 
+1.927407683060927468 
+1.943371580942003796 
+1.959637480785723529 
+1.975540806651631565 
+1.992073850156016457 
+2.008572588674224946 
+2.025365219335626854 
+2.042120663327249286 
+2.072249741293226588 
+2.088244885590412103 
+2.103877843954680138 
+2.119799363987929119 
+2.135358984805538096 
+2.151204410130634237 
+2.166688296487326859 
+2.182455203789618992 
+2.197861004823801423 
+2.213547017683243912 
+2.229191277722718301 
+2.244475217012017687 
+2.260035093622887459 
+2.275551481489402228 
+2.290708492202353064 
+2.306137112560318059 
+2.321520561040862241 
+2.336545730432361800 
+2.352149735751967619 
+2.367394373372009309 
+2.382901313868690973 
+2.398358390210938218 
+2.413765046004728188 
+2.428814120490312867 
+2.444119326755004096 
+2.459067941848105399 
+2.473966076194669128 
+2.488510744829755872 
+2.503307495073923583 
+2.518052308076817791 
+2.532744706378576627 
+2.547085984385841773 
+2.561673237082787047 
+2.575910625914644037 
+2.590390928140658744 
+2.604816531568489690 
+2.619186992393771174 
+2.633793431045985400 
+2.648051150018323252 
+2.662541650923452963 
+2.677260945844350370 
+2.691344537908731738 
+2.705656046615065424 
+2.719907023833281645 
+2.733813845414231558 
+2.747661732196418960 
+2.761731075187398687 
+2.775179155278254317 
+2.788847932118374118 
+2.802179141040949784 
+2.816003758338405660 
+2.829490080666634988 
+2.843188198746551265 
+2.856549831805658357 
+2.870119992479661875 
+2.883355529233679437 
+2.896528147616867166 
+2.909637518956865510 
+2.922683319851971717 
+2.935665232155812987 
+2.948582942962038267 
+2.961436144589047359 
+2.974484845181477155 
+2.987206794414993372 
+2.999863336712508044 
+3.012710455326883974 
+3.025233979074269719 
+3.037691245232243986 
+3.050586309834423027 
+3.063409003732446845 
+3.075909732535738073 
+3.087844471610102115 
+3.099960955397169204 
+3.111764398681854615 
+3.133476955739156633 
+3.145334704909326096 
+3.157123738350207098 
+3.169082300763983895 
+3.180968853238950178 
+3.192547593959278895 
+3.204290908721597386 
+3.215961559390784430 
+3.227790547860985626 
+3.239313785214145369 
+3.250763743554244911 
+3.261913421362198751 
+3.272766967233607271 
+3.283776443106632748 
+3.294492322605470758 
+3.305360940886691079 
+3.315938529899871590 
+3.326883847250645676 
+3.337537833847974422 
+3.348119982940827910 
+3.358630155576882270 
+3.369280487406966618 
+3.379644833402946968 
+3.389936811654448157 
+3.400571882606860274 
+3.411128297310304092 
+3.421605930977698051 
+3.432004664214642009 
+3.442122795733929763 
+3.452364943848355683 
+3.462130815195589406 
+3.471823466778255707 
+3.481247235993810030 
+3.490794703077748196 
+3.500076105010845762 
+3.509478098774237331 
+3.518806507215654467 
+3.528061269913481457 
+3.552625626989733831 
+3.561607900161272600 
+3.570335237364524961 
+3.579171242777734907 
+3.587755233299541047 
+3.596444848758083346 
+3.604885389323237099 
+3.613428526110971983 
+3.621725546126121742 
+3.630122148772152890 
+3.638275610095664803 
+3.646525656139409044 
+3.654535552851157387 
+3.662639052607365997 
+3.670668538087404453 
+3.678462407102423448 
+3.686345423094744778 
+3.700474414481863761 
+3.708149216467169662 
+3.721900255864872609 
+3.729518737574051723 
+3.736910348791142589 
+3.744228262496426041 
+3.751472533203838999 
+3.758643219436472283 
+3.765884458723306238 
+3.773049215242293197 
+3.779996545299034505 
+3.787010091297229764 
+3.793947390606677850 
+3.800808530920430250 
+3.807728530394585142 
+3.814436114286536395 
+3.821067829618502554 
+3.827623780981969759 
+3.834104077129584009 
+3.840508830958095920 
+3.846838159491551501 
+3.853092183864330167 
+3.869482605805548481 
+3.875460620532541700 
+3.881246616474532285 
+3.886845116539024758 
+3.892489528497002027 
+3.898175625070116723 
+3.903676111522325520 
+3.909105587233929313 
+3.918893614351099064 
+3.924016493412155526 
+3.929176414691348374 
+3.934162929474594783 
+3.939183977454127294 
+3.944135131403461614 
+3.948917643977992498 
+3.953730965094538252 
+3.958474933366978199 
+3.963055023294524748 
+3.967662260700159926 
+3.972108781964170721 
+3.976580054240189455 
+3.980893769987150499 
+3.995731023688921635 
+3.999747841484408983 
+4.003781807593353115 
+4.007668484423330568 
+4.011570040108050961 
+4.015327447799584171 
+4.019173746691977023 
+4.022951245502540019 
+4.026586690400066004 
+4.033164411162804441 
+4.036613121069391852 
+4.040065341176851454 
+4.043383242804472921 
+4.046702521059930113 
+4.049955070252098110 
+4.053141172247216595 
+4.056199360002741727 
+4.059254741265920785 
+4.062244535185758565 
+4.065111184826761814 
+4.067915408721682446 
+4.070657490773787579 
+4.073391774384699460 
+4.076009183102639710 
+4.078616856026753723 
+4.081110787242003823 
+4.083593082192875201 
+4.087856282312444023 
+4.090073525243723473 
+4.092278072390438837 
+4.094380241515229280 
+4.098210765042357373 
+4.100189964366616202 
+4.102149813885157315 
+4.104012251839110448 
+4.105853640337823407 
+4.107565575390402124 
+4.109257128203864795 
+4.110892391097739740 
+4.112471704523805727 
+4.113995411643783129 
+4.115463858313993306 
+4.116877393070144109 
+4.118263535648814866 
+4.119567200265088935 
+4.120792051079944507 
+4.121989476588046486 
+4.123110948213088101 
+4.124203552033881337 
+4.125223042795123973 
+4.126981463939045192 
+4.127877107216519903 
+4.128721760083029046 
+4.129500099939999558 
+4.130244932549063108 
+4.130926223683253795 
+4.131572740197146487 
+4.132170169746959942 
+4.132718903435952384 
+4.133583379098076271 
+4.133998058909308604 
+4.134358518489085199 
+4.134680172658108610 
+4.134955436425509667 
+4.135188920178198835 
+4.135371701004982192 
+4.135509328111824701 
+4.135603648264018162 
+4.135651312078288733 
+4.135655079594426908 
+4.135614111533561399 
+4.135424852969689979 
+4.135262409694573371 
+4.135053542251427849 
+4.134801585751843866 
+4.134507000944384281 
+4.134177396092397316 
+4.133807733662989037 
+4.133389691624894446 
+4.132940441341219184 
+4.132452468882474861 
+4.131926220505159009 
+4.131362144494700850 
+4.130748030575376539 
+4.130108903345504068 
+4.129433314651034692 
+4.128721720780198723 
+4.127958965298990535 
+4.127176026481929938 
+4.126358472455126325 
+4.125489033194571498 
+4.123836014622101587 
+4.122889308447687640 
+4.121066543380520031 
+4.120029320462475830 
+4.118983207662728852 
+4.117885087026610158 
+4.116780238814284232 
+4.115647008710612731 
+4.114436870196906071 
+4.112183903030544485 
+4.110917787513076682 
+4.109597774507299128 
+4.108277164557422978 
+4.106930326748830851 
+4.105557756018720639 
+4.104159948926923818 
+4.101558150096453303 
+4.100091951496256826 
+4.098633054531849673 
+4.097121167436199585 
+4.095618483505647944 
+4.094094851163392335 
+4.092518365492725962 
+4.090921057845998021 
+4.089303439810150209 
+4.087666024430404832 
+4.086043325710519980 
+4.084368238366985260 
+4.082709628058942997 
+4.080998895920727065 
+4.079306365132304713 
+4.077562026149831098 
+4.075801488634745340 
+4.074025276665365958 
+4.072233915641413127 
+4.070427932268694704 
+4.068607854543842883 
+4.065192123328850826 
+4.063334696711289773 
+4.061426949925683871 
+4.059507227902683368 
+4.057614830044060206 
+4.055712013857556641 
+4.053799316996860469 
+4.051877278270321625 
+4.049906944858398639 
+4.047967680420351044 
+4.046020708392881637 
+4.044066572072159360 
+4.042145893841396997 
+4.040138985109498648 
+4.038166626387988956 
+4.032830094931679987 
+4.030842070904045116 
+4.028851097544121629 
+4.026817024892437757 
+4.024821778409577000 
+4.022825253195407846 
+4.019115921779567557 
+4.017118804056882375 
+4.015122553071058142 
+4.013087035191678531 
+4.011094239874919865 
+4.009104000268056467 
+4.007076360060018771 
+4.005092996084473889 
+4.003113884169482439 
+4.001139587498121486 
+3.999130547979012906 
+3.997167701504860116 
+3.995171522641400852 
+3.989978126551972704 
+3.988050800659113548 
+3.986171708733857511 
+3.984263114812744533 
+3.982364831993449705 
+3.980515836516477890 
+3.978639648191131251 
+3.975149910668995812 
+3.973272421887978467 
+3.971446290072823349 
+3.969634403471696160 
+3.966345472670969485 
+3.964577121656849279 
+3.962789643269275963 
+3.961055122317982846 
+3.959338215601140742 
+3.957605025573427859 
+3.955891389630136423 
+3.954231589047381590 
+3.952558480577664568 
+3.950939576581337320 
+3.949309403765335347 
+3.947733757719192660 
+3.946180396569106463 
+3.944649899687647565 
+3.943173364729730679 
+3.941689839468700995 
+3.940260430782748013 
+3.937674366429752215 
+3.936287270893592094 
+3.932738623806285361 
+3.931426278012494002 
+3.930169401448681210 
+3.927938160383309008 
+3.924875813649730816 
+3.922904347867709696 
+3.921898473611115321 
+3.920905077585695064 
+3.919946038001569821 
+3.919040442734948115 
+3.918151130482239175 
+3.917297907839015991 
+3.916465077932898886 
+3.915049331769411278 
+3.914341546738438815 
+3.913659445881442434 
+3.913030904060784465 
+3.912430873284780564 
+3.911873211200670220 
+3.910978156572630482 
+3.910550685234087442 
+3.910158745190167373 
+3.909818603339328291 
+3.909522559908670480 
+3.909271193725313065 
+3.908930783031483003 
+3.908808350457980918 
+3.908733870526395648 
+3.908704922361860401 
+3.908722898795491396 
+3.908787617396451530 
+3.908902341039148354 
+3.909062937630698897 
+3.909276664113838784 
+3.909795365556850033 
+3.910502821294462361 
+3.910959203949814444 
+3.911469134109113899 
+3.912045262316823813 
+3.912665124448744258 
+3.913340259475264649 
+3.915420986222825306 
+3.916285454409800248 
+3.917225265372195953 
+3.918202601877819102 
+3.919258743139057533 
+3.920397887418793914 
+3.921575043645489700 
+3.922838848638808606 
+3.924139323395763768 
+3.927921534247067914 
+3.929452105952865093 
+3.933824182070547959 
+3.937082312268071593 
+3.939008667996032553 
+3.940964182713911690 
+3.944775514398012106 
+3.946925526336338752 
+3.949190689766684859 
+3.951480958162626678 
+3.955921108247284046 
+3.958465158800319905 
+3.961030883814916415 
+3.963723576881195587 
+3.966436084155906094 
+3.969222062575334053 
+3.972082054543268459 
+3.974955963844510887 
+3.977964067739240939 
+3.981047794709258181 
+3.984207682667508799 
+3.987377445398750719 
+3.990689682855669496 
+3.996905036018203461 
+4.003528618630477709 
+4.010349802395194452 
+4.014177782117460680 
+4.018086967294982159 
+4.022160184775835035 
+4.026235038375389763 
+4.030392678821779207 
+4.034633626974754250 
+4.042641883708218309 
+4.050936145144314438 
+4.055477797697239595 
+4.060199417495209850 
+4.065007774617488856 
+4.069802593264962631 
+4.074784157421272646 
+4.079853973966690361 
+4.085012548376226960 
+4.090368416236018767 
+4.095817760170535671 
+4.101361112242443596 
+4.106999002798693787 
+4.117387129000993795 
+4.123173481518616512 
+4.129052538958589480 
+4.135024792557687512 
+4.146112313322694476 
+4.152221421794241252 
+4.163790404089866115 
+4.175675834778081352 
+4.182492947666308858 
+4.195301453419737037 
+4.202407544819417140 
+4.209616353150114065 
+4.216633908299402655 
+4.223896235989317738 
+4.231107360154021890 
+4.238414930604886166 
+4.246130009297855779 
+4.253793247096782082 
+4.261717907923013193 
+4.269587469319409578 
+4.277723612439906731 
+4.285801351475013732 
+4.293814800581464475 
+4.302268432601103143 
+4.310658668981191433 
+4.319153962033493777 
+4.334854326805150926 
+4.358234231104254341 
+4.367309687827279241 
+4.376304519031723572 
+4.385403265395558137 
+4.394799170194515270 
+4.411947717600289032 
+4.430254737242039553 
+4.448746553900162937 
+4.467622712812065799 
+4.477946911392594487 
+4.488597881766743569 
+4.508066446318867548 
+4.518827173079524862 
+4.529702041122301459 
+4.540691444102753493 
+4.552023591611963127 
+4.563245593190049298 
+4.574583304028874586 
+4.586037108013669261 
+4.597607386561083587 
+4.609534250863550398 
+4.621341009184670057 
+4.633265378958496328 
+4.645307731522471784 
+4.657468435668743467 
+4.669496068093792474 
+4.681637964027746790 
+4.694151027749603244 
+4.706783877882291911 
+4.719275401957942151 
+4.732410358515078741 
+4.745404692975908389 
+4.758789149931520690 
+4.772028702277071766 
+4.785390143799808982 
+4.799150266345176163 
+4.812759007849122028 
+4.826490656639079724 
+4.840629582587299140 
+4.866404129471673556 
+4.880612930146414286 
+4.895240037011362233 
+4.909700689120011674 
+4.924585446318840987 
+4.939299235776662300 
+4.954442943412461275 
+4.995053900263371816 
+5.010676968874932413 
+5.026116055017357809 
+5.042001630987988925 
+5.057698568078882850 
+5.073523562368420947 
+5.102595369125221936 
+5.118450887214613054 
+5.134764529554427526 
+5.150870693107758136 
+5.167440732178944174 
+5.183798572698249174 
+5.200281328645237622 
+5.231873647902480329 
+5.249071796415535118 
+5.266401097624600069 
+5.283861798815880917 
+5.301814543938436763 
+5.319541468123658134 
+5.337400519662020670 
+5.355760484369599617 
+5.373887198600591830 
+5.392146737876492679 
+5.426410466751605099 
+5.445050731221332541 
+5.464209202779420238 
+5.499045909801127507 
+5.518202920975666004 
+5.537099352398392682 
+5.556522750465726190 
+5.575680509967237519 
+5.595371059274688363 
+5.614790882503525538 
+5.634340650735235378 
+5.654431916825683579 
+5.674244799217282420 
+5.694605006109672019 
+5.732356022926335726 
+5.753527604370642479 
+5.774413728383905209 
+5.795867053961940130 
+5.817462919380083974 
+5.839201483735793730 
+5.861082902176243614 
+5.883107325880883920 
+5.923112129107829915 
+5.945537737847267579 
+5.986265651378140262 
+6.009093510914817138 
+6.031604426513059281 
+6.054253659347256900 
+6.076574880375068766 
+6.099029035376753782 
+6.122088201965658172 
+6.144811283701284488 
+6.168145168559714620 
+6.191137539798949874 
+6.214263292820966456 
+6.238008492299540464 
+6.261404022105251599 
+6.285424769952084212 
+6.309090365384411925 
+6.353324247014269233 
+6.378879120887328114 
+6.404079664521245441 
+6.471820772811931022 
+6.498069666784067167 
+6.523431795588683357 
+6.548933708684691268 
+6.575100191095441637 
+6.600884608315205071 
+6.626808883431582586 
+6.653406410399017368 
+6.701110390582506682 
+6.727029957058000775 
+6.753627983692922498 
+6.779818832753418789 
+6.829288465574865796 
+6.856420308720352352 
+6.883691989350761098 
+6.911103482718140789 
+6.938654759758828838 
+6.966912364952939640 
+6.994745955662034831 
+7.023291552728551324 
+7.075039946093898635 
+7.103411990528872622 
+7.132506819888245531 
+7.185243238624109630 
+7.213561472515780615 
+7.267018124737464113 
+7.296319553265560032 
+7.325759938305836272 
+7.355339186264148843 
+7.410640149022731826 
+7.440002463633089924 
+7.470113540937868279 
+7.500362963915829795 
+7.530750612177811831 
+7.561900772194722009 
+7.592567305612070605 
+7.623371672435203195 
+7.680309733508172698 
+7.710866327221466143 
+7.742195391851932840 
+7.773018039734841622 
+7.804618388707901033 
+7.835706469244417605 
+7.866925656848005488 
+7.899584880498039752 
+7.958728909388297801 
+7.991122413646970735 
+8.024316921655717749 
+8.056984450030391542 
+8.118011574879112402 
+8.152417166377082580 
+8.186968679126485071 
+8.220984125245088592 
+8.311455808845973792 
+8.345286982720626412 
+8.379946041055434947 
+8.414743673390754353 
+8.449679605729254916 
+8.484050728746616699 
+8.519259665186638131 
+8.554606052411886097 
+8.619288232406061567 
+8.683704670949783377 
+8.719682150574312729 
+8.755071753069683993 
+8.791317629965181624 
+8.826969627332063695 
+8.863482595645162831 
+8.898661478383859347 
+8.934700678692308884 
+9.000487818602911361 
+9.066696520358854983 
+9.103327679145380102 
+9.140085623825072503 
+9.177724045629652494 
+9.214737031239806697 
+9.283808549171057578 
+9.353311034073669816 
+9.390913075407706145 
+9.429410142872491463 
+9.467261940000501141 
+9.506013007223682365 
+9.544891698386841483 
+9.615976950110614041 
+9.719832647169514672 
+9.758607497907561878 
+9.797502033194273707 
+9.836515792689962012 
+9.909284632905263734 
+9.949440768155710657 
+9.988912367443376183 
+10.029310006500249841 
+10.069828838381063463 
+10.110468332146501425 
+10.150411584525068420 
+10.224896239402273324 
+10.265166276170639037 
+10.340253842214188751 
+10.381675937738803484 
+10.457362501991006809 
+10.533431152770035055 
+10.575388454262718341 
+10.617459407748061295 
+10.658798614662908122 
+10.701092778486014367 
+10.742649531669425045 
+10.785164444485751289 
+10.826936307085741618 
+10.869669457007162805 
+10.911653942511607696 
+10.954602766846406325 
+10.996797338828432800 
+11.039959223821728784 
+11.117918779493390247 
+11.161377401034613399 
+11.204068393825618699 
+11.282740060424053752 
+11.325712551644834036 
+11.368782976719838729 
+11.411950648275997366 
+11.455214872700608453 
+11.498574950126101868 
+11.577573869138969798 
+11.620308820405522710 
+11.664026267030696005 
+11.744563823926782220 
+11.789439933636987945 
+11.871355141983443104 
+11.915590615131922192 
+11.960819678431441559 
+12.005232383120429063 
+12.050640678155374985 
+12.095227432242200649 
+12.140811684737030873 
+12.185569252720998890 
+12.229494203462127899 
+12.274415944794323963 
+12.318500153270097286 
+12.363582859722757945 
+12.407823158277203390 
+12.453063570721457864 
+12.498382393838269877 
+12.620849231459580153 
+12.667381672408513538 
+12.713991517645993667 
+12.799017001144797234 
+12.844902863503570245 
+12.891798229071479653 
+12.937826358847456021 
+12.983923524405337702 
+13.068768559061464174 
+13.116001855236145701 
+13.202140604364320353 
+13.249563458848594877 
+13.297051589887555423 
+13.344603968386792303 
+13.392219557776293470 
+13.439897313992783978 
+13.486680815942364120 
+13.532565503262610207 
+13.579462251292305552 
+13.625455940572241076 
+13.672461974605791823 
+13.718560760036279333 
+13.765672065729656737 
+13.851372919010149332 
+13.898626967301765944 
+13.945929688551277792 
+13.993280017487148115 
+14.081338985587898094 
+14.128819403155638668 
+14.215169665508490482 
+14.261797750003733398 
+14.310409817797939525 
+14.359062697439380685 
+14.407755190982680205 
+14.456486092633390683 
+14.505254188731054654 
+14.554058257731629311 
+14.602897070191630746 
+14.650791622060253871 
+14.698717181224093764 
+14.787800027227518740 
+14.876978122995865306 
+14.965262370877105980 
+15.014343402107559911 
+15.062464939213789705 
+15.110607135614653629 
+15.159751831980546655 
+15.288597083837959900 
+15.337803797494242275 
+15.386039979536263900 
+15.435273110308468603 
+15.483532549097073883 
+15.573181565954332228 
+15.621464812598038208 
+15.670739391502738869 
+15.720018586211047307 
+15.768315304927028819 
+15.817599435835010269 
+15.866883920538910502 
+15.915181664511731441 
+16.003884503553905461 
+16.131979050136070697 
+16.180246428568285211 
+16.229488459273692769 
+16.277734016707043452 
+16.325966621328348083 
+16.374184837305666207 
+16.423370768040378209 
+16.471555499856769700 
+16.519721458415187243 
+16.567867176170100407 
+16.616973063623348139 
+16.664091979440279090 
+16.712168090170624879 
+16.759237671602061681 
+16.807260474573265441 
+16.895388492283377246 
+16.943324539486887659 
+16.992204305431634737 
+17.040071026978477420 
+17.088876823904001867 
+17.137642793521397522 
+17.226289194309138963 
+17.274933833371115099 
+17.323532222627246568 
+17.371112131743942086 
+17.417674817979882818 
+17.464190243957109061 
+17.511624405493229517 
+17.558039650612045079 
+17.604402992570211239 
+17.729697475645881610 
+17.816193759358093018 
+17.863197177056377996 
+17.949359623074013115 
+17.997129119684281306 
+18.043872713248870099 
+18.091496498874700904 
+18.138093757833733122 
+18.185564594607463107 
+18.232008391078426968 
+18.279318970103567210 
+18.324658368285209775 
+18.369918919419667702 
+18.416039324242628794 
+18.461135398530956309 
+18.507084370443404708 
+18.552944043920728490 
+18.599645686892696261 
+18.645319371142960563 
+18.691827406254837740 
+18.774361278345274684 
+18.819661038658502150 
+18.901678081671459353 
+18.984263037236715377 
+19.066480652889282510 
+19.111084903316005068 
+19.156481570986425567 
+19.200852817602040545 
+19.245105802690339658 
+19.289238570077515078 
+19.332352213894754556 
+19.376241195658721495 
+19.419112232288018305 
+19.498275726897642102 
+19.541675452992933515 
+19.584059844010329954 
+19.662301595148857558 
+19.776626322039501105 
+19.855435535194605023 
+19.897659615166052305 
+19.974819556286004030 
+20.017461508440568707 
+20.059940127255533326 
+20.101408530724118151 
+20.177992060638423766 
+20.218159167038482593 
+20.258997503415677954 
+20.298838123121985433 
+20.372272048858274474 
+20.412455581185991349 
+20.451646691078451568 
+20.490665131363936524 
+20.530316181847688028 
+20.601862367464640613 
+20.640191893264081102 
+20.678338479050349719 
+20.717088874444606006 
+20.754859252704378036 
+20.825943903591138451 
+20.863933120607672578 
+20.900949299154756744 
+20.938532496792014115 
+20.975146475223588993 
+21.011558107130444029 
+21.048517306012829664 
+21.084513276124226877 
+21.121786750596406534 
+21.219810879463263831 
+21.285920262974943995 
+21.351231984707400358 
+21.386063977813396519 
+21.450118016039589008 
+21.484957055497257983 
+21.518851476367043318 
+21.553182125349746201 
+21.587252063120676127 
+21.621058625816186094 
+21.681901950740172680 
+21.715609562190785198 
+21.749032413533001318 
+21.782167623391281097 
+21.815012298882603403 
+21.847563535597295470 
+21.877929327554944905 
+21.908030164285424490 
+21.938482265036807206 
+21.968653087526554657 
+21.997932924377192165 
+22.027539178131274156 
+22.056856301506545748 
+22.085292219801633706 
+22.114029143156649582 
+22.166035378515861254 
+22.193922589287190306 
+22.243793622703094570 
+22.270815715935725621 
+22.298067253653474751 
+22.324455385876202484 
+22.351054303967838877 
+22.377319248906768934 
+22.403247275076438427 
+22.428327012807969254 
+22.453077541267838058 
+22.477001057511639459 
+22.501091609120440040 
+22.524363208018577609 
+22.547782718699679094 
+22.570391523158871649 
+22.593128849531218805 
+22.615063904657226601 
+22.654840128010778955 
+22.675804785218936388 
+22.696850082216347033 
+22.717114241201652902 
+22.737438728318153380 
+22.773410114417341532 
+22.808531418593155138 
+22.827116219627157534 
+22.845318747890228650 
+22.863136010919792085 
+22.880916635672001291 
+22.897946332180623585 
+22.914581661391338230 
+22.931146815727764476 
+22.946657068863000717 
+22.962091046263402916 
+23.012747288966160397 
+23.026058640611765327 
+23.039495606159622554 
+23.052235940584459684 
+23.064549548914385468 
+23.076671312476296549 
+23.088113150205767710 
+23.099118727547153895 
+23.118592652895205930 
+23.136496324870503116 
+23.152301877923310514 
+23.160201160201332016 
+23.167809163348216828 
+23.174812239146408643 
+23.181367193206501298 
+23.187715426753875647 
+23.193570572968699395 
+23.198929122514531542 
+23.203695309578950656 
+23.208060198162435483 
+23.214636653775940545 
+23.217465088725028011 
+23.221446404590963652 
+23.222931861607786885 
+23.223911278782509271 
+23.224384830144025216 
+23.223920716513919871 
+23.222962770205111127 
+23.221467683817699879 
+23.219446643849909862 
+23.216953542118780263 
+23.213881073808320110 
+23.210351302536778917 
+23.202433466683299201 
+23.197306464992539787 
+23.191629755965688986 
+23.179901464968676095 
+23.172657489494756788 
+23.164850200530363367 
+23.149030780716113753 
+23.139605933592278575 
+23.129603928249242273 
+23.118799080325263873 
+23.107853887988408559 
+23.096098547177636107 
+23.083493266976240932 
+23.070538514156915255 
+23.056984541484737861 
+23.042827644401931764 
+23.027756467546627306 
+23.012370066727932283 
+22.996036518679684235 
+22.979405350429281896 
+22.961793807570288095 
+22.943902513230458595 
+22.924997254911961164 
+22.905830380605873842 
+22.885615588889265837 
+22.847544321031215020 
+22.825898989704732855 
+22.803139902300952002 
+22.760449912426103936 
+22.735768362623950622 
+22.710906714682948859 
+22.663491909167461813 
+22.636163462379386146 
+22.608692551007376181 
+22.556445601210281637 
+22.527018182398865775 
+22.496271339289009461 
+22.466067310485598796 
+22.407607424853665634 
+22.375447207708383246 
+22.341907545598367335 
+22.307647097868517960 
+22.273383051937663879 
+22.236947550267629481 
+22.199748789537579796 
+22.162549284971216679 
+22.124608436879885431 
+22.085124806390510344 
+22.045673524903900642 
+22.004639994465925668 
+21.963661317736587364 
+21.921060528649451982 
+21.878537395406635113 
+21.834351887387544622 
+21.790267136683453941 
+21.744479347606443298 
+21.697875618560821920 
+21.652364207785339545 
+21.605120550087953291 
+21.516268552100871858 
+21.424703121806160766 
+21.373700484555858026 
+21.320815202886318929 
+21.178189958265367210 
+21.075616265277421491 
+20.968967182456552223 
+20.909752066495340017 
+20.750381050159017349 
+20.634763167384871707 
+20.570636936584342891 
+20.504285641981542909 
+20.330814480226997887 
+20.262421254619841449 
+20.193090848373319801 
+20.065918881432033061 
+19.996835974824129778 
+19.925405466946397581 
+19.854538462591669656 
+19.781277608106588417 
+19.708608692375491955 
+19.633499257473673083 
+19.559010520557436053 
+19.482034173130681864 
+19.404107745629669779 
+19.325226522179395516 
+19.243746347034289101 
+19.162921604733242020 
+19.082806726200526981 
+18.861123566994251632 
+18.777520854999476541 
+18.689423189539471792 
+18.602081209523699812 
+18.513738253616963902 
+18.347000552476831814 
+18.255770883832191487 
+18.163521451828621878 
+18.068333097623554551 
+17.974008356124500096 
+17.876692088429823713 
+17.780271919304873052 
+17.682807143406179762 
+17.582271332642992689 
+17.482680853494027673 
+17.382030723213169665 
+17.282402421897213429 
+17.181747755372381192 
+17.077932540900203406 
+16.973037774339950090 
+16.869232116112605979 
+16.762185344302910295 
+16.651825505885458512 
+16.542561808935914769 
+16.432193133035362109 
+16.318427681339247926 
+16.203500893657288628 
+16.087407296294514936 
+15.875480933565029318 
+15.756091026668880062 
+15.637936607509313802 
+15.516189596064862144 
+15.395714553296958371 
+15.168902928655501938 
+15.045109632446607151 
+14.917582238100195013 
+14.788829351534925394 
+14.661457113970119082 
+14.530261097191750963 
+14.397822735529086202 
+14.264136344698545855 
+14.134617973757347187 
+14.001204259572578081 
+13.866575806854982034 
+13.730727211450364678 
+13.590842824913512032 
+13.452512498565521781 
+13.310084407349656033 
+13.166362982105724200 
+12.901452024348568415 
+12.754052029974566551 
+12.605336409993888935 
+12.455299293254327608 
+12.303934793772182132 
+12.151237010718240583 
+11.997200028398378180 
+11.841817916238941422 
+11.688232671581527455 
+11.530169647633258023 
+11.238993291170041644 
+10.946540941846155448 
+10.782131161149713705 
+10.622989486225357325 
+10.459204801938792428 
+10.294073196138491255 
+10.127588938569576982 
+9.956306740377060649 
+9.783604017697866695 
+9.465619661594589118 
+9.285328433952271254 
+9.114270162240847739 
+8.938269670779810383 
+8.764505066949066503 
+8.585730403418970980 
+8.409236992511630149 
+8.227665159262603112 
+8.048420359558239312 
+7.864028249835120832 
+7.678202645218145328 
+7.494773770327027407 
+7.306092903780530889 
+7.115960806562521945 
+6.928296089541979619 
+6.731318983617486928 
+6.536797254179944616 
+6.336784945533054270 
+6.139276409393897183 
+5.768523946412267733 
+5.566749446162464032 
+5.359305856292245096 
+5.154484708981141416 
+4.943919561285766484 
+4.736026778267160786 
+4.522314513830282046 
+4.133598028934259538 
+3.919771396084735127 
+3.708802399977309427 
+3.491894550825275445 
+3.273420929714959016 
+3.057881769946014572 
+2.827211946092234029 
+2.217567415284227295 
+1.985332367215026927 
+1.746727419638311574 
+1.511102772523828852 
+1.273789906736426225 
+1.034782046561050883 
+0.794072400452580762 
+0.546788321745958594 
+0.106046066579172038 
-0.136264766237689017 
-0.375245702575656370 
-0.620860650290831817 
-0.868154353256529454 
-1.112035227323935338 
-1.362671387542042645 
-1.609839038604124362 
-2.077692070759606047 
-2.329579125561302533 
-2.588419426779310584 
-2.848989474058021720 
-3.337517000222108621 
-3.603065722967282447 
-3.875843328881586558 
-4.150455784811784454 
-4.649404745588340937 
-4.923578697362448686 
-5.193890950028682063 
-5.471611152697250624 
-5.745410259639672113 
-6.026703234743789217 
-6.542269867075510170 
-6.822828036571563892 
-7.111046506941749890 
-7.401105839263695252 
-7.687037101265929984 
-7.980760863630741220 
-8.276346001586865953 
-8.579889409902509811 
-9.137354577933830768 
-9.440222822021592464 
-9.751225758484505235 
-10.051652038253589438 
-10.360227003370763299 
-10.670718227199728290 
-10.976737666472214272 
-11.291043061475011910 
-11.613759873360823605 
-11.938501350883850449 
-12.258719595259609747 
-12.858612947510138724 
-13.191117054625124183 
-13.512259896511160662 
-13.842059407829395923 
-14.167061256893560994 
-14.500814266851271839 
-14.836575148874874941 
-15.167437557210831756 
