47
96
146
194
243
292
341
390
439
488
537
587
636
767
816
865
914
964
1014
1063
1113
1162
1212
1302
1351
1400
1450
1623
1673
1723
1813
1862
1911
2002
2051
2100
2149
2198
2250
2300
2349
2398
2448
2497
2545
2594
2643
2691
2740
2788
2919
2969
3018
3068
3117
3166
3215
3264
3312
3401
3449
3498
3547
3595
3644
3693
3742
3792
3841
3931
3981
4030
4079
4129
4178
4228
4277
4326
4375
4424
4473
4522
4613
4662
4711
4801
4850
4900
4949
4998
5048
5097
5146
5195
5285
5333
5382
5431
5480
5528
5617
5666
5714
5763
5811
5900
5949
6038
6087
6178
6226
6274
6323
6371
6420
6468
6516
6565
6613
6662
6751
6800
6848
6938
7029
7079
7128
7178
7269
7318
7408
7457
7507
7556
7687
7777
7827
7876
7925
7974
8023
8071
8120
8168
8217
8348
8397
8446
8494
8543
8592
8682
8731
8822
8913
9003
9053
9104
9154
9203
9253
9302
9352
9525
9574
9665
9714
9804
9853
9902
9952
10001
10049
10098
10146
10195
10244
10333
10384
10433
10483
10533
10583
10632
10723
10772
10822
10871
10920
10969
11059
11148
11196
11245
11293
11425
11474
11564
11614
11704
11753
11803
11852
11902
11952
12001
12051
12101
12232
12282
12331
12380
12430
12479
12529
12578
12628
12676
12725
12773
12863
12913
12962
13011
13060
13109
13157
13247
13297
13346
13437
13487
13537
13585
13634
13682
13731
13779
13869
13919
13968
14018
14109
14159
14207
14256
14304
14353
14401
14450
14498
14587
14676
14766
14815
14864
14912
14961
15010
15059
15107
15157
15205
15294
15343
15391
15440
15490
15540
15589
15638
15687
15736
15784
15832
15881
15930
15980
16030
16080
16130
16221
16271
16320
16370
16419
16469
16518
16567
16657
16746
16795
16844
16893
16942
16991
17041
17091
17181
17231
17361
17410
17458
17548
17598
17648
17740
17790
17839
18011
18060
18109
18159
18208
18257
18306
18356
18445
18494
18543
18591
18640
18688
18737
18786
18836
18885
18935
18984
19033
19082
19132
19181
19230
19278
19326
19375
19424
19472
19521
19571
19620
19711
19802
19852
19900
19990
20038
20087
20136
20185
20234
20283
20332
20380
20430
20480
20531
20622
20671
20720
20770
20819
20868
20917
20966
21015
21105
21154
21202
21251
21382
21432
21522
21572
21621
21670
21720
21770
21861
21910
21958
22007
22055
22103
22153
22202
22252
22301
22350
22400
22449
22498
22548
22596
22645
22693
22742
22790
22839
22930
22980
23030
23079
23129
23178
23268
23318
23367
23416
23464
23513
23561
23610
23658
23707
23756
23806
23855
23905
23955
24003
24052
24101
24151
24200
24249
24298
24347
24396
24445
24493
24624
24673
24763
24813
24903
24952
25002
25092
25265
25315
25364
25454
25504
25594
25684
25774
25824
25873
25922
25972
26020
26069
26117
26166
26215
26263
26312
26401
26532
26623
26672
26722
26770
26818
26867
26916
26965
27014
27064
27113
27162
27212
27261
27310
27359
27410
27461
27511
27562
27613
27663
27712
27760
27809
27857
27905
27954
28002
28051
28099
28148
28196
28244
28294
28343
28393
28442
28492
28541
28591
28641
28690
28739
28789
28838
28887
28936
28985
29034
29083
29132
29181
29230
29279
29328
29377
29427
29476
29525
29575
29624
29674
29723
29772
29821
29871
29920
29969
30018
30067
30117
30166
30216
30265
30314
30364
30413
30462
30512
30561
30610
30660
30709
30757
30806
30854
30903
30951
31000
31050
31100
31150
31200
31250
31299
31348
31398
31447
31497
31547
31597
31647
31697
31747
31797
31847
31897
31946
31996
32045
32093
32142
32191
32240
32289
32339
32388
32437
32486
32535
32583
32632
32681
32730
32778
32828
32877
32926
32976
33026
33075
33125
33175
33225
33274
33324
33374
33424
33473
33523
33572
33620
33669
33717
33765
33815
33864
33914
33963
34012
34062
34110
34159
34207
34256
34304
34354
34404
34453
34503
34553
34603
34652
34702
34751
34800
34850
34899
34948
34997
35047
35096
35146
35196
35245
35295
35345
35395
35444
35493
35542
35592
35641
35690
35740
35790
35839
35889
35938
35988
36037
36086
36134
36182
36231
36279
36328
36377
36427
36476
36526
36575
36625
36673
36721
36812
36861
36911
36960
37010
37059
37107
37156
37204
37252
37302
37352
37402
37452
37501
37551
37600
37648
37697
37745
37793
37842
37891
37941
37990
38039
38089
38138
38186
38235
38283
38332
38380
38429
38478
38527
38577
38627
38677
38727
38777
38828
38876
38926
38975
39024
39073
39123
39172
39221
39269
39318
39366
39415
39463
39512
39561
39611
39660
39709
39758
39808
39857
39906
39955
40005
40054
40103
40154
40204
40254
40304
40355
40404
40454
40503
40553
40602
40652
40701
40751
40800
40848
40897
40945
40995
41044
41093
41143
41192
41241
41331
41380
41430
41479
41528
41577
41627
41676
41726
41776
41825
41875
41925
41974
42023
42072
42120
42169
42218
42266
42315
42363
42413
42462
42512
42561
42610
42660
42708
42757
42806
42854
42903
42951
43001
43050
43099
43148
43198
43247
43295
43344
43392
43441
43489
43537
43586
43634
43683
43732
43780
43829
43877
43926
43976
44025
44074
44123
44173
44222
44271
44320
44369
44419
44468
44517
44567
44616
44665
44715
44764
44813
44863
44912
44961
45010
45058
45107
45156
45205
45253
45302
45350
45399
45447
45495
45543
45592
45640
45689
45737
45786
45834
45884
45933
45982
46030
46079
46128
46176
46225
46273
46323
46372
46421
46470
46520
46568
46617
46666
46714
46763
46812
46860
46909
46958
47008
47058
47108
47158
47207
47257
47307
47356
47406
47456
47506
47555
47605
47654
47704
47753
47802
47851
47901
47950
48000
48050
48099
48149
48199
48247
48295
48344
48392
48441
48490
48539
48588
48637
48687
48736
48784
48833
48882
48930
48978
49027
49075
49124
49172
49220
49269
49318
49367
49415
49464
49513
49561
49609
49658
49706
49754
49803
49852
49900
49949
49997
50045
50094
50142
50191
50239
50288
50338
50387
50436
50485
50535
50583
50632
50681
50730
50779
50829
50878
50927
50977
51026
51075
51125
51174
51223
51272
51321
51370
51420
51469
51518
51568
51617
51667
51715
51764
51813
51862
51911
51960
52008
52056
52105
52153
52202
52250
52298
52347
52395
52443
52492
52542
52590
52639
52687
52736
52784
52833
52881
52929
52978
53027
53075
53123
53173
53222
53272
53321
53371
53420
53468
53517
53565
53613
53661
53710
53758
53806
53855
53904
53954
54004
54053
54103
54153
54203
54253
54301
54350
54398
54447
54495
54544
54593
54642
54691
54739
54788
54836
54884
54933
54981
55030
55080
55129
55178
55227
55277
55326
55376
55425
55474
55523
55573
55622
55671
55721
55770
55820
55868
55917
55966
56014
56063
56111
56160
56209
56258
56307
56356
56404
56454
56502
56551
56599
56648
56696
56745
56794
56844
56892
56941
56990
57038
57087
57135
57185
57234
57283
57332
57382
57431
57480
57529
57579
57628
57677
57725
57774
57823
57871
57920
57969
58018
58067
58116
58166
58215
58264
58314
58363
58412
58461
58511
58560
58609
58658
58708
58757
58806
58855
58905
58954
59003
59052
59100
59148
59197
59245
59294
59342
59390
59439
59488
59537
59586
59636
59685
59734
59783
59832
59881
59929
59978
60026
60075
60123
60172
60220
60269
60317
60366
60415
60464
60513
60562
60612
60660
60709
60757
60805
60855
60905
60956
61004
61053
61101
61150
61198
61247
61296
61346
61396
61445
61495
61545
61594
61643
61692
61741
61791
61840
61889
61938
61988
62037
62086
62135
62184
62232
62281
62330
62379
62429
62478
62527
62576
62626
62675
62724
62773
62823
62872
62920
62969
63017
63065
63114
63162
63211
63259
63307
63356
63406
63455
63505
63555
63605
63655
63704
63754
63803
63852
63901
63950
63999
64049
64098
64147
64196
64246
64295
64344
64393
64443
64492
64541
64590
64640
64689
64738
64787
64836
64886
64937
64987
65037
65087
65137
65186
65236
65285
65334
65383
65433
65483
65533
65582
65632
65682
65730
65779
65827
65877
65926
65975
66025
66074
66123
66173
66222
66272
66321
66371
66420
66469
66517
66566
66614
66663
66711
66760
66809
66858
66907
66957
67006
67055
67105
67155
67204
67254
67304
67353
67403
67452
67501
67551
67599
67647
67696
67744
67793
67841
67891
67940
67990
68040
68090
68139
68188
68236
68284
68333
68381
68429
68479
68528
68577
68626
68676
68725
68773
68822
68871
68919
68968
69018
69067
69116
69165
69215
69263
69311
69360
69408
69457
69505
69554
69602
69651
69699
69747
69796
69844
69893
69942
69991
70040
70089
70139
70188
70237
70286
70336
70385
70434
70484
70533
70583
70632
70682
70731
70780
70830
70879
70929
70978
71028
71077
71126
71175
71225
71274
71323
71372
71421
71470
71519
71569
71618
71667
71717
71766
71816
71865
71915
71964
72014
72062
72112
72161
72211
72260
72310
72358
72407
72455
72504
72553
72601
72650
72699
72747
72795
72844
72892
72941
72989
73038
73087
73136
73185
73235
73284
73333
73382
73432
73480
73529
73577
73625
73674
73723
73771
73820
73868
73917
73965
74013
74062
74112
74161
74211
74261
74310
74360
74408
74457
74505
74554
74603
74652
74700
74748
74798
74847
74896
74946
74995
75045
75094
75144
75193
75243
75292
75342
75391
75440
75490
75539
75588
75637
75687
75736
75785
75835
75884
75932
75981
76029
76078
76128
76177
76226
76274
76323
76371
76419
76468
76517
76567
76617
76666
76715
76764
76813
76862
76911
76960
77009
77058
77106
77155
77205
77254
77303
77352
77401
77451
77500
77549
77599
77648
77697
77747
77796
77846
77896
77945
77995
78044
78093
78141
78190
78238
78286
78335
78383
78432
78480
78529
78577
78626
78674
78723
78772
78821
78870
78920
78969
79018
79068
79116
79165
79214
79262
79311
79359
79407
79456
79504
79554
79603
79652
79701
79751
79800
79849
79899
79947
79996
80045
80094
80143
80192
80241
80291
80340
80389
80438
80488
80537
80586
80635
80683
80731
80780
80828
80876
80925
80975
81025
81075
81124
81173
81223
81272
81321
81371
81420
81469
81517
81566
81614
81662
81711
81759
81808
81856
81905
81955
82004
82053
82103
82152
82202
82251
82301
82350
82400
82449
82497
82546
82595
82645
82694
82743
82792
82842
82891
82940
82990
83039
83088
83138
83186
83235
83285
83334
83384
83433
83482
83530
83579
83627
83676
83725
83774
83823
83873
83922
83971
84020
84069
84118
84167
84216
84265
84314
84364
84413
84463
84512
84560
84609
84657
84706
84754
84803
84852
84902
84951
85001
85051
85100
85150
85199
85247
85297
85346
85396
85445
85495
85545
85594
85643
85692
85742
85791
85840
85890
85940
86031
86080
86129
86177
86226
86274
86324
86373
