21
70
120
169
219
268
317
367
416
466
516
566
616
665
715
764
813
986
1036
1126
1175
1223
1271
1320
1369
1417
1466
1516
1606
1738
1787
1837
1886
1935
2066
2116
2165
2213
2262
2310
2359
2407
2456
2504
2552
2601
2649
2698
2746
2795
2843
2892
2942
2991
3040
3089
3137
3185
3234
3282
3331
3381
3430
3479
3528
3578
3626
3676
3727
3777
3827
3877
3928
3977
4068
4118
4208
4258
4307
4357
4405
4454
4502
4551
4599
4648
4696
4745
4794
4842
4891
4941
4990
5080
5129
5179
5269
5318
5367
5415
5464
5513
5562
5611
5660
5709
5757
5807
5856
5947
5996
6086
6134
6183
6231
6280
6328
6376
6426
6475
6566
6615
6664
6713
6763
6812
6861
6951
7001
7091
7141
7231
7280
7329
7418
7467
7516
7606
7656
7705
7754
7804
7853
7903
7953
8003
8094
8143
8193
8242
8291
8341
8390
8439
8488
8620
8670
8720
8770
8860
8910
9000
9049
9100
9234
9285
9336
9426
9516
9566
9615
9747
9797
9847
9897
9947
9997
10089
10222
10271
10319
10368
10416
10465
10554
10685
10734
10824
10874
10965
11015
11107
11157
11206
11255
11304
11353
11403
11452
11501
11551
11641
11691
11740
11788
11837
11885
11933
12022
12071
12120
12170
12219
12269
12318
12367
12417
12466
12516
12566
12615
12665
12755
12803
12853
12902
12951
13000
13050
13099
13148
13280
13330
13421
13511
13560
13608
13656
13705
13794
13843
13891
13941
13990
14040
14089
14139
14229
14399
14448
14497
14547
14678
14728
14777
14826
14876
14925
14973
15022
15070
15118
15167
15215
15264
15312
15401
15451
15500
15549
15680
15729
15778
15827
15917
15967
16016
16106
16197
16247
16297
16388
16437
16486
16577
16626
16716
16807
16856
16905
16954
17003
17051
17100
17149
17238
17287
17337
17386
17436
17525
17574
17623
17713
17762
17811
17861
17910
17960
18009
18058
18106
18154
18204
18294
18343
18393
18442
18491
18541
18632
18680
18728
18777
18826
18875
18924
18973
19023
19072
19161
19209
19258
19307
19357
19406
19455
19505
19554
19604
19653
19702
19752
19801
19851
19901
19992
20042
20092
20142
20231
20320
20409
20458
20506
20555
20603
20652
20700
20749
20840
20889
20979
21069
21118
21166
21215
21263
21311
21360
21408
21457
21505
21554
21643
21692
21741
21791
21840
21890
21939
21989
22038
22129
22179
22229
22278
22328
22378
22510
22560
22651
22700
22750
22800
22850
22900
22949
23039
23088
23136
23185
23233
23364
23412
23460
23510
23600
23690
23740
23789
23838
23928
24018
24068
24160
24251
24342
24392
24482
24573
24664
24712
24760
24931
25061
25110
25159
25209
25299
25431
25481
25530
25580
25630
25678
25727
25816
25864
25912
25961
26009
26100
26150
26200
26249
26299
26389
26437
26486
26575
26623
26671
26720
26768
26817
26865
26914
26963
27012
27062
27152
27201
27251
27300
27349
27398
27448
27497
27546
27596
27646
27695
27827
27877
27927
27977
28027
28077
28168
28217
28266
28316
28365
28414
28504
28595
28644
28694
28784
28834
28883
28933
28982
29032
29123
29172
29220
29269
29317
29366
29414
29462
29512
29561
29611
29660
29710
29759
29809
29858
29908
29957
30005
30054
30103
30152
30202
30251
30341
30391
30442
30534
30585
30636
30686
30736
30785
30875
30924
30974
31023
31071
31120
31168
31257
31305
31355
31404
31453
31504
31595
31645
31696
31746
31795
31843
31892
31940
31989
32078
32128
32176
32225
32274
32322
32371
32419
32470
32563
32614
32664
32715
32764
32853
32901
32992
33082
33132
33181
33231
33279
33328
33376
33425
33473
33522
33570
33620
33669
33718
33768
33817
33948
33998
34046
34094
34143
34192
34240
34330
34378
34467
34516
34564
34613
34661
34751
34799
34848
34898
34947
35038
35087
35135
35184
35232
35280
35329
35377
35425
35474
35523
35571
35620
35669
35717
35806
35855
35905
35954
36004
36053
36102
36152
36201
36251
36301
36350
36400
36450
36498
36547
36637
36686
36736
36785
36834
36884
36933
36982
37032
37081
37130
37179
37228
37276
37324
37373
37421
37469
37518
37566
37615
37663
37711
37760
37808
37857
37906
37955
38005
38055
38105
38154
38204
38254
38302
38351
38400
38448
38497
38546
38595
38643
38693
38742
38792
38842
38891
38941
38991
39040
39089
39138
39186
39235
39283
39332
39380
39429
39478
39527
39576
39625
39675
39724
39774
39823
39871
39920
39969
40019
40068
40117
40166
40216
40265
40313
40362
40410
40459
40507
40556
40604
40653
40702
40750
40799
40848
40897
40946
40995
41044
41093
41141
41190
41239
41288
41338
41387
41436
41485
41534
41582
41631
41679
41728
41776
41825
41873
41922
41970
42018
42067
42116
42164
42213
42262
42311
42360
42408
42457
42505
42554
42602
42650
42701
42752
42803
42854
42904
42954
43003
43052
43101
43151
43200
43249
43300
43350
43400
43450
43499
43547
43597
43646
43696
43745
43794
43844
43892
43941
43989
44037
44086
44134
44183
44232
44281
44331
44380
44430
44479
44528
44577
44627
44676
44725
44774
44822
44871
44919
44968
45017
45065
45114
45163
45211
45260
45309
45358
45408
45457
45506
45555
45605
45654
45703
45752
45801
45851
45900
45949
45998
46048
46097
46145
46194
46242
46291
46339
46388
46437
46487
46536
46585
46635
46684
46732
46781
46830
46879
46929
46978
47027
47077
47126
47176
47225
47275
47324
47374
47423
47473
47522
47572
47621
47670
47720
47769
47818
47868
47917
47966
48015
48064
48112
48161
48209
48257
48306
48355
48403
48452
48500
48548
48597
48645
48694
48743
48791
48840
48889
48937
48986
49035
49083
49132
49181
49229
49278
49326
49374
49423
49471
49519
49568
49616
49665
49715
49764
49814
49864
49913
49963
50013
50063
50112
50161
50209
50258
50306
50355
50403
50452
50500
50549
50598
50646
50695
50744
50793
50841
50890
50938
50986
51035
51084
51134
51184
51233
51283
51333
51381
51430
51478
51527
51575
51624
51673
51721
51770
51818
51867
51917
51966
52015
52064
52114
52163
52213
52263
52311
52360
52408
52457
52506
52555
52604
52654
52703
52753
52802
52852
52900
52949
52997
53045
53094
53142
53192
53242
53291
53341
53391
53440
53490
53539
53588
53638
53687
53736
53785
53834
53882
53931
53979
54028
54077
54125
54175
54224
54273
54321
54370
54419
54468
54517
54566
54615
54665
54714
54763
54813
54863
54913
54963
55013
55063
55113
55163
55213
55261
55310
55359
55407
55455
55504
55552
55602
55651
55700
55749
55799
55848
55897
55945
55994
56043
56091
56140
56188
56237
56286
56336
56385
56435
56485
56534
56584
56633
56682
56731
56780
56830
56879
56927
56975
57024
57072
57121
57169
57217
57266
57315
57363
57411
57460
57508
57557
57605
57654
57704
57753
57802
57852
57901
57951
58000
58049
58099
58148
58197
58246
58295
58345
58394
58443
58493
58541
58590
58640
58689
58738
58787
58837
58885
58934
58983
59033
59083
59132
59182
59232
59282
59331
59381
59430
59480
59529
59579
59628
59677
59727
59776
59826
59875
59924
59973
60023
60073
60123
60172
60222
60271
60319
60368
60416
60466
60515
60565
60614
60663
60712
60761
60810
60859
60909
60959
61008
61058
61107
61156
61206
61255
61304
61354
61403
61452
61502
61551
61601
61651
61701
61749
61798
61847
61896
61945
61994
62044
62093
62142
62190
62239
62287
62335
62384
62432
62481
62531
62580
62629
62679
62728
62776
62825
62874
62923
62972
63020
63069
63118
63168
63217
63267
63316
63366
63415
63464
63514
63563
63612
63662
63712
63761
63811
63861
63911
63961
64010
64059
64108
64157
64207
64256
64305
64353
64402
64450
64499
64547
64596
64646
64695
64744
64794
64843
64893
64942
64992
65041
65090
65139
65189
65238
65287
65336
65386
65435
65485
65534
65584
65634
65683
65733
65782
65831
65879
65928
65976
66025
66074
66123
66172
66221
66269
66318
66367
66415
66464
66513
66562
66610
66659
66708
66756
66805
66853
66904
66952
67001
67050
67098
67147
67196
67245
67294
67342
67391
67439
67488
67538
67587
67636
67685
67734
67784
67833
67882
67931
67981
68030
68079
68128
68177
68225
68274
68322
68371
68419
68467
68517
68566
68616
68665
68715
68764
68813
68862
68911
68959
69008
69057
69105
69155
69205
69254
69303
69352
69401
69451
69500
69549
69598
69648
69697
69747
69797
69848
69897
69947
70001
70050
70100
70149
70200
70250
70300
70351
70401
70451
70501
70550
70599
70647
70696
70745
70794
70842
70891
70940
70988
71036
71085
71133
71182
71230
71279
71328
71376
71425
71474
71523
71572
71622
71671
71720
71769
71819
71868
71918
71967
72016
72066
72115
72164
72214
72263
72313
72362
72412
72462
72512
72562
72611
72660
72708
72756
72805
72853
72901
72950
73000
73050
73100
73150
73200
73250
73299
73349
73398
73448
73497
73547
73596
73645
73694
73744
73793
73842
73891
73940
73990
74039
74088
74137
74187
74237
74287
74337
74386
74434
74482
74531
74579
74629
74677
74726
74774
74822
74871
74919
74969
75018
75066
75115
75163
75212
75260
75310
75360
75413
75462
75511
75561
75611
75660
75708
75757
75805
75854
75902
75951
75999
76047
76096
76144
76192
76240
76290
76339
76389
76438
76488
76537
76587
76637
76687
76737
76786
76836
76884
76933
76982
77030
77078
77127
77175
77223
77272
77320
77368
77417
77465
77515
77564
77614
77663
77712
77761
77811
77860
77909
77958
78006
78055
78103
78152
78200
78250
78299
78349
78398
78447
78496
78546
78595
78644
78694
78743
78793
78842
78892
78942
78991
79040
79090
79139
79189
79238
79287
79335
79384
79432
79481
79531
79581
79632
79682
79733
79784
79833
79882
79932
79981
80031
80080
80129
80178
80227
80276
80325
80374
80423
80473
80521
80569
80618
80666
80715
80763
80813
80863
80911
80960
81008
81057
81107
81157
81207
81256
81305
81353
81402
81451
81500
81549
81598
81646
81695
81743
81791
81840
81888
81937
81986
82035
82084
82133
82183
82232
82281
82330
82379
82428
82477
82526
82575
82624
82672
82721
82769
82818
82866
82915
82963
83012
83061
83111
83160
83210
83259
83308
83357
83405
83455
83504
83554
83603
83653
83702
83752
83800
83849
83897
83946
83994
84043
84092
84141
84191
84240
84289
84338
84388
84437
84487
84537
84587
84636
84686
84736
84784
84833
84881
84930
84978
85027
85075
85125
85175
85225
85275
85325
85375
85424
85472
85522
85571
85620
85669
85718
85768
85816
85866
85915
85964
86012
86061
86110
86159
86208
86256
86305
86354
+
