1.56667
1.56667
0.882201
0.882201
3.75696
3.75696
3.34628
3.34628
3.34628
0.471521
0.471521
0.471521
0.471521
0.471521
0.471521
0.471521
0.471521
0.471521
0.471521
0.471521
0.471521
0.471521
0.471521
0.471521
0.471521
0.471521
0.471521
0.471521
0.471521
1.79482
0.471521
0.471521
0.471521
0.471521
0.471521
0.471521
0.471521
0.471521
0.471521
0.471521
0.471521
0.471521
0.471521
0.471521
0.471521
0.471521
0.471521
0.471521
0.471521
0.471521
0.471521
0.471521
0.471521
0.471521
0.471521
0.471521
0.471521
0.471521
0.471521
0.471521
0.471521
0.471521
0.471521
0.471521
0.471521
0.471521
0.471521
0.471521
0.471521
0.471521
0.471521
0.471521
0.471521
0.471521
0.471521
0.471521
0.471521
0.471521
0.471521
0.471521
0.471521
0.471521
0.471521
0.471521
0.471521
0.471521
0.471521
0.471521
0.471521
0.471521
0.471521
0.471521
0.471521
0.471521
0.471521
0.471521
0.471521
0.471521
0.471521
0.471521
0.471521
0.471521
0.471521
0.471521
0.471521
0.471521
0.471521
0.471521
0.471521
0.471521
0.471521
0.471521
0.471521
0.471521
0.471521
0.471521
0.471521
0.471521
0.471521
0.471521
0.471521
0.471521
0.471521
0.471521
0.471521
0.471521
0.471521
0.471521
0.471521
0.471521
0.471521
0.471521
0.471521
0.471521
0.471521
0.471521
0.471521
0.471521
0.471521
0.471521
0.471521
0.471521
0.471521
0.471521
0.471521
0.471521
0.471521
0.471521
0.471521
0.471521
0.471521
0.471521
0.471521
0.471521
0.471521
3.34628
3.34628
3.34628
0.471521
0.471521
0.471521
0.471521
0.471521
0.471521
1.79482
1.79482
1.79482
1.79482
1.79482
1.79482
1.79482
1.79482
1.79482
1.79482
1.79482
1.79482
1.79482
1.79482
1.79482
1.79482
1.79482
1.79482
1.79482
1.79482
1.79482
1.79482
1.79482
1.79482
1.79482
1.79482
1.79482
1.79482
1.79482
1.79482
1.79482
3.69612
3.69612
1.79482
1.79482
1.79482
1.79482
1.79482
0.471521
0.471521
0.471521
0.471521
0.471521
0.471521
0.471521
0.471521
0.471521
0.471521
0.471521
0.471521
0.471521
0.471521
0.471521
0.471521
0.471521
0.471521
0.471521
0.471521
0.471521
0.471521
0.471521
0.471521
0.471521
0.471521
0.471521
0.471521
0.471521
0.471521
0.471521
0.471521
0.471521
0.471521
0.471521
0.471521
0.471521
0.471521
0.471521
0.471521
0.471521
0.471521
0.471521
0.471521
0.471521
0.471521
0.471521
0.471521
0.471521
0.471521
0.471521
0.471521
0.471521
0.471521
0.471521
0.471521
0.471521
0.471521
0.471521
0.471521
0.471521
0.471521
0.471521
0.471521
0.471521
0.471521
0.471521
0.471521
0.471521
0.471521
0.471521
0.471521
0.471521
0.471521
0.471521
0.471521
0.471521
0.471521
0.471521
0.471521
0.471521
0.471521
0.471521
0.471521
0.471521
0.471521
0.471521
0.471521
0.471521
0.471521
0.471521
0.471521
0.471521
0.471521
0.471521
0.471521
0.471521
0.471521
0.471521
0.471521
0.471521
0.471521
0.471521
0.471521
0.471521
0.471521
0.471521
0.471521
0.471521
0.471521
0.471521
0.471521
0.471521
0.471521
0.471521
0.471521
0.471521
0.471521
0.471521
0.471521
0.471521
0.471521
0.471521
0.471521
0.471521
0.471521
0.471521
0.471521
0.471521
0.471521
0.471521
0.471521
0.471521
0.471521
0.471521
0.471521
0.471521
0.471521
0.471521
0.471521
0.471521
0.471521
0.471521
0.471521
0.471521
0.471521
0.471521
0.471521
0.471521
0.471521
0.471521
0.471521
0.471521
0.471521
0.471521
0.471521
0.471521
0.471521
0.471521
0.471521
0.471521
0.471521
0.471521
0.471521
0.471521
0.471521
0.471521
0.471521
0.471521
0.471521
0.471521
0.471521
0.471521
0.471521
0.471521
0.471521
0.471521
0.471521
0.471521
0.471521
0.471521
0.471521
0.471521
0.471521
0.471521
0.471521
0.471521
0.471521
0.471521
0.471521
0.471521
0.471521
0.471521
0.471521
0.471521
0.471521
0.471521
0.471521
0.471521
0.471521
2.3424
2.3424
2.3424
2.37282
2.37282
2.37282
2.37282
2.37282
0.471521
0.471521
0.471521
0.471521
0.471521
0.471521
0.471521
0.471521
0.471521
0.471521
0.471521
0.471521
0.471521
0.471521
0.471521
0.471521
0.471521
0.471521
0.471521
0.471521
0.471521
0.471521
0.471521
0.471521
0.471521
0.471521
0.471521
0.471521
0.471521
0.471521
0.471521
0.471521
0.471521
0.471521
0.471521
0.471521
0.471521
1.29288
1.29288
1.29288
1.29288
1.29288
1.29288
1.29288
1.29288
4.47185
4.47185
4.47185
2.14466
2.14466
1.29288
4.41101
4.42622
4.42622
3.65049
3.65049
0.471521
0.471521
0.471521
0.471521
0.471521
1.3233
1.3233
0.471521
0.471521
0.471521
0.471521
0.471521
3.89385
3.89385
3.34628
3.89385
0.471521
0.471521
3.60486
0.577994
0.471521
0.471521
0.471521
2.7835
4.56311
4.56311
2.25113
2.25113
3.33107
4.65437
3.65049
3.65049
6.54046
5.26279
2.25113
6.34272
0.471521
2.25113
5.36926
2.57055
2.55534
1.56667
1.56667
1.56667
1.56667
5.44531
1.56667
2.3424
2.3424
1.53625
1.53625
5.52136
5.52136
3.31586
1.53625
0.471521
8.88285
0.471521
0.471521
1.79482
1.79482
1.79482
2.58576
1.7644
2.85955
1.53625
1.55146
1.55146
4.50227
1.58188
1.58188
1.55146
3.36149
3.36149
3.36149
6.47962
9.15664
5.17152
2.3424
5.26279
4.68479
4.12201
7.24013
10.6625
5.76473
5.76473
3.93948
9.90195
9.90195
9.90195
4.989
4.989
4.989
8.24402
1.58188
7.62039
11.3469
8.22881
11.3469
11.4534
12.4877
13.9023
15.2256
11.134
11.1796
10.9819
15.2256
14.0087
14.0087
14.2217
14.2217
9.33916
9.11101
8.01586
8.06149
6.76861
10.2062
9.91716
11.6664
13.0049
9.47606
8.89806
8.89806
5.67347
9.88674
9.17185
8.19839
10.6473
9.78026
3.33107
4.21327
6.46441
6.46441
5.21715
5.17152
9.05017
10.2822
8.38091
9.689
7.83334
7.83334
6.66214
6.72298
7.14887
5.33884
9.74984
13.6285
12.3356
12.6702
6.20583
5.90162
6.14499
6.00809
9.12622
6.00809
3.71133
13.9175
12.0162
15.0126
11.1492
16.3968
24.7321
21.6139
20.0321
14.2065
14.0696
8.00065
7.98544
7.98544
12.0162
9.06538
5.91683
5.96246
9.08059
9.08059
6.43398
6.05373
4.94337
4.94337
4.94337
4.94337
3.60486
8.6547
8.6547
8.59386
12.4421
12.1683
9.43043
9.74984
6.05373
4.85211
6.00809
8.27444
11.2557
11.3317
13.6437
13.6437
11.3317
8.2136
8.2136
9.50648
9.40001
9.40001
8.10712
6.23625
3.13334
1.55146
1.70356
4.85211
7.74208
7.74208
7.74208
4.86732
10.0693
3.31586
3.31586
3.31586
9.43043
6.20583
8.51781
3.93948
5.18673
8.12234
3.34628
5.04984
2.25113
2.25113
2.25113
0.471521
0.471521
0.471521
2.25113
2.25113
2.25113
3.31586
4.18285
1.33851
1.33851
1.3233
3.89385
5.67347
5.67347
8.79159
8.79159
5.67347
3.89385
3.89385
1.53625
4.76084
4.76084
4.76084
4.76084
4.76084
4.76084
6.49483
7.87897
7.87897
8.10712
8.10712
3.71133
3.11812
3.33107
3.33107
1.58188
4.50227
1.58188
1.55146
1.55146
7.87897
0.471521
0.471521
4.45664
3.60486
3.75696
0.471521
0.471521
0.471521
5.36926
3.60486
3.93948
7.08803
6.20583
9.14143
9.14143
0.471521
0.471521
0.471521
2.25113
5.47573
5.47573
3.71133
3.71133
13.1874
11.8032
7.42266
1.58188
8.10712
1.73398
1.58188
4.80648
4.80648
4.80648
8.15276
5.67347
4.57832
3.86343
3.89385
8.83722
6.8903
1.55146
1.55146
1.55146
1.55146
4.989
4.989
4.989
6.28188
7.6356
6.09936
6.09936
7.1945
7.22492
7.22492
6.32751
6.32751
6.32751
9.74984
9.40001
6.79903
3.3767
5.15631
2.44887
2.40324
2.40324
2.40324
4.24369
4.24369
2.47929
4.09159
0.471521
1.55146
7.93981
10.2518
3.84822
7.07282
7.07282
7.07282
7.07282
7.07282
8.15276
8.2136
4.989
3.84822
6.81424
0.471521
0.471521
0.471521
0.471521
0.471521
0.471521
3.2246
3.34628
5.12589
5.67347
5.67347
6.54046
6.54046
2.25113
4.45664
7.60518
7.81813
7.81813
5.68868
5.68868
5.70389
5.68868
6.55567
3.43754
2.58576
4.42622
4.35016
4.36537
4.41101
4.35016
4.35016
3.54402
3.60486
3.54402
3.54402
3.54402
4.15243
4.16764
7.42266
10.3126
11.0275
11.0275
11.1948
11.1948
11.1948
3.23981
2.38803
3.28544
1.71877
5.68868
5.7191
2.61618
3.75696
3.75696
3.60486
4.42622
4.16764
4.16764
1.50583
1.49062
1.50583
1.50583
1.50583
0.638835
5.04984
4.88253
4.88253
4.88253
1.7644
4.989
8.10712
8.10712
8.10712
8.10712
8.10712
8.10712
8.10712
8.10712
8.10712
8.10712
6.81424
3.60486
3.60486
3.60486
3.60486
3.60486
3.60486
0.471521
1.7644
1.79482
1.79482
1.79482
1.7644
1.7644
0.471521
0.471521
0.471521
2.25113
2.25113
2.25113
2.25113
0.471521
3.71133
0.471521
0.471521
0.471521
0.471521
2.7835
2.7835
2.7835
0.471521
0.471521
0.471521
0.471521
2.23592
0.471521
0.471521
0.471521
0.471521
0.471521
0.471521
0.471521
0.471521
0.471521
3.42233
3.31586
3.31586
3.31586
3.42233
3.42233
6.03852
6.7534
1.1712
1.1712
4.44143
4.3958
6.1602
6.1602
6.1602
6.1602
7.25534
5.47573
3.71133
0.471521
0.471521
0.471521
0.471521
0.471521
3.60486
0.471521
0.471521
1.58188
4.80648
5.59741
2.43366
2.43366
2.43366
2.37282
4.5479
4.5479
4.5479
4.79126
11.1796
11.1796
11.1796
9.27832
7.65081
7.65081
7.65081
0.471521
0.471521
0.471521
4.24369
4.24369
2.85955
1.55146
0.471521
1.56667
1.53625
0.471521
0.471521
0.471521
3.60486
3.60486
3.60486
3.60486
3.60486
1.56667
1.56667
1.58188
1.58188
1.58188
1.58188
1.58188
1.58188
1.58188
1.58188
1.55146
1.55146
5.52136
5.52136
4.45664
4.45664
0.471521
0.471521
0.471521
0.471521
3.34628
3.34628
3.34628
3.34628
0.471521
0.471521
0.471521
0.471521
0.471521
0.471521
5.23237
3.2246
0.471521
2.3424
2.23592
7.11845
7.10324
7.10324
3.71133
3.71133
6.38835
3.71133
3.71133
3.71133
3.71133
3.71133
6.64693
11.134
11.134
8.2136
11.134
11.0884
11.0884
4.77605
4.77605
4.77605
4.77605
4.77605
4.77605
4.77605
4.77605
0.471521
0.471521
0.471521
0.471521
0.471521
0.471521
0.471521
0.684466
4.06117
4.06117
4.06117
4.89774
0.638835
3.75696
1.3233
4.15243
4.16764
4.16764
4.16764
6.57088
1.7644
1.7644
4.88253
4.88253
4.88253
7.58997
6.34272
0.471521
1.79482
1.79482
1.79482
1.79482
1.79482
0.577994
0.471521
0.471521
0.471521
0.471521
6.34272
0.471521
3.71133
3.71133
3.71133
3.71133
6.00809
6.00809
6.00809
6.00809
6.00809
8.95891
12.2748
13.1874
12.8984
16.2142
10.3583
8.01586
8.01586
4.76084
6.55567
9.29353
7.65081
3.60486
3.60486
3.65049
5.36926
5.36926
5.36926
5.36926
3.60486
4.68479
5.97767
6.14499
4.85211
1.73398
1.73398
4.71521
4.76084
6.25146
9.43043
9.43043
4.59353
1.47541
4.48706
5.35405
5.1411
20.8078
20.9295
24.2757
24.2453
17.4615
17.5071
14.2673
14.2673
19.1042
19.0738
25.6751
28.8541
26.2531
24.1845
29.0366
28.8693
30.3143
25.4622
25.0211
27.4091
27.7893
25.4165
24.5191
19.667
19.8647
22.3288
22.557
20.534
19.7278
22.6787
22.6482
19.8952
19.8799
22.8155
22.8003
19.7431
16.5793
18.0243
18.6783
15.7731
15.5298
12.8528
16.3968
9.87153
9.87153
14.5411
11.3317
6.63172
6.63172
6.63172
6.58609
10.2366
8.63949
13.3243
13.3091
5.59741
6.70777
6.63172
9.58253
11.9401
10.9667
6.63172
6.63172
6.63172
9.74984
1.27767
1.7644
1.7644
1.7644
0.471521
0.471521
1.27767
1.27767
7.62039
7.9246
13.3091
9.93237
9.96279
13.9631
16.8531
16.0317
13.1265
10.1149
14.602
16.5032
25.1123
21.69
19.3628
25.4469
25.2948
24.4278
27.6068
27.6524
30.9227
27.8806
28.0327
21.188
21.1424
21.0816
21.477
20.8534
20.7469
21.5835
23.3479
18.1308
17.9634
18.1308
20.2146
21.3249
24.002
19.8495
25.9945
25.9945
22.6634
24.1845
20.6253
14.6628
11.2557
9.73463
10.632
16.6249
17.7201
13.6589
11.4838
11.2861
12.5638
11.134
8.41133
13.4764
13.5829
13.3699
9.05017
12.077
8.92848
8.83722
8.03107
5.33884
8.22881
5.53657
5.4301
5.03463
9.05017
10.8754
7.07282
7.07282
5.15631
8.01586
8.01586
5.04984
5.04984
5.91683
5.91683
4.59353
11.1644
9.40001
9.23269
12.4573
14.2369
19.667
16.7466
16.7314
18.6327
15.2104
15.2256
13.3243
16.8075
15.6363
15.6363
15.2864
15.4081
15.3473
19.0586
16.1078
16.3816
14.389
10.9819
6.73819
6.23625
4.66958
4.66958
7.87897
7.87897
10.9667
10.921
10.1149
7.17929
6.99677
14.4042
13.4155
7.78771
10.0997
10.2518
10.2518
11.712
11.712
17.9482
17.9482
11.5447
11.5447
11.5447
14.6628
15.5298
13.2178
13.2178
11.0579
7.05761
8.25923
14.2977
16.0774
20.0168
19.1042
19.089
20.0777
15.8796
13.4916
21.3554
21.6596
17.4311
19.8799
20.0321
16.8531
19.2867
22.1159
25.1275
22.344
25.7207
28.4738
29.5081
27.6524
28.8693
30.2534
26.8767
27.044
27.9262
35.8052
35.9117
36.1246
33.767
33.7974
35.0143
38.102
34.8926
29.067
27.333
26.101
17.0812
19.6214
19.6822
17.2333
17.1269
13.3395
13.446
8.82201
7.01198
7.68123
7.01198
7.17929
8.51781
8.45696
8.51781
8.42654
13.3851
13.4764
16.6858
15.4233
16.3664
23.3935
26.6029
28.3673
28.4434
26.2531
26.0097
29.5081
29.5081
26.3139
25.9489
24.4887
29.4473
30.588
25.6447
21.0664
21.0664
22.2832
22.2528
25.1884
25.1884
27.1201
21.9181
20.7774
17.5071
21.2793
24.5039
24.3366
26.1618
31.2877
27.4243
25.523
31.6376
23.0589
24.3366
24.2605
23.4848
23.6521
20.4427
20.2146
20.4427
24.1084
27.7285
30.3447
27.4395
26.1466
27.0897
35.5314
38.2084
38.178
38.178
32.2308
32.2156
26.4812
25.599
25.7664
26.0401
21.5531
24.945
29.0974
28.9301
28.9301
32.6567
34.4971
26.3748
27.2266
20.7317
23.1806
20.0625
22.6482
20.7013
22.2071
19.7735
24.6712
23.6369
21.3858
25.7512
28.7628
19.8343
23.5609
25.7816
24.9146
22.7395
16.4576
20.0929
22.4201
22.4201
19.7278
19.4693
19.7583
16.2599
17.0204
15.7884
12.7919
12.8071
8.6547
8.6547
8.6547
8.6547
8.6547
6.98156
5.21715
5.21715
5.21715
5.21715
2.32719
3.58965
3.58965
4.36537
3.58965
3.58965
3.58965
3.58965
2.29677
6.20583
6.67735
2.4945
1.7644
1.7644
0.471521
2.25113
2.25113
5.4301
2.2055
2.2055
2.2055
2.61618
2.69223
2.28155
2.2055
2.2055
2.2055
2.88997
2.88997
5.76473
4.03075
4.03075
4.03075
4.03075
4.44143
4.44143
4.44143
4.44143
4.44143
3.34628
3.34628
0.471521
0.471521
0.471521
0.471521
0.471521
0.471521
0.943043
0.943043
0.943043
0.943043
0.943043
0.943043
0.943043
0.943043
0.943043
0.943043
0.943043
3.8178
3.34628
3.34628
0.471521
0.471521
0.471521
0.471521
0.471521
3.16376
3.16376
3.16376
3.16376
3.16376
0.471521
0.471521
0.471521
0.471521
0.471521
1.79482
1.79482
1.79482
1.79482
1.68835
0.471521
3.34628
3.34628
3.34628
3.34628
3.34628
3.34628
3.34628
3.34628
3.34628
3.34628
0.471521
0.471521
0.471521
0.471521
0.471521
0.471521
0.471521
0.471521
0.471521
0.471521
0.471521
0.471521
0.471521
0.471521
0.471521
0.471521
0.471521
0.471521
0.471521
0.471521
0.471521
0.471521
0.471521
0.471521
0.471521
0.471521
0.471521
0.471521
0.471521
0.471521
0.471521
7.31619
-5.15458e-37
-2.99634e-37
