+6.515718261021747004 
+6.400343439273289192 
+6.283702278614430092 
+6.170455267165626978 
+6.058253768856832977 
+5.944834945368635104 
+5.834730433206294364 
+5.723440928873568367 
+5.615412924033689634 
+5.506231899243124062 
+5.400260034839840628 
+5.295298355496194986 
+5.191341912708775652 
+5.090476950847422799 
+4.988495924867933695 
+4.889556631277889309 
+4.789531787401369201 
+4.692499371027993860 
+4.592419916824752590 
+4.412866684561430830 
+4.317560705001455723 
+4.221296552997906737 
+4.048637246141602475 
+3.879232366285791489 
+3.787527050188058020 
+3.698595274521457199 
+3.610588684588044384 
+3.523502566697271909 
+3.435583144296294744 
+3.350342427093576436 
+3.266008024814414767 
+3.180881923349601959 
+3.098364440005067610 
+3.015082672288171839 
+2.934363191118070091 
+2.788399823882907302 
+2.710173091801670431 
+2.632816315206518709 
+2.554772866914507112 
+2.354536917927618767 
+2.281202916423302973 
+2.208713093928816207 
+2.137062966790828966 
+2.066248064280637564 
+1.996263928577847402 
+1.928509268187410974 
+1.860156615145330150 
+1.791251737391817755 
+1.669353225076328329 
+1.605452855639351917 
+1.541013751892742256 
+1.478661913817229667 
+1.415795076897162552 
+1.354975091108673979 
+1.292420416156979002 
+1.231903966047329213 
+1.170951194934621853 
+1.063254848999365620 
+1.005703585423121105 
+0.901969897485251693 
+0.801879242367032674 
+0.747821042172700956 
+0.693421180256348357 
+0.640851405817548958 
+0.589012036038753628 
+0.494662586150433903 
+0.444887268515054224 
+0.395826421687490715 
+0.347475944938332226 
+0.299831749970131511 
+0.251939044206470619 
+0.205709403135061919 
+0.160173770834155960 
+0.115328108823147701 
+0.034742606088177475 
-0.009036344132470120 
-0.052112973573430921 
-0.094491509345092872 
-0.136176165254687120 
-0.176357974045457055 
-0.215081311935723996 
-0.253963513829431164 
-0.291421297274281343 
-0.328258376976257260 
-0.365226461163696392 
-0.400820360187381652 
-0.435804575925459403 
-0.499769307591343193 
-0.533020841284439051 
-0.566350700369777194 
-0.598402127338299117 
-0.629865086823505393 
-0.661380237465424514 
-0.693538426547992692 
-0.724433113730756695 
-0.754705130420764370 
-0.784358448870046132 
-0.837317252385420652 
-0.865787199669257213 
-0.892008816013519557 
-0.918206634314131520 
-0.943832136812098099 
-0.969394448362194794 
-0.994368524792096586 
-1.018758225244583926 
-1.042567396068130314 
-1.065340848226935755 
-1.123103260995786279 
-1.143883908874322231 
-1.163719547226421014 
-1.183440142811621243 
-1.202244149717401456 
-1.220918527353722638 
-1.238704410521838106 
-1.270364900933284247 
-1.300985335203867166 
-1.316430787908102751 
-1.332005835491488988 
-1.346764021336638528 
-1.361025392992387673 
-1.374517288313946928 
-1.387805207847658373 
-1.400606431176448119 
-1.412677754562765564 
-1.424288440897208297 
-1.435896474544972712 
-1.446794153597781296 
-1.457429758037405598 
-1.467182787498514607 
-1.476680363307866450 
-1.485537979191842162 
-1.493957169380283112 
-1.502102731412375825 
-1.509645311248404731 
-1.517045846190383962 
-1.523984143334923935 
-1.535319172352077821 
-1.540981400121256506 
-1.546194350613380841 
-1.550779242065810415 
-1.555038880055836792 
-1.558876547077177044 
-1.562295392477644818 
-1.565355537227753224 
-1.567937755958522139 
-1.570110597971697608 
-1.571877168031961425 
-1.573264207790457725 
-1.574219370867605328 
-1.574784852695525039 
-1.574941146593269004 
-1.574697817886360873 
-1.572154221741677738 
-1.570539937522497986 
-1.568474061707928691 
-1.566072034508231958 
-1.563299347671100570 
-1.557250900345773736 
-1.553361384318997729 
-1.549186690551562329 
-1.544655638576069911 
-1.539667797739110888 
-1.534536100391947322 
-1.529070796055893133 
-1.523150339030553191 
-1.516887921828385721 
-1.510286403813293710 
-1.497136495858186755 
-1.489581778846196691 
-1.474852867029919246 
-1.466374520545154603 
-1.457393061484464347 
-1.448270573146866802 
-1.438833451047311307 
-1.420689464829806958 
-1.401291457428377463 
-1.390414143086295518 
-1.369421983238638951 
-1.347415539093598902 
-1.335151802756961992 
-1.322601607872010199 
-1.309502746930946593 
-1.296381856547148104 
-1.282982472880759062 
-1.269025271137821598 
-1.255071189865830661 
-1.229035655444597808 
-1.202122787196721276 
-1.186936685661161839 
-1.171809622857967526 
-1.155790826289138096 
-1.098685685172071658 
-1.081514532068339918 
-1.064441971780127894 
-1.032101268716851372 
-1.014349893161858418 
-0.995996223064595121 
-0.978150989876205301 
-0.959708318209564482 
-0.941423278012148756 
-0.922924018129057444 
-0.887272482406285867 
-0.850874321049594151 
-0.813744656246813136 
-0.793454033757585719 
-0.755652097024956504 
-0.734356867677581349 
-0.713286685265583920 
-0.692019980320758954 
-0.670559033691176865 
-0.648906116468491945 
-0.626615762608271787 
-0.604581876241142346 
-0.563630696394008091 
-0.541077339526211176 
-0.518345119106705887 
-0.495436239765523645 
-0.472825714624300453 
-0.449573586940297254 
-0.426151312212684097 
-0.382208774286679542 
-0.357822893716409851 
-0.313505281230475497 
-0.289650579461246949 
-0.265144681899396772 
-0.240989840298992952 
-0.216181660819635191 
-0.170740746980025726 
-0.145516573433579488 
-0.119629433006846142 
-0.094116894332972656 
-0.068464712977258202 
-0.020991423838335521 
+0.005045874868359945 
+0.031215081277849777 
+0.124634081317887002 
+0.151376070545278019 
+0.178788528195831908 
+0.205221100363530695 
+0.232320265084064559 
+0.258978093696923040 
+0.286303446354967406 
+0.313179179528129126 
+0.340160043922685951 
+0.367809605596624678 
+0.396700089692070712 
+0.423993971782432588 
+0.451957481835226993 
+0.480594958737548872 
+0.532399108802290577 
+0.560739009399129351 
+0.589172058722584602 
+0.617696448497681239 
+0.645725538394303911 
+0.674425446966048447 
+0.702623045337976926 
+0.755710192686477100 
+0.784135812159268752 
+0.813232133777278321 
+0.866277784551774843 
+0.895588187244480416 
+0.924370950961858284 
+0.953823680585989209 
+1.007495691668776061 
+1.037139461649050354 
+1.091754368658017782 
+1.121577152290404555 
+1.152070333617682074 
+1.182012518053475070 
+1.212011332839860067 
+1.242065155944114707 
+1.323287633253503515 
+1.354148435618366619 
+1.385058672575532945 
+1.416016672723862335 
+1.447020773868189281 
+1.554627536263156529 
+1.585193085718532124 
+1.616419258208548371 
+1.672715048822296602 
+1.702783449607767174 
+1.733507959838885171 
+1.764260993493437901 
+1.795669518267014375 
+1.826475707786644698 
+1.883750079271467648 
+1.914621336672513330 
+1.946143235333646082 
+1.976422457809047017 
+2.007349489071937221 
+2.037660658559228288 
+2.068617559422532004 
+2.124877733242537481 
+2.155235225811929389 
+2.186234243352539686 
+2.216608221945162605 
+2.247621417805500066 
+2.278006703563418611 
+2.309028822216266263 
+2.340686643213326867 
+2.398306068469091556 
+2.429963806558820494 
+2.460985812398779338 
+2.492003971809453766 
+2.549594565704896176 
+2.580594718770318430 
+2.611586138459045969 
+2.642567576907098648 
+2.698810427250451838 
+2.755008898717854038 
+2.811155711754504072 
+2.842043337721899654 
+2.872282159518104283 
+2.929555840581790083 
+2.960364042780447846 
+2.991148720486207502 
+3.022536211173650234 
+3.053269850733497659 
+3.135925092427030325 
+3.166553462299293020 
+3.197150714557333462 
+3.228339180565886313 
+3.284390173893183995 
+3.315478548242604351 
+3.372581247467370869 
+3.403558973929984077 
+3.433877264180475564 
+3.464155024935501537 
+3.494391220079143601 
+3.524584820884159253 
+3.554119942852962399 
+3.584226219169622585 
+3.613673859313383918 
+3.643688865660617004 
+3.673045186846291443 
+3.702354917143913404 
+3.732226255061969589 
+3.761439033843752000 
+3.815473140631889581 
+3.845147765873607959 
+3.898907551269996663 
+3.953084176682612139 
+3.982499166144813252 
+4.012454259449002691 
+4.041153054271774181 
+4.070390154008896033 
+4.099566170041855528 
+4.128086681461902607 
+4.156546908412860120 
+4.185537027955374967 
+4.214462613800519009 
+4.242734487502671570 
+4.270942818827047738 
+4.299672461486849784 
+4.327749979920072931 
+4.356344458164580047 
+4.408103033662017722 
+4.436499693148148182 
+4.464247241345925765 
+4.492501045969968132 
+4.520107138001410618 
+4.548215004429057018 
+4.575676645785469177 
+4.603635543499516203 
+4.632086283720401099 
+4.659890070886794966 
+4.687615955658237077 
+4.715826603913499504 
+4.743392844409997089 
+4.793815477062853603 
+4.821152581137899240 
+4.848407546093794096 
+4.875025970856853519 
+4.902116274208737856 
+4.928572071972164181 
+4.954946424550175088 
+4.981785576235602697 
+5.007993412501562602 
+5.034661276118560735 
+5.060700056250483136 
+5.087194064315813335 
+5.113061297903301217 
+5.138842736511308296 
+5.208763262192675825 
+5.234748986062331966 
+5.260642428111691693 
+5.286442988563957002 
+5.312150073995788979 
+5.337763097320898709 
+5.363281477773780281 
+5.388704640893362097 
+5.435664535774029638 
+5.461836924527322168 
+5.487393706385101488 
+5.512848497912492540 
+5.538200728110158622 
+5.563449832690988472 
+5.588093365304446003 
+5.612636801961048860 
+5.638075152305559889 
+5.662908356707365698 
+5.687635724664077408 
+5.712256731651129904 
+5.737260048603776141 
+5.761177597531085048 
+5.784991523985394402 
+5.847665678244069021 
+5.871097124168713322 
+5.913858646409345887 
+5.937459885527460735 
+5.960481012037149640 
+5.983394715281317389 
+6.006200576827183113 
+6.028898184111694647 
+6.051487130425200256 
+6.092236812019004688 
+6.114971162392928150 
+6.137139536843302601 
+6.178015806952382505 
+6.199867350737222615 
+6.222049806294769780 
+6.243235293370152483 
+6.264750984896303443 
+6.285718359294278912 
+6.325171144079834384 
+6.346681857121908799 
+6.368073945720388096 
+6.389347072296263086 
+6.410500905323330834 
+6.431115609373339481 
+6.451615130534581688 
+6.471999173596889143 
+6.509547898957801060 
+6.529600427077038027 
+6.549536389963276584 
+6.586250154211906072 
+6.605452756871565967 
+6.624939045598206455 
+6.660031009132059587 
+6.678795167380794595 
+6.713671361022390371 
+6.732108082837222618 
+6.750811011617084745 
+6.784476315503892074 
+6.802842679703351436 
+6.820717978273368232 
+6.838846825989555178 
+6.856855409370640864 
+6.874743546163936792 
+6.892511059289415876 
+6.924830453342668335 
+6.942254870645813369 
+6.959909894697305255 
+6.977089169695002369 
+6.994493736827899433 
+7.025160239835628317 
+7.041872373432178200 
+7.058462431576447926 
+7.074930291482307787 
+7.091275835345252077 
+7.107498950326170295 
+7.123926835140223623 
+7.153497812160627412 
+7.169245227317595948 
+7.185187320969162350 
+7.201001348965638371 
+7.229453967132675629 
+7.244906415099469754 
+7.259925281556025567 
+7.275123518483934681 
+7.290193275694395680 
+7.305134499427527572 
+7.319652148623560173 
+7.334338737563314226 
+7.348606765833987531 
+7.363038569025111890 
+7.377056847774279724 
+7.402482567581039063 
+7.416150044509594252 
+7.441204350265831380 
+7.454518428983660350 
+7.467708820843029116 
+7.480775534523353087 
+7.493981439562879210 
+7.506798317835036372 
+7.519491571589099088 
+7.532061227622950383 
+7.544760032656713911 
+7.557080070857916887 
+7.569524242969387196 
+7.581594827567611716 
+7.603684293554888285 
+7.625112771465413886 
+7.636371355706961239 
+7.647742642994364459 
+7.658990896610500698 
+7.669890376250433128 
+7.680895307821990592 
+7.691556593204150971 
+7.702318541815383668 
+7.712741981223059540 
+7.723261318805257680 
+7.733447292575683640 
+7.743724423656487943 
+7.753879367066244477 
+7.763912238435996649 
+7.773823157525752592 
+7.783810757941962422 
+7.793475665864462165 
+7.803019008134441492 
+7.812440920947118173 
+7.837219341992385679 
+7.853610543587224768 
+7.862540896870418017 
+7.871170975115820312 
+7.879853200225336529 
+7.888240456416772517 
+7.896507789117811704 
+7.904490294947581042 
+7.912520757219920320 
+7.920431838231790422 
+7.928223727630993700 
+7.935741217464416408 
+7.943297730378470867 
+7.950735639371098173 
+7.958203295615431827 
+7.965402204998502711 
+7.972483140425559611 
+7.985182321160960051 
+7.992066267050154771 
+8.009524525771114511 
+8.020910198790424772 
+8.027015194241231555 
+8.032883306427613945 
+8.038878002301409254 
+8.044636318750139736 
+8.059576830007294745 
+8.064911473451813251 
+8.070237404164284811 
+8.075341863277376575 
+8.080332809586975529 
+8.085112108495128069 
+8.089975289633773770 
+8.094627394815793409 
+8.106601336118975709 
+8.114300817953532530 
+8.118335183368323271 
+8.122258847549101546 
+8.126072123001343073 
+8.129849757168296165 
+8.133440969175879331 
+8.136922756082809016 
+8.140295443406710518 
+8.143493834392661057 
+8.146651521571067534 
+8.149639940137573646 
+8.152583939911638211 
+8.157656650882696425 
+8.160351766721213096 
+8.162936039610196204 
+8.165409844708825915 
+8.167773560484919315 
+8.173487659926681914 
+8.175415636490839688 
+8.177239603292678183 
+8.178925858368454982 
+8.180545032249851189 
+8.182031398849188619 
+8.185564012076941509 
+8.187590774084332779 
+8.188569710386239819 
+8.189427683271253144 
+8.190200130570959303 
+8.190856564663684836 
+8.191424203173957252 
+8.191880756508105321 
+8.192245289688747434 
+8.192499346149118011 
+8.192659861844076019 
+8.192727647294006488 
+8.192700339789624309 
+8.192577219408834210 
+8.192363720530995153 
+8.192058695422307579 
+8.191653331958619333 
+8.191164592025977242 
+8.190585562283777321 
+8.189901768526082648 
+8.188421667187840924 
+8.187476486356434435 
+8.186417229746377089 
+8.184270821996754819 
+8.181818579655692147 
+8.180355903782865923 
+8.178771280982957137 
+8.175686107846440009 
+8.173843645617260734 
+8.171949611844473438 
+8.169927195827352051 
+8.167857780175395987 
+8.165657400600172977 
+8.163367902964298040 
+8.161038229264821808 
+8.158573799613805022 
+8.156073688795444809 
+8.153436364986662355 
+8.150767823261716671 
+8.148073633163512852 
+8.145300631912723688 
+8.137398365931858280 
+8.134337226302156054 
+8.131133325963698866 
+8.127917923962112212 
+8.124557548405885399 
+8.121047905154316737 
+8.117457302774390371 
+8.113860496252190302 
+8.107054667881653742 
+8.103241631778271170 
+8.095961118258282241 
+8.091934571614281424 
+8.087834318034651915 
+8.083746790275586847 
+8.079589547266916583 
+8.075274309859485911 
+8.070977725035854533 
+8.066521299387037658 
+8.061994358267217109 
+8.057397445342413533 
+8.052635155572801295 
+8.047898537089546167 
+8.042994832089416235 
+8.038020576128898753 
+8.033077922377840352 
+8.028068629274692114 
+8.022888989302066065 
+8.017852349766750208 
+8.008349016417955823 
+8.003135836831543060 
+7.997751304544275186 
+7.992303941882774154 
+7.982136787497526420 
+7.976514280571381121 
+7.965912013253857893 
+7.960117746487673784 
+7.949321908135369874 
+7.943239518458902637 
+7.932141132144229445 
+7.925893076658604208 
+7.919713715709093549 
+7.908091994472144393 
+7.901626883459988093 
+7.895237105460696014 
+7.888662469337930361 
+7.882033452394759721 
+7.875484861946702608 
+7.857728457434760116 
+7.850995335342417114 
+7.844074462639933465 
+7.837243283555689111 
+7.830364477121114497 
+7.823296815768756574 
+7.816323618744107193 
+7.809304614157047020 
+7.802095772779158445 
+7.789003305343075390 
+7.781813288229358250 
+7.774728444610672362 
+7.761335503039435757 
+7.753985195411591924 
+7.746594359207119140 
+7.739011548514299399 
+7.731540700562871571 
+7.724031179491307242 
+7.716483601416932459 
+7.708743401536298556 
+7.701120816251874501 
+7.687026316441730955 
+7.679144696091036337 
+7.671385934043080113 
+7.663593375164897026 
+7.655767642012430763 
+7.641148250865775537 
+7.633231171059079223 
+7.625283325096350318 
+7.617305338998449749 
+7.602082798344106607 
+7.593856192433563912 
+7.585435366308414196 
+7.563172374148287247 
+7.554983499669726932 
+7.539878896053010315 
+7.524864109568792259 
+7.516565811282933218 
+7.501267896187608031 
+7.492738828280601560 
+7.484360219358847210 
+7.475790749066861807 
+7.467201879521012664 
+7.458594286418504637 
+7.450141331139824352 
+7.441671679719458865 
+7.433185969133706550 
+7.417734147263794320 
+7.409380803727413145 
+7.400839937023838466 
+7.392460764407882579 
+7.383894781371580507 
+7.375492230734994159 
+7.366903634294512671 
+7.358480158213883904 
+7.350047234782105754 
+7.341429505046475512 
+7.332979324690523271 
+7.324168947333180135 
+7.315527398655405911 
+7.299638280369287635 
+7.290979505370369651 
+7.275063475749040443 
+7.266392623740209444 
+7.257718741965269338 
+7.249042470304826402 
+7.233279497082432563 
+7.224777068599737007 
+7.215920420410621539 
+7.199803643674043130 
+7.190950767748122807 
+7.182100526649151107 
+7.173430500908063223 
+7.164587479300950967 
+7.148682232213829479 
+7.132796028734762928 
+7.124156289297340017 
+7.108131316817336121 
+7.085115753279400685 
+7.076525213587698815 
+7.067945646627704193 
+7.059377687501133813 
+7.050996450807561544 
+7.042279131114988822 
+7.033749801968777859 
+7.011018088626710387 
+7.002543823686316671 
+6.993913593080105073 
+6.985473247848222655 
+6.955990519739399858 
+6.940659749640778919 
+6.932173167569087191 
+6.923878276315352132 
+6.915605752645569204 
+6.907188107849988157 
+6.892098796001554284 
+6.883751713567750841 
+6.868794084172486158 
+6.860522749150565147 
+6.852444298795889566 
+6.844393652706775022 
+6.836371429491096663 
+6.828215427447528185 
+6.820252514090170415 
+6.812319886873281050 
+6.804579107695513329 
+6.796708247911376510 
+6.788869504386711995 
+6.774557519946101891 
+6.760359733992100217 
+6.752679187525761684 
+6.745034218625085565 
+6.737425434014579828 
+6.729699296177545698 
+6.722165465550266283 
+6.714669645331599490 
+6.701002841952936606 
+6.687320426686289565 
+6.680159813036066652 
+6.673038939408468373 
+6.665811286536730940 
+6.658772429417442851 
+6.651629665757611498 
+6.644530667204306518 
+6.637619549773684291 
+6.630466328101867646 
+6.623502165698752719 
+6.610691528127383698 
+6.603860694212314364 
+6.591439192247988466 
+6.584881560125920963 
+6.578236237115945961 
+6.571506845394670115 
+6.564963147030645096 
+6.558470616984500623 
+6.552029828886114515 
+6.545511526581774042 
+6.539305765640186507 
+6.533023630290672124 
+6.526795516452886581 
+6.515374271472722967 
+6.509303618637365396 
+6.498300247406653796 
+6.492510498193942325 
+6.481922416074086257 
+6.476058910785052802 
+6.470372617458321152 
+6.464746214834109495 
+6.459067293834292123 
+6.453563567740473239 
+6.448121384794655242 
+6.442741288563325952 
+6.437315956980102172 
+6.432062952497155095 
+6.426873665637010014 
+6.421748632703859094 
+6.416585796193378322 
+6.411592211234405703 
+6.406664488776502075 
+6.397689543764870201 
+6.389041746730216076 
+6.384430209285505420 
+6.372440894457323424 
+6.368084802548318990 
+6.363886195556376357 
+6.359670633120907191 
+6.355610665054661546 
+6.351620021421100049 
+6.347618237380837414 
+6.343610283854804521 
+6.339756987354087769 
+6.335901590454901644 
+6.332124027893756057 
+6.328424823747258898 
+6.322035739678232069 
+6.318694712208786868 
+6.315360413792827643 
+6.306954675782904474 
+6.303904561439799714 
+6.300993612618555950 
+6.298101003645682816 
+6.295345249249915121 
+6.292611985601840985 
+6.290013219043766313 
+6.287441122253373038 
+6.285001118776587070 
+6.275177791835495178 
+6.273171952797573780 
+6.271169212910270296 
+6.269292783283317405 
+6.267466534025848190 
+6.264405965760788675 
+6.261639126886128004 
+6.260229892321513390 
+6.258938027947269944 
+6.256796622892663251 
+6.255777802959192613 
+6.254845234673258147 
+6.253982605403327177 
+6.253225515521196876 
+6.252053328542794830 
+6.250879746300372908 
+6.250454809720278782 
+6.250359560936455061 
+6.250358302715750547 
+6.250451417569521162 
+6.250876015422496934 
+6.251240849344347872 
+6.251701504364465478 
+6.252258348721273506 
+6.253548928150632236 
+6.255155134758869195 
+6.256190010107561150 
+6.257303423726080283 
+6.258541184543639169 
+6.260999511623440483 
+6.262461553115356239 
+6.264052919514304207 
+6.265708975394505664 
+6.267461507971173518 
+6.269310824203620847 
+6.271298812740591977 
+6.273344637448913019 
+6.275533852665747148 
+6.277777402777318549 
+6.280169074329061019 
+6.284776096389403932 
+6.287402103287397459 
+6.290243217747485183 
+6.293132441246634734 
+6.296125829397914764 
+6.299159402846281175 
+6.305118440027316140 
+6.308441661052597738 
+6.311866133447959548 
+6.321651200552294014 
+6.325533648813694398 
+6.329522839154695824 
+6.337042351809259344 
+6.341333522394591249 
+6.345641538791296554 
+6.350053128069756525 
+6.354663689835214235 
+6.359285262097718494 
+6.364110637274145610 
+6.373153664681350250 
+6.378392062362904902 
+6.388218633150277270 
+6.393779068136786314 
+6.399339497697916990 
+6.405127089385683092 
+6.410910541268615148 
+6.416804673634650236 
+6.422686016586692581 
+6.428799809801368781 
+6.434896685788555004 
+6.441230857252962849 
+6.447543954331671046 
+6.453964292805038916 
+6.460629167996209787 
+6.473162890029973582 
+6.480146132448377116 
+6.487241902358688250 
+6.494598633696285539 
+6.501922204174037212 
+6.509358738572527336 
+6.516908373273471611 
+6.524571240595853361 
+6.532187636283429022 
+6.540237181971045644 
+6.548240500202598291 
+6.556357539380264221 
+6.571563018088532715 
+6.580003247741998074 
+6.588557604445910876 
+6.597048131763211920 
+6.605828691645230677 
+6.614540977419575363 
+6.623548082708202500 
+6.632482446015661282 
+6.641716405865606632 
+6.650873133260154724 
+6.676423970788974316 
+6.686192182380780835 
+6.696075368022146534 
+6.706073573467278948 
+6.716394431575478663 
+6.726625145520009674 
+6.736758699890440738 
+6.747217353606560053 
+6.766508296580218129 
+6.777291386154457697 
+6.787966133483034348 
+6.798977325935814164 
+6.829213449381810186 
+6.840650268806208523 
+6.852202287389382640 
+6.864108790560718099 
+6.875893493305271775 
+6.887793321281523440 
+6.900054641166716074 
+6.912186960895103205 
+6.935023500322481382 
+6.947484284807759813 
+6.960317769132142729 
+6.973010551106499477 
+6.985818061997196793 
+6.999005141436509092 
+7.012044228652378308 
+7.025197814336212154 
+7.038737778585128169 
+7.063409609805569644 
+7.077282606773080076 
+7.090993340648857668 
+7.104534723214664282 
+7.118470865801285186 
+7.132232831675791473 
+7.146393913448540580 
+7.172699491285400519 
+7.187182012733436487 
+7.202076621825929337 
+7.216787382548845997 
+7.231610879864713404 
+7.246852943329648689 
+7.261903723088304119 
+7.277377359379684663 
+7.292654728871329262 
+7.308043979483367814 
+7.323544925921246396 
+7.338837642920115201 
+7.354559134680758170 
+7.370067515585371432 
+7.386008765635607709 
+7.401732019538268759 
+7.418223148569856207 
+7.434495843129385939 
+7.450878572024910440 
+7.467708826701709768 
+7.484313155061403044 
+7.501026799337032536 
+7.517849510885060482 
+7.535127708179340189 
+7.552169999394026334 
+7.569671711383071155 
+7.586579161747366129 
+7.603945486569743117 
+7.635763041552998232 
+7.653069616604471825 
+7.670842295036016445 
+7.688721311071439857 
+7.706706356858351370 
+7.724426865118115160 
+7.742620876810307529 
+7.760545468861034024 
+7.778947174802050668 
+7.797074583588862851 
+7.815682668468505234 
+7.834011584051731703 
+7.852824688656559360 
+7.871353757965508180 
+7.889981358640179465 
+7.924779569632598886 
+7.944476365961136821 
+7.963881500806107461 
+7.983786611465813365 
+8.003395089393031014 
+8.023506859320086448 
+8.060376160181682792 
+8.097175627338581094 
+8.117350146627364538 
+8.138037018334227213 
+8.158408317195753767 
+8.196076632804306428 
+8.217143425754557029 
+8.237461011966104252 
+8.258295852739836462 
+8.314459702593815393 
+8.371725723801080932 
+8.393591896276639375 
+8.415993291362292794 
+8.437166748544512984 
+8.458426768170182797 
+8.480218468453728065 
+8.501651874344499760 
+8.523619506039130655 
+8.546126217100342259 
+8.568724014075947082 
+8.591412295028172608 
+8.709434750018791860 
+8.751778000910105604 
+8.794404285656925779 
+8.837782607834760995 
+8.861475893323364161 
+8.884775161165475055 
+8.908152810831319712 
+8.971514146236048148 
+8.995175540734891229 
+9.019397353074825929 
+9.082246119170925169 
+9.125901232752832826 
+9.150036819860780213 
+9.194055041886066704 
+9.217890364002666814 
+9.242290098507346841 
+9.266757626334856113 
+9.290790816068874136 
+9.315893010707378963 
+9.340559324683448850 
+9.365795729794482938 
+9.391098673500579253 
+9.415959299718409170 
+9.441391489635947210 
+9.466377132626945468 
+9.490911673960340522 
+9.516016577131676257 
+9.561250533195588375 
+9.586518323336042258 
+9.611325382248717020 
+9.636186002363402281 
+9.662138562185473845 
+9.687626711573548377 
+9.734579647308057915 
+9.760740148839857966 
+9.785903869139668032 
+9.812166855817388011 
+9.838480701243453197 
+9.864316672227648297 
+9.890728330733299600 
+9.960682760983328166 
+9.986731989219821415 
+10.013356657580812836 
+10.039490795681563995 
+10.065665491965773981 
+10.091879764704922096 
+10.118668792353817665 
+10.144960000404056544 
+10.193344502801112483 
+10.219736802103554396 
+10.246702430077045065 
+10.273161711898211479 
+10.299652580547817848 
+10.326173989061798508 
+10.374962823391989275 
+10.402108285455909709 
+10.450494561933284743 
+10.476624442143345206 
+10.502776762089172990 
+10.529495989822970969 
+10.578080253701301672 
+10.604309661071456006 
+10.630556382460596865 
+10.679811914392757899 
+10.706102417888470058 
+10.732954166151982278 
+10.759270050933462670 
+10.785596827864679881 
+10.834985009945610201 
+10.884400156230860546 
+10.911312625149669486 
+10.938229645382014255 
+10.987127381395534798 
+11.013501135664419905 
+11.040424182213804727 
+11.067895213809755717 
+11.094814101190589639 
+11.122278242954790173 
+11.172247891025275379 
+11.199144168083730477 
+11.226031449754586333 
+11.252908422935687938 
+11.279773766533310209 
+11.307174015005440282 
+11.334011798367614077 
+11.360833913204796630 
+11.387639006123679408 
+11.414425715654587634 
+11.440646614338486842 
+11.467938498206791564 
+11.494661807769023909 
+11.521905833912100547 
+11.549123474014727719 
+11.576313229434969543 
+11.602930683222233199 
+11.630060770902673539 
+11.656616828992497403 
+11.683140323130190907 
+11.709089549313695500 
+11.735544289802611218 
+11.761423354853324241 
+11.787803587198533606 
+11.813606822507214389 
+11.839906727731438707 
+11.865628401398875980 
+11.891842095790082112 
+11.917476412381368789 
+11.964885513391177341 
+11.990917200694703126 
+12.016367563578338462 
+12.064475940598896386 
+12.089774496517822655 
+12.115543044056405364 
+12.141252361600875176 
+12.166378029828191387 
+12.191965370920961220 
+12.217488691137893042 
+12.242427488079318465 
+12.267819272462194391 
+12.293142168821248106 
+12.317879888279090750 
+12.343061538018446299 
+12.367657700497209916 
+12.392181438075667188 
+12.417139737859237414 
+12.441512273997727078 
+12.466312895445126330 
+12.490527695646601813 
+12.515163934176905869 
+12.539714563444430695 
+12.585075530939155541 
+12.609866850556130657 
+12.634069019089139374 
+12.658668029383168374 
+12.682678110321560894 
+12.707077395675423048 
+12.730888085027309842 
+12.774837503688010187 
+12.798353614461490224 
+12.821763098527455327 
+12.883339318917386151 
+12.905875238400074778 
+12.929232541109744403 
+12.952467855128460883 
+12.975579169017114722 
+12.998106003751031423 
+13.020965824594515681 
+13.043695592630358604 
+13.065842611677767948 
+13.087860818954808906 
+13.109748265799810341 
+13.131502994350817914 
+13.152683171469995216 
+13.174169361790543320 
+13.195516945476898130 
+13.234359047819667765 
+13.255728457680564958 
+13.276522648423679129 
+13.297588240936935478 
+13.318080536713178930 
+13.355320630173469709 
+13.392033418800592059 
+13.411393517733815273 
+13.430996420048753492 
+13.450435046981347398 
+13.469315652554856300 
+13.520397730357952781 
+13.539419100598479417 
+13.557881829362024462 
+13.576165963146520355 
+13.594269326011110266 
+13.612189732419899713 
+13.630284987897134386 
+13.647829039696503628 
+13.664831213269664545 
+13.681997746005876593 
+13.698970250096301982 
+13.743709225917324801 
+13.773373771656476805 
+13.802659362535795395 
+13.818128278783710527 
+13.833384046918336452 
+13.848729026383129082 
+13.863547042768061601 
+13.878144857304844706 
+13.892520114796749198 
+13.918335964384930037 
+13.943378269072159270 
+13.956412746229307942 
+13.969485109800444889 
+14.013220857229441663 
+14.025203385640509168 
+14.036936440139365700 
+14.057601358530982694 
+14.068396212742623419 
+14.079159656982525917 
+14.089449961760823982 
+14.108059811353907520 
+14.117811901537571373 
+14.127483505582134171 
+14.136870071775765823 
+14.145789726831228705 
+14.154603837537296229 
+14.162957199930941599 
+14.177400878641261528 
+14.190891210201808548 
+14.197765609784021024 
+14.204489865025385242 
+14.210915089359714258 
+14.217038608761608742 
+14.222857738794473903 
+14.228479058912590460 
+14.233777758362926136 
+14.238750951355868324 
+14.253332691534037480 
+14.256891873405340476 
+14.259917220762755363 
+14.262678281593046847 
+14.265059685724825300 
+14.267157899678174715 
+14.268884588175094308 
+14.270334406363366142 
+14.272049919402869378 
+14.272474830368455656 
+14.272333918918398865 
+14.271750340154778058 
+14.270782643896916753 
+14.269466578542278512 
+14.264138196712643492 
+14.261459730737758633 
+14.258403493999756151 
+14.251795935978185170 
+14.247563242987629550 
+14.243021961067732661 
+14.238088374853777651 
+14.227874869561894400 
+14.221675615323499997 
+14.215055607532828930 
+14.208011587786792518 
+14.200540285745425706 
+14.186004705969995854 
+14.177497516490447538 
+14.168754466442194939 
+14.159408183397834691 
+14.149837142595632855 
+14.139851901971303150 
+14.129006955437880322 
+14.117936481916974145 
+14.106185295359399134 
+14.094220190250405622 
+14.081807446174035903 
+14.068676602556847044 
+14.055626146296683388 
+14.029971273703432999 
+14.002753333180050888 
+13.986949379365247736 
+13.970983993473016227 
+13.954542589573408762 
+13.937271512954470865 
+13.919497796037019199 
+13.886605869362675492 
+13.868193591736659442 
+13.848907207219511406 
+13.812598346915880398 
+13.792325620376818307 
+13.771127246114879483 
+13.749416977837935150 
+13.727191374631829035 
+13.704446984030679957 
+13.680700050368759690 
+13.636573434875050026 
+13.611795454996968857 
+13.587003738113541118 
+13.561694633822785505 
+13.535321140273897100 
+13.486018852860343742 
+13.458098057659857005 
+13.430207794605031779 
+13.401780415084612486 
+13.372203266297587376 
+13.342680125161248128 
+13.311977299417417697 
+13.280700423931005361 
+13.248845852458000394 
+13.216409926917929596 
+13.182708963188705553 
+13.149087255020988962 
+13.115577267195320132 
+13.080779107272810791 
+13.045381124755152769 
+13.010120373056629717 
+12.973523976283772186 
+12.937082075417182025 
+12.898494507391630393 
+12.860053893067703967 
+12.820990977338340144 
+12.782118222565333809 
+12.742641075359976810 
+12.701714342310150840 
+12.661004832733361525 
+12.618812533427711031 
+12.575094206211826275 
+12.531594644967100294 
+12.486534297818998596 
+12.441711614471696379 
+12.396228153971884822 
+12.349131246380535387 
+12.301338051747917390 
+12.253821141921505955 
+12.164779382683306608 
+12.114316226421204092 
+12.064167258762472201 
+12.013326203650223079 
+11.960729986922302714 
+11.864216597162251077 
+11.809568085022286610 
+11.755293500495028525 
+11.699173292112774902 
+11.643448106426401267 
+11.586998754224772767 
+11.527471808329069702 
+11.367273691218333198 
+11.256559915788805881 
+11.195217998508432800 
+11.131845060937756386 
+11.015776276810900214 
+10.951495799811382881 
+10.886443185915609888 
+10.764933044136508755 
+10.696285877549183141 
+10.628214994791099102 
+10.560764499585806320 
+10.491119705418224584 
+10.361109443506354211 
+10.289179611618262555 
+10.216435892189796419 
+10.141364085129978889 
+10.066962590648465437 
+9.863978580365154514 
+9.786516755403264156 
+9.708211451949580351 
+9.627433966845561741 
+9.549052516108416100 
+9.468189904662104084 
+9.386465856577892453 
+9.303875849928033404 
+9.220415349794009785 
+9.136079808253718681 
+9.050864664363210466 
+8.966531341436873248 
+8.804305018667696103 
+8.715672519008116126 
+8.626138172585889663 
+8.533842139694623796 
+8.442471531693840348 
+8.348292063035003707 
+8.253153966783127515 
+8.157052259279186757 
+8.059981942552921552 
+7.961938004308350969 
+7.862915417898459935 
+7.762909142314363464 
+7.663943745030459276 
+7.564023985997976318 
+7.461076306654081947 
+7.359213733973144045 
+7.256382306809904037 
+7.150448556339405570 
+7.045644911372161090 
+6.850582787167888377 
+6.742976616415650604 
+6.634373139583128243 
+6.522520132538079274 
+6.411886714405422794 
+6.300241138250888717 
+6.092524514236700384 
+5.975632415078315773 
+5.860036365276328318 
+5.645013718466429964 
+5.524034613714757569 
+5.404413754318479590 
+5.281263380858782774 
+5.157008399456635139 
+5.034161628903245145 
+4.907703596561905357 
+4.777561794995848210 
+4.651419917770235557 
+4.521583380318642043 
+4.393240409984414008 
+4.261147126605939306 
+4.130581999085999101 
+3.996210417885721622 
+3.863401955479844663 
+3.729475285622922076 
+3.597192567465590685 
+3.461036866449032079 
+3.323747334632383144 
+3.188155196226042598 
+3.048605583496184934 
+2.905022974315040862 
+2.763145269668874526 
+2.617175977208660242 
+2.472948436574446518 
+2.327549765870898568 
+2.177970978307466332 
+1.780223500636208378 
+1.502012385659893035 
+1.345694147670114305 
+1.188113915988740388 
+1.029265873156772315 
+0.869144186390046869 
+0.707743007557634307 
+0.545056473163773703 
+0.384370951906396918 
+0.219122054803361443 
+0.055914080896393159 
-0.111920346083619116 
-0.277673535172749730 
-0.444694934686647336 
-0.609542797332339958 
-0.782564856687715249 
-0.953424660793663392 
-1.125575238598661265 
-1.302575540976556923 
-1.477351344185852788 
-1.657042316057144582 
-1.834466635645800814 
-2.013210490413587017 
-2.196968349688673605 
-2.378395761372048334 
-2.561160117418665116 
-2.745267210772355249 
-2.930722848877093334 
-3.113706828114898961 
-3.297995944083246478 
-3.643170842924418729 
-3.835147010402477186 
-4.028505548102720546 
-4.223252362140693883 
-4.415376520190689824 
-4.612889030211365871 
-4.807733847460448295 
-5.008035369237920698 
-5.205623741385449144 
-5.408737704598977736 
-5.785533046185311612 
-5.992718279946598336 
-6.201350298187391807 
-6.411435165488723165 
-6.805468021782792754 
-7.019737435600203135 
-7.417144172611457087 
-7.635617682030177100 
-7.860089744863860695 
-8.081587763155315685 
-8.304592107305083459 
-8.533706756132236393 
-8.759773454146834837 
-8.992025932627331741 
-9.221180453692266354 
-9.456596813881848362 
-9.688864750909015555 
-9.927471171257494120 
