+37.416517503104081754 
+37.067488624733101688 
+36.720619472431664576 
+36.368888836891656524 
+36.019389140526897108 
+35.679035243646282538 
+35.333926343421950378 
+34.997858243361925190 
+34.657105113154720755 
+34.332039396142569387 
+34.008981024382350711 
+33.681254648117004535 
+33.355603658529304312 
+33.038602910731455609 
+32.723577974786309142 
+32.404019948387002614 
+32.086504602645021578 
+31.771023725678915639 
+31.457569125292181411 
+31.146132628951541221 
+30.843000873756963642 
+30.535535374196470570 
+30.230063744234044520 
+29.932751682061635279 
+29.631203246719621802 
+29.337718833002469410 
+29.040062023295927673 
+28.504412004649587686 
+28.218181036427502306 
+27.933803638611880871 
+27.645405852923950363 
+27.358923968391422932 
+27.068562260932978347 
+26.785927178677447102 
+26.499474377070107778 
+26.169646267848278853 
+25.898672113217553914 
+25.618312535416354336 
+25.345438399570134891 
+25.068903871795185978 
+24.799762454511707688 
+24.527020710176557827 
+24.256182300860594125 
+23.992599402945970155 
+23.725505517982355741 
+23.465576621106237099 
+23.202195397015785261 
+22.945889353546785827 
+22.691364964378394120 
+22.438614656547539283 
+22.192735385844404306 
+21.943474775041419633 
+21.700999537797919459 
+21.455199168421721367 
+21.211135604520439557 
+20.968801385843210738 
+20.733082363506881052 
+20.300368474933396357 
+20.064531133962404397 
+19.835149177242328733 
+19.602657796202343832 
+19.376539421621039594 
+19.142705599837626096 
+18.915230174495743398 
+18.684820830991149876 
+18.460686560911899079 
+18.233671462635054894 
+18.008359188826609909 
+17.793654320321849127 
+17.571657405122273587 
+17.355730640162558842 
+17.137053221669514613 
+16.924364997371771580 
+16.708977387802903536 
+16.499498686227330069 
+16.287371352987115358 
+16.085267818587450250 
+15.880501564753593868 
+15.681423687287356472 
+15.479732394931936312 
+15.283653309522897246 
+15.085009625062454575 
+14.887895099912455521 
+14.692302808352671661 
+14.494280818208807204 
+14.301743002315209452 
+14.110706612001926885 
+13.917312108311818974 
+13.733110715723306328 
+13.542745315549897356 
+13.353914677180505066 
+13.166611597296629554 
+12.984529692937030632 
+12.800230004141642581 
+12.617436523818977179 
+12.439753369273041983 
+12.263503245377510353 
+12.088679481608725297 
+11.911751302962709786 
+11.736294321339766356 
+11.562301507011756740 
+11.389765849592247804 
+11.222087901344128369 
+11.055796130347136597 
+10.894235798743473254 
+10.730668809978880063 
+10.571765142379760505 
+10.410897428210333260 
+10.254625504832866056 
+10.096431694922145539 
+9.942766730318904678 
+9.787221591297917911 
+9.636138934030455516 
+9.483217369164421484 
+9.331611617263547487 
+9.184369550331794585 
+9.035349854984417561 
+8.890628925933818039 
+8.744170531231620913 
+8.593098348662874031 
+8.443410582789560692 
+8.297995042912351238 
+8.151028198623496479 
+8.008266746127464586 
+7.869625666296890643 
+7.732230733165309289 
+7.596075788440643350 
+7.461154691105384984 
+7.327461317394885043 
+7.194989560775670867 
+7.061067247240139011 
+6.931045093682548952 
+6.802226217393563701 
+6.674604580897007367 
+6.543038954718277012 
+6.415299259221253436 
+6.288787035738810260 
+6.161002533722253816 
+6.036950482185503120 
+5.914106809783699958 
+5.792465231425502736 
+5.674416716771009561 
+5.555136814315503102 
+5.439390756071581734 
+5.322448104048284279 
+5.208980634948105148 
+5.096632165223574873 
+4.983138341920955838 
+4.873033040311398167 
+4.764029283183461416 
+4.651740112049211007 
+4.542798852462723858 
+4.434986299527196252 
+4.326174015328689393 
+4.220623015966104674 
+4.116182508474423685 
+4.014902432590972126 
+3.912643029624405244 
+3.813488970920147381 
+3.715378729389378520 
+3.618306729327436244 
+3.520318139210871777 
+3.423398923033424524 
+3.251620427583269191 
+3.159533123352879613 
+3.068451622424674952 
+2.976542448956251974 
+2.887476430956489537 
+2.797612547857106335 
+2.710539849639012289 
+2.622698710182575610 
+2.535870632793205459 
+2.450049918976880292 
+2.365230887852590058 
+2.283074611918188168 
+2.201869599081661022 
+2.053565989711728434 
+1.908491221765956425 
+1.831699647417458721 
+1.754290461439005355 
+1.680874916493600324 
+1.608333387347848031 
+1.535177043581882117 
+1.464386925326557787 
+1.394456176168425543 
+1.323949942187127249 
+1.254329124739669510 
+1.184194892270184596 
+1.058885198060622201 
+0.992649593039146794 
+0.925949449601972674 
+0.860140181194182674 
+0.796506303928254056 
+0.732445307711223847 
+0.670514578016792484 
+0.609419331270494524 
+0.547933351009490366 
+0.487306931838240587 
+0.427534861046225956 
+0.368611942861257091 
+0.310532998425472329 
+0.253292865771300058 
+0.196886399797470801 
+0.141308472245000871 
+0.087641025080060331 
+0.035830989239137523 
-0.016285085699550450 
-0.066584569884859945 
-0.117167944045505124 
-0.165975108360342460 
-0.215044333606329019 
-0.262377292854729660 
-0.308987412588685117 
-0.355827554129277246 
-0.400990330201693723 
-0.447280374634800637 
-0.491902324434832394 
-0.535794122421499708 
-0.579833787134553802 
-0.622264392232771968 
-0.667352449043576712 
-0.709125307994135312 
-0.750162262821845616 
-0.789669132308041810 
-0.860418549915024755 
-0.898717032772758273 
-0.934812634441662738 
-0.970986698250470681 
-1.005766970361463564 
-1.039902636107015610 
-1.074088869418091008 
-1.106934510143062766 
-1.140476574649682107 
-1.173337345731134462 
-1.204884357436682762 
-1.235785814335599753 
-1.266656938260723564 
-1.296267255797076245 
-1.325829826656985233 
-1.354166489249706729 
-1.381879188173130046 
-1.408972162232146275 
-1.435983612910391116 
-1.461837363401620848 
-1.507745518243019944 
-1.531888218718435724 
-1.555910120890906967 
-1.578854557855606799 
-1.600761711684093314 
-1.622548420344116948 
-1.643329347056621259 
-1.680404212868673142 
-1.699621150976533102 
-1.718680825455628280 
-1.737181133679946754 
-1.755486556713883317 
-1.772868943411097575 
-1.789704037995456076 
-1.805995809241991878 
-1.821432099490479573 
-1.836659961176550837 
-1.851061604093921176 
-1.865524849231888993 
-1.879169685708653503 
-1.892557103606108626 
-1.905407307723677945 
-1.917724394073232475 
-1.929512443391757870 
-1.940555378108811624 
-1.951307913428081520 
-1.961343810841711388 
-1.970886997310707045 
-1.980120958627679784 
-1.988849808957375842 
-1.996917854884415533 
-2.004508337782432648 
-2.011624971310190801 
-2.018402228305312462 
-2.024572767227105885 
-2.030280589419810156 
-2.035529352911453316 
-2.040229406776077781 
-2.044580155722918846 
-2.048407477500653329 
-2.051808054580583018 
-2.056995566198672520 
-2.059238105798343099 
-2.061049488839870492 
-2.062433253419968082 
-2.063408117995336966 
-2.063932011641490760 
-2.064055669881661004 
-2.063772476174705162 
-2.063097308768874427 
-2.062031761282042908 
-2.060544713212344448 
-2.058615001870158778 
-2.053988222628085225 
-2.050895387868507669 
-2.047399911615443102 
-2.043505368966549440 
-2.039215320585810787 
-2.034630771219852363 
-2.029673108319201447 
-2.024345642938605749 
-2.018531676326333013 
-2.012467107724610571 
-2.006042657168507048 
-1.999261582672971826 
-1.992127129114791728 
-1.984486158042336967 
-1.976647581791013408 
-1.968465347779826402 
-1.959942648283806932 
-1.950898356803683953 
-1.941888556813474054 
-1.932561161118663051 
-1.922714921207322902 
-1.912754715682126516 
-1.902268598043207248 
-1.891687539908211591 
-1.880573700835668660 
-1.869147355099634922 
-1.857411566444895357 
-1.845618187174515867 
-1.833278813295095233 
-1.820639049322679170 
-1.807968884151250677 
-1.795016176114827999 
-1.781505103398664858 
-1.767989983930775111 
-1.754200770327102532 
-1.739844442844692196 
-1.725509783828023558 
-1.710602391672189526 
-1.695733517324491402 
-1.680286475752573949 
-1.664894520659039756 
-1.649247810422494354 
-1.633015151184167735 
-1.616861827320711598 
-1.600117574422206701 
-1.583119104615740014 
-1.565869232029008629 
-1.548370758405631875 
-1.530991040153132587 
-1.512639153234772493 
-1.494411563450746883 
-1.475567163403106008 
-1.457246571633547205 
-1.438314637646605831 
-1.419153369903902728 
-1.399765471859474530 
-1.379751080286844456 
-1.359506362360448861 
-1.339034151277139983 
-1.319169420929085845 
-1.298679847372739005 
-1.277979716156686152 
-1.257071645379390645 
-1.235958241103432442 
-1.215079130217816328 
-1.193566888212096444 
-1.172302024054530989 
-1.150401016906400287 
-1.128760221097536487 
-1.106937001998389292 
-1.084473432376462654 
-1.061824742575780078 
-1.038525603133237496 
-1.015038956377985357 
-0.991367432701572682 
-0.967513649728218184 
-0.943480212338776880 
-0.918783714404092677 
-0.893905738071126166 
-0.869342016216371860 
-0.844609034419242732 
-0.819709333699769616 
-0.794645442479605890 
-0.769925956123209687 
-0.744544377869452489 
-0.719518355413285349 
-0.694859367532082217 
-0.669024059348402034 
-0.643560416988414374 
-0.617955513449651050 
-0.592211635699747774 
-0.566331059282688898 
-0.539783745790280989 
-0.513633878874827587 
-0.487354117224370498 
-0.460946690674333581 
-0.434413817745557651 
-0.407212435590196264 
-0.379885065789196119 
-0.352434029190114018 
-0.324861634468511795 
-0.297170178152093456 
-0.269361944644749940 
-0.241439206250440463 
-0.213404223197365184 
-0.185259243661768380 
-0.157006503792167962 
-0.129216413181040934 
-0.100756857976229242 
-0.072196135068772094 
-0.044684694116398305 
-0.015932019903914352 
+0.012337516207409749 
+0.040695998604732608 
+0.069722821089449383 
+0.098254871638168595 
+0.127454640423366072 
+0.156152119894073849 
+0.184928494644957198 
+0.214371433893759900 
+0.243301236476966665 
+0.272896684275139023 
+0.301971997882517940 
+0.331711921061931037 
+0.360924917401995060 
+0.390801372933154312 
+0.420743793847506709 
+0.450149446492360994 
+0.480216614206568693 
+0.510343846124982292 
+0.539924921203173369 
+0.570165316455501170 
+0.599247172358957414 
+0.628984716659743981 
+0.658770803073480238 
+0.687994352880977544 
+0.717871264761896555 
+0.747180380991473214 
+0.777753050775572774 
+0.808367092266465193 
+0.837793780546661537 
+0.867869410940038222 
+0.897364764260210279 
+0.927507135354545653 
+0.957064600380086006 
+0.987267062126150563 
+1.017497376020422450 
+1.047136145168288124 
+1.077416689907423120 
+1.107720151280496168 
+1.137425818789907339 
+1.167150378245594311 
+1.198131912093963081 
+1.228510459220828466 
+1.258903875147389329 
+1.289931245879664345 
+1.320349873685302100 
+1.350778610132259416 
+1.381215899276234893 
+1.412281569440075657 
+1.442731431603178294 
+1.473185207138925534 
+1.503641379933512212 
+1.534720015223058454 
+1.565797988459024737 
+1.596873720451029044 
+1.627945642618989552 
+1.659012196969150921 
+1.689450721015298029 
+1.719881157011926121 
+1.750922793763969310 
+1.780712026884593513 
+1.811109615944801021 
+1.840873496457334113 
+1.871242455362747137 
+1.900975614928945845 
+1.931929384122902604 
+1.962244604780060797 
+1.993157211542467167 
+2.023429326375087101 
+2.054295144537377382 
+2.085135219102213000 
+2.115948145536549418 
+2.146117130521311367 
+2.177486986897633869 
+2.206981835541903081 
+2.236446630690373638 
+2.266493032074045288 
+2.295893445650591502 
+2.325260212206579524 
+2.355202862958478249 
+2.384498064800958161 
+2.414365243016042939 
+2.444192474144507798 
+2.473371087823878156 
+2.503115678378343034 
+2.532211040321399764 
+2.561868316910263843 
+2.590875883727065343 
+2.621044120723759363 
+2.651162187838139062 
+2.680628043966379437 
+2.710643187865969139 
+2.740005865369404603 
+2.769315778515078819 
+2.799168309442663372 
+2.828368235963438337 
+2.857512069217861495 
+2.886598724933790550 
+2.915035300644753136 
+2.944005605058237052 
+2.972326164930301218 
+3.001175972096149280 
+3.029376488182876415 
+3.058101720238717292 
+3.086178231123923865 
+3.115357794412382475 
+3.143886616011187130 
+3.172347961382470771 
+3.200740841899872180 
+3.229641576940792902 
+3.258468971715238638 
+3.287222003491450550 
+3.315899658805250283 
+3.344500933436137302 
+3.373024832383194394 
+3.401470369841241848 
+3.429270028976247886 
+3.457557538237409744 
+3.485200479673977725 
+3.513326202836765333 
+3.540248713265995661 
+3.567093799657470754 
+3.593860645391373509 
+3.621103590907871705 
+3.647709864017500081 
+3.674787229521577103 
+3.702329678989130457 
+3.728686453497566333 
+3.755506664508750703 
+3.781694833455802041 
+3.808341344272420770 
+3.834357823617580152 
+3.860827517501647321 
+3.886669284941710600 
+3.912959108011833109 
+3.939156927380032869 
+3.965261987740440475 
+3.991273541793049162 
+4.016662872460905476 
+4.042487149475341823 
+4.067691628682894134 
+4.093325793103296917 
+4.118342673254069553 
+4.143265723107418808 
+4.168610544310162425 
+4.193341999538120035 
+4.217977680223185644 
+4.243027162545146780 
+4.267975520903682707 
+4.293328110209465365 
+4.318070169789812951 
+4.343210912718355132 
+4.367744067986251366 
+4.392670338154388787 
+4.416992046842992181 
+4.441701282241901083 
+4.465809064990530430 
+4.489810067190930454 
+4.514190207608642424 
+4.537973693878186054 
+4.561648657111213367 
+4.585214535478947084 
+4.608670774616001609 
+4.632016827599024111 
+4.655252154924440333 
+4.678846982129655885 
+4.701856982514087235 
+4.725220799348200273 
+4.748003361436886394 
+4.771134044311239109 
+4.793227991479362515 
+4.815669076417101735 
+4.837995364712178059 
+4.859754252180422895 
+4.881851900754540452 
+4.903833363352021024 
+4.925698187963483576 
+4.947445929716842272 
+4.969076150856054142 
+4.991026215504611230 
+5.012417690326870456 
+5.033690365316502380 
+5.054843831106701657 
+5.076305699449413567 
+5.097217093556935197 
+5.117584984584837571 
+5.138257659720188997 
+5.158390978083637890 
+5.178823466446921486 
+5.198720800512674600 
+5.218911687735804605 
+5.238571678048856484 
+5.258519602862151032 
+5.278344293340069271 
+5.298446197388066992 
+5.318419104877513348 
+5.337867080762414673 
+5.357583599544007313 
+5.377170150734386311 
+5.395850677195006995 
+5.414410869135977578 
+5.433233337300407584 
+5.451549556116468409 
+5.470122438908298079 
+5.488193659686949388 
+5.506888539075461608 
+5.540205987353409967 
+5.558530046014894310 
+5.576358679322474643 
+5.594059446811911585 
+5.611989423451007042 
+5.629431196885839483 
+5.647096463836575708 
+5.664278413382330513 
+5.681678150542026629 
+5.698599498541714325 
+5.715732938865283330 
+5.732392959477493832 
+5.749259388608436439 
+5.779278377118654220 
+5.795109189563707019 
+5.810815087964222414 
+5.826719215652307327 
+5.842172300790817729 
+5.857818100624800906 
+5.873017898801897729 
+5.888092198047782944 
+5.903350994187245959 
+5.918478804855386244 
+5.933170791517326847 
+5.948039034038252737 
+5.962776029662613553 
+5.977381702435771160 
+5.991561902638327552 
+6.006198805019941744 
+6.032200107317059690 
+6.046169722851050921 
+6.060007688952381955 
+6.073992318110523314 
+6.087564194292077957 
+6.101004329354051237 
+6.114312704415873156 
+6.127489306269637837 
+6.140798976028683853 
+6.153709324999489638 
+6.166487895088447857 
+6.179134695673429434 
+6.191395649464485729 
+6.203781649616821880 
+6.216035941106806462 
+6.228158555323709322 
+6.240149529133940831 
+6.252249563017979739 
+6.263974704247278424 
+6.275568349454534456 
+6.287030557306781731 
+6.298591265935414185 
+6.309788117616289327 
+6.320853741644512525 
+6.331788218136527036 
+6.342810746298791713 
+6.353480517264035399 
+6.364019414653053985 
+6.374427539681821742 
+6.384704998759875849 
+6.394646128019171982 
+6.404665255881639041 
+6.414554065427985563 
+6.424312683520540190 
+6.433941242107543701 
+6.443439878200742044 
+6.452808733853721890 
+6.469864227091914444 
+6.478863108931083303 
+6.487732805085780541 
+6.496650520746978685 
+6.505085310196442094 
+6.513568466345528662 
+6.528648136767337462 
+6.536605427299001292 
+6.544601841894618133 
+6.552470495847199317 
+6.560211593133317365 
+6.567825342474989725 
+6.575463423132266172 
+6.582820533801111651 
+6.590197197634566351 
+6.597298579596564849 
+6.604273737224385599 
+6.611261376294692127 
+6.617982236938011908 
+6.624577602860377112 
+6.630916931734265773 
+6.637264613156389714 
+6.643487560277055337 
+6.649586037256806748 
+6.655680945388791514 
+6.661528766120927258 
+6.667252941592913373 
+6.672966773566678000 
+6.678442000044508831 
+6.683794446257682154 
+6.689024407326318311 
+6.694132182680931464 
+6.699218562042652536 
+6.704080403525381371 
+6.708820989643221822 
+6.713347565194997202 
+6.721523147888429861 
+6.725803929198242770 
+6.730048694377231300 
+6.734087995180367159 
+6.738008287830140830 
+6.741809917153069875 
+6.745493232028181296 
+6.748986999828961331 
+6.752437145047611722 
+6.755770039149087580 
+6.759050465256670748 
+6.762209577318127884 
+6.765247771404006016 
+6.770413087899584070 
+6.773061990565590662 
+6.775545662114367929 
+6.777967973749611019 
+6.780230433652754130 
+6.782383992736999545 
+6.784470483207147851 
+6.786444288920819190 
+6.788342644251304847 
+6.790124535197531230 
+6.791790405404192654 
+6.793340702465979319 
+6.794775877903497019 
+6.796096387139439088 
+6.798976998515783521 
+6.799873623743597051 
+6.800647149654771795 
+6.801330247473952539 
+6.801895467948110507 
+6.802366809610823850 
+6.802725472796513628 
+6.802982576595866249 
+6.803140735992776911 
+6.803193943805613486 
+6.803144881062515026 
+6.802996004904652949 
+6.802747806332050118 
+6.802392459520227419 
+6.801944932231780427 
+6.801387057366898858 
+6.800727604902743195 
+6.799967069318164192 
+6.799124524283207904 
+6.798165356006855120 
+6.797106596568557535 
+6.795924095279861632 
+6.794665670900464249 
+6.793309195745280249 
+6.791855185914371873 
+6.790271500428293194 
+6.788622017734883940 
+6.786876577336986571 
+6.785074226451317969 
+6.783099938493588610 
+6.781069804845369475 
+6.778945843044589026 
+6.776728592657200068 
+6.774370491404635430 
+6.771966417876125632 
+6.769418819239977125 
+6.766776385417738737 
+6.764039704629379202 
+6.761324372253625370 
+6.758463987108651594 
+6.755575836864281314 
+6.752540136738222287 
+6.749481335116239933 
+6.746272541842802895 
+6.742977160847239304 
+6.739595766817895850 
+6.736128936987956450 
+6.732503888259483205 
+6.728866214808888913 
+6.725144864272252221 
+6.721261921229181979 
+6.717373303179822841 
+6.713320909723314855 
+6.709183875241468087 
+6.705048073994067437 
+6.700745324000980219 
+6.696359830636794186 
+6.691982388032727158 
+6.687434958616861991 
+6.679140978154627817 
+6.674562808738567554 
+6.669814130193593371 
+6.665089356283711908 
+6.660292913928454794 
+6.655221039537366323 
+6.650280089574653886 
+6.645269253551102651 
+6.640082552609168687 
+6.634932290919365983 
+6.629604495090621441 
+6.624317232086298191 
+6.618738543290934473 
+6.613201660306735619 
+6.607481255999783087 
+6.601806798848173230 
+6.596065219926721568 
+6.590137944992221719 
+6.584383279209124140 
+6.578444213242427452 
+6.572440617121326767 
+6.566497603470939026 
+6.560368189820316331 
+6.554303183628871210 
+6.547922277169575977 
+6.541348040824182419 
+6.534839001884790832 
+6.528531638375518753 
+6.522034231620668976 
+6.515612618848944493 
+6.508999889118967985 
+6.502466589714703815 
+6.495741159121745767 
+6.488959797811013175 
+6.481983086008959560 
+6.475231979210978039 
+6.468429144904835226 
+6.461431891670223138 
+6.454526471511897512 
+6.447425827896051231 
+6.440420435470858962 
+6.433219074850697439 
+6.426116334128284535 
+6.418816940314449937 
+6.411318590958494212 
+6.403921920518797606 
+6.396478144437711677 
+6.388834614465377371 
+6.381297776050395498 
+6.373715923381141124 
+6.366089751237964833 
+6.358262979760347378 
+6.350549388757865898 
+6.336272101832811643 
+6.328440582911056822 
+6.320568836103468868 
+6.312495702394887331 
+6.304382160285197045 
+6.296228957910315671 
+6.281455641727877293 
+6.273360947800686205 
+6.258568380911047058 
+6.250543429677833274 
+6.242486445121770089 
+6.234229259407609192 
+6.225940099662508942 
+6.217449553214144942 
+6.208927213738796524 
+6.200373839665431319 
+6.191790190172564934 
+6.183177025166056495 
+6.174881324596807275 
+6.166559797027812095 
+6.158038964727804654 
+6.149667303156153508 
+6.134082409203703179 
+6.118420038452061505 
+6.109765430433263589 
+6.101266638040286239 
+6.092392565457469544 
+6.083675750884999900 
+6.074939643853866755 
+6.066184966536251721 
+6.057233229564459975 
+6.048443237620453772 
+6.039636858697882360 
+6.030634616554156224 
+6.021797336960570846 
+6.012945856317475801 
+6.003899846074094881 
+5.995021883406824514 
+5.985950359563069867 
+5.977230643513912867 
+5.968136836948577439 
+5.959032801604138285 
+5.949919307858689166 
+5.940797126164564901 
+5.931667027024676742 
+5.922712590944865241 
+5.906433215034592621 
+5.897463345225016695 
+5.888489379008806424 
+5.879328800421049550 
+5.870348769906836850 
+5.861366832526936577 
+5.852383712932002879 
+5.843216797605411017 
+5.834233499819433177 
+5.825067910906632562 
+5.815904137934850837 
+5.806742949695173905 
+5.797585114677566764 
+5.788431401046548075 
+5.779282576617294609 
+5.770139408832523742 
+5.761002664736356138 
+5.751873110952654855 
+5.742933862678533785 
+5.733820805640476692 
+5.724717220718183341 
+5.715623872620756885 
+5.706723059708693313 
+5.697833530854470752 
+5.688956004218397311 
+5.672684001261782072 
+5.663844424849017400 
+5.654839660783739674 
+5.646030627063616691 
+5.637058517881513353 
+5.628282943640975589 
+5.619346462744722714 
+5.610429104092361285 
+5.601709373670004766 
+5.592832106813020232 
+5.584153116332174704 
+5.575671833428494040 
+5.566859550639357224 
+5.558246391231442374 
+5.549481535944792654 
+5.540741751552673122 
+5.532027786795637780 
+5.523513872136682323 
+5.515026175503109584 
+5.506393014942538855 
+5.498132242291092098 
+5.489727406129439657 
+5.481351588783851980 
+5.473005487792747203 
+5.464859198921459438 
+5.449834065416389706 
+5.441439539239659950 
+5.433079436253883898 
+5.424920640040490127 
+5.416630858969142537 
+5.408542384304553252 
+5.400325792010143289 
+5.392310443152467769 
+5.384169895655297466 
+5.376392111644641147 
+5.368490493606607572 
+5.360788207144608464 
+5.352964991001407213 
+5.345340808017560619 
+5.337598648444313199 
+5.329898440608559440 
+5.322240857551051363 
+5.314626570796320948 
+5.306902216477155321 
+5.299377448592217377 
+5.291897995865205928 
+5.284464523507359957 
+5.276927433822329760 
+5.269588883624216180 
+5.256382855322094372 
+5.249181114583706176 
+5.236228306001024180 
+5.229168573229429740 
+5.222160506774145006 
+5.215063350402587616 
+5.208161648182333181 
+5.201313565759399182 
+5.194381666270892595 
+5.187643877738430831 
+5.180961645351480627 
+5.174335606320184411 
+5.167766395889252351 
+5.161254647316916078 
+5.154669893898095268 
+5.142971901088699838 
+5.136560064672245574 
+5.130337599679918981 
+5.124051176943936525 
+5.117952882925393965 
+5.111916979872354716 
+5.105944082406203677 
+5.100034802946062484 
+5.094308392419911513 
+5.088526848065363595 
+5.082926730607098875 
+5.077389966580575731 
+5.071803787238636119 
+5.066396772688129602 
+5.061054812193397368 
+5.055778464352265189 
+5.050352638925510007 
+5.036482022862870167 
+5.031321324131610595 
+5.026336279524265649 
+5.021324021565710893 
+5.016485625652371994 
+5.011624204583611686 
+5.006934794992567106 
+5.002319984369535177 
+4.997872228326400545 
+4.993497127902543298 
+4.989106367724893687 
+4.984879695107792941 
+4.977239565037777425 
+4.969695069293500467 
+4.965745818899407027 
+4.961798354348367468 
+4.958011121814244859 
+4.954304890136050687 
+4.950607071184499830 
+4.947066116460263174 
+4.943607762474030665 
+4.940300580917771356 
+4.937007284598664114 
+4.933862789098093060 
+4.930799530557663957 
+4.927756747194536047 
+4.924799631348193429 
+4.919649297665557697 
+4.916936157900465787 
+4.914363303563021645 
+4.911824017976023526 
+4.909422414858489958 
+4.907058906793729136 
+4.904739444372857804 
+4.902600926258614322 
+4.900549230164045866 
+4.898544807885052421 
+4.896669923436817840 
+4.894846916822181981 
+4.893150641010365121 
+4.891478376172599951 
+4.889903213061103315 
+4.888425634659462560 
+4.887046120223416779 
+4.885765145257060738 
+4.884583181488331149 
+4.883521368634212934 
+4.882555532391570807 
+4.881669369535160286 
+4.880898763608520596 
+4.880212706476903861 
+4.879639070049975658 
+4.879163557824085728 
+4.878779920467486875 
+4.878503921860470882 
+4.878327289912292031 
+4.878250428520466642 
+4.878275259334678537 
+4.878401192237483031 
+4.878628092803914740 
+4.879309178737884167 
+4.879824600303898308 
+4.880456138602284000 
+4.881178912329851016 
+4.882004875523897169 
+4.882934394135503453 
+4.883990005225207653 
+4.885129848430992183 
+4.886347882450259306 
+4.887695202713395304 
+4.889117147409656639 
+4.890673300351330965 
+4.892300468222366305 
+4.894066777820711422 
+4.895939742225131397 
+4.897919686981232701 
+4.900050649817195847 
+4.902247714764250475 
+4.904552717899839820 
+4.906965967848236687 
+4.909487768970983268 
+4.912063644544446106 
+4.914744251880499348 
+4.917589017211916769 
+4.920482102414275971 
+4.923480735098983985 
+4.926650980068565389 
+4.929999870976793375 
+4.933393726586707828 
+4.936898661100741492 
+4.940589897954815513 
+4.944320048314466476 
+4.948241626197066978 
+4.952279931520159550 
+4.956350967974024968 
+4.960621148784767342 
+4.964919903852162975 
+4.969422931283865807 
+4.973950337572723868 
+4.978687143680836868 
+4.983444095321509337 
+4.988415572713940094 
+4.993402924997909054 
+4.998504618342273886 
+5.003828495483951144 
+5.009161794871410223 
+5.014610010034537879 
+5.020058632907606011 
+5.025734862198277142 
+5.031407178514896827 
+5.037312091579778439 
+5.043208738642256606 
+5.049216618891406938 
+5.055464544415364969 
+5.061828680757749055 
+5.068442636621355746 
+5.074906146344474678 
+5.081481564444324306 
+5.088309523432030801 
+5.095111446988845216 
+5.102170862718317323 
+5.109199737352234649 
+5.116341070433854554 
+5.123747276833519493 
+5.131116153856609685 
+5.138754826943497278 
+5.146511061178124180 
+5.154223068746141223 
+5.162212256722767734 
+5.170152602197951808 
+5.178375015943430526 
+5.186715335004642213 
+5.194999815473352101 
+5.203573691293989611 
+5.219629189541088010 
+5.228538030768689282 
+5.237565011892300504 
+5.246710154565072060 
+5.255973474902567943 
+5.265547673479289870 
+5.275049787355655440 
+5.284670093733453200 
+5.294208660203779004 
+5.304062915285868485 
+5.314035327233611383 
+5.323918762631763002 
+5.334125002874550603 
+5.344449313841145965 
+5.354891655200169964 
+5.365235284976662911 
+5.375911136778967148 
+5.386704864478581101 
+5.397392542952694328 
+5.408419424066032377 
+5.419792639199648931 
+5.431057177331766184 
+5.442439215310976408 
+5.453938660169342256 
+5.465555412967034954 
+5.477530056847918161 
+5.489626618384697565 
+5.511459754507022524 
+5.533678022718646616 
+5.545820491517247319 
+5.558331090933343432 
+5.571216788180848312 
+5.583961994926646355 
+5.596823075942815251 
+5.610065896860930934 
+5.623160565281871470 
+5.636370574707036951 
+5.660933704954629775 
+5.674469855736592905 
+5.688120587322050170 
+5.702167795896933455 
+5.716049369404469616 
+5.730044859330508444 
+5.743864955687712381 
+5.758085260605817268 
+5.772125118500632368 
+5.786569275599187989 
+5.801126130607499931 
+5.816095960414376265 
+5.830879695426474996 
+5.845775307501487106 
+5.860782511611166257 
+5.875901016096200635 
+5.890818608827242286 
+5.906156556409939640 
+5.921288522197730941 
+5.936526120888963476 
+5.952189809257514952 
+5.967962928049853844 
+5.983845138984491996 
+6.013299595291005772 
+6.043118717114737137 
+6.059841632681866486 
+6.076338220416531044 
+6.106573919018654095 
+6.123026035872907613 
+6.139925365637338928 
+6.156929824801775197 
+6.173688784946332220 
+6.190900118509318872 
+6.208215315833740533 
+6.225277425082843763 
+6.242796929117311322 
+6.274880001532352480 
+6.292322672534982786 
+6.310228926904677849 
+6.327867437775299919 
+6.346343198933862340 
+6.364550234279978014 
+6.382856535505727180 
+6.400884996043373576 
+6.419386293855101400 
+6.437985318138039759 
+6.456299014090394195 
+6.475089922883444871 
+6.493976953269509522 
+6.513347942990282746 
+6.532427481943951619 
+6.551601448219845025 
+6.570869265820164173 
+6.590626442417008235 
+6.610082089702142838 
+6.629629802779795966 
+6.649268975262096149 
+6.668998993148516519 
+6.688413842350680483 
+6.708321856361411761 
+6.727909854127798184 
+6.747993368702811523 
+6.767752041147144126 
+6.788008500911836052 
+6.808767388679584087 
+6.829615493868324450 
+6.850132496113634062 
+6.871155101914030894 
+6.892264736732958141 
+6.913460649251010892 
+6.934742079587209673 
+6.955680110151870821 
+6.976698802729096371 
+7.015944991276036546 
+7.037190046044447200 
+7.058948831304068250 
+7.080350212239032714 
+7.102266901292637158 
+7.124262098779102104 
+7.145892747353101981 
+7.167597181311919030 
+7.189819780430408258 
+7.211670807264859206 
+7.233593144281403653 
+7.256035516266990726 
+7.277648396660584496 
+7.300231982928192309 
+7.322432495275108977 
+7.344700037387454472 
+7.367490203953700245 
+7.389890487152946719 
+7.412355123928879408 
+7.434422826264572848 
+7.457473838259730314 
+7.480589010629827840 
+7.503303177474560215 
+7.526542468774994887 
+7.549376351286824161 
+7.572268050559891606 
+7.595216603984670911 
+7.618691093690600269 
+7.641751543497960597 
+7.664865887858397286 
+7.688506474171930449 
+7.711726655865536628 
+7.735473135241342391 
+7.759271480249239517 
+7.782643121311270562 
+7.806540915028982397 
+7.830007881627828681 
+7.853520434801591676 
+7.877558719346893668 
+7.901642214303439715 
+7.924803832685864080 
+7.948005024938343155 
+7.972213896837061498 
+7.995978021314098072 
+8.020266191060514416 
+8.044105729639571933 
+8.067980878245510468 
+8.092378790403515154 
+8.116322372309184630 
+8.140298067945305860 
+8.164794946686015464 
+8.188831928193128107 
+8.213388866035483460 
+8.237482258754496911 
+8.262094243103359048 
+8.286732099134038521 
+8.311394518592148728 
+8.335586250700522726 
+8.360293406960575879 
+8.385021168636697553 
+8.409768187519926386 
+8.434533105303458456 
+8.458818771492509825 
+8.483119016167140813 
+8.507928855723466910 
+8.532254557813260476 
+8.556590862635321315 
+8.581433370431614804 
+8.606781187500754271 
+8.631141609041030449 
+8.656004451267673261 
+8.680373803089025841 
+8.704745490348511083 
+8.729118119873628956 
+8.753987665414939556 
+8.778357908537788745 
+8.802724827602510516 
+8.827086990708636449 
+8.872313465595901505 
+8.896654063679065416 
+8.920984291825515555 
+8.945798830530019785 
+8.970103583768935351 
+8.994393469516868578 
+9.019162175571551643 
+9.043417408998035256 
+9.067653187643291091 
+9.092361922723345202 
+9.116060216100628111 
+9.140721324317453877 
+9.164863257822460696 
+9.189469752190372986 
+9.213554931733145992 
+9.237609611390734443 
+9.262122093072424178 
+9.286599421598715765 
+9.311039865699168416 
+9.335929313463847024 
+9.360289925428215696 
+9.384608357825005243 
+9.408882835128014932 
+9.432143322070569269 
+9.455843268743205243 
+9.479495925986721971 
+9.502618375514146010 
+9.526172359519517130 
+9.549194833844889985 
+9.572643354948915828 
+9.595559163687109816 
+9.619370988408679324 
+9.642646563437995866 
+9.665860935086833194 
+9.689012308616732128 
+9.712098878818398617 
+9.735587918467704327 
+9.758538008472278591 
+9.780951559876118750 
+9.803760654534915631 
+9.826495762023391478 
+9.848693350766332344 
+9.870816382163273062 
+9.893321561856350144 
+9.915745294418485400 
+9.938085669189369753 
+9.960794048942965162 
+9.982960133288639071 
+10.005037023772171523 
+10.027022766555020894 
+10.067160735084950574 
+10.088434975934479354 
+10.109614500846213048 
+10.131573755019399385 
+10.153426046912073843 
+10.175169221853483492 
+10.196369580127552013 
+10.217890300335930931 
+10.239295412222567450 
+10.260158136565777909 
+10.298175714717423546 
+10.318288317445034608 
+10.338699998268950253 
+10.358575594067886527 
+10.378741153862602431 
+10.398779189762521469 
+10.418282560222618116 
+10.438061772132098071 
+10.457307424407353835 
+10.476819263821564476 
+10.495798781147616552 
+10.515034612260588887 
+10.534515858699329272 
+10.553460994900792258 
+10.572640941909401846 
+10.591286202789593318 
+10.610155434746964431 
+10.628491546009730229 
+10.646301749963750893 
+10.664325871108001564 
+10.682188941587650532 
+10.699888632137231070 
+10.717066437857546646 
+10.734435788274858226 
+10.751634750081741743 
+10.768660948016488987 
+10.785511995206256586 
+10.802523903030085251 
+10.819013743736626054 
+10.835321153644596137 
+10.851443698978474828 
+10.867055613866209995 
+10.882804979260974676 
+10.911229907400382899 
+10.926735713109458459 
+10.941730081774252881 
+10.956522631671344215 
+10.971406409574086638 
+10.985783482802546018 
+11.000238006049375628 
+11.014189192318458055 
+11.028203787943834158 
+11.041718578441948040 
+11.055013456800516281 
+11.068085812382186361 
+11.080933022507899466 
+11.093297207335446330 
+11.105690939351017477 
+11.117851639773228101 
+11.129535644187377841 
+11.141227148699702099 
+11.152677627787852543 
+11.172850153734099621 
+11.183390210276815679 
+11.202293025514357794 
+11.212340232265137985 
+11.222128286300971922 
+11.231846062777822937 
+11.241102002042410390 
+11.250270958097726037 
+11.258983298639929416 
+11.267591663759951359 
+11.275748819235371201 
+11.283626868030737000 
+11.291222934122341570 
+11.298534128974161206 
+11.316398323679923266 
+11.322650176551984913 
+11.328603612705990145 
+11.334255672714270702 
+11.339603384494569838 
+11.344643763282999060 
+11.349373811616640495 
+11.353877372418335057 
+11.357971228574438527 
+11.361671808281453622 
+11.365130305382248110 
+11.368202628895353712 
+11.371013770372741192 
+11.373446037199645531 
+11.375557180376805633 
+11.377411661090814476 
+11.378911205709858478 
+11.380071628097464753 
+11.380844016976730870 
+11.381246809802185282 
+11.381295831967925380 
+11.380987892362036007 
+11.380302379311196148 
+11.379263441031646664 
+11.377857823200514531 
+11.376082282111081412 
+11.373933560919766705 
+11.371352912796208301 
+11.368440224284331208 
+11.365144438697793561 
+11.361462246161579515 
+11.357477341678592353 
+11.353115316068343787 
+11.348270156864984415 
+11.343025356071148479 
+11.337258056225007152 
+11.331195502182637824 
+11.324586687386346995 
+11.317692489783741649 
+11.310227929878827524 
+11.302488087826098706 
+11.294324480557559554 
+11.285553841295879351 
+11.276523451946928844 
+11.267058773749631939 
+11.256949620707157322 
+11.246596773651390322 
+11.235798990498722105 
+11.224318508264822469 
+11.212610919123562780 
+11.200447622424647420 
+11.187825024470878787 
+11.174467621379818638 
+11.160906026170884786 
+11.146874191982348634 
+11.132368469894515783 
+11.117385197195943647 
+11.101600058776419644 
+11.085640706656274546 
+11.054702547416411562 
+11.022423155059733801 
+11.003759139256725774 
+10.984956914113947590 
+10.965644556121034725 
+10.945818267191715023 
+10.925894620030351945 
+10.905039701465657487 
+10.884101060134426575 
+10.862202464045481065 
+10.840234034230022075 
+10.797168622408150895 
+10.772709207635806195 
+10.748185390692075458 
+10.722592086236620190 
+10.696949007918021834 
+10.670745970411385173 
+10.643426829246866561 
+10.616080287674961369 
+10.588161722803590692 
+10.559667111628037617 
+10.530592416773529862 
+10.500322193528980108 
+10.470063115066537307 
+10.439211670956254352 
+10.407115732521376117 
+10.375054957137173517 
+10.343062118801881866 
+10.309800113693814438 
+10.275925121190557121 
+10.242143091271028510 
+10.207042327807300808 
+10.170580466849070689 
+10.134211699295619269 
+10.096447169701015412 
+10.058793145580615658 
+10.019708281043598674 
+9.980751626788965325 
+9.941143771488576419 
+9.900880414543344443 
+9.859115173191209891 
+9.816658307747765377 
+9.774375116473215996 
+9.730535198822572340 
+9.685989850989308536 
+9.640734407962732178 
+9.594764188563488005 
+9.548074495420429741 
+9.500660614944965943 
+9.452517817312461545 
+9.403641356430632925 
+9.356025303042933672 
+9.306710910265124426 
+9.257706694898818256 
+9.205923292043170392 
+9.153382734197968773 
+9.100080178827159472 
+9.047099701901508695 
+8.948971210257401054 
+8.895023422507673416 
+8.839205397645390150 
+8.782628739018424113 
+8.726466648730468734 
+8.669567703843217288 
+8.610718742244962698 
+8.549867615513399244 
+8.488202246068311752 
+8.425717599647189360 
+8.361134002869007986 
+8.296978993133443225 
+8.231989401429927966 
+8.167484973667608728 
+8.102169296669199383 
+8.036037537694600275 
+7.967709885174677709 
+7.899914498143587593 
+7.829879119365163120 
+7.758973510720611699 
+7.690080570358279743 
+7.620376185447671702 
+7.548377822004191273 
+7.475524051960103833 
+7.401809901586645424 
+7.325699304807550050 
+7.250231594631905807 
+7.172321209840610834 
+7.095079442512908230 
+7.016951983129640524 
+6.937933762556916406 
+6.859659583461386489 
+6.780520955487308044 
+6.698836960298770293 
+6.548138553630657555 
+6.463875743858562117 
+6.380435230892928189 
+6.294335221709328465 
+6.209085020665529697 
+6.121127399834005445 
+6.032223598220323169 
+5.944211684648021077 
+5.855281815116345712 
+5.763547235273467351 
+5.670845567747559102 
+5.577171491842612738 
+5.484461149130972046 
+5.388846346360530504 
+5.290261363586466814 
+5.192644122653817362 
+5.094027626264079345 
+4.994406456129688365 
+4.891710922288297070 
+4.792128339763237932 
+4.687354542932922641 
+4.583639161418837205 
+4.476743167124631384 
+4.370936788452574717 
+4.261895615735959097 
+4.153975650641648087 
+4.045001167973587997 
+3.934966584047216998 
+3.821587810064976054 
+3.709394284076736881 
+3.596123691201114525 
+3.479425326704820520 
+3.363961361189311106 
+3.245013040788677472 
+3.124919362733308503 
+3.006110477436919837 
+2.886190021192767574 
+2.762670409279216699 
+2.640486559099571195 
+2.517173714519273631 
+2.392726073175552415 
+2.267137815865240213 
+2.137804705626031421 
+2.009894113792526582 
+1.880825227128433141 
+1.753261652104946222 
+1.619189003791312587 
+1.486609841956223477 
+1.352848734923099983 
+1.104066054391402929 
+0.966919618672797299 
+0.825732212668775389 
+0.683283842750356030 
+0.539568093411908478 
+0.394578530563471475 
+0.248308701497066409 
-0.024194519309602924 
-0.174135653783345390 
-0.325382006253100542 
-0.477940119845442268 
-0.631816556440575994 
-0.783900843177505635 
-0.937263778505638356 
-1.095081091101590687 
-1.251046441224879402 
-1.408309305739265938 
-1.566875965758335099 
-1.730029196136186442 
-1.891249291730034088 
-2.053792260394473601 
-2.217664453531710933 
-2.386257778953009279 
-2.552834999376585756 
-2.720760734664906977 
-2.893510267627910082 
-3.064180166758191604 
-3.239743297652466936 
-3.413183721173226104 
-3.588005211597675270 
-3.767824877133570283 
-3.945456571666817069 
-4.124489053419161166 
-4.304928887120553327 
-4.486782655301695399 
-4.673812087663215209 
-4.858542738304628017 
-5.044707313642526003 
-5.232312467986446336 
-5.425238202050316261 
-5.615774291046264466 
-5.807771166599145829 
-6.001235555147054868 
-6.200167938680394286 
-6.396617899974913257 
-6.594555800209533913 
-6.793988438300722521 
-6.994922631253281509 
-7.201512449336576083 
-7.405501270276175774 
-7.611012346221656344 
-7.818052567092273364 
