4
53
102
152
201
250
340
389
437
486
534
583
631
680
810
942
992
1042
1091
1181
1230
1279
1410
1458
1507
1556
1605
1653
1702
1751
1799
1847
1896
1944
2033
2081
2130
2178
2267
2316
2366
2416
2466
2516
2607
2657
2707
2758
2807
2856
2905
2955
3004
3054
3103
3194
3242
3291
3339
3387
3436
3525
3575
3665
3715
3764
3813
3862
3910
3959
4007
4056
4106
4197
4247
4297
4347
4437
4485
4534
4582
4631
4679
4728
4776
4826
4875
4925
5015
5105
5155
5203
5252
5300
5348
5397
5445
5494
5544
5594
5644
5694
5744
5794
5844
5893
5942
5990
6080
6129
6178
6227
6277
6326
6375
6424
6513
6562
6610
6658
6708
6757
6806
6856
6905
6954
7003
7051
7099
7148
7237
7285
7333
7382
7431
7480
7529
7578
7669
7718
7767
7816
7906
7955
8005
8054
8103
8193
8242
8292
8341
8390
8439
8488
8536
8625
8673
8721
8772
8822
8996
9046
9095
9185
9275
9325
9414
9462
9511
9599
9648
9697
9788
9837
9887
9936
9985
10035
10083
10131
10180
10310
10359
10409
10541
10590
10639
10689
10779
10828
10878
10927
10976
11025
11075
11124
11296
11344
11393
11441
11489
11538
11586
11635
11683
11732
11780
11828
11877
11925
11975
12024
12072
12121
12170
12218
12308
12357
12406
12455
12505
12554
12603
12652
12701
12792
13005
13054
13102
13151
13199
13248
13297
13346
13396
13486
13535
13584
13673
13721
13769
13818
13868
13918
13968
14017
14067
14116
14206
14255
14305
14354
14404
14494
14544
14593
14642
14692
14740
14829
14878
14926
14975
15023
15073
15122
15171
15220
15311
15360
15409
15459
15508
15558
15648
15698
15747
15796
15845
15894
15943
16032
16081
16130
16179
16227
16276
16325
16374
16423
16472
16520
16569
16617
16666
16714
16762
16811
16860
16909
16958
17049
17098
17147
17197
17246
17378
17427
17477
17526
17576
17666
17757
17806
17855
17904
17954
18003
18052
18101
18151
18200
18249
18298
18348
18397
18446
18577
18627
18676
18725
18774
18824
18874
18924
18974
19023
19073
19122
19172
19221
19270
19319
19368
19418
19466
19515
19563
19611
19660
19709
19758
19889
19939
19988
20038
20087
20136
20185
20234
20283
20332
20382
20431
20480
20530
20579
20628
20718
20767
20815
20863
20913
20962
21012
21061
21193
21243
21293
21382
21471
21520
21568
21616
21705
21753
21802
21850
21900
21949
21999
22048
22098
22147
22197
22246
22296
22386
22436
22485
22535
22585
22634
22684
22774
22823
22873
22921
23011
23061
23110
23159
23208
23258
23307
23356
23406
23455
23505
23555
23604
23654
23745
23794
23843
24016
24065
24155
24205
24296
24346
24395
24445
24494
24542
24592
24641
24689
24737
24785
24834
24882
24931
24980
25028
25077
25207
25256
25304
25353
25402
25450
25499
25547
25596
25645
25734
25783
25832
25881
25930
25979
26029
26078
26127
26177
26226
26276
26326
26417
26465
26514
26563
26611
26660
26709
26758
26807
26897
26947
26996
27045
27094
27184
27232
27281
27329
27378
27427
27517
27566
27615
27664
27713
27761
27810
27858
27906
27955
28004
28053
28102
28151
28200
28249
28338
28386
28435
28483
28534
28582
28631
28680
28769
28818
28867
28916
28965
29015
29064
29113
29163
29211
29300
29348
29397
29445
29493
29542
29631
29681
29730
29779
29829
29878
29927
29976
30026
30117
30167
30216
30266
30315
30365
30457
30507
30557
30607
30657
30706
30754
30843
30892
30941
31031
31121
31211
31342
31390
31440
31530
31579
31668
31716
31765
31815
31906
31956
32007
32097
32188
32237
32286
32336
32385
32435
32484
32533
32624
32675
32767
32818
32869
32918
32967
33016
33065
33114
33163
33211
33301
33350
33399
33448
33497
33547
33596
33645
33694
33744
33834
33884
33933
33982
34114
34163
34213
34263
34312
34361
34411
34460
34509
34558
34607
34657
34706
34797
34847
34897
34947
34997
35046
35095
35143
35192
35241
35291
35340
35390
35439
35488
35537
35587
35636
35685
35734
35784
35833
35923
35972
36022
36071
36120
36170
36220
36269
36318
36366
36415
36545
36635
36685
36734
36824
36872
36921
36969
37018
37066
37114
37163
37211
37260
37308
37356
37405
37453
37502
37550
37599
37647
37695
37745
37794
37884
37933
37982
38071
38120
38169
38219
38268
38317
38366
38415
38504
38552
38600
38649
38697
38746
38794
38842
38891
38939
38988
39038
39086
39135
39184
39234
39283
39332
39381
39470
39518
39648
39738
39828
39878
39927
39976
40025
40074
40124
40173
40222
40272
40362
40411
40460
40510
40559
40607
40656
40704
40753
40801
40849
40899
40948
40998
41088
41138
41187
41235
41284
41332
41381
41430
41478
41569
41619
41669
41718
41768
41816
41865
41913
41962
42051
42100
42191
42282
42332
42381
42431
42479
42528
42576
42624
42673
42721
42770
42819
42868
42958
43008
43057
43106
43154
43203
43251
43299
43348
43396
43445
43493
43541
43591
43640
43689
43738
43788
43837
43928
43977
44027
44077
44127
44175
44223
44272
44320
44369
44418
44466
44515
44604
44653
44743
44792
44842
44891
44940
45031
45122
45172
45221
45269
45358
45407
45455
45504
45552
45601
45650
45699
45748
45797
45847
45896
45945
45995
46044
46094
46143
46193
46242
46290
46339
46387
46436
46525
46574
46623
46673
46763
46812
46861
46910
46959
47009
47058
47107
47156
47205
47295
47344
47392
47441
47490
47539
47588
47637
47727
47776
47826
47875
47924
47973
48024
48074
48124
48216
48266
48315
48365
48414
48464
48513
48603
48653
48702
48751
48800
48890
48939
49030
49080
49130
49179
49228
49278
49328
49377
49427
49598
49772
49823
49872
49921
50011
50061
50110
50159
50208
50256
50305
50353
50401
50450
50499
50548
50597
50647
50696
50745
50793
50842
50890
50939
51029
51078
51127
51177
51226
51275
51324
51373
51421
51470
51518
51567
51615
51664
51712
51761
51809
51858
51906
51955
52003
52052
52101
52150
52199
52248
52338
52388
52438
52487
52536
52586
52635
52725
52774
52822
52870
52919
52967
53015
53063
53112
53200
53249
53337
53387
53436
53484
53533
53581
53629
53678
53726
53775
53866
53915
53965
54097
54146
54196
54244
54293
54341
54391
54440
54489
54538
54587
54637
54686
54817
54866
54916
54965
55015
55064
55114
55164
55213
55262
55311
55401
55491
55541
55672
55721
55811
55860
55910
55959
56008
56058
56107
56156
56205
56254
56304
56353
56402
56451
56500
56550
56599
56648
56697
56786
56877
56926
56975
57024
57074
57122
57292
57341
57390
57439
57570
57619
57668
57800
57849
57898
57948
57997
58046
58095
58145
58235
58283
58332
58380
58429
58477
58566
58616
58665
58715
58764
58814
58863
58911
59168
59299
59347
59396
59444
59493
59542
59591
59639
59688
59736
59825
59874
59963
60012
60062
60111
60161
60210
60260
60350
60400
60450
60541
60631
60680
60729
60777
60826
60915
60964
61013
61061
61109
61158
61207
61297
61346
61396
61445
61535
61584
61632
61681
61730
61778
61868
61916
61964
62012
62061
62109
62157
62207
62255
62344
62393
62441
62490
62539
62587
62637
62686
62735
62784
62834
62883
62933
63024
63073
63164
63213
63304
63353
63402
63451
63541
63591
63640
63689
63738
63788
63837
63927
64015
64064
64112
64161
64210
64258
64307
64356
64404
64453
64501
64550
64599
64649
64739
64789
64838
64887
64975
65024
65072
65162
65211
65261
65351
65400
65531
65580
65670
65719
65809
65859
65908
65957
66006
66054
66103
66152
66201
66250
66299
66390
66439
66488
66538
66587
66636
66686
66735
66784
66834
66883
66932
67021
67070
67201
67251
67300
67349
67397
67446
67494
67542
67591
67639
67689
67738
67787
67837
67886
67935
67984
68074
68124
68173
68221
68269
68318
68407
68455
68504
68553
68603
68652
68701
68750
68800
68849
68939
68988
69037
69128
69177
69226
69275
69323
69372
69461
69511
69642
69691
69740
69789
69839
69927
70016
70065
70194
70243
70334
70384
70433
70483
70532
70581
70712
70762
70852
70901
70950
71000
71049
71098
71148
71197
71246
71336
71386
71435
71485
71534
71584
71674
71723
71773
71904
71952
72001
72049
72098
72146
72195
72243
72292
72340
72388
72437
72485
72534
72706
72756
72805
72896
72945
72994
73044
73093
73143
73233
73283
73333
73383
73432
73522
73571
73661
73711
73760
73810
73980
74028
74077
74125
74173
74262
74311
74400
74489
74539
74669
74718
74767
74817
74866
74915
74965
75014
75063
75112
75161
75211
75259
75308
75398
75447
75497
75587
75635
75684
75732
75781
75830
75879
75928
75977
76026
76076
76125
76174
76264
76313
76362
76412
76461
76511
76560
76692
76741
76791
76882
76931
76980
77030
77079
77128
77176
77225
77273
77322
77370
77419
77509
77600
77650
77700
77750
77799
77849
77898
77947
77996
78046
78136
78185
78234
78284
78334
78382
78430
78479
78527
78575
78706
78755
78805
78855
78905
78953
79002
79051
79100
79150
79199
79248
79339
79388
79436
79566
79695
79743
79791
79840
79888
79977
80025
80074
80122
80172
80221
80311
80360
80451
80501
80551
80642
80692
80742
80792
80840
80889
80937
80986
81035
81084
81133
81223
81272
81322
81371
81421
81470
81519
81569
81617
81667
81716
81766
81815
81865
81955
82003
82052
82100
82148
82197
82245
82294
82342
82391
82440
82490
82540
82672
82721
82770
82819
82869
82918
82967
83016
83065
83154
83202
83250
83299
83347
83397
83447
83576
83624
83673
83721
83893
83942
83991
84082
84131
84180
84229
84279
84369
84418
84468
84559
84648
84696
84745
84793
84842
84890
84940
84989
85079
85128
85178
85227
85276
85325
85416
85465
85514
85564
85614
85704
85795
85844
85894
85943
85993
86043
86174
86224
86273
86322
86372
