22
72
121
170
260
310
359
407
456
504
553
601
649
698
747
797
846
895
944
994
1042
1091
1139
1188
1236
1284
1333
1382
1431
1522
1653
1701
1750
1798
1847
1895
1944
1992
2040
2089
2137
2185
2234
2283
2332
2382
2431
2480
2529
2578
2626
2675
2764
2813
2862
2912
2960
3009
3057
3106
3154
3203
3252
3302
3392
3441
3490
3539
3588
3636
3685
3733
3822
3872
3921
3970
4019
4068
4116
4165
4214
4262
4311
4360
4409
4499
4549
4598
4646
4695
4743
4791
4840
4888
4936
4985
5035
5084
5173
5222
5270
5319
5369
5418
5468
5517
5566
5615
5664
5753
5842
5891
5939
5988
6077
6126
6175
6224
6274
6323
6372
6421
6471
6520
6611
6660
6710
6759
6808
6858
6907
6956
7046
7095
7145
7276
7325
7375
7425
7474
7523
7573
7621
7669
7718
7806
7855
7903
7953
8003
8053
8104
8154
8204
8252
8300
8349
8478
8528
8577
8626
8676
8726
8817
8867
8958
9007
9057
9107
9156
9247
9296
9346
9395
9444
9534
9584
9634
9683
9733
9782
9872
9922
9970
10019
10067
10156
10205
10294
10342
10390
10439
10488
10536
10586
10636
10685
10734
10783
10833
10882
10931
10981
11030
11080
11129
11178
11228
11277
11326
11376
11548
11597
11687
11736
11786
11835
11884
11934
11983
12031
12080
12128
12177
12266
12314
12364
12414
12463
12512
12562
12611
12701
12750
12800
12849
12899
12948
12997
13046
13094
13143
13232
13281
13329
13378
13429
13480
13531
13582
13633
13684
13732
13780
13829
13877
13966
14016
14065
14115
14164
14214
14304
14353
14402
14450
14539
14588
14637
14686
14735
14825
14874
14924
14973
15022
15071
15121
15170
15219
15268
15318
15367
15417
15466
15557
15606
15656
15705
15753
15802
15891
15940
16114
16165
16216
16265
16315
16364
16453
16501
16591
16683
16733
16783
16832
16882
16973
17023
17112
17161
17209
17298
17347
17396
17446
17618
17709
17758
17807
17856
17905
17955
18004
18053
18102
18191
18280
18329
18460
18509
18558
18608
18657
18708
18797
18845
18976
19025
19074
19123
19172
19262
19312
19361
19411
19461
19511
19559
19608
19657
19706
19796
19845
19895
19943
19991
20082
20131
20180
20228
20277
20325
20415
20464
20514
20603
20692
20782
20832
20881
20930
20980
21029
21078
21127
21177
21226
21275
21325
21415
21465
21515
21564
21653
21742
21791
21840
21890
21980
22029
22078
22128
22177
22226
22276
22325
22373
22422
22470
22519
22567
22615
22664
22712
22761
22809
22858
22907
22956
23047
23096
23145
23195
23245
23295
23344
23434
23484
23533
23583
23632
23681
23731
23780
23830
23879
23928
23977
24026
24116
24165
24215
24264
24394
24443
24533
24582
24630
24679
24727
24776
24824
24873
24921
24970
25019
25067
25116
25164
25213
25303
25394
25444
25494
25544
25634
25684
25733
25782
25831
25921
25971
26020
26070
26120
26169
26219
26351
26401
26491
26540
26589
26639
26688
26779
26828
26878
26926
26975
27024
27072
27120
27169
27217
27266
27314
27362
27411
27459
27508
27558
27607
27657
27706
27756
27846
27895
27945
27994
28043
28092
28141
28191
28240
28290
28381
28430
28480
28529
28620
28669
28719
28768
28818
28867
28957
29006
29055
29105
29154
29244
29293
29343
29433
29483
29532
29582
29632
29681
29731
29780
29829
29879
29927
30017
30067
30116
30165
30256
30305
30396
30446
30496
30546
30595
30645
30693
30741
30790
30838
30886
30935
30983
31032
31122
31170
31260
31309
31358
31407
31457
31547
31638
31728
31777
31826
31875
31925
31973
32063
32111
32160
32208
32257
32306
32355
32405
32454
32503
32553
32602
32651
32701
32750
32840
32889
32938
33028
33078
33128
33178
33227
33277
33368
33457
33506
33595
33644
33735
33784
33833
33883
33974
34024
34074
34123
34173
34345
34393
34442
34491
34540
34589
34638
34688
34737
34785
34833
34882
34930
34978
35027
35075
35123
35172
35220
35269
35317
35366
35416
35465
35515
35564
35614
35664
35713
35762
35810
35858
35907
35955
36003
36052
36101
36150
36199
36249
36298
36347
36396
36445
36534
36584
36633
36683
36732
36823
36872
36921
36971
37020
37069
37118
37167
37217
37266
37356
37406
37456
37505
37555
37605
37654
37704
37754
37803
37853
37901
37950
37998
38047
38095
38185
38234
38283
38333
38382
38513
38562
38611
38660
38750
38800
38849
38898
38988
39037
39087
39136
39186
39235
39285
39334
39425
39474
39525
39658
39707
39755
39844
39893
39983
40031
40080
40128
40177
40266
40315
40364
40412
40460
40549
40597
40646
40694
40742
40831
40880
40930
40979
41028
41078
41127
41177
41226
41275
41325
41374
41423
41473
41523
41572
41622
41671
41720
41770
41819
41869
41918
41967
42017
42066
42115
42204
42253
42301
42350
42399
42447
42536
42585
42633
42681
42731
42781
42831
42880
42929
42978
43027
43077
43126
43176
43225
43274
43324
43414
43463
43512
43561
43609
43658
43747
43836
43927
43978
44028
44120
44169
44218
44268
44317
44366
44415
44464
44513
44563
44612
44661
44710
44759
44808
44856
44945
45034
45084
45133
45182
45232
45280
45328
45377
45425
45514
45562
45612
45702
45751
45800
45848
45937
46026
46076
46168
46218
46268
46317
46366
46415
46465
46514
46604
46654
46703
46752
46801
46850
46899
46947
46995
47085
47133
47182
47231
47320
47369
47539
47628
47678
47727
47775
47824
47873
47921
47970
48019
48069
48118
48167
48216
48266
48315
48365
48414
48464
48513
48563
48612
48662
48710
48759
48808
48856
48905
48954
49003
49052
49101
49150
49199
49248
49297
49345
49393
49442
49490
49579
49628
49678
49727
49777
49826
49876
49925
49975
50024
50074
50123
50173
50222
50271
50402
50452
50500
50549
50638
50687
50736
50785
50834
50883
50933
50982
51031
51080
51171
51220
51269
51318
51367
51415
51464
51512
51603
51694
51744
51793
51843
51893
51942
51991
52041
52090
52139
52189
52238
52287
52336
52386
52435
52484
52534
52582
52631
52720
52769
52817
52866
52955
53003
53052
53100
53148
53197
53245
53295
53385
53434
53484
53534
53583
53633
53683
53733
53782
53831
53880
53930
53979
54028
54077
54166
54215
54263
54311
54361
54451
54500
54549
54679
54728
54776
54825
54914
54963
55012
55062
55151
55200
55249
55298
55348
55398
55447
55496
55627
55675
55724
55813
55861
55910
55958
56048
56096
56145
56194
56243
56293
56342
56432
56482
56532
56581
56631
56681
56730
56779
56827
56916
57005
57054
57102
57151
57200
57332
57381
57431
57480
57529
57578
57627
57676
57725
57773
57822
57870
57919
57968
58017
58066
58116
58165
58214
58263
58312
58360
58408
58457
58505
58635
58684
58734
58947
59037
59087
59136
59185
59234
59283
59332
59381
59429
59478
59526
59574
59623
59672
59762
59810
59859
59907
59956
60005
60054
60103
60193
60243
60293
60343
60392
60441
60531
60580
60629
60678
60727
60777
60826
60875
60924
60973
61022
61072
61121
61170
61220
61269
61319
61409
61540
61589
61638
61686
61735
61825
61873
61921
61970
62018
62066
62115
62163
62212
62260
62309
62357
62406
62495
62545
62636
62685
62735
62784
62834
62883
62973
63021
63110
63159
63248
63297
63386
63435
63483
63532
63581
63671
63721
63770
63820
63870
63919
63969
64058
64147
64195
64244
64292
64340
64389
64439
64488
64537
64588
64681
64729
64778
64826
64874
64923
64971
65020
65068
65116
65165
65215
65264
65476
65524
65573
65621
65670
65718
65767
65857
65907
65956
66005
66054
66185
66234
66324
66373
66421
66470
66518
66567
66615
66664
66713
66761
66810
66899
66947
66996
67045
67094
67144
67193
67241
67290
67338
67387
67437
67527
67576
67706
67754
67803
67852
67901
67951
68001
68051
68142
68191
68241
68290
68338
68387
68436
68486
68535
68585
68634
68683
68733
68782
68832
68923
68974
69065
69114
69164
69254
69303
69352
69401
69450
69499
69547
69596
69644
69733
69862
69910
69958
70007
70096
70145
70236
70285
70335
70384
70434
70524
70614
70663
70712
70762
70812
70861
70911
71042
71091
71140
71190
71239
71288
71337
71427
71477
71527
71618
71709
71760
71809
71858
71907
71957
72006
72055
72145
72194
72244
72293
72342
72391
72439
72488
72537
72585
72634
72683
72732
72862
72911
72961
73010
73059
73149
73199
73332
73382
73431
73480
73529
73578
73626
73675
73723
73772
73820
73869
73917
73966
74015
74063
74112
74161
74209
74258
74307
74355
74404
74452
74502
74552
74600
74649
74697
74746
74794
74883
74931
74980
75028
75077
75125
75215
75263
75312
75360
75408
75457
75547
75596
75644
75692
75741
75789
75837
75886
75935
76025
76074
76124
76173
76222
76270
76318
76367
76415
76463
76513
76562
76612
76662
76712
76761
76811
76861
76910
76960
77009
77059
77108
77157
77207
77257
77307
77356
77405
77453
77502
77550
77599
77647
77697
77746
77796
77886
77936
77985
78034
78084
78133
78265
78314
78364
78414
78464
78513
78563
78611
78661
78710
78759
78849
78898
78948
78997
79046
79096
79145
79195
79244
79294
79343
79392
79441
79491
79540
79588
79637
79685
79733
79823
79871
80000
80048
80097
80145
80194
80244
80293
80383
80473
80522
80572
80621
80670
80719
80769
80818
80908
80998
81047
81096
81145
81193
81241
81290
81338
81388
81437
81529
81620
81711
81760
81808
81856
81905
81953
82002
82052
82101
82150
82199
82248
82298
82389
82520
82570
82620
82669
82719
82768
82817
82866
82915
83006
83055
83145
83194
83242
83332
83381
83431
83562
83611
83660
83710
83759
83808
83858
83907
83956
84005
84055
84104
84154
84245
84335
84384
84433
84482
84532
84581
84630
84679
84727
84776
84824
84873
84922
84970
85019
85067
85115
85164
85253
85301
85350
85399
85448
85497
85547
85596
85645
85695
85743
85832
85881
85930
85978
86027
86075
86165
86214
86264
86354
