37
87
136
185
233
282
330
379
427
476
526
575
706
755
804
854
903
953
1002
1052
1101
1151
1200
1250
1299
1348
1397
1447
1537
1585
1716
1764
1854
1944
1993
2084
2174
2307
2357
2407
2498
2548
2640
2690
2740
2790
2839
2889
2938
2987
3037
3086
3135
3185
3234
3365
3414
3463
3512
3561
3609
3699
3748
3798
3846
3894
3943
3992
4041
4090
4140
4189
4279
4368
4416
4464
4513
4602
4652
4701
4751
4800
4850
4899
4948
4996
5085
5134
5182
5231
5280
5328
5377
5508
5557
5607
5656
5706
5755
5804
5854
5903
5994
6043
6134
6184
6233
6282
6330
6421
6471
6521
6611
6781
6830
6878
6927
6975
7108
7158
7208
7258
7307
7357
7407
7456
7547
7637
7686
7736
7785
7834
7882
7931
7979
8028
8078
8210
8259
8350
8399
8448
8497
8547
8596
8645
8694
8744
8793
8843
8893
8983
9032
9080
9169
9218
9266
9314
9363
9411
9500
9548
9637
9687
9736
9785
9834
9884
9974
10064
10113
10162
10212
10301
10350
10400
10490
10540
10589
10639
10729
10779
10828
10878
10967
11015
11064
11112
11160
11209
11299
11348
11438
11488
11537
11585
11634
11682
11731
11780
11910
11959
12132
12182
12232
12282
12331
12381
12431
12481
12530
12620
12669
12758
12848
12938
12987
13035
13084
13132
13182
13231
13281
13413
13462
13511
13601
13651
13700
13790
13839
13971
14020
14110
14160
14210
14260
14310
14360
14410
14459
14508
14556
14605
14654
14703
14753
14802
14851
14901
14950
15000
15051
15101
15151
15202
15252
15300
15471
15519
15611
15744
15794
15844
15893
15941
15990
16038
16087
16135
16226
16316
16365
16415
16464
16554
16604
16653
16702
16792
16841
16890
16938
16986
17116
17206
17256
17305
17355
17445
17534
17583
17631
17720
17769
17819
17908
17957
18005
18054
18103
18151
18200
18248
18298
18347
18396
18446
18495
18544
18594
18643
18692
18740
18789
18838
18887
18935
18984
19074
19123
19172
19222
19351
19399
19448
19537
19586
19634
19682
19731
19779
19827
19919
19969
20061
20111
20202
20251
20301
20350
20399
20449
20498
20548
20597
20647
20695
20784
20834
20924
20973
21023
21072
21121
21171
21220
21269
21359
21409
21499
21547
21597
21687
21736
21786
21835
21884
21973
22022
22070
22119
22208
22299
22348
22398
22447
22496
22546
22595
22644
22694
22743
22792
22841
22891
22940
23030
23119
23167
23216
23264
23312
23361
23409
23458
23507
23556
23605
23655
23704
23753
23803
23852
23901
23991
24040
24090
24139
24188
24237
24286
24336
24384
24473
24522
24570
24619
24667
24717
24767
24817
24908
24958
25007
25055
25104
25152
25201
25249
25298
25346
25395
25485
25575
25625
25674
25722
25772
25821
25870
25960
26010
26059
26107
26196
26287
26336
26467
26516
26566
26615
26664
26713
26763
26852
26941
26989
27038
27087
27136
27186
27276
27364
27413
27461
27509
27558
27607
27656
27705
27755
27804
27853
27903
27952
28002
28052
28102
28152
28202
28252
28301
28351
28400
28449
28498
28547
28597
28646
28736
28785
28833
28881
28931
28980
29029
29078
29127
29177
29267
29315
29364
29413
29502
29551
29599
29647
29695
29744
29792
29841
29889
29937
29987
30036
30126
30176
30225
30274
30365
30497
30546
30596
30646
30695
30743
30792
30840
30888
30937
30986
31035
31084
31134
31183
31232
31364
31414
31464
31514
31563
31613
31704
31753
31803
31852
31943
31992
32042
32091
32264
32313
32362
32411
32461
32510
32559
32609
32658
32707
32757
32806
32855
32905
32953
33002
33051
33099
33147
33196
33245
33295
33344
33393
33483
33532
33582
33630
33763
33855
33905
33996
34046
34095
34144
34193
34242
34376
34467
34518
34567
34616
34665
34713
34762
34811
34859
34949
34998
35047
35096
35146
35195
35244
35335
35384
35434
35483
35532
35581
35630
35680
35729
35859
35907
35956
36005
36094
36144
36193
36242
36291
36340
36431
36482
36573
36622
36671
36720
36850
36900
36990
37039
37088
37137
37226
37274
37323
37372
37420
37469
37517
37567
37616
37665
37756
37805
37855
37904
38035
38086
38137
38188
38238
38329
38420
38469
38518
38568
38658
38707
38921
38970
39020
39070
39118
39167
39215
39263
39312
39361
39451
39500
39590
39638
39687
39736
39785
39835
39884
39933
39982
40031
40081
40130
40179
40228
40278
40327
40377
40426
40476
40566
40615
40705
40754
40802
40852
40901
40951
41041
41130
41179
41228
41278
41327
41376
41425
41474
41522
41570
41659
41708
41756
41806
41855
41904
41953
42002
42052
42100
42148
42197
42245
42294
42344
42393
42442
42491
42541
42631
42680
42811
42861
42953
43086
43136
43185
43233
43323
43372
43422
43471
43521
43569
43618
43666
43755
43844
43892
43941
43989
44038
44087
44176
44265
44315
44365
44415
44464
44513
44563
44612
44661
44710
44759
44849
44899
44948
44997
45047
45096
45146
45195
45245
45294
45344
45393
45443
45492
45542
45590
45639
45730
45781
45831
45881
45929
45978
46026
46115
46204
46253
46302
46393
46442
46614
46664
46714
46846
46895
46986
47117
47167
47215
47305
47353
47402
47451
47500
47631
47680
47730
47778
47826
47875
47964
48012
48062
48111
48160
48209
48259
48308
48357
48407
48456
48506
48555
48605
48654
48744
48794
48844
48894
48944
48992
49041
49090
49180
49229
49278
49328
49377
49426
49475
49525
49574
49624
49798
49887
49936
49985
50034
50123
50172
50220
50269
50317
50366
50414
50585
50634
50683
50773
50822
50872
50921
50971
51061
51111
51241
51289
51338
51387
51435
51525
51574
51623
51672
51722
51771
51820
51870
51919
52009
52059
52110
52159
52209
52259
52308
52399
52448
52497
52587
52637
52687
52736
52868
52918
52967
53017
53066
53116
53165
53256
53306
53355
53405
53454
53504
53553
53603
53652
53741
53790
53920
53970
54019
54069
54119
54169
54220
54269
54318
54367
54416
54464
54513
54562
54612
54662
54711
54761
54810
54859
54907
54956
55004
55052
55101
55149
55199
55289
55380
55511
55561
55610
55659
55749
55799
55848
55897
55947
55997
56046
56095
56145
56193
56242
56290
56339
56387
56436
56484
56533
56581
56630
56678
56808
56856
56905
56953
57002
57050
57140
57189
57238
57288
57337
57386
57435
57483
57532
57580
57628
57677
57725
57774
57823
57872
57922
57970
58059
58108
58156
58205
58253
58302
58351
58399
58488
58537
58585
58634
58724
58773
58904
58953
59001
59050
59139
59269
59319
59409
59458
59507
59556
59606
59655
59745
59794
59843
59975
60024
60073
60123
60172
60304
60353
60403
60535
60584
60634
60684
60733
60782
60832
60881
60931
61021
61070
61119
61168
61216
61265
61313
61361
61410
61459
61508
61558
61607
61656
61706
61755
61887
61936
61986
62036
62085
62175
62266
62315
62364
62454
62504
62553
62602
62651
62700
62750
62799
62848
62897
62947
62996
63045
63136
63185
63235
63284
63334
63384
63433
63483
63655
63704
63753
63801
63890
63980
64029
64118
64168
64217
64266
64356
64406
64455
64586
64635
64683
64813
64862
64951
64999
65048
65097
65145
65194
65242
65291
65339
65388
65436
65486
65576
65624
65673
65721
65770
65818
65867
65915
65963
66012
66060
66109
66199
66248
66297
66387
66436
66485
66535
66583
66632
66722
66772
66821
66870
66919
66969
67018
67067
67116
67205
67253
67301
67350
67399
67488
67536
67585
67633
67682
67730
67780
67829
67879
67969
68019
68068
68118
68168
68217
68267
68317
68367
68416
68466
68515
68563
68612
68660
68709
68757
68847
68896
68945
68994
69043
69092
69141
69191
69240
69290
69339
69511
69561
69651
69701
69750
69800
69849
69939
69990
70041
70134
70184
70233
70281
70330
70419
70467
70517
70567
70616
70666
70715
70765
70814
70863
70912
70962
71011
71060
71150
71199
71289
71339
71429
71518
71607
71656
71704
71752
71841
71890
71938
72068
72117
72207
72257
72306
72355
72404
72493
72542
72590
72638
72810
72859
72909
72958
73048
73097
73228
73277
73325
73373
73422
73470
73519
73568
73617
73666
73757
73805
73854
73903
73951
74001
74050
74100
74190
74238
74286
74375
74425
74474
74523
74572
74622
74671
74720
74769
74817
74866
74914
74963
75011
75060
75108
75157
75205
75254
75302
75351
75400
75448
75497
75586
75675
75764
75813
75861
75911
75960
76009
76058
76108
76157
76206
76255
76304
76354
76403
76452
76542
76591
76641
76731
76780
76830
76879
76928
76976
77025
77073
77122
77170
77261
77310
77359
77409
77458
77507
77556
77606
77654
77702
77751
77799
77847
77896
77944
78034
78082
78293
78342
78391
78440
78530
78579
78628
78717
78765
78814
78862
78953
79002
79093
79142
79191
79241
79290
79339
79388
79437
79486
79536
79585
79635
79685
79734
79824
79873
79963
80013
80144
80193
80242
80291
80340
80390
80440
80530
80579
80710
80800
80848
80896
80944
80993
81041
81090
81140
81189
81238
81328
81377
81427
81517
81566
81615
81664
81714
81763
81812
81862
81911
82001
82050
82099
82149
82197
82246
82294
82343
82392
82441
82531
82580
82628
82676
82765
82815
82864
82953
83002
83050
83098
83148
83196
83244
83293
83341
83430
83478
83527
83575
83624
83672
83721
83769
83858
83907
83955
84004
84052
84102
84151
84200
84249
84299
84348
84397
84446
84495
84544
84592
84641
84690
84738
84786
84835
84884
84932
84982
85031
85080
85129
85218
85267
85318
85368
85459
85551
85601
85651
85701
85750
85840
85888
85936
85985
86033
86082
86130
86180
86229
86278
86369
