0.471521
0.471521
0.471521
0.471521
0.471521
0.471521
0.471521
0.471521
0.471521
0.471521
0.471521
0.471521
0.471521
0.471521
0.471521
0.471521
0.471521
0.471521
0.471521
0.973463
0.973463
0.973463
0.973463
0.973463
0.973463
0.973463
0.471521
0.471521
0.471521
0.471521
0.471521
0.471521
0.471521
0.471521
0.471521
0.471521
0.471521
0.471521
0.471521
0.471521
0.471521
0.471521
0.471521
0.471521
0.471521
0.471521
0.471521
0.471521
0.471521
0.471521
0.471521
0.471521
0.471521
0.471521
3.77217
3.77217
3.77217
3.77217
3.77217
3.77217
3.77217
0.471521
0.471521
0.471521
0.471521
0.471521
0.471521
0.471521
0.471521
0.471521
0.471521
0.471521
0.471521
0.471521
0.471521
0.471521
0.471521
0.471521
0.471521
0.471521
0.471521
0.471521
2.37282
2.37282
2.37282
2.37282
0.471521
0.471521
0.471521
0.471521
0.471521
0.471521
0.471521
0.471521
0.471521
0.471521
0.471521
0.471521
0.471521
0.471521
0.471521
0.471521
0.471521
0.471521
0.471521
0.471521
0.471521
0.471521
0.471521
0.471521
0.471521
0.471521
0.471521
0.471521
0.471521
2.58576
2.58576
0.471521
0.471521
0.471521
0.471521
0.471521
0.471521
0.471521
0.471521
0.471521
0.471521
0.471521
0.471521
0.471521
0.471521
0.471521
0.471521
0.471521
0.471521
0.471521
0.471521
0.471521
0.471521
0.471521
0.471521
0.471521
0.471521
3.77217
3.77217
3.77217
3.77217
0.471521
0.471521
0.471521
0.471521
0.471521
0.471521
0.471521
0.471521
0.471521
0.471521
0.471521
0.471521
0.471521
0.471521
0.471521
0.471521
0.471521
0.471521
0.471521
0.882201
0.882201
0.882201
0.882201
0.882201
0.882201
4.13722
0.882201
0.882201
0.882201
0.882201
0.882201
0.882201
0.882201
0.882201
0.882201
0.882201
0.882201
0.882201
0.882201
0.882201
0.882201
0.882201
0.882201
0.882201
0.882201
0.882201
0.882201
0.882201
2.96602
2.96602
2.96602
2.96602
2.96602
2.96602
2.96602
2.96602
2.96602
2.96602
2.96602
2.96602
2.96602
2.96602
2.96602
2.96602
2.96602
2.96602
2.96602
2.96602
2.96602
2.96602
2.96602
2.96602
2.96602
2.96602
2.96602
2.96602
2.96602
2.96602
2.96602
2.57055
2.57055
2.57055
2.57055
2.57055
2.57055
2.57055
2.57055
2.57055
2.57055
2.57055
2.57055
2.57055
2.57055
2.57055
2.57055
2.57055
2.57055
2.57055
2.57055
2.57055
2.57055
2.57055
2.57055
0.471521
0.471521
0.471521
0.471521
0.471521
0.471521
0.471521
0.471521
0.471521
0.471521
0.471521
0.471521
0.471521
1.20162
1.20162
1.20162
1.20162
1.20162
1.20162
1.20162
1.20162
1.20162
1.20162
1.20162
1.20162
1.20162
1.20162
1.20162
1.20162
1.20162
1.20162
1.20162
1.20162
1.20162
1.20162
1.20162
1.20162
1.20162
1.20162
1.20162
1.20162
1.20162
1.20162
1.20162
1.20162
1.20162
1.20162
1.20162
1.20162
1.20162
1.20162
1.20162
1.20162
1.20162
1.20162
1.20162
0.471521
0.471521
0.471521
0.471521
0.471521
0.471521
0.471521
0.471521
0.471521
0.471521
0.471521
0.471521
0.471521
0.471521
0.471521
0.471521
0.471521
0.471521
0.471521
0.471521
0.471521
0.471521
0.471521
0.471521
0.471521
0.471521
0.471521
0.471521
0.471521
0.471521
0.471521
0.471521
0.471521
0.471521
0.471521
0.471521
0.471521
0.471521
0.471521
0.471521
0.471521
0.471521
0.471521
0.471521
0.471521
0.471521
0.471521
0.471521
0.471521
0.471521
0.471521
0.471521
0.471521
0.471521
0.471521
0.471521
0.471521
0.471521
0.471521
0.471521
0.471521
0.471521
0.471521
0.471521
0.471521
0.471521
0.471521
0.471521
0.471521
0.471521
0.471521
0.471521
0.471521
0.471521
0.471521
0.471521
0.471521
0.471521
0.471521
1.81003
0.471521
0.471521
0.471521
0.471521
0.471521
0.471521
0.471521
0.471521
0.471521
0.471521
0.471521
0.471521
0.471521
0.471521
0.471521
0.471521
0.471521
0.471521
0.471521
0.471521
0.471521
0.471521
0.471521
0.471521
0.471521
0.471521
0.471521
0.471521
0.471521
0.471521
0.471521
0.471521
0.471521
0.471521
0.471521
2.7835
2.7835
2.7835
2.7835
2.7835
2.7835
2.7835
2.7835
2.7835
2.7835
2.7835
0.471521
0.471521
0.471521
0.471521
0.471521
0.471521
0.471521
0.471521
2.7835
2.7835
2.7835
2.7835
2.7835
4.65437
4.65437
2.37282
2.37282
2.37282
2.37282
2.37282
2.37282
11.7272
11.7272
8.60907
3.87864
6.95114
6.95114
3.65049
3.65049
0.471521
0.471521
0.471521
0.471521
0.471521
0.471521
0.471521
0.471521
0.471521
0.471521
0.471521
0.471521
0.471521
0.471521
0.471521
0.471521
0.471521
0.471521
0.471521
0.471521
0.471521
0.471521
0.471521
0.471521
0.471521
3.65049
3.65049
3.65049
3.65049
0.471521
0.471521
3.16376
3.16376
3.60486
3.60486
3.60486
3.60486
3.60486
0.471521
0.471521
0.471521
0.471521
0.471521
0.471521
0.471521
0.471521
0.471521
2.2055
2.2055
5.36926
0.471521
0.471521
0.471521
0.471521
0.471521
0.471521
0.471521
0.471521
0.471521
0.471521
0.471521
0.471521
3.16376
3.16376
0.471521
0.577994
0.471521
0.471521
0.471521
0.471521
3.65049
3.65049
3.65049
3.60486
3.60486
0.471521
0.471521
6.79903
6.8903
6.40356
9.58253
3.65049
2.2055
5.32363
5.32363
3.65049
3.65049
3.65049
0.471521
0.471521
0.471521
0.471521
0.471521
0.471521
3.60486
6.79903
6.81424
6.81424
6.81424
3.71133
3.71133
3.60486
0.471521
3.87864
6.95114
3.65049
0.471521
3.87864
3.87864
3.87864
3.87864
3.87864
0.471521
0.471521
3.65049
3.65049
3.65049
3.65049
0.471521
0.471521
0.471521
5.56699
2.2055
3.0877
1.33851
1.33851
3.40712
3.71133
5.4301
5.44531
0.471521
0.471521
3.65049
4.45664
4.03075
10.343
9.58253
3.71133
3.71133
3.71133
3.71133
5.97767
7.0424
10.1453
10.1453
10.1453
10.2062
10.2062
11.4686
3.83301
8.79159
13.9327
8.97412
4.30453
4.30453
0.943043
3.34628
3.8178
3.86343
6.79903
6.79903
6.79903
10.6016
15.4689
17.0508
13.6741
13.7502
10.7233
8.47217
5.64305
8.77638
5.55178
5.96246
6.52525
6.52525
7.17929
7.17929
5.35405
10.7081
11.6816
5.17152
5.41489
10.6016
7.49871
4.30453
7.28577
4.06117
5.79515
9.01975
9.01975
9.01975
9.01975
11.7576
4.31974
4.31974
7.42266
10.0236
13.3699
9.36958
9.26311
9.06538
9.06538
6.11457
9.43043
7.13366
6.25146
8.44175
8.44175
11.6511
8.38091
4.28932
5.5822
8.70033
11.712
11.9249
8.70033
11.5447
8.06149
8.10712
6.81424
8.50259
13.1265
9.85632
10.0236
9.06538
9.08059
6.73819
6.61651
4.30453
6.66214
4.35016
0.973463
0.471521
4.06117
0.943043
2.67702
2.67702
0.943043
0.943043
0.471521
0.471521
0.471521
0.699677
5.26279
2.52492
2.67702
10.5408
10.4799
4.15243
0.973463
5.68868
8.8068
2.92039
2.75308
8.91327
9.08059
13.4612
11.4534
5.97767
5.4301
5.4301
7.30098
5.35405
2.23592
6.84466
5.55178
8.76117
5.55178
6.96635
6.99677
6.93593
8.06149
4.03075
4.92816
4.92816
4.04596
3.72654
5.74952
5.04984
2.19029
5.88641
9.21748
9.21748
9.26311
2.72266
2.67702
5.79515
5.84078
8.10712
8.2136
11.1188
10.1757
7.05761
7.42266
7.45308
6.61651
6.61651
6.61651
6.61651
7.90939
11.9706
8.24402
10.3278
6.72298
5.52136
14.5107
11.2557
18.7544
14.7388
10.267
8.35049
6.95114
4.30453
4.30453
4.30453
4.30453
9.35437
3.87864
0.471521
3.65049
3.60486
3.60486
6.61651
4.88253
5.99288
8.28965
8.28965
8.28965
8.28965
8.76117
10.5104
10.4039
10.4039
11.6968
8.57865
8.57865
8.57865
10.845
4.07638
7.1945
7.1945
5.35405
5.35405
2.23592
8.30486
5.84078
3.10291
2.23592
1.81003
1.81003
0.471521
0.471521
3.83301
3.16376
3.13334
3.13334
3.16376
3.16376
3.40712
5.21715
8.57865
5.56699
3.87864
3.87864
3.83301
7.95502
7.11845
7.11845
0.471521
0.471521
3.87864
0.471521
4.74563
4.74563
3.87864
5.65826
5.56699
9.96279
1.7644
3.63528
3.60486
2.37282
2.37282
2.37282
0.471521
0.471521
0.471521
0.973463
0.973463
0.973463
0.973463
1.20162
1.20162
3.19418
3.19418
6.43398
6.43398
1.33851
1.33851
1.33851
1.33851
1.33851
3.0877
3.0877
2.2055
2.37282
7.62039
11.134
13.9023
7.74208
4.89774
0.471521
0.471521
0.471521
0.471521
0.471521
0.471521
6.79903
6.52525
6.52525
6.43398
6.43398
6.52525
0.471521
0.471521
7.3314
7.3314
4.07638
6.29709
3.98512
3.98512
6.6013
6.29709
3.96991
3.98512
3.98512
0.471521
2.7835
2.2055
2.2055
2.2055
0.471521
1.33851
0.471521
3.34628
3.34628
6.76861
3.34628
3.34628
0.471521
0.471521
0.471521
3.60486
3.65049
3.65049
0.471521
3.34628
3.34628
3.34628
6.79903
6.79903
6.79903
6.79903
4.19806
0.471521
1.33851
1.33851
0.471521
0.471521
0.471521
1.33851
1.33851
1.33851
1.33851
0.471521
0.471521
0.501942
7.43787
0.501942
0.501942
0.501942
0.501942
0.501942
0.501942
0.501942
4.24369
6.47962
6.47962
0.501942
0.501942
0.501942
0.471521
0.471521
0.471521
0.471521
0.471521
0.471521
0.471521
0.471521
1.33851
1.81003
1.81003
0.973463
7.90939
5.59741
5.12589
11.4078
11.4078
11.9249
10.4495
5.90162
3.14855
3.14855
1.44498
1.44498
1.44498
1.44498
1.44498
2.70744
5.62784
5.62784
8.57865
8.83722
5.88641
5.88641
5.88641
2.23592
3.96991
4.01554
4.97379
5.15631
5.61262
5.61262
5.61262
1.81003
1.81003
1.81003
1.81003
1.81003
1.81003
0.471521
0.471521
0.471521
3.65049
3.65049
3.65049
3.65049
3.65049
3.65049
0.471521
0.471521
0.471521
2.17508
2.17508
5.5822
5.5822
5.17152
5.17152
10.1757
6.76861
6.76861
6.72298
6.72298
6.72298
4.95858
4.95858
4.95858
4.95858
4.95858
4.95858
0.882201
0.882201
3.75696
3.75696
3.80259
0.882201
2.61618
4.45664
4.45664
4.45664
3.07249
3.0877
3.0877
3.13334
3.55923
1.81003
1.81003
0.943043
6.76861
7.45308
7.45308
0.943043
2.67702
2.67702
2.79871
4.19806
3.77217
0.471521
0.471521
0.471521
3.16376
0.471521
0.471521
0.471521
0.471521
0.471521
0.471521
0.638835
0.638835
0.638835
3.51359
1.50583
1.33851
1.33851
3.04207
8.50259
7.58997
1.33851
1.33851
0.471521
0.471521
5.90162
5.90162
5.90162
5.90162
2.7835
0.471521
0.471521
0.471521
3.71133
3.71133
3.71133
3.71133
3.71133
3.71133
6.54046
6.64693
3.40712
3.40712
0.471521
3.65049
4.88253
1.81003
2.23592
5.41489
5.41489
5.41489
5.41489
5.41489
7.24013
10.3583
13.6741
11.8641
11.9706
11.7424
11.7424
11.7424
14.0544
1.7644
1.7644
4.989
4.989
4.989
4.95858
9.74984
9.74984
9.20227
9.20227
4.989
11.2709
13.4155
4.989
4.95858
4.95858
4.7
4.7
1.81003
1.81003
1.7644
1.7644
5.85599
4.95858
4.95858
4.95858
4.95858
4.95858
4.95858
5.12589
5.12589
5.12589
5.12589
5.21715
5.21715
8.06149
8.97412
17.1573
13.3699
8.18318
8.15276
12.8832
16.1078
11.4078
11.4078
11.3774
11.134
8.10712
13.446
13.0809
9.96279
7.74208
5.29321
4.82169
4.82169
4.79126
6.55567
14.6172
14.6324
7.66602
7.66602
4.50227
4.50227
4.50227
2.76829
5.08026
5.08026
5.08026
5.08026
7.72687
7.72687
4.65437
2.7835
9.84111
12.6398
9.79548
15.1039
14.8909
11.6359
11.6359
11.4838
11.5599
12.5486
12.5486
19.8647
15.8036
12.3508
7.62039
4.5479
4.5479
1.33851
1.33851
3.71133
4.21327
4.16764
4.16764
6.47962
7.10324
7.02719
10.1301
14.389
16.123
12.7463
8.15276
6.79903
4.45664
12.0922
6.20583
6.20583
3.0877
2.2055
2.2055
5.49094
5.49094
3.75696
3.75696
3.75696
3.65049
0.471521
0.471521
0.471521
3.19418
6.41877
3.71133
5.50615
5.50615
6.3123
8.42654
6.61651
6.6013
6.6013
6.61651
6.6013
2.02298
2.00777
3.65049
3.65049
3.65049
4.06117
4.06117
4.06117
4.06117
4.06117
3.60486
0.471521
0.471521
0.471521
0.471521
5.00421
5.81036
5.97767
7.40745
9.20227
4.68479
4.68479
7.80292
7.80292
11.0275
11.0275
6.96635
6.96635
12.944
9.91716
7.45308
10.7233
10.7233
10.8146
10.6168
14.6932
14.7845
17.7809
18.3285
18.9217
13.3243
8.24402
4.36537
7.49871
7.49871
5.74952
5.74952
10.3126
10.6777
7.97023
9.56732
6.44919
6.44919
6.44919
6.44919
12.8528
11.0427
10.5256
10.3583
14.0544
14.0544
18.2524
18.2524
8.50259
11.3317
14.7084
13.5676
10.343
10.343
10.343
16.8075
16.8075
18.3437
18.3437
16.5641
8.53302
8.48738
9.87153
10.6473
7.39224
7.49871
10.9058
6.61651
5.33884
5.33884
8.3657
8.44175
9.78026
6.52525
10.632
11.3469
17.0508
13.9327
8.76117
11.4534
10.0693
8.28965
14.678
13.735
13.735
11.8489
12.9136
13.0049
13.8414
16.777
16.8683
13.8414
10.6929
2.40324
4.13722
4.13722
10.4343
10.4343
10.5104
8.70033
9.3848
17.9787
15.9861
19.2259
13.0657
7.83334
10.6473
7.39224
7.39224
10.6473
10.6473
12.1227
9.21748
13.1722
13.6285
11.6968
12.6094
9.59774
10.267
7.39224
5.5822
5.5822
4.71521
4.71521
4.71521
4.5479
6.28188
3.96991
3.96991
6.28188
3.96991
10.7081
8.71554
8.71554
8.60907
8.62428
8.15276
7.02719
7.01198
3.89385
4.36537
4.31974
3.42233
8.41133
8.30486
5.64305
7.42266
10.4952
8.28965
14.7693
9.33916
7.54434
7.54434
7.54434
7.54434
9.46085
9.99321
4.47185
6.81424
9.2479
11.8641
5.49094
2.37282
8.97412
9.44564
9.44564
9.44564
9.43043
9.43043
11.9858
11.9858
11.1036
11.1492
6.05373
9.29353
10.4799
10.4343
8.95891
13.8871
10.5104
10.5104
12.2291
14.8453
12.8832
12.8832
13.0201
13.2178
13.2482
12.4269
10.6168
11.9097
11.9097
11.9097
11.9097
12.001
11.7424
5.5822
2.40324
2.40324
5.62784
11.9097
14.9974
8.63949
7.3314
8.63949
5.41489
6.26667
6.26667
5.00421
5.00421
6.82945
3.63528
2.67702
2.75308
5.70389
5.70389
2.67702
2.67702
5.70389
2.67702
2.67702
2.67702
2.67702
10.3126
10.267
8.53302
8.53302
8.57865
8.57865
8.10712
6.85987
5.61262
5.56699
5.56699
6.28188
6.26667
6.26667
6.26667
3.92427
0.471521
0.471521
0.684466
3.51359
5.29321
2.37282
0.684466
3.39191
4.03075
4.03075
8.50259
5.81036
7.54434
7.57476
5.76473
1.11036
0.973463
0.973463
0.943043
0.973463
0.973463
0.973463
0.973463
0.973463
0.973463
0.471521
0.471521
0.471521
0.471521
1.33851
0.471521
0.471521
1.33851
1.33851
1.33851
1.33851
0.471521
0.471521
1.33851
0.471521
0.471521
0.471521
0.471521
3.42233
0.471521
0.471521
0.471521
0.471521
0.471521
0.471521
0.471521
0.471521
3.74175
2.37282
0.471521
0.471521
0.471521
0.471521
3.34628
3.34628
3.34628
3.34628
6.34272
3.34628
4.68479
4.68479
4.68479
1.7644
1.7644
1.7644
1.7644
1.7644
4.50227
4.31974
0.471521
0.471521
0.471521
0.471521
0.471521
0.471521
0.471521
0.471521
0.471521
0.471521
0.471521
0.471521
0.471521
0.471521
0.471521
1.81003
4.27411
4.27411
4.27411
4.27411
4.27411
4.27411
4.27411
4.27411
4.27411
4.27411
4.27411
4.27411
4.27411
4.27411
4.27411
4.27411
3.87864
3.87864
3.87864
3.87864
1.81003
1.81003
1.81003
1.81003
1.81003
1.81003
1.81003
1.81003
1.81003
0.471521
0.471521
0.471521
0.471521
0.471521
0.471521
0.471521
0.471521
2.2055
2.25113
2.25113
0.471521
0.471521
0.471521
0.471521
0.471521
0.471521
0.471521
0.471521
0.471521
0.471521
0.471521
0.471521
0.471521
0.471521
0.471521
0.471521
0.471521
0.471521
0.471521
0.471521
1.20162
1.20162
1.20162
1.20162
3.34628
3.34628
3.34628
0.471521
0.471521
0.471521
0.471521
0.471521
0.471521
0.471521
0.471521
0.471521
0.471521
0.471521
0.471521
0.471521
0.471521
