72
121
171
220
269
319
368
418
467
517
566
615
664
712
761
809
858
906
956
1047
1096
1146
1237
1328
1378
1427
1476
1525
1575
1624
1673
1723
1772
1822
1871
1961
2010
2059
2109
2240
2289
2338
2387
2436
2485
2533
2582
2632
2722
2770
2819
2867
2916
2964
3014
3063
3113
3203
3252
3342
3431
3480
3530
3579
3628
3719
3768
3817
3866
3915
3965
4014
4063
4112
4202
4252
4302
4352
4402
4451
4499
4548
4596
4644
4693
4741
4789
4879
4927
4976
5024
5072
5121
5172
5222
5272
5322
5414
5465
5513
5562
5611
5661
5711
5761
5811
5860
5990
6039
6087
6136
6184
6233
6281
6370
6461
6509
6559
6608
6657
6705
6754
6803
6851
6899
6949
6998
7048
7096
7145
7193
7241
7290
7338
7388
7438
7528
7578
7628
7676
7725
7774
7823
7873
7922
7971
8020
8070
8119
8169
8218
8268
8399
8447
8497
8546
8595
8685
8735
8784
8833
8883
8931
8979
9028
9077
9126
9217
9266
9356
9405
9455
9504
9553
9643
9734
9783
9874
9965
10014
10063
10113
10162
10211
10261
10310
10399
10488
10537
10585
10635
10807
10857
10906
10997
11046
11096
11144
11193
11241
11289
11380
11471
11562
11611
11701
11751
11800
11849
11898
11947
11997
12046
12136
12185
12234
12283
12331
12380
12429
12520
12570
12660
12708
12757
12805
12854
12943
12992
13042
13091
13140
13230
13279
13328
13501
13550
13600
13648
13697
13745
13794
13842
13890
13939
13990
14038
14087
14137
14227
14276
14325
14374
14422
14471
14519
14609
14657
14706
14795
14844
14892
14941
15030
15079
15169
15218
15268
15317
15366
15415
15547
15597
15647
15697
15747
15920
15969
16019
16109
16157
16206
16255
16305
16354
16445
16494
16544
16592
16641
16689
16738
16827
16875
16924
16972
17021
17069
17118
17168
17259
17309
17358
17407
17498
17547
17596
17645
17734
17823
17912
17961
18009
18100
18149
18198
18248
18297
18429
18478
18527
18577
18667
18717
18809
18859
18908
18957
19006
19055
19103
19152
19200
19249
19297
19345
19394
19442
19531
19580
19669
19759
19808
19858
19906
19955
20004
20052
20100
20149
20198
20246
20294
20343
20391
20440
20529
20578
20626
20675
20723
20772
20820
20869
20919
20968
21017
21067
21116
21206
21255
21304
21352
21401
21449
21497
21546
21594
21643
21691
21740
21788
21836
21967
22016
22065
22114
22163
22212
22261
22310
22401
22452
22502
22552
22602
22652
22701
22750
22801
22851
22901
22951
23002
23051
23100
23230
23279
23369
23419
23468
23517
23566
23615
23664
23753
23803
23852
23943
23992
24042
24090
24139
24187
24278
24328
24378
24428
24478
24527
24576
24625
24716
24765
24814
24905
24953
25002
25091
25139
25229
25277
25326
25415
25464
25512
25561
25610
25659
25708
25798
25847
25897
25946
25996
26085
26134
26183
26232
26281
26330
26380
26471
26520
26570
26620
26711
26761
26810
26860
26910
26960
27009
27059
27108
27158
27207
27297
27346
27437
27486
27535
27584
27634
27683
27732
27781
27831
27880
27930
27979
28070
28160
28208
28257
28306
28354
28403
28451
28500
28548
28597
28645
28694
28743
28792
28841
28891
28940
28989
29038
29170
29260
29310
29359
29409
29458
29507
29555
29604
29653
29702
29750
29799
29848
29898
29947
29996
30086
30136
30267
30356
30405
30453
30503
30552
30684
30733
30783
30832
30881
30929
30979
31028
31160
31250
31299
31348
31397
31447
31496
31545
31594
31642
31691
31739
31788
31877
31927
31977
32027
32077
32209
32258
32307
32355
32404
32452
32582
32672
32722
32771
32821
32870
32920
32969
33019
33067
33115
33164
33212
33261
33309
33357
33406
33454
33502
33551
33640
33689
33739
33829
33919
33968
34018
34108
34158
34207
34257
34306
34356
34406
34455
34505
34554
34604
34653
34701
34749
34879
34927
34976
35024
35073
35123
35173
35222
35312
35361
35452
35501
35550
35598
35646
35695
35743
35792
35841
35890
35940
35989
36039
36089
36138
36187
36237
36285
36374
36422
36471
36520
36610
36659
36750
36799
36889
36939
37029
37079
37128
37219
37269
37318
37368
37418
37467
37598
37647
37697
37746
37795
37845
37894
37943
37993
38083
38132
38180
38270
38319
38368
38418
38467
38516
38565
38615
38664
38754
38804
38853
38902
38951
39042
39091
39140
39189
39282
39332
39383
39517
39566
39656
39745
39794
39884
39934
39983
40033
40083
40133
40182
40231
40280
40369
40417
40466
40514
40563
40611
40660
40708
40756
40805
40853
40903
40952
41042
41091
41181
41230
41279
41328
41417
41465
41515
41606
41656
41706
41755
41805
41895
41985
42034
42125
42256
42305
42354
42403
42451
42501
42550
42681
42730
42780
42829
43001
43091
43141
43190
43239
43289
43379
43429
43519
43569
43618
43667
43716
43766
43815
43864
43912
43961
44010
44100
44190
44239
44288
44337
44387
44436
44485
44575
44666
44714
44762
44811
44859
44908
44957
45005
45055
45104
45195
45244
45334
45382
45431
45481
45530
45579
45628
45678
45726
45775
45824
45915
45964
46054
46102
46191
46241
46290
46339
46389
46438
46487
46536
46586
46635
46684
46733
46783
46832
46881
46972
47062
47111
47242
47291
47339
47388
47436
47484
47533
47583
47632
47682
47732
47782
47871
47919
47968
48097
48146
48194
48243
48291
48340
48388
48437
48485
48697
48745
48795
48844
48894
48984
49074
49124
49173
49263
49311
49359
49408
49456
49545
49676
49767
49816
49865
49914
50005
50054
50103
50152
50243
50333
50383
50432
50482
50571
50619
50668
50716
50764
50812
50861
50909
50958
51006
51055
51144
51192
51242
51291
51340
51388
51478
51526
51574
51704
51753
51802
51891
51940
51988
52036
52085
52133
52182
52271
52321
52412
52462
52511
52561
52610
52659
52707
52756
52804
52853
52901
52949
52998
53088
53137
53186
53236
53285
53334
53383
53432
53480
53530
53579
53628
53718
53767
53816
53864
53913
53961
54010
54058
54107
54155
54286
54335
54384
54433
54483
54532
54580
54629
54718
54767
54815
54864
54996
55045
55094
55144
55193
55242
55292
55341
55432
55481
55531
55580
55629
55679
55728
55777
55827
55917
55967
56016
56064
56113
56161
56210
56300
56349
56399
56448
56497
56547
56596
56646
56695
56744
56793
56841
56890
56938
56987
57035
57085
57134
57183
57233
57282
57331
57380
57430
57479
57529
57577
57626
57715
57763
57812
57861
57910
57958
58007
58055
58104
58152
58201
58249
58298
58346
58394
58483
58533
58582
58632
58681
58731
58822
58912
58961
59011
59060
59150
59200
59248
59297
59428
59560
59610
59661
59709
59757
59806
59854
59903
59953
60003
60053
60310
60401
60492
60584
60634
60683
60732
60864
60913
60963
61092
61181
61230
61319
61367
61416
61465
61513
61563
61612
61662
61712
61761
61811
61860
61908
61957
62045
62094
62142
62190
62240
62289
62379
62429
62477
62527
62577
62626
62676
62808
62857
62907
62956
63005
63054
63104
63153
63243
63292
63342
63391
63440
63489
63579
63629
63718
63766
63814
63863
63952
64000
64048
64138
64186
64235
64283
64331
64421
64511
64560
64609
64698
64746
64795
64845
64894
64944
65035
65084
65133
65182
65231
65281
65330
65379
65428
65477
65525
65575
65624
65674
65724
65774
65823
65873
65922
65971
66019
66068
66116
66165
66213
66262
66310
66359
66407
66496
66545
66593
66684
66732
66781
66830
66878
66927
66976
67024
67073
67122
67170
67219
67267
67315
67364
67412
67461
67509
67558
67607
67698
67748
67797
67847
67896
67946
67995
68086
68135
68184
68314
68362
68412
68462
68512
68561
68611
68661
68710
68759
68808
68857
68905
68954
69003
69093
69143
69192
69242
69291
69381
69471
69519
69568
69617
69665
69797
69847
69896
69945
69994
70043
70093
70142
70190
70239
70288
70420
70510
70601
70650
70699
70749
70798
70847
70896
70986
71076
71124
71173
71344
71393
71442
71531
71579
71628
71676
71766
71815
71865
71915
71964
72014
72063
72152
72241
72289
72338
72387
72436
72485
72535
72585
72635
72807
72858
72906
72955
73003
73052
73100
73150
73241
73290
73380
73429
73479
73528
73659
73708
73757
73847
73897
73946
73995
74086
74136
74186
74236
74286
74376
74425
74473
74522
74570
74618
74668
74717
74767
74816
74865
74915
74963
75053
75143
75193
75242
75291
75341
75391
75480
75528
75577
75666
75714
75763
75812
75861
75910
75960
76050
76099
76147
76195
76244
76333
76382
76430
76478
76527
76575
76624
76673
76722
76771
76821
76870
76918
76967
77016
77064
77113
77161
77211
77260
77309
77357
77405
77454
77502
77551
77601
77650
77700
77749
77798
77848
77898
77947
78037
78087
78136
78185
78235
78325
78375
78424
78474
78523
78572
78623
78757
78847
78896
78946
79036
79085
79134
79224
79274
79323
79371
79420
79510
79559
79608
79658
79707
79838
79887
79936
79986
80034
80083
80132
80181
80230
80279
80328
80376
80467
80516
80565
80615
80664
80714
80764
80814
80864
80914
80964
81014
81063
81112
81162
81211
81260
81310
81359
81449
81498
81547
81597
81646
81695
81785
81835
81884
81974
82024
82073
82123
82173
82222
82272
82323
82372
82422
82471
82521
82570
82620
82669
82718
82766
82815
82864
82912
82961
83011
83060
83110
83159
83208
83258
83389
83479
83529
83579
83629
83679
83729
83779
83828
83878
83927
83977
84026
84075
84123
84173
84222
84271
84321
84370
84420
84469
84518
84568
84617
84666
84715
84764
84812
84860
84949
84998
85047
85096
85144
85193
85241
85290
85338
85387
85477
85526
85575
85624
85715
85764
85854
85903
85953
86002
86051
86101
86150
86200
86249
86299
86348
86398
