0.471521
0.471521
0.471521
0.471521
0.471521
0.471521
3.34628
0.471521
0.471521
0.471521
0.471521
0.471521
0.471521
0.471521
0.471521
0.471521
0.471521
0.471521
0.471521
0.471521
0.471521
0.471521
0.471521
0.471521
0.471521
0.471521
0.471521
0.471521
0.471521
0.471521
0.471521
0.471521
0.471521
0.471521
0.471521
0.471521
0.471521
0.471521
0.471521
0.471521
0.471521
0.471521
0.471521
0.471521
1.59709
0.471521
0.471521
0.471521
0.471521
0.471521
0.471521
0.471521
0.471521
0.471521
0.471521
0.471521
0.471521
0.471521
0.471521
0.471521
0.471521
0.471521
0.471521
0.471521
0.471521
0.471521
0.471521
0.471521
0.471521
0.471521
0.471521
0.471521
0.471521
0.471521
0.471521
0.471521
0.471521
0.471521
0.471521
0.471521
0.471521
0.471521
0.471521
0.471521
0.471521
0.471521
0.471521
0.471521
0.471521
0.471521
0.471521
0.471521
0.471521
0.471521
0.471521
0.471521
0.471521
0.471521
0.471521
0.471521
0.471521
0.471521
0.471521
0.471521
0.471521
0.471521
0.471521
0.471521
0.471521
0.471521
0.471521
0.471521
0.471521
0.471521
0.471521
0.471521
0.471521
0.471521
0.471521
0.471521
0.471521
0.471521
0.471521
0.471521
0.471521
0.471521
0.471521
0.471521
0.471521
0.471521
0.471521
0.471521
0.471521
0.471521
0.471521
0.471521
0.471521
0.471521
0.471521
0.471521
0.471521
0.471521
0.471521
0.471521
0.471521
0.471521
0.471521
0.471521
0.471521
0.471521
0.471521
0.471521
0.471521
0.471521
0.471521
0.471521
0.471521
0.471521
0.471521
0.471521
0.471521
0.471521
0.471521
0.471521
0.471521
0.471521
0.471521
0.471521
0.471521
0.471521
0.471521
0.471521
0.471521
0.471521
0.471521
0.471521
0.471521
0.471521
0.471521
0.471521
0.471521
0.471521
0.471521
0.471521
0.471521
0.471521
0.471521
0.471521
0.471521
0.471521
0.471521
0.471521
0.471521
0.471521
0.471521
0.471521
0.471521
0.471521
0.471521
0.471521
0.471521
0.471521
0.471521
0.471521
0.471521
0.471521
0.471521
0.471521
0.471521
0.471521
0.471521
0.471521
0.471521
0.471521
0.471521
0.471521
0.471521
0.471521
0.471521
0.471521
0.471521
0.471521
0.471521
0.471521
0.471521
0.471521
0.471521
0.471521
0.471521
0.471521
0.471521
0.471521
0.471521
0.471521
0.471521
0.471521
0.471521
0.471521
0.471521
0.471521
0.471521
0.471521
0.471521
0.471521
0.471521
0.471521
0.471521
0.471521
0.471521
0.471521
0.471521
0.471521
0.471521
0.471521
0.471521
0.471521
0.471521
0.471521
0.471521
0.471521
0.471521
0.471521
0.471521
0.471521
0.471521
0.471521
0.471521
0.471521
0.471521
0.471521
0.471521
0.471521
0.471521
0.471521
0.471521
0.471521
0.471521
0.471521
0.471521
0.471521
0.471521
0.471521
0.471521
0.471521
0.471521
0.471521
0.471521
0.471521
0.471521
0.471521
0.471521
0.471521
0.471521
0.471521
0.471521
0.471521
0.471521
0.471521
0.471521
0.471521
0.471521
0.471521
0.471521
0.471521
0.471521
0.471521
0.471521
0.471521
0.471521
0.471521
0.471521
0.471521
0.471521
0.471521
0.471521
0.471521
0.471521
0.471521
0.471521
0.471521
0.471521
0.471521
0.471521
0.471521
0.471521
0.471521
0.471521
0.471521
0.471521
0.471521
0.471521
0.471521
0.471521
0.471521
0.471521
0.471521
0.471521
0.471521
0.471521
0.471521
0.471521
0.471521
0.471521
0.471521
0.471521
0.471521
0.471521
0.471521
0.471521
0.471521
0.471521
0.471521
0.471521
0.471521
0.471521
0.471521
0.471521
0.471521
0.471521
0.471521
0.471521
0.471521
0.471521
0.471521
0.471521
0.471521
0.471521
0.471521
0.471521
0.471521
0.471521
0.471521
0.471521
0.471521
0.471521
0.471521
0.471521
0.471521
0.471521
0.471521
0.471521
0.471521
0.471521
0.471521
0.471521
0.471521
0.471521
0.471521
0.471521
0.471521
0.471521
0.471521
0.471521
0.471521
0.471521
0.471521
0.471521
0.471521
0.471521
0.471521
0.471521
0.501942
0.501942
0.471521
0.471521
0.471521
0.471521
0.471521
0.471521
0.471521
0.471521
0.471521
0.471521
0.471521
0.471521
0.471521
0.471521
0.471521
0.471521
0.471521
0.471521
0.471521
0.471521
0.471521
0.471521
0.471521
0.471521
0.471521
0.471521
0.471521
0.471521
0.471521
0.471521
0.471521
0.471521
0.471521
0.471521
0.471521
0.471521
0.471521
0.471521
0.471521
0.471521
0.471521
0.471521
0.471521
0.471521
0.471521
0.471521
0.471521
0.471521
0.471521
0.471521
0.471521
0.471521
0.471521
0.471521
0.471521
0.471521
1.3233
0.471521
0.471521
0.471521
0.471521
0.471521
3.71133
3.71133
0.471521
0.471521
0.471521
0.471521
0.471521
3.71133
3.71133
3.71133
3.71133
3.71133
0.471521
0.471521
0.471521
0.471521
0.471521
3.65049
0.471521
0.471521
0.471521
0.471521
0.471521
0.471521
0.471521
0.471521
0.471521
0.471521
0.471521
0.471521
3.16376
0.471521
0.471521
0.471521
0.471521
0.471521
0.471521
0.471521
3.71133
3.71133
3.71133
3.71133
3.71133
6.81424
6.81424
6.81424
6.81424
4.88253
4.88253
6.61651
6.66214
6.61651
5.36926
2.2055
0.471521
0.471521
3.60486
3.60486
7.11845
7.11845
7.10324
10.2062
6.79903
6.79903
3.65049
3.60486
3.60486
3.60486
3.60486
0.471521
0.471521
5.4301
0.471521
3.8178
3.8178
3.23981
0.471521
0.471521
0.471521
0.471521
3.16376
0.577994
0.577994
0.471521
0.471521
0.471521
3.65049
3.65049
3.65049
3.65049
4.27411
6.82945
6.82945
5.04984
0.471521
3.16376
3.16376
0.471521
0.471521
0.471521
0.471521
10.2062
7.01198
7.01198
0.471521
6.52525
5.21715
3.40712
0.471521
0.471521
0.471521
0.471521
1.33851
4.5479
3.71133
3.71133
5.47573
7.74208
7.74208
3.71133
0.471521
1.79482
1.7644
1.7644
2.44887
2.44887
4.76084
10.9971
5.77994
6.19062
6.19062
6.81424
5.7191
5.7191
2.2055
2.2055
2.25113
2.2055
2.02298
5.4301
8.54822
8.54822
5.4301
3.49838
3.49838
3.49838
0.471521
3.60486
3.60486
6.81424
6.81424
3.60486
4.50227
4.24369
10.6473
10.6473
7.30098
4.18285
7.28577
6.46441
4.68479
1.59709
1.59709
4.50227
4.989
7.9246
12.1531
9.21748
7.9246
7.9246
9.71942
11.9553
9.12622
9.12622
6.00809
2.7835
0.471521
3.89385
3.89385
3.93948
7.10324
10.2062
7.01198
7.01198
7.01198
2.7835
3.89385
5.73431
8.60907
11.7728
13.522
13.5676
11.788
11.788
14.9974
13.157
11.3926
7.98544
8.00065
3.71133
3.71133
5.26279
5.44531
11.6055
6.3123
9.35437
9.35437
3.89385
2.02298
4.71521
5.18673
5.1411
5.18673
5.1411
11.788
11.788
11.788
11.788
11.788
11.788
5.26279
6.81424
6.81424
3.71133
4.989
8.06149
1.7644
11.2405
1.7644
0.471521
6.46441
6.46441
6.46441
2.2055
2.2055
0.471521
0.471521
10.0541
11.3469
11.0731
6.51004
10.6016
9.56732
4.60874
4.60874
5.04984
8.16797
10.9515
7.10324
7.30098
4.18285
8.53302
6.63172
1.93172
4.07638
4.07638
4.24369
5.15631
5.15631
5.15631
5.15631
6.8903
7.98544
4.76084
4.76084
4.76084
10.845
5.04984
4.16764
4.16764
4.16764
3.02686
5.97767
7.71166
9.84111
10.7233
9.84111
0.471521
0.471521
3.89385
3.89385
3.89385
3.89385
3.89385
10.2062
6.40356
0.471521
3.89385
5.36926
0.471521
0.471521
3.65049
0.471521
3.65049
7.01198
7.01198
10.2366
9.5369
9.5369
5.93204
6.55567
6.35793
3.71133
3.71133
4.80648
4.65437
4.65437
4.65437
4.65437
4.65437
3.60486
3.60486
3.60486
3.60486
3.65049
3.75696
3.65049
0.471521
0.471521
0.471521
0.471521
0.471521
1.7644
1.7644
3.49838
6.72298
5.4301
9.61295
4.76084
4.76084
4.76084
4.76084
4.1068
4.1068
4.1068
0.882201
4.00033
4.82169
9.32395
9.84111
2.61618
3.55923
0.882201
0.882201
0.882201
0.471521
1.33851
1.33851
1.33851
4.50227
3.60486
3.60486
6.81424
6.81424
6.81424
4.65437
1.53625
4.989
4.989
4.989
8.10712
3.96991
5.18673
11.0579
11.0579
10.7994
6.79903
3.71133
6.79903
6.81424
6.81424
6.81424
3.60486
5.36926
5.32363
5.32363
5.32363
5.32363
3.60486
3.65049
3.65049
6.44919
9.29353
6.17541
5.21715
1.56667
1.56667
1.56667
1.56667
0.471521
0.471521
0.471521
0.471521
0.471521
0.471521
1.7644
1.7644
4.88253
7.30098
7.30098
7.30098
7.30098
7.30098
7.30098
4.88253
1.7644
1.7644
3.60486
3.60486
3.60486
3.60486
3.60486
0.471521
0.471521
1.3233
1.3233
0.471521
0.471521
0.471521
0.471521
0.471521
3.60486
3.60486
3.65049
6.79903
6.79903
6.79903
3.60486
1.33851
3.34628
3.34628
3.34628
0.471521
3.89385
3.34628
3.34628
0.471521
0.471521
0.471521
0.684466
0.684466
3.75696
6.06894
5.90162
5.90162
2.7835
5.90162
9.15664
4.45664
4.45664
4.45664
4.45664
4.45664
4.45664
7.27056
4.45664
4.88253
2.85955
4.19806
1.53625
1.53625
4.22848
4.22848
7.52913
4.82169
4.82169
4.82169
4.82169
4.62395
4.62395
1.70356
1.70356
1.70356
1.70356
1.93172
2.03819
5.29321
5.18673
5.01942
1.7644
3.49838
4.45664
4.48706
4.48706
4.48706
9.44564
6.41877
9.5369
4.88253
4.88253
4.88253
6.61651
6.61651
1.7644
1.7644
1.7644
1.7644
1.79482
2.66181
2.66181
2.66181
2.63139
1.33851
0.471521
0.471521
2.54013
2.54013
2.54013
5.23237
5.23237
2.54013
2.54013
2.54013
2.54013
2.54013
2.54013
5.23237
5.23237
2.54013
5.23237
2.54013
8.86764
5.77994
5.77994
5.77994
8.97412
8.88285
5.77994
6.85987
6.85987
6.25146
5.15631
5.77994
5.70389
3.71133
4.80648
4.80648
4.80648
1.56667
1.56667
1.56667
0.471521
0.471521
0.471521
2.7835
2.7835
2.7835
0.471521
3.60486
1.7644
1.7644
4.88253
1.7644
1.7644
1.79482
1.79482
1.79482
1.79482
1.79482
1.79482
1.79482
1.79482
1.79482
1.79482
1.79482
1.79482
4.88253
5.18673
5.18673
6.05373
4.76084
1.33851
1.33851
2.25113
3.13334
5.97767
9.67379
3.54402
3.49838
3.0877
3.0877
8.54822
5.4301
3.71133
3.71133
3.71133
3.71133
5.59741
8.85243
3.89385
4.71521
1.49062
0.684466
0.684466
0.638835
0.471521
0.699677
9.978
13.4612
13.6893
10.2366
10.2366
14.7845
14.7845
14.8605
16.701
16.701
16.123
16.0621
16.0621
12.944
12.944
15.9709
12.944
12.944
12.944
12.944
12.944
12.5181
12.5181
13.6285
10.0997
13.0961
18.7544
15.8948
13.3547
14.7541
14.7541
17.6744
21.9638
21.9638
21.5835
21.5987
21.4922
18.1916
16.2751
20.4732
20.61
18.0699
17.9026
21.188
18.1764
21.3858
21.2793
18.3741
18.4045
19.089
14.7845
13.6285
13.6893
16.7922
19.8952
27.5916
24.6712
18.8456
18.8456
23.1198
21.477
24.9146
13.7958
11.4686
15.3016
25.1884
25.2188
25.0363
19.0434
19.1042
9.5369
7.11845
10.1757
11.5599
11.8032
14.3282
14.4042
11.4534
11.2709
11.2405
14.2065
12.5029
12.5333
9.32395
10.921
15.2104
14.6172
12.1835
9.08059
9.14143
8.71554
8.74596
7.83334
21.9333
15.7884
15.7884
16.99
25.6751
22.9372
23.3783
27.257
21.0511
25.3405
25.1732
18.3285
15.1952
23.4696
17.0812
17.0812
22.8003
22.6482
16.5185
16.8075
17.2333
18.6327
13.9023
15.3625
24.5952
28.3217
25.0058
19.8647
21.69
18.4502
11.0123
15.1647
11.6664
11.6664
9.43043
9.41522
18.8304
18.7848
19.2107
12.8528
20.7774
20.4123
18.9977
14.3434
13.6133
13.6133
15.6515
15.7123
13.3699
13.3547
13.3699
10.3583
15.1952
15.1952
18.4045
15.0887
15.0278
10.4952
10.4952
10.0236
12.9744
9.87153
15.1191
14.9214
16.7314
19.1499
15.0278
15.1191
16.8531
15.0887
15.043
4.00033
1.33851
1.33851
0.471521
5.7191
5.73431
5.90162
5.90162
21.8725
10.7994
10.8754
10.9819
11.8185
12.29
11.8945
9.30874
14.2065
11.8032
12.7311
15.0735
15.0735
11.6816
8.42654
13.1265
9.99321
10.7841
1.11036
7.11845
0.638835
0.638835
0.638835
0.638835
0.471521
3.60486
3.60486
8.68512
8.68512
8.79159
12.2139
14.1913
11.2709
15.043
13.7197
10.4952
5.73431
5.73431
5.73431
8.42654
8.2136
8.0767
6.26667
8.10712
14.3738
17.4311
21.9486
28.1088
24.0628
22.8003
23.9867
23.9259
26.3596
26.5725
24.002
28.6107
17.5984
19.9408
18.146
16.8531
16.8075
21.3097
23.3631
19.3932
19.1194
12.6702
12.655
8.12234
18.7848
28.2456
30.588
33.478
32.5198
21.5531
21.6291
24.9906
21.7356
19.9712
16.9443
17.0204
17.8874
19.3172
22.2223
21.188
17.4311
23.6977
22.2223
23.8651
26.1162
31.7288
37.9651
34.4058
37.5848
32.9913
34.0256
32.7935
32.7935
39.912
33.3563
38.8169
35.9269
36.2007
38.2541
42.9084
44.6576
43.4408
43.4712
42.5586
37.7521
37.1437
39.9424
35.1207
35.6987
26.466
26.4965
29.2952
27.6981
30.8466
32.8088
32.9152
36.7026
35.6379
35.7444
36.1246
38.0259
38.1172
33.8279
33.8583
27.3787
21.2489
25.7512
25.9033
18.4806
14.5563
14.5563
14.5107
13.9327
13.9327
11.5599
8.48738
11.5295
8.50259
4.06117
4.06117
4.06117
4.06117
4.06117
4.06117
4.06117
3.96991
3.96991
8.71554
8.71554
8.68512
8.68512
12.077
0.973463
4.06117
10.2822
7.40745
7.40745
0.973463
0.973463
0.943043
0.943043
0.943043
0.471521
0.471521
0.471521
6.81424
6.81424
8.54822
8.54822
8.50259
5.56699
5.56699
5.61262
5.61262
5.61262
3.87864
3.87864
3.87864
3.83301
3.83301
0.471521
0.471521
0.471521
0.471521
0.471521
4.79126
4.79126
4.79126
4.79126
3.34628
4.92816
6.63172
3.83301
5.61262
3.87864
3.87864
3.87864
0.471521
0.471521
0.471521
0.471521
3.16376
3.16376
0.471521
0.471521
0.471521
0.471521
0.471521
0.471521
0.471521
0.471521
0.471521
3.34628
3.34628
3.34628
3.34628
0.471521
0.471521
0.471521
0.684466
0.684466
0.684466
0.684466
0.684466
0.684466
0.684466
0.684466
0.684466
0.684466
0.684466
0.684466
0.684466
1.11036
1.11036
1.11036
1.11036
1.11036
4.1068
0.638835
0.638835
0.638835
0.684466
0.471521
0.471521
0.471521
0.471521
0.471521
0.471521
0.471521
0.471521
0.471521
0.471521
0.471521
0.471521
0.471521
0.471521
0.471521
0.471521
0.471521
0.471521
0.471521
0.471521
0.471521
0.471521
0.471521
0.471521
0.471521
0.471521
0.471521
0.471521
0.471521
0.471521
0.471521
0.471521
0.471521
0.471521
0.471521
0.471521
0.471521
0.471521
0.471521
0.471521
0.471521
0.471521
0.471521
