19
67
116
164
213
262
310
359
407
497
547
596
646
695
743
833
881
930
979
1029
1079
1172
1223
1274
1449
1499
1549
1599
1648
1697
1746
1794
1843
1892
1941
1991
2040
2090
2180
2228
2277
2325
2374
2423
2471
2521
2571
2621
2671
2720
2769
2817
2866
2915
2965
3014
3064
3114
3163
3213
3262
3312
3361
3410
3458
3507
3555
3731
3781
3873
3922
3971
4019
4108
4157
4205
4254
4303
4353
4402
4452
4542
4633
4682
4773
4822
4871
4919
4967
5016
5065
5113
5162
5211
5302
5434
5483
5533
5582
5631
5681
5730
5779
5827
5876
5925
5975
6065
6115
6164
6213
6262
6311
6361
6451
6501
6592
6641
6691
6740
6790
6921
6969
7018
7107
7156
7206
7256
7304
7353
7483
7531
7580
7630
7679
7770
7819
7869
7958
8006
8055
8103
8152
8201
8250
8300
8349
8399
8449
8499
8547
8596
8644
8693
8741
8790
8839
8889
8938
8988
9079
9129
9179
9227
9276
9324
9373
9421
9470
9518
9568
9617
9667
9716
9766
9815
9865
9914
9962
10011
10060
10108
10157
10206
10256
10306
10396
10486
10536
10586
10635
10684
10734
10783
10833
10882
10932
10983
11033
11083
11133
11183
11231
11281
11330
11379
11429
11519
11569
11617
11666
11714
11763
11811
11861
11910
11959
12009
12058
12107
12156
12205
12254
12343
12392
12440
12489
12537
12586
12676
12725
12775
12824
12915
12964
13013
13064
13114
13164
13215
13265
13315
13364
13414
13463
13513
13562
13611
13661
13710
13760
13810
13900
13950
13999
14049
14098
14148
14198
14248
14297
14346
14435
14483
14532
14580
14628
14677
14725
14775
14824
14873
14923
14972
15022
15071
15120
15169
15219
15268
15318
15367
15417
15466
15515
15565
15614
15664
15713
15804
15853
15902
15952
16001
16050
16098
16147
16195
16244
16293
16341
16390
16439
16488
16538
16628
16677
16726
16775
16865
16913
17003
17053
17144
17194
17244
17336
17385
17434
17564
17613
17661
17710
17759
17808
17856
17905
17954
18003
18051
18100
18148
18197
18245
18293
18342
18390
18439
18488
18538
18586
18635
18683
18732
18781
18829
18920
18970
19019
19069
19118
19168
19217
19308
19357
19407
19456
19505
19555
19604
19653
19703
19752
19802
19851
19901
19991
20040
20090
20139
20189
20238
20288
20337
20386
20477
20526
20576
20625
20675
20724
20773
20821
20870
20918
20967
21017
21066
21116
21165
21214
21264
21314
21362
21411
21459
21548
21640
21688
21737
21786
21834
21883
21932
21980
22029
22077
22126
22174
22223
22273
22321
22370
22418
22467
22515
22564
22697
22747
22798
22848
22897
22945
22994
23043
23092
23141
23189
23322
23372
23422
23472
23522
23571
23619
23668
23716
23765
23813
23862
23911
23960
24010
24060
24109
24159
24249
24298
24347
24436
24485
24534
24583
24672
24721
24769
24818
24908
24957
25006
25056
25105
25195
25244
25292
25381
25429
25520
25568
25617
25665
25755
25804
25854
25903
25953
26002
26051
26100
26150
26240
26290
26381
26430
26480
26530
26619
26748
26797
26846
26894
26943
26992
27041
27130
27179
27228
27277
27368
27417
27467
27516
27566
27614
27663
27752
27801
27850
27898
27946
27996
28045
28094
28144
28193
28242
28291
28341
28390
28439
28489
28538
28628
28678
28728
28777
28867
28916
28965
29014
29063
29112
29282
29372
29422
29471
29521
29611
29660
29750
29841
29889
29937
29986
30034
30083
30131
30220
30269
30317
30366
30414
30462
30511
30559
30607
30655
30705
30756
30847
30897
30947
31037
31086
31135
31185
31275
31325
31416
31466
31514
31564
31613
31662
31712
31802
31852
31901
31951
32000
32050
32100
32149
32199
32249
32298
32348
32398
32447
32496
32545
32635
32684
32734
32783
32832
32881
32931
32980
33070
33119
33167
33217
33348
33397
33446
33495
33543
33592
33640
33729
33777
33827
33877
33968
34061
34112
34163
34214
34263
34312
34361
34411
34460
34550
34639
34688
34737
34785
34916
34965
35014
35063
35112
35202
35251
35299
35348
35397
35445
35534
35623
35672
35722
35771
35820
35911
35959
36008
36057
36105
36154
36202
36250
36299
36347
36397
36446
36495
36544
36593
36642
36733
36783
36832
36922
36971
37021
37070
37159
37207
37256
37306
37396
37445
37495
37544
37593
37643
37692
37740
37788
37837
37887
37937
38029
38079
38129
38178
38267
38356
38405
38454
38503
38593
38642
38692
38741
38790
38840
38888
38936
38985
39033
39082
39130
39179
39228
39276
39325
39373
39422
39470
39518
39567
39656
39706
39755
39805
39854
39904
39953
40084
40134
40183
40233
40282
40331
40381
40471
40520
40569
40618
40668
40717
40766
40815
40865
40956
41006
41056
41106
41155
41204
41253
41302
41352
41400
41490
41540
41589
41639
41688
41738
41787
41836
41885
41934
41984
42033
42082
42130
42180
42229
42278
42368
42416
42464
42554
42644
42735
42784
42833
42924
43053
43101
43150
43198
43288
43337
43386
43435
43484
43534
43583
43674
43723
43773
43822
43871
43921
43970
44019
44068
44118
44208
44257
44307
44356
44405
44454
44503
44552
44600
44649
44697
44747
44797
44847
44897
44947
44997
45046
45095
45145
45194
45243
45292
45341
45390
45480
45530
45579
45627
45839
45887
45937
45986
46035
46085
46134
46184
46233
46282
46332
46381
46471
46520
46611
46659
46708
46839
46888
46937
46987
47037
47129
47302
47351
47400
47448
47497
47545
47634
47683
47733
47904
47954
48044
48175
48265
48354
48404
48453
48544
48634
48683
48773
48822
48872
48921
48971
49020
49069
49118
49168
49217
49266
49316
49365
49455
49505
49554
49603
49653
49702
49751
49800
49849
49897
49945
49994
50042
50092
50141
50190
50238
50328
50417
50507
50557
50606
50655
50705
50754
50803
50853
50902
50951
51000
51049
51098
51147
51239
51289
51339
51388
51438
51487
51536
51585
51635
51684
51733
51782
51832
51881
51930
51979
52028
52078
52127
52217
52267
52317
52366
52416
52465
52514
52563
52613
52703
52752
52842
52892
52942
52991
53041
53091
53141
53190
53240
53289
53381
53430
53480
53529
53579
53628
53677
53727
53776
53866
53998
54048
54097
54145
54234
54282
54330
54379
54428
54517
54565
54614
54663
54711
54759
54848
54896
54985
55034
55082
55212
55261
55352
55401
55450
55500
55549
55599
55648
55698
55748
55797
55848
55897
55989
56039
56089
56137
56186
56234
56284
56374
56423
56473
56522
56572
56661
56710
56758
56808
56858
56908
56958
57008
57058
57108
57158
57207
57257
57306
57396
57445
57494
57542
57591
57640
57689
57738
57788
57837
57886
57936
58067
58198
58246
58294
58343
58391
58521
58570
58618
58667
58716
58764
58813
58861
58910
58958
59048
59098
59148
59197
59287
59337
59386
59435
59483
59532
59622
59671
59719
59769
59819
59868
59959
60049
60139
60188
60237
60287
60377
60426
60476
60525
60575
60624
60715
60765
60855
60904
60953
61002
61093
61142
61191
61240
61288
61377
61467
61516
61566
61616
61666
61798
61848
61898
61948
61997
62046
62095
62145
62194
62242
62291
62340
62429
62477
62526
62617
62667
62716
62765
62813
62862
62911
62960
63008
63058
63107
63238
63288
63337
63386
63435
63485
63534
63583
63632
63681
63729
63777
63826
63874
63922
64013
64103
64153
64202
64252
64302
64352
64402
64493
64543
64592
64641
64732
64863
64912
65004
65053
65103
65153
65243
65292
65381
65430
65478
65527
65575
65705
65754
65804
65894
65943
65993
66042
66133
66266
66397
66447
66496
66586
66635
66684
66774
66822
66871
66920
66969
67017
67065
67114
67163
67252
67301
67350
67400
67448
67497
67545
67594
67643
67692
67865
67915
67964
68014
68064
68113
68162
68211
68261
68351
68400
68448
68538
68586
68635
68683
68732
68782
68832
68883
68974
69025
69074
69124
69173
69223
69271
69319
69449
69497
69546
69594
69643
69732
69781
69829
69878
69926
69975
70023
70072
70120
70169
70258
70307
70355
70403
70452
70501
70549
70598
70646
70695
70744
70792
70841
70890
70939
70988
71038
71128
71178
71227
71277
71328
71379
71429
71479
71528
71576
71625
71716
71765
71854
71903
71994
72044
72094
72144
72235
72285
72376
72426
72475
72524
72574
72705
72753
72842
72891
72940
72989
73037
73086
73134
73182
73231
73319
73368
73457
73505
73554
73603
73651
73742
73792
73841
73931
73980
74029
74078
74250
74299
74349
74399
74447
74536
74585
74633
74682
74731
74779
74869
74918
74967
75017
75107
75156
75206
75255
75305
75354
75404
75453
75502
75552
75601
75649
75738
75787
75835
75884
75973
76023
76072
76122
76171
76261
76311
76360
76449
76498
76546
76595
76685
76734
76783
76832
76882
76972
77021
77112
77161
77211
77260
77351
77400
77450
77499
77549
77639
77689
77738
77829
77961
78011
78142
78191
78363
78411
78460
78508
78556
78605
78695
78745
78876
78926
78974
79022
79071
79119
79168
79216
79265
79314
79445
79495
79544
79593
79642
79773
79823
79872
79963
80012
80061
80111
80159
80208
80256
80304
80353
80401
80450
80499
80548
80598
80647
80696
80745
80794
80883
80931
80979
81028
81117
81165
81214
81262
81351
81400
81449
81538
81627
81675
81723
81773
81863
81913
81962
82011
82060
82109
82157
82207
82257
82307
82439
82488
82536
82586
82635
82685
82775
82906
82954
83002
83051
83099
83147
83238
83287
83335
83384
83432
83481
83612
83661
83711
83760
83851
83900
83950
83999
84048
84097
84146
84197
84247
84297
84347
84396
84445
84493
84542
84590
84639
84687
84736
84825
84874
84963
85012
85062
85110
85159
85248
85296
85345
85393
85442
85491
85539
85629
85677
85726
85775
85824
85874
85923
85973
86063
86154
86202
86250
86299
86388
