22
70
119
167
215
264
312
361
411
460
509
558
608
657
707
756
805
854
903
951
1000
1048
1097
1146
1196
1245
1293
1342
1390
1438
1487
1536
1584
1633
1682
1730
1779
1828
1877
1925
1973
2022
2070
2120
2169
2218
2268
2316
2365
2413
2462
2511
2559
2608
2657
2707
2757
2806
2856
2905
2955
3004
3052
3101
3149
3197
3247
3296
3345
3394
3444
3493
3542
3592
3642
3692
3743
3793
3843
3893
3942
3991
4040
4089
4139
4188
4237
4286
4336
4385
4434
4484
4534
4582
4631
4679
4728
4776
4825
4874
4923
4973
5022
5071
5120
5169
5219
5268
5317
5366
5416
5466
5515
5564
5613
5663
5712
5761
5811
5860
5909
5959
6008
6058
6107
6157
6206
6256
6305
6355
6403
6453
6502
6551
6600
6650
6698
6747
6795
6843
6892
6941
6990
7039
7089
7138
7187
7237
7286
7335
7385
7434
7483
7532
7582
7631
7679
7729
7779
7828
7878
7927
7977
8026
8075
8123
8172
8221
8269
8318
8367
8416
8466
8516
8566
8616
8666
8716
8766
8815
8863
8912
8961
9011
9060
9109
9158
9208
9257
9306
9356
9405
9453
9501
9550
9598
9647
9697
9746
9796
9846
9895
9944
9993
10041
10089
10138
10186
10235
10283
10332
10381
10470
10519
10567
10615
10664
10712
10761
10809
10857
10906
10954
11004
11053
11102
11150
11199
11247
11296
11344
11393
11441
11489
11538
11586
11635
11683
11732
11780
11828
11877
11925
11973
12022
12071
12121
12170
12220
12269
12319
12368
12417
12467
12516
12565
12613
12661
12710
12758
12806
12855
12905
12954
13003
13053
13102
13151
13201
13251
13301
13351
13400
13450
13500
13549
13598
13648
13697
13747
13796
13845
13893
13942
13991
14040
14089
14137
14187
14236
14286
14335
14385
14434
14483
14532
14580
14629
14678
14726
14776
14826
14875
14925
14975
15025
15074
15123
15172
15220
15269
15317
15366
15414
15464
15513
15563
15612
15662
15711
15760
15808
15856
15905
15953
16001
16050
16098
16146
16195
16243
16292
16340
16389
16437
16486
16535
16584
16633
16683
16732
16781
16831
16880
16930
16979
17029
17078
17127
17176
17224
17273
17321
17370
17418
17466
17516
17566
17615
17664
17714
17763
17812
17862
17910
17959
18007
18056
18104
18153
18203
18252
18302
18351
18400
18448
18496
18545
18593
18642
18691
18740
18789
18838
18886
18935
18983
19032
19080
19129
19178
19227
19275
19324
19373
19422
19471
19521
19570
19619
19669
19718
19767
19817
19866
19916
19965
20015
20064
20114
20163
20212
20262
20311
20360
20410
20459
20508
20556
20605
20653
20702
20750
20799
20848
20897
20946
20995
21043
21092
21141
21189
21237
21286
21334
21383
21431
21480
21528
21577
21626
21675
21724
21774
21823
21872
21922
21971
22020
22070
22119
22168
22216
22265
22313
22362
22410
22460
22510
22560
22609
22659
22709
22758
22808
22857
22907
22956
23005
23055
23104
23153
23202
23251
23300
23350
23399
23448
23497
23546
23596
23645
23694
23744
23793
23842
23892
23940
23989
24037
24086
24135
24183
24233
24282
24331
24380
24430
24479
24529
24578
24628
24677
24726
24775
24824
24874
24925
24974
25023
25072
25122
25171
25220
25270
25320
25369
25418
25468
25517
25567
25616
25666
25715
25764
25813
25863
25913
25963
26013
26063
26113
26162
26210
26258
26308
26358
26409
26459
26507
26555
26604
26652
26700
26749
26798
26847
26897
26946
26996
27044
27093
27141
27190
27239
27288
27336
27385
27434
27483
27532
27582
27631
27681
27730
27779
27829
27877
27926
27974
28023
28071
28121
28171
28220
28270
28319
28369
28418
28468
28517
28566
28615
28665
28714
28763
28811
28861
28910
28959
29009
29057
29105
29154
29203
29251
29299
29349
29399
29449
29500
29550
29600
29650
29699
29747
29796
29844
29893
29941
29990
30038
30088
30137
30186
30235
30285
30334
30384
30434
30484
30534
30584
30634
30683
30733
30783
30833
30883
30933
30982
31032
31082
31132
31181
31231
31281
31329
31378
31426
31476
31526
31577
31627
31677
31726
31775
31825
31874
31923
31973
32022
32071
32121
32170
32219
32268
32318
32367
32416
32466
32516
32566
32616
32665
32715
32764
32813
32862
32912
32961
33010
33059
33108
33158
33207
33255
33304
33352
33400
33449
33497
33547
33637
33686
33734
33783
33831
33880
33928
33978
34028
34079
34129
34179
34229
34278
34327
34376
34426
34475
34524
34572
34621
34669
34717
34766
34814
34863
34911
34960
35009
35057
35106
35154
35203
35253
35303
35353
35403
35454
35504
35554
35603
35653
35702
35752
35800
35849
35897
35945
35994
36042
36090
36139
36187
36236
36284
36334
36383
36433
36483
36533
36582
36631
36681
36730
36780
36829
36878
36926
36974
37024
37073
37122
37172
37221
37270
37320
37369
37419
37468
37518
37567
37616
37665
37714
37763
37813
37862
37911
37960
38009
38059
38108
38157
38206
38256
38305
38353
38402
38450
38499
38547
38596
38644
38692
38742
38791
38841
38890
38939
38989
39038
39087
39136
39185
39235
39284
39333
39382
39431
39479
39528
39577
39625
39674
39722
39771
39819
39867
39916
39964
40013
40062
40112
40161
40209
40257
40306
40354
40403
40452
40501
40549
40598
40647
40695
40744
40793
40842
40892
40940
40989
41037
41085
41134
41182
41231
41281
41330
41379
41428
41477
41525
41573
41622
41670
41718
41768
41817
41866
41915
41965
42014
42063
42112
42162
42211
42260
42309
42359
42408
42457
42507
42556
42605
42654
42704
42753
42802
42852
42901
42951
43000
43050
43100
43149
43199
43248
43298
43348
43398
43447
43497
43546
43595
43643
43691
43739
43788
43836
43886
43935
43985
44033
44082
44130
44179
44227
44276
44324
44374
44422
44471
44520
44568
44617
44665
44715
44764
44814
44863
44912
44962
45011
45061
45110
45160
45210
45259
45308
45358
45407
45456
45506
45555
45604
45653
45703
45753
45803
45853
45903
45953
46002
46051
46101
46150
46200
46249
46299
46348
46398
46448
46498
46548
46598
46648
46697
46747
46796
46846
46896
46946
46995
47044
47094
47142
47191
47239
47288
47336
47385
47433
47481
47530
47578
47626
47675
47723
47772
47822
47871
47920
47969
48019
48068
48117
48167
48216
48266
48316
48365
48413
48462
48510
48559
48607
48656
48706
48755
48804
48854
48903
48952
49002
49050
49098
49147
49195
49244
49292
49340
49389
49438
49487
49536
49586
49635
49684
49733
49782
49830
49878
49926
49975
50023
50071
50120
50169
50218
50267
50317
50366
50415
50464
50514
50563
50613
50663
50712
50762
50812
50860
50909
50959
51008
51057
51106
51156
51205
51254
51303
51353
51403
51452
51501
51550
51599
51690
51738
51787
51835
51884
51933
51981
52030
52080
52129
52177
52226
52274
52322
52371
52419
52468
52517
52566
52614
52663
52712
52760
52809
52858
52907
52957
53006
53055
53104
53154
53203
53252
53300
53349
53397
53446
53495
53543
53592
53640
53689
53737
53786
53834
53883
53931
53980
54028
54077
54125
54174
54223
54272
54321
54369
54418
54467
54515
54564
54612
54661
54709
54758
54806
54855
54905
54954
55003
55053
55102
55151
55200
55248
55298
55348
55398
55448
55498
55548
55597
55647
55696
55745
55794
55843
55891
55940
55988
56037
56085
56135
56183
56232
56280
56329
56377
56426
56474
56524
56573
56623
56672
56722
56771
56821
56870
56920
56969
57019
57068
57117
57165
57215
57264
57313
57363
57412
57461
57509
57558
57606
57655
57703
57751
57800
57848
57897
57947
57996
58046
58095
58144
58194
58242
58292
58342
58392
58442
58493
58543
58591
58639
58688
58736
58785
58833
58882
58932
58981
59030
59079
59129
59178
59227
59276
59326
59375
59424
59474
59524
59574
59624
59674
59723
59773
59823
59873
59922
59972
60021
60071
60120
60170
60219
60268
60317
60365
60414
60464
60513
60563
60612
60662
60711
60760
60808
60858
60907
60957
61007
61057
61106
61155
61203
61252
61300
61348
61397
61445
61494
61544
61592
61641
61689
61737
61786
61834
61884
61933
61982
62031
62081
62130
62179
62227
62276
62325
62373
62422
62471
62520
62570
62619
62668
62717
62766
62815
62863
62912
62960
63008
63057
63107
63157
63206
63256
63306
63356
63404
63452
63501
63549
63597
63646
63695
63744
63793
63843
63892
63941
63991
64040
64089
64138
64188
64237
64286
64335
64385
64434
64484
64533
64583
64632
64682
64731
64781
64829
64878
64926
64974
65023
65071
65120
65169
65218
65267
65317
65366
65415
65464
65514
65562
65611
65659
65707
65756
65804
65852
65901
65951
66000
66050
66099
66149
66199
66248
66297
66346
66396
66445
66494
66544
66592
66640
66689
66737
66786
66834
66884
66933
66982
67032
67081
67130
67179
67229
67278
67327
67376
67425
67475
67524
67573
67622
67670
67719
67767
67816
67866
67915
67965
68015
68064
68114
68162
68211
68260
68308
68357
68405
68454
68503
68553
68603
68653
68702
68752
68802
68851
68901
68950
69000
69049
69098
69147
69196
69245
69295
69344
69393
69442
69492
69540
69588
69637
69686
69736
69786
69835
69885
69934
69984
70033
70083
70133
70183
70232
70281
70330
70379
70429
70478
70526
70574
70623
70671
70720
70768
70816
70865
70913
70962
71010
71059
71108
71158
71208
71257
71307
71356
71405
71454
71504
71553
71603
71653
71702
71752
71800
71850
71899
71949
71999
72049
72097
72146
72194
72243
72291
72340
72388
72437
72486
72535
72584
72634
72683
72733
72783
72832
72881
72931
72980
73029
73079
73127
73175
73224
73272
73321
73369
73418
73467
73517
73567
73617
73666
73715
73764
73814
73863
73912
73961
74009
74058
74106
74155
74203
74253
74302
74351
74400
74450
74499
74548
74598
74647
74697
74746
74796
74845
74895
74944
74993
75042
75092
75141
75191
75240
75289
75339
75387
75435
75484
75532
75581
75629
75678
75727
75776
75825
75875
75924
75973
76022
76072
76121
76170
76219
76268
76318
76367
76416
76466
76516
76565
76615
76665
76715
76764
76814
76864
76913
76962
77012
77061
77110
77160
77211
77259
77308
77356
77404
77453
77501
77550
77600
77648
77697
77745
77793
77842
77890
77940
77989
78038
78088
78137
78186
78235
78284
78332
78381
78429
78477
78526
78574
78623
78672
78720
78769
78817
78866
78914
78963
79012
79061
79111
79160
79209
79258
79307
79355
79404
79454
79503
79552
79602
79651
79701
79749
79797
79846
79894
79943
79991
80041
80089
80138
80187
80236
80284
80333
80382
80430
80478
80527
80576
80624
80673
80722
80770
80819
80867
80915
80964
81012
81062
81111
81160
81210
81259
81308
81357
81406
81454
81503
81552
81602
81651
81701
81750
81799
81849
81898
81948
81997
82047
82096
82145
82194
82242
82292
82341
82390
82440
82489
82538
82587
82635
82684
82732
82780
82829
82878
82927
82977
83026
83075
83125
83174
83223
83272
83322
83371
83420
83469
83517
83567
83617
83667
83716
83766
83816
83905
83953
84002
84050
84099
84147
84195
84244
84292
84340
84389
84437
84487
84536
84586
84635
84685
84734
84783
84833
84883
84933
84982
85032
85082
85130
85179
85228
85276
85325
85373
85422
85470
85519
85567
85616
85664
85713
85761
85809
85858
85907
85957
86006
86056
86105
86155
86205
86255
86304
86354
