23
73
122
172
221
271
321
370
419
469
518
567
616
665
713
761
811
860
910
959
1008
1058
1107
1156
1205
1255
1303
1351
1400
1450
1499
1549
1599
1649
1699
1749
1799
1849
1899
1949
1997
2046
2096
2146
2195
2245
2294
2344
2392
2441
2489
2539
2587
2636
2684
2733
2781
2830
2878
2927
2975
3023
3072
3120
3169
3218
3266
3314
3363
3411
3460
3508
3556
3605
3654
3703
3752
3801
3851
3900
3949
3999
4048
4097
4147
4197
4246
4295
4344
4393
4442
4492
4542
4591
4641
4690
4740
4789
4838
4888
4937
4986
5036
5084
5133
5181
5232
5282
5332
5382
5433
5483
5531
5580
5628
5677
5725
5774
5824
5873
5923
5972
6021
6070
6120
6169
6218
6267
6317
6367
6417
6467
6517
6566
6615
6664
6712
6760
6809
6857
6906
6955
7005
7055
7104
7154
7204
7253
7302
7350
7398
7447
7495
7543
7594
7644
7694
7744
7795
7845
7894
7943
7993
8042
8091
8140
8189
8239
8288
8337
8386
8436
8485
8534
8583
8631
8680
8728
8778
8828
8878
8928
8977
9026
9076
9125
9174
9223
9272
9321
9370
9420
9469
9518
9568
9616
9664
9713
9762
9810
9860
9909
9958
10007
10055
10104
10152
10200
10249
10298
10348
10398
10447
10497
10546
10596
10646
10695
10745
10794
10844
10893
10943
10991
11040
11088
11137
11185
11233
11282
11330
11379
11429
11478
11527
11577
11626
11676
11725
11774
11822
11871
11919
11967
12016
12064
12113
12161
12209
12258
12306
12355
12404
12453
12502
12552
12601
12650
12699
12749
12797
12845
12894
12942
12991
13041
13090
13140
13189
13238
13287
13336
13386
13435
13484
13533
13583
13632
13680
13729
13777
13825
13874
13922
13971
14021
14070
14119
14168
14217
14267
14316
14365
14414
14463
14511
14559
14608
14656
14704
14754
14802
14851
14900
14948
14997
15045
15095
15144
15192
15241
15289
15338
15386
15435
15484
15533
15582
15632
15680
15728
15777
15825
15873
15923
15972
16021
16070
16119
16169
16337
16446
16496
16546
16597
16648
16698
16749
16800
16848
16897
16946
16994
17043
17092
17140
17188
17237
17285
17334
17382
17433
17483
17533
17583
17632
17682
17731
17781
17830
17879
17927
17975
18024
18072
18121
18170
18219
18268
18318
18366
18415
18464
18513
18562
18611
18661
18711
18761
18810
18860
18909
18958
19007
19057
19106
19155
19203
19251
19300
19349
19399
19448
19497
19546
19595
19645
19694
19744
19793
19843
19892
19942
19992
20042
20091
20141
20190
20239
20289
20338
20388
20437
20487
20536
20585
20635
20684
20733
20782
20832
20881
20931
20980
21030
21079
21128
21178
21227
21276
21325
21375
21424
21473
21523
21572
21621
21670
21718
21767
21817
21866
21916
21965
22015
22065
22114
22162
22211
22259
22309
22358
22407
22456
22505
22554
22604
22653
22702
22751
22801
22850
22900
22949
22999
23048
23098
23147
23197
23245
23293
23342
23390
23439
23489
23538
23588
23637
23687
23737
23785
23834
23882
23930
23979
24027
24077
24127
24176
24225
24275
24324
24373
24423
24472
24521
24570
24620
24669
24718
24767
24816
24865
24914
24963
25012
25062
25111
25161
25210
25259
25309
25358
25407
25457
25506
25554
25603
25651
25700
25748
25797
25845
25894
25943
25992
26040
26090
26139
26188
26238
26286
26334
26383
26431
26479
26528
26576
26625
26674
26723
26772
26822
26871
26920
26970
27019
27068
27117
27167
27216
27266
27314
27362
27411
27459
27507
27556
27605
27653
27702
27751
27799
27848
27897
27946
27996
28045
28094
28143
28193
28242
28291
28340
28390
28439
28487
28536
28626
28675
28724
28774
28823
28871
28920
28968
29017
29065
29114
29162
29211
29260
29310
29360
29410
29460
29510
29560
29609
29657
29705
29754
29802
29852
29901
29950
29999
30049
30098
30148
30197
30247
30295
30344
30393
30443
30492
30542
30591
30641
30690
30740
30789
30838
30888
30937
30985
31034
31083
31132
31181
31231
31280
31329
31379
31428
31477
31525
31573
31623
31672
31721
31771
31820
31869
31919
31968
32018
32066
32114
32163
32212
32261
32310
32360
32409
32458
32508
32557
32607
32656
32706
32756
32805
32854
32904
32953
33002
33052
33101
33150
33199
33247
33296
33344
33392
33441
33489
33539
33588
33638
33686
33734
33783
33831
33881
33931
33981
34030
34079
34127
34176
34224
34273
34323
34372
34422
34471
34521
34570
34619
34668
34717
34765
34813
34861
34910
34958
35007
35055
35103
35152
35202
35251
35300
35349
35398
35448
35498
35548
35598
35648
35698
35747
35796
35845
35895
35944
35993
36043
36091
36140
36189
36237
36286
36335
36384
36433
36483
36532
36582
36631
36681
36730
36779
36828
36878
36927
36976
37025
37075
37124
37174
37222
37271
37319
37368
37416
37465
37514
37564
37613
37663
37712
37762
37812
37862
37912
37962
38012
38061
38110
38160
38209
38258
38308
38357
38406
38456
38504
38552
38601
38649
38698
38746
38795
38844
38894
38943
38992
39042
39091
39141
39191
39241
39291
39341
39389
39438
39486
39535
39584
39632
39682
39731
39780
39830
39879
39929
39978
40028
40077
40126
40174
40223
40272
40321
40371
40420
40470
40519
40568
40618
40667
40716
40765
40814
40862
40911
40959
41007
41056
41104
41153
41201
41250
41298
41347
41395
41444
41493
41543
41592
41642
41691
41741
41790
41839
41887
41935
41984
42032
42080
42130
42180
42230
42280
42331
42381
42429
42477
42526
42574
42622
42670
42719
42767
42815
42864
42912
42961
43010
43058
43106
43155
43204
43253
43303
43352
43400
43449
43497
43545
43594
43642
43692
43742
43793
43843
43893
43941
43990
44038
44087
44135
44184
44232
44280
44329
44378
44428
44477
44527
44576
44626
44675
44725
44774
44824
44873
44922
44971
45021
45070
45119
45169
45218
45267
45316
45366
45415
45464
45513
45563
45612
45661
45711
45760
45810
45860
45910
45959
46009
46059
46108
46157
46206
46255
46305
46354
46403
46452
46502
46551
46600
46649
46699
46748
46797
46847
46897
46947
46997
47046
47094
47143
47191
47239
47288
47336
47385
47434
47483
47533
47582
47631
47680
47730
47779
47829
47878
47928
47977
48027
48076
48125
48175
48224
48273
48322
48372
48422
48472
48521
48571
48621
48671
48721
48771
48821
48871
48921
48970
49019
49069
49118
49167
49216
49266
49315
49364
49413
49463
49512
49561
49611
49661
49710
49760
49810
49859
49909
49958
50006
50055
50103
50151
50201
50250
50299
50349
50398
50447
50497
50546
50595
50645
50694
50742
50791
50839
50887
50936
50984
51033
51081
51129
51178
51226
51275
51323
51372
51422
51471
51520
51570
51619
51668
51717
51767
51816
51865
51914
51964
52013
52062
52112
52161
52210
52259
52309
52358
52407
52457
52506
52555
52605
52654
52703
52752
52802
52851
52900
52949
52998
53047
53095
53144
53193
53241
53290
53338
53387
53435
53483
53532
53580
53629
53677
53727
53776
53826
53876
53925
53975
54024
54073
54123
54172
54221
54270
54319
54367
54415
54464
54512
54561
54611
54661
54710
54760
54809
54859
54908
54958
55007
55056
55105
55155
55204
55254
55302
55351
55399
55448
55496
55545
55594
55643
55692
55742
55791
55840
55889
55938
55986
56035
56083
56132
56180
56229
56277
56325
56374
56422
56471
56519
56567
56656
56705
56753
56802
56850
56899
56947
56996
57045
57094
57142
57191
57240
57289
57339
57388
57438
57487
57537
57586
57636
57684
57732
57781
57829
57877
57926
57975
58023
58073
58122
58171
58220
58270
58319
58368
58417
58466
58514
58563
58611
58659
58708
58757
58805
58854
58903
58952
59000
59050
59099
59148
59197
59247
59296
59345
59394
59443
59493
59542
59591
59640
59690
59739
59787
59837
59886
59936
59986
60035
60084
60132
60181
60229
60277
60326
60374
60423
60472
60520
60569
60617
60665
60714
60763
60814
60863
60913
60962
61011
61060
61108
61157
61205
61254
61302
61351
61399
61447
61496
61544
61593
61641
61690
61738
61786
61835
61884
61933
61983
62032
62086
62135
62184
62232
62280
62329
62377
62426
62475
62524
62573
62623
62672
62721
62770
62819
62869
62919
62968
63018
63067
63117
63166
63217
63269
63319
63369
63419
63468
63516
63565
63613
63662
63710
63759
63809
63858
63907
63956
64006
64055
64105
64154
64204
64253
64303
64353
64402
64452
64501
64550
64600
64649
64699
64748
64798
64847
64896
64945
64995
65044
65092
65141
65190
65239
65289
65338
65387
65437
65486
65535
65584
65633
65683
65732
65782
65832
65880
65929
65977
66025
66074
66123
66172
66221
66270
66318
66367
66415
66464
66512
66561
66611
66661
66709
66758
66806
66855
66903
66952
67000
67049
67097
67145
67194
67243
67292
67342
67391
67440
67489
67539
67588
67636
67685
67733
67782
67830
67879
67927
67976
68024
68073
68121
68169
68218
68267
68316
68365
68414
68462
68511
68561
68610
68660
68709
68759
68808
68857
68906
68954
69002
69051
69100
69150
69199
69248
69296
69345
69393
69442
69490
69541
69590
69640
69690
69739
69789
69839
69888
69938
69988
70038
70087
70137
70187
70237
70285
70334
70382
70430
70479
70527
70576
70626
70675
70723
70772
70820
70868
70917
70965
71015
71065
71115
71165
71215
71265
71313
71362
71410
71458
71507
71555
71604
71653
71701
71749
71799
71848
71897
71947
71996
72045
72095
72144
72193
72243
72292
72341
72390
72440
72490
72540
72590
72640
72690
72740
72790
72839
72889
72938
72987
73036
73086
73135
73184
73233
73283
73332
73381
73430
73479
73527
73576
73624
73672
73721
73769
73818
73868
73919
73969
74019
74070
74120
74169
74217
74265
74314
74363
74412
74462
74511
74563
74612
74662
74710
74758
74807
74855
74904
74952
75000
75050
75100
75149
75198
75248
75297
75346
75396
75446
75495
75545
75595
75644
75694
75743
75793
75842
75891
75941
75990
76039
76087
76135
76184
76232
76281
76331
76380
76429
76479
76528
76577
76627
76676
76725
76774
76824
76873
76923
76973
77022
77072
77121
77170
77219
77268
77317
77365
77414
77465
77515
77565
77616
77665
77715
77764
77814
77863
77913
77962
78011
78061
78110
78160
78210
78258
78307
78357
78406
78455
78504
78554
78604
78654
78704
78754
78804
78894
78943
78991
79040
79088
79137
79185
79234
79284
79333
79382
79432
79481
79530
79580
79629
79678
79728
79777
79827
79876
79926
79975
80024
80072
80121
80169
80218
80266
80315
80363
80411
80461
80511
80561
80611
80661
80711
80761
80810
80858
80906
80955
81003
81051
81101
81150
81199
81248
81296
81345
81393
81442
81492
81542
81591
81639
81687
81736
81784
81833
81881
81930
81980
82029
82078
82127
82177
82226
82274
82323
82371
82419
82468
82516
82565
82613
82663
82713
82763
82813
82864
82914
82962
83012
83061
83111
83161
83211
83260
83310
83359
83408
83457
83507
83556
83606
83655
83705
83754
83804
83853
83902
83952
84001
84050
84100
84149
84198
84248
84297
84346
84396
84445
84494
84542
84591
84640
84689
84738
84788
84838
84887
84937
84987
85037
85086
85136
85185
85235
85285
85334
85384
85434
85484
85534
85584
85633
85683
85732
85782
85831
85881
85930
85979
86029
86078
86128
86176
86225
86273
86322
86370
