21
70
120
169
218
308
357
405
454
502
551
640
690
738
787
835
884
932
981
1029
1078
1127
1175
1224
1273
1323
1414
1463
1513
1644
1694
1784
1833
1883
1973
2023
2072
2162
2212
2261
2311
2360
2410
2459
2508
2556
2686
2775
2824
2915
3005
3055
3104
3154
3203
3253
3302
3351
3400
3450
3499
3548
3597
3688
3779
3829
3878
3927
4017
4066
4114
4163
4294
4344
4475
4525
4574
4622
4671
4720
4770
4820
4870
4961
5011
5059
5107
5156
5205
5254
5344
5394
5443
5492
5582
5713
5762
5812
5902
5951
6041
6091
6140
6190
6240
6290
6339
6388
6437
6485
6574
6623
6672
6721
6770
6819
6909
6959
7007
7055
7104
7152
7201
7250
7379
7428
7476
7526
7575
7624
7673
7723
7813
7862
7912
8002
8051
8100
8149
8198
8247
8336
8385
8434
8566
8615
8663
8712
8760
8849
8898
8948
8997
9046
9096
9145
9194
9243
9293
9342
9391
9441
9613
9662
9751
9839
9888
9936
9987
10038
10088
10139
10188
10238
10287
10336
10385
10434
10483
10531
10581
10713
10763
10813
10861
10950
10999
11088
11136
11225
11315
11363
11411
11460
11508
11638
11686
11735
11783
11832
11880
11929
11978
12028
12077
12127
12176
12226
12275
12325
12374
12423
12472
12562
12612
12660
12709
12757
12806
12854
12902
12951
12999
13048
13096
13186
13234
13323
13372
13420
13469
13517
13567
13657
13706
13797
13847
13897
13947
13997
14046
14096
14145
14194
14244
14293
14342
14392
14441
14531
14580
14670
14720
14769
14819
14869
14918
14968
15017
15066
15116
15165
15214
15263
15354
15403
15452
15501
15673
15722
15772
15821
15871
15920
15969
16018
16066
16115
16163
16212
16260
16308
16399
16448
16498
16629
16679
16727
16775
16824
16872
16921
16969
17018
17066
17115
17163
17212
17260
17309
17357
17446
17536
17586
17676
17725
17774
17823
17873
17922
17971
18021
18070
18119
18169
18218
18268
18317
18366
18415
18465
18514
18563
18653
18703
18752
18801
18850
18940
18990
19080
19129
19177
19266
19314
19363
19452
19500
19549
19597
19646
19694
19783
19832
19880
19929
19977
20026
20074
20164
20213
20262
20311
20360
20408
20457
20505
20554
20602
20650
20699
20747
20796
20846
20895
20945
20994
21044
21093
21182
21232
21282
21332
21423
21473
21521
21569
21618
21666
21715
21763
21812
21860
21909
21959
22008
22057
22107
22156
22204
22293
22342
22390
22479
22528
22576
22626
22676
22725
22775
22825
22875
22924
22972
23021
23070
23118
23167
23256
23306
23355
23404
23452
23501
23550
23598
23687
23737
23786
23835
23885
23934
23983
24033
24082
24131
24180
24229
24320
24369
24459
24508
24557
24607
24656
24704
24753
24801
24849
24938
24987
25036
25086
25136
25227
25276
25325
25375
25424
25473
25523
25572
25621
25670
25719
25769
25818
25867
25917
26008
26057
26148
26197
26247
26337
26386
26435
26484
26534
26583
26633
26682
26732
26822
26872
26921
26971
27019
27068
27116
27165
27213
27261
27311
27360
27449
27497
27586
28609
28692
28741
28831
28880
28929
28978
29027
29156
29245
29293
29423
29471
29520
29568
29699
29749
29799
29890
29979
30028
30077
30126
30257
30306
30355
30403
30453
30503
30553
30603
30653
30702
30792
30841
30932
30981
31030
31079
31128
31176
31224
31313
31402
31451
31499
31548
31596
31644
31694
31743
31833
31883
31932
31982
32031
32080
32130
32262
32312
32362
32411
32460
32510
32559
32609
32699
32749
32798
32847
32897
32947
33038
33087
33137
33186
33275
33364
33413
33462
33511
33561
33611
33661
33712
33762
33812
33902
33952
34001
34051
34100
34150
34199
34249
34297
34346
34394
34443
34491
34539
34588
34637
34686
34734
34783
34832
34881
34930
34979
35028
35118
35167
35216
35266
35356
35405
35454
35544
35593
35642
35691
35739
35788
35877
35925
35974
36063
36154
36203
36252
36342
36391
36439
36487
36536
36584
36632
36681
36730
36780
36829
36879
36969
37018
37066
37115
37164
37212
37262
37352
37401
37450
37499
37549
37598
37647
37696
37746
37795
37885
37934
38025
38075
38165
38215
38264
38314
38404
38453
38543
38592
38640
38689
38737
38787
38878
38969
39019
39067
39115
39204
39252
39300
39350
39400
39449
39499
39549
39599
39648
39697
39745
39794
39843
39892
39940
39989
40038
40086
40135
40184
40274
40323
40373
40422
40471
40520
40569
40617
40666
40756
40804
40853
40902
40950
40999
41048
41097
41145
41194
41243
41332
41381
41471
41521
41570
41619
41668
41758
41807
41898
41947
41996
42045
42093
42142
42191
42239
42288
42337
42387
42436
42486
42536
42627
42676
42726
42816
42866
42916
42965
43015
43063
43111
43160
43330
43378
43427
43476
43525
43615
43664
43714
43763
43813
43863
43912
43962
44012
44061
44111
44160
44209
44258
44307
44356
44406
44454
44503
44553
44643
44693
44742
44791
44840
44888
44937
44985
45034
45083
45131
45180
45229
45278
45328
45377
45467
45557
45605
45654
45702
45791
45840
45930
45980
46070
46119
46169
46218
46267
46316
46366
46457
46507
46596
46644
46693
46741
46790
46840
46888
46936
46985
47033
47082
47130
47180
47271
47321
47371
47462
47510
47559
47608
47657
47706
47756
47805
47854
47904
47952
48001
48050
48099
48189
48238
48287
48336
48425
48475
48565
48614
48663
48713
48761
48850
48899
48947
48996
49044
49093
49141
49190
49238
49288
49378
49428
49478
49527
49617
49708
49757
49806
49856
49905
49954
50003
50053
50102
50151
50200
50249
50297
50346
50435
50484
50533
50581
50630
50678
50727
50775
50824
50873
51003
51052
51101
51151
51200
51249
51299
51389
51479
51529
51578
51627
51675
51723
51772
51820
51869
51917
52008
52057
52107
52156
52206
52255
52304
52353
52442
52491
52539
52588
52636
52685
52734
52782
52831
52881
52931
53021
53112
53161
53211
53302
53351
53400
53491
53540
53630
53721
53770
53820
53870
53920
53968
54018
54068
54117
54166
54257
54305
54354
54443
54533
54582
54672
54721
54771
54820
54869
54919
54968
55017
55066
55116
55165
55214
55264
55313
55362
55412
55502
55551
55601
55651
55700
55750
55799
55848
55980
56029
56078
56128
56177
56226
56274
56323
56372
56421
56470
56518
56568
56617
56708
56839
56889
56937
57026
57074
57123
57171
57219
57268
57357
57405
57454
57502
57550
57599
57648
57697
57745
57916
57965
58014
58064
58114
58246
58294
58342
58392
58482
58531
58580
58630
58678
58726
58776
58826
58875
59007
59057
59230
59279
59328
59378
59426
59475
59565
59613
59662
59711
59759
59850
59899
59947
59996
60044
60133
60182
60230
60279
60327
60375
60424
60472
60604
60652
60701
60749
60797
60846
60894
60984
61034
61083
61133
61182
61232
61280
61329
61418
61466
61515
61604
61652
61701
61750
61798
61846
61895
61943
61991
62040
62088
62136
62185
62233
62282
62330
62419
62468
62518
62567
62616
62706
62796
62845
62893
63023
63071
63120
63169
63217
63266
63395
63444
63492
63541
63589
63638
63687
63777
63826
63875
63925
63974
64023
64072
64328
64378
64467
64515
64564
64653
64702
64750
64799
64848
64896
64945
64993
65042
65090
65139
65187
65236
65285
65334
65464
65512
65601
65691
65741
65790
65839
65929
65978
66026
66075
66164
66214
66388
66438
66528
66660
66709
66758
66807
66856
66904
66953
67001
67050
67099
67149
67199
67249
67339
67388
67436
67484
67533
67582
67673
67722
67771
67861
67952
68002
68093
68184
68234
68284
68334
68384
68434
68483
68533
68664
68713
68762
68811
68860
68908
68957
69005
69054
69103
69193
69242
69290
69461
69510
69560
69609
69658
69707
69757
69807
69897
69947
70038
70087
70137
70187
70277
70327
70376
70426
70475
70566
70656
70747
70796
70887
70936
70986
71036
71086
71136
71184
71232
71281
71330
71378
71427
71476
71524
71572
71621
71669
71718
71766
71815
71864
71913
71962
72010
72099
72147
72196
72244
72293
72341
72431
72479
72528
72576
72625
72714
72763
72812
72861
72909
72958
73006
73056
73105
73155
73245
73293
73342
73390
73439
73487
73536
73585
73634
73684
73733
73782
73832
73881
73930
73980
74029
74078
74169
74218
74267
74317
74366
74415
74465
74514
74563
74613
74661
74709
74798
74847
74895
74944
74992
75041
75089
75179
75228
75277
75326
75374
75423
75513
75562
75612
75662
75960
76008
76057
76105
76194
76243
76292
76341
76473
76563
76613
76663
76713
76762
76812
76944
76993
77042
77132
77182
77231
77321
77370
77420
77511
77560
77610
77660
77709
77758
77809
77859
77909
77960
78010
78060
78110
78161
78211
78261
78353
78402
78492
78542
78632
78682
78732
78781
78831
78880
78970
79060
79110
79160
79209
79259
79432
79524
79573
79622
79671
79720
79769
79818
79867
79916
80007
80056
80106
80155
80246
80294
80342
80391
80439
80530
80580
80629
80679
80729
80777
80825
80874
80922
80971
81019
81068
81116
81166
81215
81264
81313
81363
81494
81543
81591
81640
81729
81818
81867
81916
81964
82013
82061
82110
82158
82206
82295
82344
82473
82523
82655
82705
82755
82805
82854
82904
82953
83002
83051
83101
83231
83279
83328
83457
83508
83559
83609
83659
83709
83759
83850
83899
83948
83996
84045
84093
84142
84190
84240
84289
84339
84510
84599
84649
84698
84789
84838
84888
84936
84984
85033
85081
85130
85178
85227
85316
85364
85412
85461
85549
85599
85649
85699
85748
85798
85848
85897
85946
85995
86045
86094
86143
86192
86242
86291
86340
