+0.732878400000000041 
+0.722030710863154512 
+0.711290173321166064 
+0.700656234093118502 
+0.690128341651007227 
+0.679705946217110890 
+0.669388499761362832 
+0.659175455998722404 
+0.649066270386546185 
+0.639060400121959304 
+0.629157304139227103 
+0.619356443107126231 
+0.609657279426316312 
+0.600059277226710597 
+0.590561902364848401 
+0.581164622421265431 
+0.571866906697865884 
+0.562668226215293332 
+0.553568053710302266 
+0.544565863633129532 
+0.535661132144865659 
+0.526853337114826181 
+0.518141958117922852 
+0.509526476432035080 
+0.501006375035381812 
+0.492581138603891855 
+0.484250253508576256 
+0.476013207812898964 
+0.467869491270148652 
+0.459818595320809598 
+0.451860013089933732 
+0.443993239384511240 
+0.436217770690842332 
+0.428533105171908679 
+0.420938742664744570 
+0.413434184677808347 
+0.406018934388353736 
+0.398692496639801164 
+0.391454377939109421 
+0.384304086454146543 
+0.377241132011061464 
+0.370265026091655458 
+0.363375281830753183 
+0.356571414013574450 
+0.349852939073105107 
+0.343219375087468914 
+0.336670241777298429 
+0.330205060503106607 
+0.323823354262658292 
+0.317524647688341433 
+0.311308467044538018 
+0.305174340224996510 
+0.299121796750201896 
+0.293150367764748176 
+0.287259586034708969 
+0.281448985945009333 
+0.275718103496796874 
+0.270066476304813008 
+0.264493643594764793 
+0.258999146200695807 
+0.253582526562357691 
+0.248243328722581480 
+0.242981098324649092 
+0.237795382609664485 
+0.232685730413925373 
+0.227651692166293773 
+0.222692819885568438 
+0.217808667177855630 
+0.212998789233940333 
+0.208262742826658021 
+0.203600086308265760 
+0.199010379607813648 
+0.194493184228516025 
+0.190048063245123355 
+0.185674581301293107 
+0.181372304606960522 
+0.177140800935711717 
+0.172979639622153236 
+0.168888391559284701 
+0.164866629195869141 
+0.160913926533805207 
+0.157029859125498050 
+0.153214004071230869 
+0.149465940016536125 
+0.145785247149566977 
+0.142171507198468827 
+0.138624303428750206 
+0.135143220640654871 
+0.131727845166532243 
+0.128377764868209621 
+0.125092569134363063 
+0.121871848877888822 
+0.118715196533274669 
+0.115622206053971555 
+0.112592472909764707 
+0.109625594084144629 
+0.106721168071679418 
+0.103878794875385316 
+0.101098076004098258 
+0.098378614469845305 
+0.095720014785216079 
+0.093121882960734093 
+0.090583826502227960 
+0.088105454408202832 
+0.085686377167211836 
+0.083326206755227394 
+0.081024556633012446 
+0.078781041743492097 
+0.076595278509124842 
+0.074466884829273550 
+0.072395480077577568 
+0.070380685099323381 
+0.068422122208816605 
+0.066519415186752973 
+0.064672189277589220 
+0.062880071186915742 
+0.061142689078826584 
+0.059459672573291544 
+0.057830652743527611 
+0.056255262113369953 
+0.054733134654643134 
+0.053263905784533438 
+0.051847212362958861 
+0.050482692689941655 
+0.049169986502978769 
+0.047908734974414280 
+0.046698580708809168 
+0.045539167740314745 
+0.044430141530041989 
+0.043371148963434081 
+0.042361838347637737 
+0.041401859408874198 
+0.040490863289810330 
+0.039628502546931177 
+0.038814431147909501 
+0.038048304468979000 
+0.037329779292304632 
+0.036658513803353832 
+0.036034167588268606 
+0.035456401631236201 
+0.034924878311860974 
+0.034439261402535393 
+0.033999216065811577 
+0.033604408851772738 
+0.033254507695404167 
+0.032949181913965231 
+0.032688102204360026 
+0.032470940640509260 
+0.032297370670721137 
+0.032167067115063341 
+0.032079706162734145 
+0.032034965369433066 
+0.032032523654733525 
+0.032072061299453170 
+0.032153259943025647 
+0.032275802580871815 
+0.032439373561771512 
+0.032643658585233992 
+0.032888344698870919 
+0.033173120295765579 
+0.033497675111845870 
+0.033861700223255298 
+0.034264888043723962 
+0.034706932321940331 
+0.035187528138922453 
+0.035706371905388612 
+0.036263161359130214 
+0.036857595562382217 
+0.037489374899194017 
+0.038158201072801545 
+0.038863777102998820 
+0.039605807323508491 
+0.040383997379354164 
+0.041198054224230396 
+0.042047686117875793 
+0.042932602623442895 
+0.043852514604870274 
+0.044807134224253642 
+0.045796174939217726 
+0.046819351500286377 
+0.047876379948255887 
+0.048966977611564322 
+0.050090863103664285 
+0.051247756320392912 
+0.052437378437345528 
+0.053659451907244637 
+0.054913700457311920 
+0.056199849086640663 
+0.057517624063565975 
+0.058866752923036780 
+0.060246964463986585 
+0.061657988746705250 
+0.063099557090210201 
+0.064571402069618422 
+0.066073257513516559 
+0.067604858501333354 
+0.069165941360710859 
+0.070756243664874430 
+0.072375504230006937 
+0.074023463112616983 
+0.075699861606912111 
+0.077404442242170246 
+0.079136948780110350 
+0.080897126212263304 
+0.082684720757344787 
+0.084499479858625270 
+0.086341152181302561 
+0.088209487609871573 
+0.090104237245497543 
+0.092025153403385795 
+0.093971989610153739 
+0.095944500601203520 
+0.097942442318090350 
+0.099965571905897277 
+0.102013647710603395 
+0.104086429276457726 
+0.106183677343349325 
+0.108305153844179269 
+0.110450621902230650 
+0.112619845828542342 
+0.114812591119277552 
+0.117028624453097585 
+0.119267713688531174 
+0.121529627861348355 
+0.123814137181929129 
+0.126121013032636120 
+0.128450027965187119 
+0.130800955698022858 
+0.133173571113682998 
+0.135567650256173344 
+0.137982970328340615 
+0.140419309689241545 
+0.142876447851514099 
+0.145354165478751240 
+0.147852244382869369 
+0.150370467521482309 
+0.152908618995269419 
+0.155466484045351239 
+0.158043849050657048 
+0.160640501525297852 
+0.163256230115938927 
+0.165890824599167264 
+0.168544075878867439 
+0.171215775983591056 
+0.173905718063927739 
+0.176613696389876451 
+0.179339506348217159 
+0.182082944439883931 
+0.184843808277332156 
+0.187621896581915304 
+0.190417009181250152 
+0.193228947006593987 
+0.196057512090212271 
+0.198902507562751185 
+0.201763737650608510 
+0.204641007673306619 
+0.207534124040861467 
+0.210442894251155477 
+0.213367126887308300 
+0.216306631615048373 
+0.219261219180085010 
+0.222230701405477515 
+0.225214891189009725 
+0.228213602500558888 
+0.231226650379467435 
+0.234253850931915975 
+0.237295021328292444 
+0.240349979800564273 
+0.243418545639651485 
+0.246500539192794743 
+0.249595781860928068 
+0.252704096096053210 
+0.255825305398606373 
+0.258959234314831477 
+0.262105708434153650 
+0.265264554386544837 
+0.268435599839903727 
+0.271618673497417473 
+0.274813605094941904 
+0.278020225398366738 
+0.281238366200988965 
+0.284467860320884947 
+0.287708541598280965 
+0.290960244892924658 
+0.294222806081456567 
+0.297496062054780963 
+0.300779850715439112 
+0.304074010974977271 
+0.307378382751321066 
+0.310692806966145096 
+0.314017125542244813 
+0.317351181400909566 
+0.320694818459290376 
+0.324047881627774093 
+0.327410216807355658 
+0.330781670887004275 
+0.334162091741040446 
+0.337551328226506464 
+0.340949230180532858 
+0.344355648417717042 
+0.347770434727488476 
+0.351193441871483658 
+0.354624523580916340 
+0.358063534553947627 
+0.361510330453062023 
+0.364964767902431542 
+0.368426704485292522 
+0.371895998741315403 
+0.375372510163976991 
+0.378856099197929785 
+0.382346627236373693 
+0.385843956618429906 
+0.389347950626509454 
+0.392858473483686743 
+0.396375390351067280 
+0.399898567325165266 
+0.403427871435267482 
+0.406963170640810834 
+0.410504333828750456 
+0.414051230810932369 
+0.417603732321463528 
+0.421161710014084367 
+0.424725036459540628 
+0.428293585142953848 
+0.431867230461190355 
+0.435445847720238477 
+0.439029313132574872 
+0.442617503814535573 
+0.446210297783693810 
+0.449807573956223061 
+0.453409212144273488 
+0.457015093053341703 
+0.460625098279642819 
+0.464239110307480773 
+0.467857012506622649 
+0.471478689129663231 
+0.475104025309405542 
+0.478732907056223456 
+0.482365221255440180 
+0.486000855664696363 
+0.489639698911319754 
+0.493281640489699358 
+0.496926570758656649 
+0.500574380938814012 
+0.504224963109971669 
+0.507878210208472125 
+0.511534016024577154 
+0.515192275199836791 
+0.518852883224460548 
+0.522515736434689182 
+0.526180732010165686 
+0.529847767971308503 
+0.533516743176680186 
+0.537187557320358944 
+0.540860110929313631 
+0.544534305360768522 
+0.548210042799584407 
+0.551887226255620367 
+0.555565759561107653 
+0.559245547368026008 
+0.562926495145467887 
+0.566608509177016884 
+0.570291496558113398 
+0.573975365193427955 
+0.577660023794232202 
+0.581345381875772671 
+0.585031349754641106 
+0.588717838546139238 
+0.592404760161664101 
+0.596092027306063921 
+0.599779553475020322 
+0.603467252952415545 
+0.607155040807704660 
+0.610842832893286336 
+0.614530545841873721 
+0.618218097063867877 
+0.621905404744726775 
+0.625592387842337838 
+0.629278966084390268 
+0.632965059965743593 
+0.636650590745802769 
+0.640335480445886285 
+0.644019651846596819 
+0.647703028485198673 
+0.651385534652984100 
+0.655067095392640852 
+0.658747636495634947 
+0.662427084499570218 
+0.666105366685566747 
+0.669782411075632189 
+0.673458146430027105 
+0.677132502244644385 
+0.680805408748373475 
+0.684476796900476692 
+0.688146598387958774 
+0.691814745622938987 
+0.695481171740018889 
+0.699145810593658212 
+0.702808596755546189 
+0.706469465511968653 
+0.710128352861184253 
+0.713785195510791337 
+0.717439930875105492 
+0.721092497072523209 
+0.724742832922894986 
+0.728390877944907089 
+0.732036572353436776 
+0.735679857056934061 
+0.739320673654792038 
+0.742958964434713209 
+0.746594672370087364 
+0.750227741117357461 
+0.753858115013397279 
+0.757485739072873865 
+0.761110558985627739 
+0.764732521114039443 
+0.768351572490399759 
+0.771967660814285583 
+0.775580734449930587 
+0.779190742423588656 
+0.782797634420919208 
+0.786401360784344750 
+0.790001872510431080 
+0.793599121247257400 
+0.797193059291782302 
+0.800783639587221430 
+0.804370815720416132 
+0.807954541919204350 
+0.811534773049795044 
+0.815111464614134862 
+0.818684572747281791 
+0.822254054214778152 
+0.825819866410019143 
+0.829381967351626836 
+0.832940315680817389 
+0.836494870658780587 
+0.840045592164039512 
+0.843592440689830525 
+0.847135377341473927 
+0.850674363833746061 
+0.854209362488237645 
+0.857740336230749745 
+0.861267248588639900 
+0.864790063688212651 
+0.868308746252077102 
+0.871823261596527677 
+0.875333575628910010 
+0.878839654844998375 
+0.882341466326355905 
+0.885838977737720024 
+0.889332157324360884 
+0.892820973909467019 
+0.896305396891497574 
+0.899785396241570945 
+0.903260942500829334 
+0.906732006777808519 
+0.910198560745811625 
+0.913660576640283217 
+0.917118027256171309 
+0.920570885945308892 
+0.924019126613781605 
+0.927462723719295390 
+0.930901652268551816 
+0.934335887814624289 
+0.937765406454316830 
+0.941190184825545284 
+0.944610200104708642 
+0.948025430004052039 
+0.951435852769047186 
+0.954841447175761804 
+0.958242192528223957 
+0.961638068655806144 
+0.965029055910583300 
+0.968415135164714225 
+0.971796287807806025 
+0.975172495744290768 
+0.978543741390791810 
+0.981910007673501894 
+0.985271278025549258 
+0.988627536384367178 
+0.991978767189072075 
+0.995324955377826726 
+0.998666086385224139 
+1.002002146139639116 
+1.005333121060623780 
+1.008658998056256806 
+1.011979764520529512 
+1.015295408330714189 
+1.018605917844725095 
+1.021911281898506330 
+1.025211489803391718 
+1.028506531343479580 
+1.031796396773004609 
+1.035081076813709533 
+1.038360562652213437 
+1.041634845937385201 
+1.044903918777716045 
+1.048167773738688746 
+1.051426403840156842 
+1.054679802553696089 
+1.057927963800000537 
+1.061170881946234879 
+1.064408551803418312 
+1.067640968623788211 
+1.070868128098176664 
+1.074090026353372140 
+1.077306659949504253 
+1.080518025877411858 
+1.083724121556000730 
+1.086924944829634754 
+1.090120493965493376 
+1.093310767650952586 
+1.096495764990944144 
+1.099675485505342110 
+1.102849929126320294 
+1.106019096195729912 
+1.109182987462473680 
+1.112341604079872148 
+1.115494947603040021 
+1.118643019986247378 
+1.121785823580306651 
+1.124923361129929189 
+1.128055635771107790 
+1.131182651028479036 
+1.134304410812700947 
+1.137420919417822418 
+1.140532181518653543 
+1.143638202168137274 
+1.146738986794725079 
+1.149834541199737048 
+1.152924871554748432 
+1.156009984398948198 
+1.159089886636519795 
+1.162164585534004591 
+1.165234088717679750 
+1.168298404170920568 
+1.171357540231588334 
+1.174411505589382898 
+1.177460309283223872 
+1.180503960698624066 
+1.183542469565056043 
+1.186575845953319774 
+1.189604100272927401 
+1.192627243269462456 
+1.195645286021951081 
+1.198658239940241010 
+1.201666116762369896 
+1.204668928551937412 
+1.207666687695470031 
+1.210659406899800672 
+1.213647099189439027 
+1.216629777903934562 
+1.219607456695261716 
+1.222580149525176907 
+1.225547870662603955 
+1.228510634680992419 
+1.231468456455693028 
+1.234421351161337999 
+1.237369334269199372 
+1.240312421544567112 
+1.243250629044120981 
+1.246183973113301979 
+1.249112470383675344 
+1.252036137770318636 
+1.254954992469170971 
+1.257869051954428219 
+1.260778333975896004 
+1.263682856556370693 
+1.266582637989006610 
+1.269477696834685476 
+1.272368051919397614 
+1.275253722331598283 
+1.278134727419598882 
+1.281011086788916176 
+1.283882820299658611 
+1.286749948063893312 
+1.289612490443013293 
+1.292470468045122001 
+1.295323901722386761 
+1.298172812568424206 
+1.301017221915663935 
+1.303857151332725284 
+1.306692622621781208 
+1.309523657815940378 
+1.312350279176603074 
+1.315172509190853933 
+1.317990370568810299 
+1.320803886241015856 
+1.323613079355783206 
+1.326417973276602602 
+1.329218591579485187 
+1.332014958050335318 
+1.334807096682337990 
+1.337595031673322499 
+1.340378787423123441 
+1.343158388530969471 
+1.345933859792846077 
+1.348705226198864349 
+1.351472512930635084 
+1.354235745358645548 
+1.356994949039615816 
+1.359750149713891076 
+1.362501373302796193 
+1.365248645906009584 
+1.367991993798948425 
+1.370731443430118102 
+1.373467021418503187 
+1.376198754550923775 
+1.378926669779420022 
+1.381650794218607814 
+1.384371155143070187 
+1.387087779984712999 
+1.389800696330139029 
+1.392509931918025634 
+1.395215514636486187 
+1.397917472520452620 
+1.400615833749043526 
+1.403310626642923387 
+1.406001879661693099 
+1.408689621401245429 
+1.411373880591151320 
+1.414054686092014235 
+1.416732066892858910 
+1.419406052108484584 
+1.422076670976849977 
+1.424743952856444729 
+1.427407927223651729 
+1.430068623670123440 
+1.432726071900158438 
+1.435380301728058638 
+1.438031343075509838 
+1.440679225968970911 
+1.443323980537001283 
+1.445965637007670779 
+1.448604225705922399 
+1.451239777050928659 
+1.453872321553485225 
+1.456501889813359707 
+1.459128512516687071 
+1.461752220433306437 
+1.464373044414180480 
+1.466991015388728226 
+1.469606164362193823 
+1.472218522413062614 
+1.474828120690381716 
+1.477434990411152338 
+1.480039162857714974 
+1.482640669375086206 
+1.485239541368371885 
+1.487835810300107475 
+1.490429507687634381 
+1.493020665100482258 
+1.495609314157731795 
+1.498195486525391473 
+1.500779213913766341 
+1.503360528074822788 
+1.505939460799571306 
+1.508516043915426152 
+1.511090309283596556 
+1.513662288796437050 
+1.516232014374819359 
+1.518799517965521595 
+1.521364831538581708 
+1.523927987084682911 
+1.526489016612515570 
+1.529047952146143086 
+1.531604825722394869 
+1.534159669388210023 
+1.536712515198044526 
+1.539263395211196706 
+1.541812341489213978 
+1.544359386093251629 
+1.546904561081451135 
+1.549447898506297605 
+1.551989430412006321 
+1.554529188831876629 
+1.557067205785684028 
+1.559603513277038722 
+1.562138143290767944 
+1.564671127790262073 
+1.567202498714870051 
+1.569732287977273710 
+1.572260527460835000 
+1.574787249016988522 
+1.577312484462610520 
+1.579836265577371446 
+1.582358624101136035 
+1.584879591731311210 
+1.587399200120225284 
+1.589917480872509614 
+1.592434465542457378 
+1.594950185631391459 
+1.597464672585049650 
+1.599977957790945648 
+1.602490072575744495 
+1.605001048202634006 
+1.607510915868691548 
+1.610019706702267239 
+1.612527451760338515 
+1.615034182025898213 
+1.617539928405312910 
+1.620044721725694137 
+1.622548592732288020 
+1.625051572085821849 
+1.627553690359901495 
+1.630054978038338209 
+1.632555465512591786 
+1.635055183079063390 
+1.637554160936531389 
+1.640052429183476601 
+1.642550017815481045 
+1.645046956722584053 
+1.647543275686665698 
+1.650039004378820007 
+1.652534172356698861 
+1.655028809061914963 
+1.657522943817413053 
+1.660016605824797153 
+1.662509824161770400 
+1.665002627779449629 
+1.667495045499771233 
+1.669987106012819300 
+1.672478837874273427 
+1.674970269502698894 
+1.677461429176950736 
+1.679952345033568939 
+1.682443045064110576 
+1.684933557112549884 
+1.687423908872622391 
+1.689914127885232542 
+1.692404241535784282 
+1.694894277051582021 
+1.697384261499203184 
+1.699874221781828121 
+1.702364184636671940 
+1.704854176632320861 
+1.707344224166087887 
+1.709834353461438194 
+1.712324590565297733 
+1.714814961345468181 
+1.717305491487995717 
+1.719796206494500268 
+1.722287131679603567 
+1.724778292168262617 
+1.727269712893163334 
+1.729761418592072442 
+1.732253433805223564 
+1.734745782872668673 
+1.737238489931681062 
+1.739731578914113452 
+1.742225073543750113 
+1.744718997333691402 
+1.747213373583740292 
+1.749708225377757831 
+1.752203575581031902 
+1.754699446837660215 
+1.757195861567895534 
+1.759692841965572185 
+1.762190409995414431 
+1.764688587390451868 
+1.767187395649354453 
+1.769686856033843458 
+1.772186989566036708 
+1.774687817025829339 
+1.777189358948253251 
+1.779691635620853862 
+1.782194667081096640 
+1.784698473113663919 
+1.787203073247904950 
+1.789708486755141603 
+1.792214732646102870 
+1.794721829668226132 
+1.797229796303105864 
+1.799738650763784698 
+1.802248410992191463 
+1.804759094656476215 
+1.807270719148390103 
+1.809783301580666581 
+1.812296858784370635 
+1.814811407306293312 
+1.817326963406307616 
+1.819843543054757706 
+1.822361161929798801 
+1.824879835414794815 
+1.827399578595696017 
+1.829920406258375376 
+1.832442332886045300 
+1.834965372656587768 
+1.837489539439935538 
+1.840014846795480441 
+1.842541307969392417 
+1.845068935892025586 
+1.847597743175262597 
+1.850127742109923812 
+1.852658944663091223 
+1.855191362475525185 
+1.857725006859010097 
+1.860259888793723171 
+1.862796018925621855 
+1.865333407563809054 
+1.867872064677889465 
+1.870411999895367217 
+1.872953222498998649 
+1.875495741424165086 
+1.878039565256263366 
+1.880584702228042637 
+1.883131160217005551 
+1.885678946742761930 
+1.888228068964422857 
+1.890778533677941020 
+1.893330347313499917 
+1.895883515932891505 
+1.898438045226863657 
+1.900993940512525349 
+1.903551206730681677 
+1.906109848443233723 
+1.908669869830541099 
+1.911231274688784065 
+1.913794066427342067 
+1.916358248066170056 
+1.918923822233165932 
+1.921490791161532208 
+1.924059156687169203 
+1.926628920246021170 
+1.929200082871459720 
+1.931772645191672133 
+1.934346607426988829 
+1.936921969387317422 
+1.939498730469438659 
+1.942076889654448024 
+1.944656445505080544 
+1.947237396163105760 
+1.949819739346686287 
+1.952403472347757241 
+1.954988592029401229 
+1.957575094823189144 
+1.960162976726615103 
+1.962752233300392390 
+1.965342859665879516 
+1.967934850502424116 
+1.970528200044758371 
+1.973122902080329588 
+1.975718949946716485 
+1.978316336528981534 
+1.980915054257021080 
+1.983515095102992731 
+1.986116450578617076 
+1.988719111732596190 
+1.991323069147976632 
+1.993928312939526215 
+1.996534832751068578 
+1.999142617752893702 
+2.001751656639131127 
+2.004361937625082302 
+2.006973448444643982 
+2.009586176347632591 
+2.012200108097171647 
+2.014815229967085841 
+2.017431527739250274 
+2.020048986700953897 
+2.022667591642281160 
+2.025287326853503878 
+2.027908176122403372 
+2.030530122731710740 
+2.033153149456399689 
+2.035777238561109925 
+2.038402371797514157 
+2.041028530401685082 
+2.043655695091453506 
+2.046283846063773559 
+2.048912962992141207 
+2.051543025023908839 
+2.054174010777697124 
+2.056805898340745564 
+2.059438665266272395 
+2.062072288570892198 
+2.064706744731946930 
+2.067342009684879578 
+2.069978058820614475 
+2.072614866982941617 
+2.075252408465864118 
+2.077890657010978970 
+2.080529585804854253 
+2.083169167476385475 
+2.085809374094208746 
+2.088450177163993615 
+2.091091547625902880 
+2.093733455851892078 
+2.096375871643139543 
+2.099018764227351674 
+2.101662102256223186 
+2.104305853802713955 
+2.106949986358472415 
+2.109594466831214987 
+2.112239261542069091 
+2.114884336222955685 
+2.117529656013973582 
+2.120175185460728695 
+2.122820888511759652 
+2.125466728515896353 
+2.128112668219586556 
+2.130758669764315272 
+2.133404694683969094 
+2.136050703902188097 
+2.138696657729761696 
+2.141342515861968110 
+2.143988237375972883 
+2.146633780728194552 
+2.149279103751688957 
+2.151924163653474942 
+2.154568917011942197 
+2.157213319774239579 
+2.159857327253593251 
+2.162500894126733630 
+2.165143974431227303 
+2.167786521562848012 
+2.170428488272991174 
+2.173069826666014226 
+2.175710488196579639 
+2.178350423667079649 
+2.180989583224989925 
+2.183627916360208587 
+2.186265371902493815 
+2.188901898018765113 
+2.191537442210503173 
+2.194171951311151059 
+2.196805371483436353 
+2.199437648216769237 
+2.202068726324609926 
+2.204698549941841001 
+2.207327062522119743 
+2.209954206835303303 
+2.212579924964751754 
+2.215204158304731941 
+2.217826847557808012 
+2.220447932732165786 
+2.223067353139048574 
+2.225685047390038473 
+2.228300953394534822 
+2.230915008357025275 
+2.233527148774548277 
+2.236137310433970349 
+2.238745428409433913 
+2.241351437059704743 
+2.243955270025518534 
+2.246556860226998520 
+2.249156139860977177 
+2.251753040398407180 
+2.254347492581711077 
+2.256939426422162942 
+2.259528771197263364 
+2.262115455448070911 
+2.264699406976648621 
+2.267280552843349728 
+2.269858819364281022 
+2.272434132108576144 
+2.275006415895837186 
+2.277575594793501690 
+2.280141592114176774 
+2.282704330413023897 
+2.285263731485151606 
+2.287819716362966993 
+2.290372205313561338 
+2.292921117836050016 
+2.295466372658998999 
+2.298007887737726573 
+2.300545580251734279 
+2.303079366602060141 
+2.305609162408642110 
+2.308134882507668628 
+2.310656440949009127 
+2.313173750993519295 
+2.315686725110475574 
+2.318195274974904407 
+2.320699311464922143 
+2.323198744659213055 
+2.325693483834311071 
+2.328183437461970762 
+2.330668513206583636 
+2.333148617922554457 
+2.335623657651580309 
+2.338093537620165918 
+2.340558162236888506 
+2.343017435089759015 
+2.345471258943699233 
+2.347919535737807539 
+2.350362166582799617 
+2.352799051758285298 
+2.355230090710298541 
+2.357655182048483233 
+2.360074223543643601 
+2.362487112124963318 
+2.364893743877454657 
+2.367294014039344585 
+2.369687816999387131 
+2.372075046294293887 
+2.374455594606047271 
+2.376829353759345675 
+2.379196214718876323 
+2.381556067586787950 
+2.383908801600003624 
+2.386254305127580633 
+2.388592465668140541 
+2.390923169847185115 
+2.393246303414506837 
+2.395561751241504389 
+2.397869397318642015 
+2.400169124752726812 
+2.402460815764364099 
+2.404744351685241366 
+2.407019612955567656 
+2.409286479121454327 
+2.411544828832207887 
+2.413794539837787578 
+2.416035488986100876 
+2.418267552220442429 
+2.420490604576825966 
+2.422704520181381938 
+2.424909172247678768 
+2.427104433074133372 
+2.429290174041421224 
+2.431466265609729671 
+2.433632577316271028 
+2.435788977772551434 
+2.437935334661785802 
+2.440071514736242619 
+2.442197383814679768 
+2.444312806779607161 
+2.446417647574755438 
+2.448511769202410537 
+2.450595033720772697 
+2.452667302241361202 
+2.454728434926352509 
+2.456778290985938806 
+2.458816728675778496 
+2.460843605294293468 
+2.462858777180054748 
+2.464862099709155707 
+2.466853427292569734 
+2.468832613373606932 
+2.470799510425165213 
+2.472753969947158126 
+2.474695842463894291 
+2.476624977521429294 
+2.478541223684978423 
+2.480444428536219270 
+2.482334438670688481 
+2.484211099695196268 
+2.486074256225147661 
+2.487923751881946366 
+2.489759429290340886 
+2.491581130075788852 
+2.493388694861869759 
+2.495181963267627978 
+2.496960773904953967 
+2.498724964375941049 
+2.500474371270228424 
+2.502208830162469422 
+2.503928175609656748 
+2.505632241148389117 
+2.507320859292407889 
+2.508993861529881908 
+2.510651078320787377 
+2.512292339094268190 
+2.513917472246050444 
+2.515526305135729945 
+2.517118664084275537 
+2.518694374371294842 
+2.520253260232397263 
+2.521795144856645798 
+2.523319850383862750 
+2.524827197902055342 
+2.526317007444724538 
+2.527789097988271116 
+2.529243287449356892 
+2.530679392682319229 
+2.532097229476477640 
+2.533496612553529648 
+2.534877355564924439 
+2.536239271089271163 
+2.537582170629613554 
+2.538905864610935481 
+2.540210162377392944 
+2.541494872189777432 
+2.542759801222884253 
+2.544004755562816911 
+2.545229540204467789 
+2.546433959048743922 
+2.547617814900042355 
+2.548780909463655764 
+2.549923043343035989 
+2.551044016037214757 
+2.552143625938187999 
+2.553221670328263748 
+2.554277945377467773 
+2.555312246140882149 
+2.556324366556012251 
+2.557314099440163524 
+2.558281236487840005 
+2.559225568268142403 
+2.560146884222025410 
+2.561044972659734853 
+2.561919620758223992 
+2.562770614558499638 
+2.563597738962927863 
+2.564400777732654291 
+2.565179513485005280 
+2.565933727690802968 
+2.566663200671801981 
+2.567367711598000035 
+2.568047038485008482 
+2.568700958191473482 
+2.569329246416437673 
+2.569931677696653871 
+2.570508025404013797 
+2.571058061742883982 
+2.571581557747542490 
+2.572078283279484179 
+2.572548007024781924 
+2.572990496491496692 
+2.573405518007077841 
+2.573792836715670163 
+2.574152216575506635 
+2.574483420356277641 
+2.574786209636513945 
+2.575060344800970125 
+2.575305585037984457 
+2.575521688336818382 
+2.575708411485046145 
+2.575865510065981745 
+2.575992738455951336 
+2.576089849821774802 
+2.576156596118003961 
+2.576192728084401917 
+2.576197995243318051 
+2.576172145896979071 
+2.576114927124931508 
+2.576026084781333658 
+2.575905363492449585 
+2.575752506653867346 
+2.575567256428056506 
+2.575349353741556158 
+2.575098538282409866 
+2.574814548497615263 
+2.574497121590434201 
+2.574145993517714892 
+2.573760898987323742 
+2.573341571455495025 
+2.572887743124259163 
+2.572399144938746218 
+2.571875506584546223 
+2.571316556485117921 
+2.570722021799169976 
+2.570091628418038621 
+2.569425100963000030 
+2.568722162782698604 
+2.567982535950451339 
+2.567205941261738733 
+2.566392098231462082 
+2.565540725091363328 
+2.564651538787358742 
+2.563724254977000516 
+2.562758588026754492 
+2.561754251009400019 
+2.560710955701406721 
+2.559628412580318368 
+2.558506330822089669 
+2.557344418298528765 
+2.556142381574567857 
+2.554899925905695479 
+2.553616755235321278 
+2.552292572192186082 
+2.550927078087634303 
+2.549519972913064869 
+2.548070955337240484 
+2.546579722703788740 
+2.545045971028446097 
+2.543469394996411115 
+2.541849687959794490 
+2.540186541935026465 
+2.538479647600134559 
+2.536728694292126107 
+2.534933370004413877 
+2.533093361384105791 
+2.531208353729477611 
+2.529278030987322179 
+2.527302075750225807 
+2.525280169253980578 
+2.523211991375121421 
+2.521097220627993352 
+2.518935534162412893 
+2.516726607760822798 
+2.514470115835786501 
+2.512165731427356441 
+2.509813126200409972 
+2.507411970441979054 
+2.504961933058698076 
+2.502462681574156189 
+2.499913882126227449 
+2.497315199464541280 
+2.494666296947724238 
+2.491966836540803865 
+2.489216478812705358 
+2.486414882933474679 
+2.483561706671696179 
+2.480656606391864916 
+2.477699237051778081 
+2.474689252199884670 
+2.471626303972704441 
+2.468510043092091433 
+2.465340118862697327 
+2.462116179169334007 
+2.458837870474338327 
+2.455504837814892038 
+2.452116724800458059 
+2.448673173610114162 
+2.445173824989970601 
+2.441618318250494912 
+2.438006291263888237 
+2.434337380461457201 
+2.430611220831023989 
+2.426827445914279124 
+2.422985687804090293 
+2.419085577141943499 
+2.415126743115300290 
+2.411108813454980293 
+2.407031414432548200 
+2.402894170857578171 
+2.398696706075117202 
+2.394438641963058778 
+2.390119598929560052 
+2.385739195910248078 
+2.381297050365730250 
+2.376792778278895124 
+2.372225994152386441 
+2.367596311005903953 
+2.362903340373491812 
+2.358146692301021474 
+2.353325975343602217 
+2.348440796562851762 
+2.343490761524244181 
+2.338475474294603007 
+2.333394537439355432 
+2.328247552020005440 
+2.323034117591473713 
+2.317753832199395347 
+2.312406292377533923 
+2.306991093145250638 
+2.301507828004676792 
+2.295956088938339246 
+2.290335466406261400 
+2.284645549343514492 
+2.278885925157550840 
+2.273056179725601034 
+2.267155897391918806 
+2.261184660965298132 
+2.255142051716352292 
+2.249027649374964355 
+2.242841032127610656 
+2.236581776614725570 
+2.230249457928024981 
+2.223843649608046036 
+2.217363923641356038 
+2.210809850457970960 
+2.204180998928732649 
+2.197476936362642075 
+2.190697228504374205 
+2.183841439531482020 
+2.176909132051799478 
+2.169899867100879121 
+2.162813204139312884 
+2.155648701050183025 
+2.148405914136287898 
+2.141084398117604870 
+2.133683706128643998 
+2.126203389715886072 
+2.118642998835093216 
+2.111002081848579959 
+2.103280185522756085 
+2.095476855025443452 
+2.087591633923247425 
+2.079624064178826170 
+2.071573686148425963 
+2.063440038579101632 
+2.055222658606230546 
+2.046921081750831206 
+2.038534841916867180 
+2.030063471388632745 
+2.021506500828220698 
+2.012863459272904887 
+2.004133874132254078 
+1.995317271185864882 
+1.986413174580412111 
+1.977421106827302655 
+1.968340588799831092 
+1.959171139730651934 
+1.949912277209119082 
+1.940563517178676811 
+1.931124373934207217 
+1.921594360119444289 
+1.911972986724272516 
+1.902259763082212451 
+1.892454196867664251 
+1.882555794093305312 
+1.872564059107624246 
+1.862478494591993439 
+1.852298601558362900 
+1.842023879346375459 
+1.831653825620863429 
+1.821187936369237370 
+1.810625705898758930 
+1.799966626834005989 
+1.789210190114161936 
+1.778355884990521663 
+1.767403199023703131 
+1.756351618081090304 
+1.745200626334210359 
+1.733949706256145973 
+1.722598338618814395 
+1.711146002490374407 
+1.699592175232607971 
+1.687936332498349401 
+1.676177948228737780 
+1.664316494650660783 
+1.652351442274133220 
+1.640282259889614958 
+1.628108414565421214 
+1.615829371645145951 
+1.603444594744931173 
+1.590953545750857678 
+1.578355684816370230 
+1.565650470359671198 
+1.552837359060939448 
+1.539915805859862985 
+1.526885263952963978 
+1.513745184790914244 
+1.500495018075971743 
+1.487134211759370661 
+1.473662212038579167 
+1.460078463354804068 
+1.446382408390242791 
+1.432573488065540968 
+1.418651141537163429 
+1.404614806194688370 
+1.390463917658266713 
+1.376197909775993766 
+1.361816214621130783 
+1.347318262489665797 
+1.332703481897608011 
+1.317971299578309718 
+1.303121140479959861 
+1.288152427762839114 
+1.273064582796664901 
+1.257857025158207076 
+1.242529172628313638 
+1.227080441189512872 
+1.211510245023376564 
+1.195817996507761327 
+1.180003106214285058 
+1.164064982905674839 
+1.148003033533148587 
+1.131816663233729647 
+1.115505275327735024 
+1.099068271316010037 
+1.082505050877344832 
+1.065815011865938411 
+1.048997550308630844 
+1.032052060402329108 
+1.014977934511482438 
+0.997774563165273354 
+0.980441335055078134 
+0.962977637031880995 
+0.945382854103539727 
+0.927656369432276473 
+0.909797564331927267 
+0.891805818265426264 
+0.873680508842109127 
+0.855421011815129639 
+0.837026701078721347 
+0.818496948665750179 
+0.799831124744895372 
+0.781028597618193543 
+0.762088733718248146 
+0.743010897605756671 
+0.723794451966754959 
+0.704438757610054811 
+0.684943173464594435 
+0.665307056576846190 
+0.645529762108093097 
+0.625610643331951599 
+0.605549051631589008 
+0.585344336497124473 
+0.564995845523190154 
+0.544502924405986244 
+0.523864916940875780 
+0.503081165019749643 
+0.482151008628254996 
+0.461073785843327921 
+0.439848832830464442 
+0.418475483841087847 
+0.396953071209985464 
+0.375280925352675876 
+0.353458374762689043 
+0.331484746009067632 
+0.309359363733628823 
+0.287081550648317418 
+0.264650627532837579 
+0.242065913231526098 
+0.219326724651311089 
+0.196432376758612581 
+0.173382182576955923 
+0.150175453184302365 
+0.126811497710374477 
+0.103289623334018255 
+0.079609135280663934 
+0.055769336819679105 
+0.031769529261583940 
+0.007609011955624578 
-0.016712917712970676 
-0.041196964325515673 
-0.065843834432638526 
-0.090654236556836243 
-0.115628881195045663 
-0.140768480821429454 
-0.166073749889793953 
-0.191545404836414690 
-0.217184164082528275 
-0.242990748037074877 
-0.268965879099178129 
-0.295110281660952656 
-0.321424682109995641 
-0.347909808831996625 
-0.374566392213566801 
-0.401395164644657521 
-0.428396860521242817 
-0.455572216248020134 
-0.482921970240920317 
-0.510446862929876066 
-0.538147636761312387 
-0.566025036200916820 
