+1.711729999999999974 
+1.673846106538067646 
+1.636393055335575886 
+1.599368202981149345 
+1.562768915137346282 
+1.526592566526965289 
+1.490836540919350917 
+1.455498231116699737 
+1.420575038940367962 
+1.386064375217175959 
+1.351963659765715642 
+1.318270321382656318 
+1.284981797829050976 
+1.252095535816642791 
+1.219608990994170528 
+1.187519627933676158 
+1.155824920116809595 
+1.124522349921136311 
+1.093609408606442734 
+1.063083596301042544 
+1.032942421988083170 
+1.003183403491852310 
+0.973804067464083101 
+0.944801949370262073 
+0.916174593475933663 
+0.887919552833007608 
+0.860034389266064458 
+0.832516673358662529 
+0.805363984439643521 
+0.778573910569439476 
+0.752144048526378062 
+0.726072003792989640 
+0.700355390542312994 
+0.674991831624202288 
+0.649978958551632013 
+0.625314411487004840 
+0.600995839228457118 
+0.577020899196163839 
+0.553387257418647804 
+0.530092588519083474 
+0.507134575701603252 
+0.484510910737605549 
+0.462219293952059074 
+0.440257434209810228 
+0.418623048901889394 
+0.397313863931816336 
+0.376327613701907149 
+0.355662041099579662 
+0.335314897483661278 
+0.315283942670693929 
+0.295566944921240138 
+0.276161680926190423 
+0.257065935793068689 
+0.238277503032338522 
+0.219794184543709914 
+0.201613790602445109 
+0.183734139845664446 
+0.166153059258653535 
+0.148868384161169542 
+0.131877958193746148 
+0.115179633304000717 
+0.098771269732941036 
+0.082650736001270264 
+0.066815908895694553 
+0.051264673455228005 
+0.035994922957499620 
+0.021004558905060033 
+0.006291491011686690 
-0.008146362811309649 
-0.022311076468777502 
-0.036204715695420386 
-0.049829338069488749 
-0.063186993026475013 
-0.076279721872805961 
-0.089109557799539107 
-0.101678525896052419 
-0.113988643163741576 
-0.126041918529712582 
-0.137840352860475024 
-0.149385938975636678 
-0.160680661661595670 
-0.171726497685236845 
-0.182525415807623048 
-0.193079376797689495 
-0.203390333445939264 
-0.213460230578134569 
-0.223291005068992021 
-0.232884585855875903 
-0.242242893952491434 
-0.251367842462580482 
-0.260261336593612613 
-0.268925273670479914 
-0.277361543149192702 
-0.285572026630569908 
-0.293558597873935012 
-0.301323122810809307 
-0.308867459558605839 
-0.316193458434322006 
-0.323302961968235936 
-0.330197804917596427 
-0.336879814280319989 
-0.343350809308683003 
-0.349612601523016986 
-0.355666994725399421 
-0.361515785013351243 
-0.367160760793526331 
-0.372603702795409886 
-0.377846384085009701 
-0.382890570078547432 
-0.387738018556157860 
-0.392390479675579273 
-0.396849695985846962 
-0.401117402440988924 
-0.405195326413717138 
-0.409085187709122833 
-0.412788698578370861 
-0.416307563732392305 
-0.419643480355579301 
-0.422798138119474975 
-0.425773219196474928 
-0.428570398273512287 
-0.431191342565758751 
-0.433637711830311856 
-0.435911158379894248 
-0.438013327096544947 
-0.439945855445311951 
-0.441710373487949282 
-0.443308503896606920 
-0.444741861967527852 
-0.446012055634739335 
-0.447120685483749059 
-0.448069344765235966 
-0.448859619408745969 
-0.449493088036387212 
-0.449971321976519567 
-0.450295885277451680 
-0.450468334721134012 
-0.450490219836851891 
-0.450363082914919888 
-0.450088459020375753 
-0.449667876006673906 
-0.449102854529379369 
-0.448394908059859931 
-0.447545542898982296 
-0.446556258190805133 
-0.445428545936272124 
-0.444163891006905898 
-0.442763771158501074 
-0.441229657044820867 
-0.439563012231288797 
-0.437765293208679962 
-0.435837949406819414 
-0.433782423208273871 
-0.431600149962046098 
-0.429292557997264845 
-0.426861068636884999 
-0.424307096211377965 
-0.421632048072422938 
-0.418837324606605721 
-0.415924319249109997 
-0.412894418497409932 
-0.409749001924964551 
-0.406489442194914341 
-0.403117105073770299 
-0.399633349445112307 
-0.396039527323280405 
-0.392336983867065614 
-0.388527057393411424 
-0.384611079391100619 
-0.380590374534450104 
-0.376466260697009281 
-0.372240048965249537 
-0.367913043652255967 
-0.363486542311426630 
-0.358961835750165603 
-0.354340208043572025 
-0.349622936548137142 
-0.344811291915437801 
-0.339906538105830824 
-0.334909932402144728 
-0.329822725423376761 
-0.324646161138383738 
-0.319381476879575521 
-0.314029903356610740 
-0.308592664670089833 
-0.303070978325250762 
-0.297466055245655392 
-0.291779099786893648 
-0.286011309750270781 
-0.280163876396501754 
-0.274237984459406947 
-0.268234812159600766 
-0.262155531218197790 
-0.256001306870488943 
-0.249773297879649414 
-0.243472656550427491 
-0.237100528742835381 
-0.230658053885848702 
-0.224146364991095748 
-0.217566588666552541 
-0.210919845130240091 
-0.204207248223908122 
-0.197429905426743435 
-0.190588917869050301 
-0.183685380345953941 
-0.176720381331087140 
-0.169695002990286170 
-0.162610321195288954 
-0.155467405537422332 
-0.148267319341298887 
-0.141011119678512431 
-0.133699857381327947 
-0.126334577056378183 
-0.118916317098355373 
-0.111446109703710050 
-0.103924980884331886 
-0.096353950481261164 
-0.088734032178370503 
-0.081066233516062125 
-0.073351555904960675 
-0.065590994639607825 
-0.057785538912155543 
-0.049936171826063136 
-0.042043870409783191 
-0.034109605630460393 
-0.026134342407631683 
-0.018119039626905309 
-0.010064650153668531 
-0.001972120846770675 
+0.006157607427776490 
+0.014323599783104379 
+0.022524927297797426 
+0.030760667002203812 
+0.039029901864729322 
+0.047331720778149178 
+0.055665218545926320 
+0.064029495868490383 
+0.072423659329577061 
+0.080846821382507539 
+0.089298100336505426 
+0.097776620343007048 
+0.106281511381959071 
+0.114811909248129895 
+0.123366955537417056 
+0.131945797633145512 
+0.140547588692387704 
+0.149171487632255406 
+0.157816659116212010 
+0.166482273540387915 
+0.175167507019864388 
+0.183871541375000502 
+0.192593564117736316 
+0.201332768437884946 
+0.210088353189457511 
+0.218859522876958756 
+0.227645487641691124 
+0.236445463248071031 
+0.245258671069923384 
+0.254084338076796756 
+0.262921696820269002 
+0.271769985420246885 
+0.280628447551275695 
+0.289496332428854419 
+0.298372894795720933 
+0.307257394908185821 
+0.316149098522411798 
+0.325047276880735758 
+0.333951206697976177 
+0.342860170147727628 
+0.351773454848680611 
+0.360690353850916523 
+0.369610165622218823 
+0.378532194034383762 
+0.387455748349512463 
+0.396380143206335855 
+0.405304698606508307 
+0.414228739900915688 
+0.423151597775986543 
+0.432072608239990164 
+0.440991112609352642 
+0.449906457494956946 
+0.458817994788446315 
+0.467725081648539209 
+0.476627080487325827 
+0.485523358956590378 
+0.494413289934090505 
+0.503296251509893322 
+0.512171626972659499 
+0.521038804795957322 
+0.529897178624575638 
+0.538746147260821040 
+0.547585114650824600 
+0.556413489870851041 
+0.565230687113609465 
+0.574036125674540543 
+0.582829229938160553 
+0.591609429364317707 
+0.600376158474539512 
+0.609128856838320853 
+0.617866969059436943 
+0.626589944762242723 
+0.635297238577973600 
+0.643988310131075936 
+0.652662624025490468 
+0.661319649830961698 
+0.669958862069356842 
+0.678579740200957238 
+0.687181768610775734 
+0.695764436594851432 
+0.704327238346572182 
+0.712869672942961663 
+0.721391244331005210 
+0.729891461313930789 
+0.738369837537551921 
+0.746825891476531445 
+0.755259146420722560 
+0.763669130461456125 
+0.772055376477851496 
+0.780417422123130700 
+0.788754809810908619 
+0.797067086701510941 
+0.805353804688276997 
+0.813614520383869610 
+0.821848795106575380 
+0.830056194866615082 
+0.838236290352449953 
+0.846388656917079207 
+0.854512874564367864 
+0.862608527935320724 
+0.870675206294425297 
+0.878712503515927890 
+0.886720018070150329 
+0.894697353009803020 
+0.902644115956291238 
+0.910559919085999314 
+0.918444379116621357 
+0.926297117293470973 
+0.934117759375751588 
+0.941905935622907475 
+0.949661280780904615 
+0.957383434068534100 
+0.965072039163736406 
+0.972726744189889581 
+0.980347201702127080 
+0.987933068673643611 
+0.995484006481988204 
+1.002999680895390266 
+1.010479762059048658 
+1.017923924481454856 
+1.025331847020675147 
+1.032703212870679454 
+1.040037709547644962 
+1.047335028876242191 
+1.054594866975970824 
+1.061816924247440230 
+1.069000905358688858 
+1.076146519231490295 
+1.083253479027662003 
+1.090321502135348730 
+1.097350310155372100 
+1.104339628887493596 
+1.111289188316740617 
+1.118198722599721417 
+1.125067970050903643 
+1.131896673128953035 
+1.138684578423021065 
+1.145431436639046119 
+1.152137002586077319 
+1.158801035162572823 
+1.165423297342693676 
+1.172003556162634963 
+1.178541582706905677 
+1.185037152094655877 
+1.191490043465971205 
+1.197900039968186281 
+1.204266928742189435 
+1.210590500908712563 
+1.216870551554661173 
+1.223106879719419116 
+1.229299288381131783 
+1.235447584443035485 
+1.241551578719755078 
+1.247611085923616248 
+1.253625924650928924 
+1.259595917368331319 
+1.265520890399057574 
+1.271400673909278023 
+1.277235101894374392 
+1.283024012165276506 
+1.288767246334742822 
+1.294464649803678480 
+1.300116071747441593 
+1.305721365102151532 
+1.311280386550988553 
+1.316792996510492086 
+1.322259059116904334 
+1.327678442212419263 
+1.333051017331543520 
+1.338376659687371184 
+1.343655248157896054 
+1.348886665272318819 
+1.354070797197363341 
+1.359207533723548966 
+1.364296768251562986 
+1.369338397778484318 
+1.374332322884150637 
+1.379278447717452227 
+1.384176679982608293 
+1.389026930925507664 
+1.393829115320021295 
+1.398583151454259044 
+1.403288961116914813 
+1.407946469583587490 
+1.412555605603040609 
+1.417116301383539057 
+1.421628492579158687 
+1.426092118276066634 
+1.430507120978860902 
+1.434873446596839797 
+1.439191044430359723 
+1.443459867157070420 
+1.447679870818294523 
+1.451851014805271900 
+1.455973261845522781 
+1.460046577989098537 
+1.464070932594927932 
+1.468046298317108089 
+1.471972651091214335 
+1.475849970120606924 
+1.479678237862713130 
+1.483457440015388595 
+1.487187565503174991 
+1.490868606463612078 
+1.494500558233565979 
+1.498083419335525468 
+1.501617191463889611 
+1.505101879471306248 
+1.508537491354963400 
+1.511924038242868251 
+1.515261534380217379 
+1.518549997115637984 
+1.521789446887520381 
+1.524979907210349594 
+1.528121404660962579 
+1.531213968864883590 
+1.534257632482642020 
+1.537252431196037605 
+1.540198403694487794 
+1.543095591661319599 
+1.545944039760057898 
+1.548743795620761032 
+1.551494909826309554 
+1.554197435898726942 
+1.556851430285451254 
+1.559456952345690706 
+1.562014064336691321 
+1.564522831400062097 
+1.566983321548065522 
+1.569395605649959169 
+1.571759757418240921 
+1.574075853395024760 
+1.576343972938285987 
+1.578564198208223690 
+1.580736614153512853 
+1.582861308497643282 
+1.584938371725236550 
+1.586967897068298772 
+1.588949980492591729 
+1.590884720683908737 
+1.592772219034362058 
+1.594612579628726490 
+1.596405909230725895 
+1.598152317269329270 
+1.599851915825085902 
+1.601504819616398789 
+1.603111145985866903 
+1.604671014886552394 
+1.606184548868323736 
+1.607651873064133374 
+1.609073115176324453 
+1.610448405462977739 
+1.611777876724161063 
+1.613061664288267805 
+1.614299905998331397 
+1.615492742198304521 
+1.616640315719373611 
+1.617742771866294227 
+1.618800258403646719 
+1.619812925542180038 
+1.620780925925105587 
+1.621704414614410172 
+1.622583549077158294 
+1.623418489171773560 
+1.624209397134401600 
+1.624956437565153733 
+1.625659777414469431 
+1.626319585969375092 
+1.626936034839825851 
+1.627509297944972566 
+1.628039551499520510 
+1.628526973999995686 
+1.628971746211068661 
+1.629374051151837088 
+1.629734074082154871 
+1.630052002488971086 
+1.630328026072532355 
+1.630562336732818585 
+1.630755128555742228 
+1.630906597799523627 
+1.631016942880953113 
+1.631086364361735042 
+1.631115064934763437 
+1.631103249410421396 
+1.631051124702951549 
+1.630958899816687957 
+1.630826785832379722 
+1.630654995893533687 
+1.630443745192683647 
+1.630193250957697293 
+1.629903732438122033 
+1.629575410891427989 
+1.629208509569380459 
+1.628803253704294018 
+1.628359870495367456 
+1.627878589094980732 
+1.627359640595001045 
+1.626803258013102882 
+1.626209676279039895 
+1.625579132220968059 
+1.624911864551817464 
+1.624208113855447611 
+1.623468122573117567 
+1.622692134989694557 
+1.621880397219960912 
+1.621033157194978092 
+1.620150664648332128 
+1.619233171102500535 
+1.618280929855083761 
+1.617294195965190085 
+1.616273226239663074 
+1.615218279219473585 
+1.614129615165954323 
+1.613007496047121236 
+1.611852185524014658 
+1.610663948936984058 
+1.609443053291980785 
+1.608189767246859914 
+1.606904361097754474 
+1.605587106765279382 
+1.604238277780896338 
+1.602858149273239219 
+1.601446997954363294 
+1.600005102106097477 
+1.598532741566317750 
+1.597030197715308963 
+1.595497753461975865 
+1.593935693230254858 
+1.592344302945351009 
+1.590723870020048780 
+1.589074683341056948 
+1.587397033255286916 
+1.585691211556154778 
+1.583957511469902046 
+1.582196227641891051 
+1.580407656122948090 
+1.578592094355585562 
+1.576749841160387300 
+1.574881196722295318 
+1.572986462576914102 
+1.571065941596780480 
+1.569119937977714985 
+1.567148757225141464 
+1.565152706140316985 
+1.563132092806737372 
+1.561087226576361564 
+1.559018418055952093 
+1.556925979093384926 
+1.554810222763939764 
+1.552671463356648962 
+1.550510016360542531 
+1.548326198450959312 
+1.546120327475938083 
+1.543892722442420595 
+1.541643703502593166 
+1.539373591940224717 
+1.537082710156942200 
+1.534771381658522227 
+1.532439931041249315 
+1.530088683978166442 
+1.527717967205414640 
+1.525328108508512415 
+1.522919436708709107 
+1.520492281649255428 
+1.518046974181691100 
+1.515583846152192660 
+1.513103230387865539 
+1.510605460683030143 
+1.508090871785586318 
+1.505559799383210828 
+1.503012580089803985 
+1.500449551431670914 
+1.497871051833917555 
+1.495277420606683005 
+1.492668997931527519 
+1.490046124847632880 
+1.487409143238219045 
+1.484758395816787147 
+1.482094226113425783 
+1.479416978461172372 
+1.476726997982225287 
+1.474024630574324313 
+1.471310222897029174 
+1.468584122358066679 
+1.465846677099548190 
+1.463098235984364059 
+1.460339148582445956 
+1.457569765157076924 
+1.454790436651218100 
+1.452001514673802340 
+1.449203351486020752 
+1.446396299987661171 
+1.443580713703357832 
+1.440756946769026436 
+1.437925353917993476 
+1.435086290467447068 
+1.432240112304687729 
+1.429387175873392479 
+1.426527838160004169 
+1.423662456679986921 
+1.420791389464159060 
+1.417914995044931459 
+1.415033632442751266 
+1.412147661152217903 
+1.409257441128583421 
+1.406363332773926000 
+1.403465696923527073 
+1.400564894832103224 
+1.397661288160211512 
+1.394755238960468269 
+1.391847109663906235 
+1.388937263066271077 
+1.386026062314295926 
+1.383113870892060504 
+1.380201052607272771 
+1.377287971577550563 
+1.374374992216752078 
+1.371462479221295272 
+1.368550797556439047 
+1.365640312442601534 
+1.362731389341679256 
+1.359824393943316112 
+1.356919692151224988 
+1.354017650069533563 
+1.351118633989043305 
+1.348223010373531316 
+1.345331145846103471 
+1.342443407175454073 
+1.339560161262193239 
+1.336681775125174498 
+1.333808615887728477 
+1.330941050764079980 
+1.328079447045530603 
+1.325224172086859165 
+1.322375593292606233 
+1.319534078103341335 
+1.316699993982026751 
+1.313873708400252749 
+1.311055588824640461 
+1.308246002703038702 
+1.305445317450904641 
+1.302653900437623191 
+1.299872118972726032 
+1.297100340292310694 
+1.294338931545198967 
+1.291588259779431480 
+1.288848691928419443 
+1.286120594797313554 
+1.283404335049318501 
+1.280700279191968383 
+1.278008793563428558 
+1.275330244318872541 
+1.272664997416704136 
+1.270013418604886368 
+1.267375873407300624 
+1.264752727109941022 
+1.262144344747377911 
+1.259551091088906949 
+1.256973330624954199 
+1.254411427553337344 
+1.251865745765598836 
+1.249336648833312191 
+1.246824499994330093 
+1.244329662139207038 
+1.241852497797389043 
+1.239393369123564348 
+1.236952637883984352 
+1.234530665442768571 
+1.232127812748170514 
+1.229744440318957022 
+1.227380908230604861 
+1.225037576101744019 
+1.222714803080372503 
+1.220412947830130435 
+1.218132368516720909 
+1.215873422794151892 
+1.213636467790983442 
+1.211421860096766334 
+1.209229955748237995 
+1.207061110215708055 
+1.204915678389216316 
+1.202794014565115033 
+1.200696472432044359 
+1.198623405057537950 
+1.196575164874070341 
+1.194552103665590170 
+1.192554572553640835 
+1.190582921983782683 
+1.188637501711900635 
+1.186718660790372581 
+1.184826747554616588 
+1.182962109609133172 
+1.181125093814000326 
+1.179316046271108309 
+1.177535312310462157 
+1.175783236476491522 
+1.174060162514339201 
+1.172366433356327065 
+1.170702391107936613 
+1.169068377034456319 
+1.167464731547020795 
+1.165891794189166220 
+1.164349903622873494 
+1.162839397615089254 
+1.161360613023893595 
+1.159913885784926268 
+1.158499550897577501 
+1.157117942411357125 
+1.155769393412195090 
+1.154454236008706225 
+1.153172801318604446 
+1.151925419454867150 
+1.150712419512112561 
+1.149534129552958639 
+1.148390876594204801 
+1.147282986593277654 
+1.146210784434426255 
+1.145174593915057493 
+1.144174737732070568 
+1.143211537468145078 
+1.142285313578071060 
+1.141396385374977118 
+1.140545071016777712 
+1.139731687492290924 
+1.138956550607722384 
+1.138219974972871640 
+1.137522273987501054 
+1.136863759827518638 
+1.136244743431437776 
+1.135665534486628880 
+1.135126441415541532 
+1.134627771362173965 
+1.134169830178216376 
+1.133752922409426489 
+1.133377351282014001 
+1.133043418688784554 
+1.132751425175574589 
+1.132501669927522547 
+1.132294450755335413 
+1.132130064081619869 
+1.132008804927253642 
+1.131930966897596536 
+1.131896842168842010 
+1.131906721474282840 
+1.131960894090693337 
+1.132059647824579462 
+1.132203268998500878 
+1.132392042437352364 
+1.132626251454678323 
+1.132906177839071882 
+1.133232101840328854 
+1.133604302155844623 
+1.134023055916936418 
+1.134488638675046790 
+1.135001324388163590 
+1.135561385407083401 
+1.136169092461734476 
+1.136824714647396206 
+1.137528519411106220 
+1.138280772538004193 
+1.139081738137463162 
+1.139931678629574563 
+1.140830854731286426 
+1.141779525442924381 
+1.142777948034302993 
+1.143826378031139956 
+1.144925069201264467 
+1.146074273541078270 
+1.147274241261696304 
+1.148525220775398203 
+1.149827458681773829 
+1.151181199754205853 
+1.152586686926077242 
+1.154044161276984060 
+1.155553862019333078 
+1.157116026484267701 
+1.158730890108329081 
+1.160398686419485292 
+1.162119647023651892 
+1.163894001590831451 
+1.165721977841502000 
+1.167603801532957286 
+1.169539696445473398 
+1.171529884368849306 
+1.173574585088400291 
+1.175674016371575981 
+1.177828393954062136 
+1.180037931526152217 
+1.182302840719105408 
+1.184623331091295473 
+1.186999610114742865 
+1.189431883161173875 
+1.191920353488632900 
+1.194465222227327761 
+1.197066688366551501 
+1.199724948740394925 
+1.202440198014437911 
+1.205212628671862962 
+1.208042430999884953 
+1.210929793076013672 
+1.213874900754210895 
+1.216877937651496433 
+1.219939085134040369 
+1.223058522303474005 
+1.226236425983287415 
+1.229472970705066448 
+1.232768328694797688 
+1.236122669859262668 
+1.239536161772289535 
+1.243008969660939211 
+1.246541256392057262 
+1.250133182458312398 
+1.253784905964780982 
+1.257496582614986647 
+1.261268365697380656 
+1.265100406071631545 
+1.268992852154800621 
+1.272945849907861859 
+1.276959542821721971 
+1.281034071903917715 
+1.285169575664498298 
+1.289366190102656295 
+1.293624048692841422 
+1.297943282371182061 
+1.302324019521725607 
+1.306766385962717436 
+1.311270504933066405 
+1.315836497078375356 
+1.320464480437607779 
+1.325154570429015299 
+1.329906879836706635 
+1.334721518796902817 
+1.339598594784132457 
+1.344538212597733429 
+1.349540474347878938 
+1.354605479442248184 
+1.359733324571878565 
+1.364924103698021529 
+1.370177908037943926 
+1.375494826051526287 
+1.380874943427444324 
+1.386318343069510295 
+1.391825105083131842 
+1.397395306761260336 
+1.403029022571027795 
+1.408726324139965680 
+1.414487280242177292 
+1.420311956784801044 
+1.426200416794312309 
+1.432152720402670276 
+1.438168924833822304 
+1.444249084389955140 
+1.450393250437628234 
+1.456601471394320724 
+1.462873792714634691 
+1.469210256876595677 
+1.475610903367924109 
+1.482075768672433735 
+1.488604886256338800 
+1.495198286554304756 
+1.501855996956229289 
+1.508578041793068536 
+1.515364442323478444 
+1.522215216719960074 
+1.529130380055158334 
+1.536109944288262419 
+1.543153918251247703 
+1.550262307635228209 
+1.557435114976629453 
+1.564672339643780496 
+1.571973977822775259 
+1.579340022504295060 
+1.586770463469509451 
+1.594265287276558807 
+1.601824477246896361 
+1.609448013451381776 
+1.617135872696988441 
+1.624888028512520455 
+1.632704451135655210 
+1.640585107498442552 
+1.648529961214335815 
+1.656538972564014500 
+1.664612098481974556 
+1.672749292542579314 
+1.680950504946585378 
+1.689215682507442917 
+1.697544768637293089 
+1.705937703333833433 
+1.714394423166004655 
+1.722914861260726127 
+1.731498947289141999 
+1.740146607452623950 
+1.748857764469596621 
+1.757632337561275904 
+1.766470242438501703 
+1.775371391287546841 
+1.784335692756885861 
+1.793363051943188458 
+1.802453370377763653 
+1.811606546012704433 
+1.820822473207488468 
+1.830101042715073678 
+1.839442141668089281 
+1.848845653565535985 
+1.858311458258618654 
+1.867839431937478256 
+1.877429447117217709 
+1.887081372624276332 
+1.896795073582765223 
+1.906570411400767551 
+1.916407243756792056 
+1.926305424585565973 
+1.936264804065190859 
+1.946285228602475437 
+1.956366540820063671 
+1.966508579542274093 
+1.976711179781578176 
+1.986974172724864207 
+1.997297385719668750 
+2.007680642260667891 
+2.018123761975823882 
+2.028626560612771357 
+2.039188850024973743 
+2.049810438158316206 
+2.060491129037250069 
+2.071230722750913245 
+2.082029015439789799 
+2.092885799281736237 
+2.103800862478507394 
+2.114773989241848007 
+2.125804959779958203 
+2.136893550283752496 
+2.148039532913094352 
+2.159242675783212828 
+2.170502742950990438 
+2.181819494401195048 
+2.193192686032829908 
+2.204622069645512994 
+2.216107392925586339 
+2.227648399432594406 
+2.239244828585711833 
+2.250896415649596527 
+2.262602891721217091 
+2.274363983715733450 
+2.286179414353196826 
+2.298048902144461447 
+2.309972161377842781 
+2.321948902105094970 
+2.333978830128060622 
+2.346061646984644256 
+2.358197049935427891 
+2.370384731949667145 
+2.382624381691829996 
+2.394915683507908177 
+2.407258317411506976 
+2.419651959070381331 
+2.432096279792490989 
+2.444590946512777752 
+2.457135621778865353 
+2.469729963737798961 
+2.482373626122111432 
+2.495066258236283474 
+2.507807504943162069 
+2.520597006649723859 
+2.533434399294121953 
+2.546319314331451533 
+2.559251378720237557 
+2.572230214908771018 
+2.585255440821416784 
+2.598326669844784220 
+2.611443510814207780 
+2.624605567999980238 
+2.637812441093545957 
+2.651063725194122256 
+2.664359010794628890 
+2.677697883768224152 
+2.691079925354550095 
+2.704504712146026613 
+2.717971816074308933 
+2.731480804396127837 
+2.745031239680383095 
+2.758622679793529819 
+2.772254677886741625 
+2.785926782381555000 
+2.799638536956561730 
+2.813389480533593279 
+2.827179147263956693 
+2.841007066515029766 
+2.854872762855946711 
+2.868775756044803948 
+2.882715561014046024 
+2.896691687857421815 
+2.910703641816130727 
+2.924750923264844538 
+2.938833027698417144 
+2.952949445717814037 
+2.967099663017008560 
+2.981283160368312313 
+2.995499413609850059 
+3.009747893630736026 
+3.024028066358432909 
+3.038339392744155987 
+3.052681328749802248 
+3.067053325333895852 
+3.081454828437998117 
+3.095885278973280030 
+3.110344112806233685 
+3.124830760745660019 
+3.139344648528462400 
+3.153885196806121449 
+3.168451821131096580 
+3.183043931943082328 
+3.197660934555170531 
+3.212302229140334475 
+3.226967210717798906 
+3.241655269138884243 
+3.256365789073999206 
+3.271098149998469928 
+3.285851726178875332 
+3.300625886659582342 
+3.315419995248755747 
+3.330233410505206493 
+3.345065485723766052 
+3.359915568922688500 
+3.374783002828936063 
+3.389667124865336056 
+3.404567267136322961 
+3.419482756414528701 
+3.434412914126935057 
+3.449357056341222805 
+3.464314493752254975 
+3.479284531667927283 
+3.494266469996160307 
+3.509259603230444835 
+3.524263220436738564 
+3.539276605239539464 
+3.554299035808175855 
+3.569329784843136011 
+3.584368119562289401 
+3.599413301687603095 
+3.614464587430663123 
+3.629521227479981960 
+3.644582466986169500 
+3.659647545549395975 
+3.674715697204870679 
+3.689786150409458454 
+3.704858128027912922 
+3.719930847319221634 
+3.735003519923115967 
+3.750075351845811866 
+3.765145543446931420 
+3.780213289425563339 
+3.795277778806386948 
+3.810338194926246480 
+3.825393715420384311 
+3.840443512208764787 
+3.855486751482202656 
+3.870522593688859203 
+3.885550193520513673 
+3.900568699898954605 
+3.915577255961945724 
+3.930574999049965434 
+3.945561060692213573 
+3.960534566593118200 
+3.975494636618535971 
+3.990440384781818395 
+4.005370919230838211 
+4.020285342233253623 
+4.035182750163978760 
+4.050062233490439034 
+4.064922876759449188 
+4.079763758583635713 
+4.094583951627104312 
+4.109382522592634146 
+4.124158532206988248 
+4.138911035208298728 
+4.153639080331152478 
+4.168341710294162894 
+4.183017961785385985 
+4.197666865448911544 
+4.212287445871112368 
+4.226878721567191022 
+4.241439704967231883 
+4.255969402402310031 
+4.270466814091575358 
+4.284930934127614499 
+4.299360750463352865 
+4.313755244898216823 
+4.328113393064283443 
+4.342434164413000452 
+4.356716522200807518 
+4.370959423476344696 
+4.385161819065701572 
+4.399322653559811336 
+4.413440865300000127 
+4.427515386364378358 
+4.441545142554630843 
+4.455529053381569682 
+4.469466032052450188 
+4.483354985455894059 
+4.497194814149715114 
+4.510984412346052963 
+4.524722667898281259 
+4.538408462287216949 
+4.552040670607190975 
+4.565618161552612797 
+4.579139797404220502 
+4.592604434015456150 
+4.606010920798330410 
+4.619358100710543980 
+4.632644810240772237 
+4.645869879396093083 
+4.659032131687349754 
+4.672130384115923185 
+4.685163447159930605 
+4.698130124760507620 
+4.711029214308466884 
+4.723859506629735527 
+4.736619785972712826 
+4.749308829993664105 
+4.761925409743887450 
+4.774468289655256825 
+4.786936227526886967 
+4.799327974511538919 
+4.811642275101452704 
+4.823877867115613505 
+4.836033481684705926 
+4.848107843238616432 
+4.860099669492147001 
+4.872007671431399345 
+4.883830553300115618 
+4.895567012586156785 
+4.907215740007414340 
+4.918775419498400581 
+4.930244728196731430 
+4.941622336428875606 
+4.952906907697021133 
+4.964097098665077645 
+4.975191559144997555 
+4.986188932083265968 
+4.997087853546855918 
+5.007886952710134842 
+5.018584851840359740 
+5.029180166284756837 
+5.039671504456188167 
+5.050057467820116663 
+5.060336650880326914 
+5.070507641165475476 
+5.080569019215373849 
+5.090519358567255459 
+5.100357225742505385 
+5.110081180231876630 
+5.119689774483363820 
+5.129181553886789757 
+5.138555056761682671 
+5.147808814342466732 
+5.156941350765417376 
+5.165951183054498408 
+5.174836821108022455 
+5.183596767685010320 
+5.192229518390772292 
+5.200733561664550031 
+5.209107378764279872 
+5.217349443754192961 
+5.225458223490230480 
+5.233432177607008740 
+5.241269758503513287 
+5.248969411329712287 
+5.256529573973475422 
+5.263948677045302560 
+5.271225143866355545 
+5.278357390453652265 
+5.285343825506815918 
+5.292182850394221205 
+5.298872859139450497 
+5.305412238407543057 
+5.311799367491039092 
+5.318032618296933300 
+5.324110355332087430 
+5.330030935690464489 
+5.335792709038765125 
+5.341394017602883793 
+5.346833196154515910 
+5.352108571996838648 
+5.357218464951962744 
+5.362161187345598101 
+5.366935043994904397 
+5.371538332193726006 
+5.375969341699717852 
+5.380226354719887638 
+5.384307645897571604 
+5.388211482298141952 
+5.391936123395799640 
+5.395479821059711689 
+5.398840819540156488 
+5.402017355455177139 
+5.405007657776280006 
+5.407809947815580998 
+5.410422439211546752 
+5.412843337915239417 
+5.415070842176979760 
+5.417103142532413429 
+5.418938421789003534 
+5.420574855011942361 
+5.422010609511244361 
+5.423243844826848736 
+5.424272712716216915 
+5.425095357139716690 
+5.425709914247395460 
+5.426114512365074027 
+5.426307271980639335 
+5.426286305730850579 
+5.426049718386514620 
+5.425595606840190044 
+5.424922060091392773 
+5.424027159233569151 
+5.422908977439935718 
+5.421565579950058833 
+5.419995024056340149 
+5.418195359089713392 
+5.416164626406724913 
+5.413900859374876084 
+5.411402083360172810 
+5.408666315712192585 
+5.405691565751291172 
+5.402475834754447703 
+5.399017115941606271 
+5.395313394462406542 
+5.391362647381493289 
+5.387162843666234657 
+5.382711944171675533 
+5.378007901627801957 
+5.373048660625469708 
+5.367832157602488330 
+5.362356320830322431 
+5.356619070400119753 
+5.350618318209702018 
+5.344351967948268722 
+5.337817915084786868 
+5.331014046852449617 
+5.323938242236312846 
+5.316588371958939518 
+5.308962298466705754 
+5.301057875916423079 
+5.292872950161170209 
+5.284405358737561009 
+5.275652930850379008 
+5.266613487360705115 
+5.257284840771236034 
+5.247664795212437561 
+5.237751146429566518 
+5.227541681768360426 
+5.217034180161637558 
+5.206226412115339208 
+5.195116139695621804 
+5.183701116513740104 
+5.171979087713910239 
+5.159947789958401643 
+5.147604951414741059 
+5.134948291741088688 
+5.121975522073570097 
+5.108684345012029837 
+5.095072454605843681 
+5.081137536341537420 
+5.066877267127630091 
+5.052289315282136428 
+5.037371340518154383 
+5.022120993930480282 
+5.006535917981670636 
+4.990613746488549829 
+4.974352104608699143 
+4.957748608826037184 
+4.940800866938340086 
+4.923506478041922207 
+4.905863032519643951 
+4.887868112026031220 
+4.869519289474059320 
+4.850814129021385313 
+4.831750186056416929 
+4.812325007185432213 
+4.792536130217460055 
+4.772381084152329755 
+4.751857389165103029 
+4.730962556594341173 
+4.709694088926618782 
+4.688049479784003104 
+4.666026213909919562 
+4.643621767155419633 
+4.620833606466126398 
+4.597659189866923235 
+4.574095966450546946 
+4.550141376361864332 
+4.525792850785376409 
+4.501047811931021769 
+4.475903673020657614 
+4.450357838274243250 
+4.424407702896221650 
+4.398050653062287374 
+4.371284065904344374 
+4.344105309498484502 
+4.316511742850315692 
+4.288500715881141900 
+4.260069569414837609 
+4.231215635163999345 
+4.201936235716147827 
+4.172228684519679653 
+4.142090285871212529 
+4.111518334900289950 
+4.080510117557711425 
+4.049062910599807275 
+4.017173981576222630 
+3.984840588815385054 
+3.952059981411269796 
+3.918829399209908360 
+3.885146072794184668 
+3.851007223472838525 
+3.816410063263756314 
+3.781351794882967354 
+3.745829611728823672 
+3.709840697869593917 
+3.673382228029489660 
+3.636451367574479399 
+3.599045272499587611 
+3.561161089413839242 
+3.522795955527999290 
+3.483946998639608772 
+3.444611337120645267 
+3.404786079902129892 
+3.364468326462132453 
+3.323655166810913997 
+3.282343681477712938 
+3.240530941497294926 
+3.198214008395225072 
+3.155389934175601319 
+3.112055761306268931 
+3.068208522705668351 
+3.023845241728866817 
+2.978962932153889742 
+2.933558598168473086 
+2.887629234355275187 
+2.841171825680157692 
+2.794183347475776902 
+2.746660765430616546 
+2.698601035573233720 
+2.650001104259761320 
+2.600857908159553755 
+2.551168374241929104 
+2.500929419762773165 
+2.450137952249118456 
+2.398790869488285793 
+2.346885059511192750 
+2.294417400581158617 
+2.241384761178688123 
+2.187783999988187844 
+2.133611965884264716 
+2.078865497918221728 
+2.023541425304570041 
+1.967636567406157333 
+1.911147733722093012 
+1.854071723872596555 
+1.796405327586700906 
+1.738145324687340620 
+1.679288485078217708 
+1.619831568729972027 
+1.559771325666723163 
+1.499104495952449323 
+1.437827809676160529 
+1.375937986940453994 
+1.313431737844925618 
+1.250305762475227178 
+1.186556750887737488 
+1.122181383096141571 
+1.057176329058182596 
+0.991538248661056554 
+0.925263791709506234 
+0.858349597909536799 
+0.790792296857240062 
+0.722588508023549903 
+0.653734840741022616 
+0.584227894190170183 
+0.514064257385401735 
+0.443240509162436291 
+0.371753218162704568 
+0.299598942822111969 
+0.226774231354509359 
+0.153275621740735390 
+0.079099641713113344 
+0.004242808742364490 
-0.071298369976234399 
-0.147527397536314053 
-0.224447787333791782 
-0.302063063082079308 
-0.380376758823329331 
-0.459392418945003600 
-0.539113598190671839 
-0.619543861675973195 
-0.700686784901224824 
-0.782545953765193092 
-0.865124964579061073 
-0.948427424079653969 
-1.032456949444297445 
-1.117217168302324426 
-1.202711718751906522 
-1.288944249370076234 
-1.375918419229498868 
-1.463637897910791130 
-1.552106365516110253 
-1.641327512683407042 
-1.731305040599384393 
-1.822042661014645182 
-1.913544096255155980 
