+8.236100000000000421 
+8.122952186309222000 
+8.010805189681143190 
+7.899653683280088323 
+7.789492356915344473 
+7.680315917017487060 
+7.572119086614693906 
+7.464896605309067290 
+7.358643229252949780 
+7.253353731125243620 
+7.149022900107731004 
+7.045645541861389027 
+6.943216478502712619 
+6.841730548580030380 
+6.741182607049822195 
+6.641567525253042170 
+6.542880190891430914 
+6.445115508003842031 
+6.348268396942551739 
+6.252333794349585361 
+6.157306653133030494 
+6.063181942443359063 
+5.969954647649743151 
+5.877619770316377057 
+5.786172328178789570 
+5.695607355120172244 
+5.605919901147688122 
+5.517105032368796458 
+5.429157830967568543 
+5.342073395181008877 
+5.255846839275370996 
+5.170473293522475977 
+5.085947904176034484 
+5.002265833447960830 
+4.919422259484697690 
+4.837412376343525722 
+4.756231393968889165 
+4.675874538168713457 
+4.596337050590722839 
+4.517614188698757971 
+4.439701225749094426 
+4.362593450766764747 
+4.286286168521874274 
+4.210774699505917873 
+4.136054379908101986 
+4.062120561591661350 
+3.988968612070181052 
+3.916593914483907923 
+3.844991867576075251 
+3.774157885669219503 
+3.704087398641499718 
+3.634775851903014221 
+3.566218706372120906 
+3.498411438451753064 
+3.431349540005743215 
+3.365028518335136276 
+3.299443896154511613 
+3.234591211568300650 
+3.170466018047102708 
+3.107063884404009713 
+3.044380394770918485 
+2.982411148574852788 
+2.921151760514280937 
+2.860597860535435188 
+2.800745093808629349 
+2.741589120704577276 
+2.683125616770712263 
+2.625350272707504651 
+2.568258794344782991 
+2.511846902618048105 
+2.456110333544794244 
+2.401044838200830256 
+2.346646182696593641 
+2.292910148153468164 
+2.239832530680113898 
+2.187409141348766184 
+2.135635806171572781 
+2.084508366076902597 
+2.034022676885667735 
+1.984174609287639335 
+1.934960048817766065 
+1.886374895832497955 
+1.838415065486102229 
+1.791076487706974696 
+1.744355107173971575 
+1.698246883292716447 
+1.652747790171926745 
+1.607853816599726038 
+1.563560966019969634 
+1.519865256508553308 
+1.476762720749746016 
+1.434249406012493289 
+1.392321374126745503 
+1.350974701459775495 
+1.310205478892489950 
+1.270009811795758559 
+1.230383820006728079 
+1.191323637805134616 
+1.152825413889633666 
+1.114885311354108843 
+1.077499507663999267 
+1.040664194632609174 
+1.004375578397429081 
+0.968629879396464055 
+0.933423332344537116 
+0.898752186209614834 
+0.864612704189133829 
+0.831001163686299726 
+0.797913856286428747 
+0.765347087733248443 
+0.733297177905225084 
+0.701760460791882146 
+0.670733284470109936 
+0.640212011080498300 
+0.610193016803647126 
+0.580672691836481292 
+0.551647440368579822 
+0.523113680558482841 
+0.495067844510018062 
+0.467506378248620180 
+0.440425741697637818 
+0.413822408654671570 
+0.387692866767870292 
+0.362033617512270922 
+0.336841176166103651 
+0.312112071787109535 
+0.287842847188867879 
+0.264030058917113841 
+0.240670277226043616 
+0.217760086054653357 
+0.195296083003041687 
+0.173274879308733532 
+0.151693099823004829 
+0.130547382987190375 
+0.109834380809008536 
+0.089550758838877087 
+0.069693196146239700 
+0.050258385295867569 
+0.031243032324201891 
+0.012643856715650159 
-0.005542408621083794 
-0.023319017376682183 
-0.040689209864897435 
-0.057656213046234583 
-0.074223240551624770 
-0.090393492706114742 
-0.106170156552547468 
-0.121556405875239193 
-0.136555401223667161 
-0.151170289936143121 
-0.165404206163501044 
-0.179260270892775964 
-0.192741591970888138 
-0.205851264128316558 
-0.218592369002793774 
-0.230967975162974071 
-0.242981138132122965 
-0.254634900411792486 
-0.265932291505512453 
-0.276876327942458644 
-0.287470013301145855 
-0.297716338233106725 
-0.307618280486559925 
-0.317178804930117408 
-0.326400863576441935 
-0.335287395605943672 
-0.343841327390444818 
-0.352065572516885084 
-0.359963031810979217 
-0.367536593360920705 
-0.374789132541041070 
-0.381723512035501145 
-0.388342581861984115 
-0.394649179395356597 
-0.400646129391361683 
-0.406336244010299552 
-0.411722322840704535 
-0.416807152923036384 
-0.421593508773343117 
-0.426084152406966510 
-0.430281833362203159 
-0.434189288723995759 
-0.437809243147611937 
-0.441144408882331973 
-0.444197485795111646 
-0.446971161394291272 
-0.449468110853254998 
-0.451690997034120301 
-0.453642470511413265 
-0.455325169595770518 
-0.456741720357591419 
-0.457894736650739986 
-0.458786820136216633 
-0.459420560305847658 
-0.459798534505958756 
-0.459923307961057404 
-0.459797433797522359 
-0.459423453067273613 
-0.458803894771468990 
-0.457941275884159893 
-0.456838101376002115 
-0.455496864237922239 
-0.453920045504792924 
-0.452110114279134834 
-0.450069527754770604 
-0.447800731240535654 
-0.445306158183937484 
-0.442588230194839838 
-0.439649357069161084 
-0.436491936812533510 
-0.433118355664001697 
-0.429530988119687152 
-0.425732196956492004 
-0.421724333255756534 
-0.417509736426962874 
-0.413090734231397860 
-0.408469642805842525 
-0.403648766686254490 
-0.398630398831455679 
-0.393416820646791621 
-0.388010302007836927 
-0.382413101284063472 
-0.376627465362528113 
-0.370655629671553299 
-0.364499818204397030 
-0.358162243542956560 
-0.351645106881427694 
-0.344950598049997836 
-0.338080895538537263 
-0.331038166520244204 
-0.323824566875366315 
-0.316442241214872411 
-0.308893322904117085 
-0.301179934086530210 
-0.293304185707308207 
-0.285268177537091105 
-0.277073998195630722 
-0.268723725175496142 
-0.260219424865724136 
-0.251563152575533522 
-0.242756952557977357 
-0.233802858033659078 
-0.224702891214370482 
-0.215459063326806088 
-0.206073374636233098 
-0.196547814470172000 
-0.186884361242077190 
-0.177084982475031794 
-0.167151634825408735 
-0.157086264106560236 
-0.146890805312500206 
-0.136567182641602614 
-0.126117309520250132 
-0.115543088626520074 
-0.104846411913912974 
-0.094029160634967468 
-0.083093205364985323 
-0.072040406025703163 
-0.060872611908957097 
-0.049591661700395306 
-0.038199383503130235 
-0.026697594861442298 
-0.015088102784440949 
-0.003372703769759511 
+0.008446816172765992 
+0.020368681497416219 
+0.032391127098907901 
+0.044512398288702570 
+0.056730750771350813 
+0.069044450620786790 
+0.081451774256644072 
+0.093951008420603443 
+0.106540450152673216 
+0.119218406767538809 
+0.131983195830871480 
+0.144833145135633501 
+0.157766592678418860 
+0.170781886635754887 
+0.183877385340428745 
+0.197051457257806817 
+0.210302480962145211 
+0.223628845112921582 
+0.237028948431138531 
+0.250501199675653652 
+0.264044017619496252 
+0.277655831026177857 
+0.291335078626023147 
+0.305080209092479571 
+0.318889681018434956 
+0.332761962892548446 
+0.346695533075548568 
+0.360688879776572158 
+0.374740501029481088 
+0.388848904669148787 
+0.403012608307831144 
+0.417230139311444148 
+0.431500034775901931 
+0.445820841503429044 
+0.460191115978870968 
+0.474609424346040143 
+0.489074342383993610 
+0.503584455483397697 
+0.518138358622794115 
+0.532734656344973523 
+0.547371962733259387 
+0.562048901387829147 
+0.576764105402046034 
+0.591516217338764250 
+0.606303889206657232 
+0.621125782436535268 
+0.635980567857655110 
+0.650866925674042029 
+0.665783545440832292 
+0.680729126040539256 
+0.695702375659427830 
+0.710702011763799213 
+0.725726761076317395 
+0.740775359552339197 
+0.755846552356205237 
+0.770939093837594847 
+0.786051747507807264 
+0.801183286016117435 
+0.816332491126066984 
+0.831498153691788922 
+0.846679073634333257 
+0.861874059917981050 
+0.877081930526559361 
+0.892301512439779287 
+0.907531641609514494 
+0.922771162936161460 
+0.938018930244937543 
+0.953273806262205703 
+0.968534662591790330 
+0.983800379691277982 
+0.999069846848382070 
+1.014341962157217836 
+1.029615632494635058 
+1.044889773496546326 
+1.060163309534225995 
+1.075435173690644675 
+1.090704307736801937 
+1.105969662107988860 
+1.121230195880169589 
+1.136484876746274963 
+1.151732680992515689 
+1.166972593474693731 
+1.182203607594544792 
+1.197424725276046154 
+1.212634956941737840 
+1.227833321489016249 
+1.243018846266490840 
+1.258190567050291975 
+1.273347528020368102 
+1.288488781736816691 
+1.303613389116227594 
+1.318720419407958033 
+1.333808950170484842 
+1.348878067247695434 
+1.363926864745248047 
+1.378954445006842278 
+1.393959918590558011 
+1.408942404245202340 
+1.423901028886559672 
+1.438834927573795497 
+1.453743243485702052 
+1.468625127897061233 
+1.483479740154926674 
+1.498306247654989320 
+1.513103825817864845 
+1.527871658065405036 
+1.542608935797052716 
+1.557314858366105170 
+1.571988633056090379 
+1.586629475057044658 
+1.601236607441852478 
+1.615809261142568509 
+1.630346674926707706 
+1.644848095373594887 
+1.659312776850671689 
+1.673739981489800854 
+1.688128979163614929 
+1.702479047461813444 
+1.716789471667473421 
+1.731059544733408728 
+1.745288567258435286 
+1.759475847463731313 
+1.773620701169122071 
+1.787722451769437448 
+1.801780430210794925 
+1.815793974966954494 
+1.829762432015570539 
+1.843685154814591165 
+1.857561504278550935 
+1.871390848754844960 
+1.885172564000090034 
+1.898906033156464446 
+1.912590646727968746 
+1.926225802556770894 
+1.939810905799534524 
+1.953345368903751655 
+1.966828611583994579 
+1.980260060798314292 
+1.993639150724509257 
+2.006965322736468771 
+2.020238025380472813 
+2.033456714351513206 
+2.046620852469644092 
+2.059729909656241809 
+2.072783362910368687 
+2.085780696285096880 
+2.098721400863782449 
+2.111604974736430940 
+2.124430922975995450 
+2.137198757614673816 
+2.149907997620259081 
+2.162558168872474873 
+2.175148804139234393 
+2.187679443052999773 
+2.200149632087090801 
+2.212558924532011417 
+2.224906880471774429 
+2.237193066760180926 
+2.249417056997176090 
+2.261578431505169462 
+2.273676777305330354 
+2.285711688093908123 
+2.297682764218592411 
+2.309589612654763258 
+2.321431846981870883 
+2.333209087359705336 
+2.344920960504763841 
+2.356567099666543541 
+2.368147144603846677 
+2.379660741561099968 
+2.391107543244729960 
+2.402487208799418461 
+2.413799403784410380 
+2.425043800149913942 
+2.436220076213317043 
+2.447327916635631873 
+2.458367012397654428 
+2.469337060776429560 
+2.480237765321458454 
+2.491068835831103279 
+2.501829988328861276 
+2.512520945039677933 
+2.523141434366285019 
+2.533691190865523524 
+2.544169955224648838 
+2.554577474237608392 
+2.564913500781487166 
+2.575177793792678749 
+2.585370118243267790 
+2.595490245117379580 
+2.605537951387467466 
+2.615513019990601151 
+2.625415239804844703 
+2.635244405625517317 
+2.645000318141580209 
+2.654682783911885835 
+2.664291615341527475 
+2.673826630658184378 
+2.683287653888376312 
+2.692674514833832689 
+2.701987049047811063 
+2.711225097811378326 
+2.720388508109777170 
+2.729477132608695733 
+2.738490829630636725 
+2.747429463131190630 
+2.756292902675374634 
+2.765081023413963557 
+2.773793706059781705 
+2.782430836864030255 
+2.790992307592629729 
+2.799478015502493200 
+2.807887863317928279 
+2.816221759206804620 
+2.824479616757061606 
+2.832661354952861643 
+2.840766898150999253 
+2.848796176057235563 
+2.856749123702514659 
+2.864625681419405545 
+2.872425794818356692 
+2.880149414763955029 
+2.887796497351395431 
+2.895367003882690859 
+2.902860900842958891 
+2.910278159876877879 
+2.917618757764872228 
+2.924882676399491288 
+2.932069902761722524 
+2.939180428897316233 
+2.946214251893079172 
+2.953171373853218817 
+2.960051801875614785 
+2.966855548028257239 
+2.973582629325401072 
+2.980233067703993655 
+2.986806889999985337 
+2.993304127924596436 
+2.999724818040679253 
+3.006069001739021473 
+3.012336725214705524 
+3.018528039443326705 
+3.024643000157419159 
+3.030681667822686443 
+3.036644107614442589 
+3.042530389393793833 
+3.048340587683999736 
+3.054074781646859194 
+3.059733055058925011 
+3.065315496287920993 
+3.070822198268990277 
+3.076253258481033370 
+3.081608778923045300 
+3.086888866090433226 
+3.092093630951267436 
+3.097223188922712644 
+3.102277659847270108 
+3.107257167969078360 
+3.112161841910332960 
+3.116991814647469106 
+3.121747223487636447 
+3.126428210044839062 
+3.131034920216422712 
+3.135567504159284091 
+3.140026116266202649 
+3.144410915142230145 
+3.148722063580914998 
+3.152959728540695394 
+3.157124081121159165 
+3.161215296539411135 
+3.165233554106378300 
+3.169179037203067928 
+3.173051933257034385 
+3.176852433718515556 
+3.180580734036863255 
+3.184237033636861725 
+3.187821535895005276 
+3.191334448115808797 
+3.194775981508197304 
+3.198146351161752499 
+3.201445776023040146 
+3.204674478871971210 
+3.207832686298104363 
+3.210920628676923627 
+3.213938540146186185 
+3.216886658582287062 
+3.219765225576489698 
+3.222574486411298622 
+3.225314690036779730 
+3.227986089046875229 
+3.230588939655650194 
+3.233123501673754063 
+3.235590038484660091 
+3.237988817020884369 
+3.240320107740510380 
+3.242584184603389375 
+3.244781325047374487 
+3.246911809964863060 
+3.248975923678896649 
+3.250973953919594095 
+3.252906191800492230 
+3.254772931794759572 
+3.256574471711588536 
+3.258311112672545917 
+3.259983159087755489 
+3.261590918632360392 
+3.263134702222829198 
+3.264614823993126969 
+3.266031601271252249 
+3.267385354555369048 
+3.268676407490231917 
+3.269905086843430730 
+3.271071722481822874 
+3.272176647347717626 
+3.273220197435295908 
+3.274202711766806217 
+3.275124532369112273 
+3.275986004249742400 
+3.276787475373389213 
+3.277529296638143741 
+3.278211821851884089 
+3.278835407708471372 
+3.279400413764228084 
+3.279907202414142020 
+3.280356138868209648 
+3.280747591127759044 
+3.281081929961841226 
+3.281359528883413645 
+3.281580764125727079 
+3.281746014618644125 
+3.281855661965025206 
+3.281910090416873871 
+3.281909686851835595 
+3.281854840749407032 
+3.281745944167361984 
+3.281583391717838971 
+3.281367580543993689 
+3.281098910295995985 
+3.280777783107602374 
+3.280404603572337763 
+3.279979778719793515 
+3.279503717992045431 
+3.278976833219903853 
+3.278399538599261476 
+3.277772250667374543 
+3.277095388279260391 
+3.276369372583878281 
+3.275594627000636194 
+3.274771577195519257 
+3.273900651057560118 
+3.272982278675036660 
+3.272016892311864211 
+3.271004926383936251 
+3.269946817435355868 
+3.268843004114827089 
+3.267693927151922750 
+3.266500029333465172 
+3.265261755479746064 
+3.263979552421027108 
+3.262653868973589333 
+3.261285155916291423 
+3.259873865966782525 
+3.258420453757829627 
+3.256925375813623624 
+3.255389090526201734 
+3.253812058131575036 
+3.252194740686186414 
+3.250537602043211294 
+3.248841107828848607 
+3.247105725418704125 
+3.245331923913949090 
+3.243520174117822563 
+3.241670948511886863 
+3.239784721232280340 
+3.237861968046110483 
+3.235903166327778635 
+3.233908795035218553 
+3.231879334686279748 
+3.229815267335104600 
+3.227717076548278996 
+3.225585247381303589 
+3.223420266354795061 
+3.221222621430936073 
+3.218992801989720931 
+3.216731298805256323 
+3.214438604022064716 
+3.212115211131481907 
+3.209761614947908015 
+3.207378311585212138 
+3.204965798432909629 
+3.202524574132624480 
+3.200055138554272816 
+3.197557992772457780 
+3.195033639042921259 
+3.192482580778544410 
+3.189905322525985909 
+3.187302369941718894 
+3.184674229768627463 
+3.182021409812060497 
+3.179344418916443260 
+3.176643766941252167 
+3.173919964737673460 
+3.171173524124610843 
+3.168404957865235794 
+3.165614779643264320 
+3.162803504039146674 
+3.159971646506609666 
+3.157119723348563944 
+3.154248251694057537 
+3.151357749473967296 
+3.148448735397705534 
+3.145521728929371541 
+3.142577250264184663 
+3.139615820304626936 
+3.136637960636999622 
+3.133644193507501008 
+3.130635041798735863 
+3.127611029005941568 
+3.124572679213208026 
+3.121520517070093703 
+3.118455067767665234 
+3.115376857014861223 
+3.112286411014944854 
+3.109184256441689165 
+3.106070920415810122 
+3.102946930481063958 
+3.099812814580902298 
+3.096669101034490446 
+3.093516318513255925 
+3.090354996016904110 
+3.087185662850157719 
+3.084008848598624120 
+3.080825083105541040 
+3.077634896447785984 
+3.074438818912285321 
+3.071237380972315023 
+3.068031113263992360 
+3.064820546562302184 
+3.061606211757625040 
+3.058388639832058331 
+3.055168361835584712 
+3.051945908862494505 
+3.048721812027704203 
+3.045496602443061640 
+3.042270811193643176 
+3.039044969314142364 
+3.035819607765049000 
+3.032595257409165690 
+3.029372448987729172 
+3.026151713096867368 
+3.022933580163856604 
+3.019718580423370824 
+3.016507243894072765 
+3.013300100354503464 
+3.010097679319856390 
+3.006900510017860739 
+3.003709121365581325 
+3.000524041945188181 
+2.997345799980782211 
+2.994174923314370851 
+2.991011939382334006 
+2.987857375191718567 
+2.984711757296560464 
+2.981575611774209378 
+2.978449464201548658 
+2.975333839631590926 
+2.972229262569367592 
+2.969136256948648800 
+2.966055346108078972 
+2.962987052767421581 
+2.959931899004074829 
+2.956890406229251589 
+2.953863095164301455 
+2.950850485817114510 
+2.947853097458359883 
+2.944871448597810470 
+2.941906056960714722 
+2.938957439464030763 
+2.936026112192934079 
+2.933112590376794948 
+2.930217388365877973 
+2.927341019607353267 
+2.924483996621789039 
+2.921646830979530485 
+2.918830033276741176 
+2.916034113111990678 
+2.913259579062480675 
+2.910506938660307519 
+2.907776698368876644 
+2.905069363559242390 
+2.902385438486171587 
+2.899725426264892825 
+2.897089828846876713 
+2.894479146996769892 
+2.891893880268207262 
+2.889334526980304574 
+2.886801584194134129 
+2.884295547688769723 
+2.881816911937819192 
+2.879366170085539522 
+2.876943813923489301 
+2.874550333866399576 
+2.872186218928914236 
+2.869851956701506168 
+2.867548033327307344 
+2.865274933477844677 
+2.863033140329863002 
+2.860823135541251006 
+2.858645399227698114 
+2.856500409938698581 
+2.854388644634052064 
+2.852310578660301132 
+2.850266685726702498 
+2.848257437881900778 
+2.846283305489921922 
+2.844344757206786589 
+2.842442259956666994 
+2.840576278908296004 
+2.838747277451060924 
+2.836955717171742997 
+2.835202057830333189 
+2.833486757336697970 
+2.831810271726950212 
+2.830173055139309390 
+2.828575559791019600 
+2.827018235954219527 
+2.825501531932447463 
+2.824025894036956252 
+2.822591766563004256 
+2.821199591766204051 
+2.819849809838745891 
+2.818542858885772162 
+2.817279174901762495 
+2.816059191746899337 
+2.814883341123001870 
+2.813752052550474225 
+2.812665753343973840 
+2.811624868589204240 
+2.810629821119061234 
+2.809681031489916769 
+2.808778917957927668 
+2.807923896455482016 
+2.807116380567368452 
+2.806356781507208353 
+2.805645508093729035 
+2.804982966727064486 
+2.804369561365150254 
+2.803805693499832330 
+2.803291762133470755 
+2.802828163755127555 
+2.802415292316839057 
+2.802053539209969024 
+2.801743293241588439 
+2.801484940610583507 
+2.801278864884366726 
+2.801125446974866762 
+2.801025065114843393 
+2.800978094834341015 
+2.800984908937157236 
+2.801045877476694201 
+2.801161367732740715 
+2.801331744187661954 
+2.801557368502386680 
+2.801838599493224891 
+2.802175793107949175 
+2.802569302402068807 
+2.803019477515237057 
+2.803526665647608773 
+2.804091211035927067 
+2.804713454930095828 
+2.805393735569415625 
+2.806132388158943947 
+2.806929744845694685 
+2.807786134694977065 
+2.808701883666881116 
+2.809677314592428310 
+2.810712747149871404 
+2.811808497841219889 
+2.812964879968394172 
+2.814182203609402855 
+2.815460775595008514 
+2.816800899484755760 
+2.818202875543613928 
+2.819667000717803518 
+2.821193568611512603 
+2.822782869463134503 
+2.824435190121511674 
+2.826150814022241775 
+2.827930021164141827 
+2.829773088085532073 
+2.831680287840222299 
+2.833651889974430738 
+2.835688160502390254 
+2.837789361883456429 
+2.839955752997882499 
+2.842187589123035707 
+2.844485121910229175 
+2.846848599360717991 
+2.849278265801995502 
+2.851774361864265472 
+2.854337124456641561 
+2.856966786743429410 
+2.859663578120693828 
+2.862427724192092349 
+2.865259446745916705 
+2.868158963730698119 
+2.871126489231868639 
+2.874162233448164017 
+2.877266402667711276 
+2.880439199244355208 
+2.883680821574383657 
+2.886991464072227842 
+2.890371317147203634 
+2.893820567179794523 
+2.897339396497687680 
+2.900927983352419304 
+2.904586501895802364 
+2.908315122155435972 
+2.912114010012191834 
+2.915983327175567297 
+2.919923231160547417 
+2.923933875263654336 
+2.928015408539557995 
+2.932167975776885704 
+2.936391717475175689 
+2.940686769820640478 
+2.945053264662831793 
+2.949491329490975033 
+2.954001087409771742 
+2.958582657116627601 
+2.963236152876936202 
+2.967961684501337238 
+2.972759357321387519 
+2.977629272166224972 
+2.982571525338493679 
+2.987586208591336501 
+2.992673409103956850 
+2.997833209458581116 
+3.003065687616258472 
+3.008370916893533753 
+3.013748965938602531 
+3.019199898707731755 
+3.024723774441418378 
+3.030320647640750487 
+3.035990568044119264 
+3.041733580602625331 
+3.047549725457686876 
+3.053439037915903320 
+3.059401548426651019 
+3.065437282557634369 
+3.071546260971510733 
+3.077728499402138773 
+3.083984008630622498 
+3.090312794462331425 
+3.096714857702544066 
+3.103190194133083502 
+3.109738794488364988 
+3.116360644432273119 
+3.123055724533659649 
+3.129824010243494214 
+3.136665471870708544 
+3.143580074558596671 
+3.150567778261049057 
+3.157628537719088690 
+3.164762302437034158 
+3.171969016658863438 
+3.179248619344644311 
+3.186601044146620154 
+3.194026219385496468 
+3.201524068027189251 
+3.209094507658617701 
+3.216737450464489889 
+3.224452803203369022 
+3.232240467183761012 
+3.240100338240980093 
+3.248032306713064088 
+3.256036257417146196 
+3.264112069625999091 
+3.272259617044151803 
+3.280478767784131833 
+3.288769384342930202 
+3.297131323578345707 
+3.305564436685354934 
+3.314068569171993772 
+3.322643560836384680 
+3.331289245742473426 
+3.340005452196506575 
+3.348792002723426364 
+3.357648714043275362 
+3.366575397047426144 
+3.375571856774643997 
+3.384637892387600822 
+3.393773297149627055 
+3.402977858400176636 
+3.412251357532001705 
+3.421593569966661086 
+3.431004265131614162 
+3.440483206435800412 
+3.450030151246583188 
+3.459644850865883470 
+3.469327050506170629 
+3.479076489267217021 
+3.488892900112009698 
+3.498776009843688861 
+3.508725539081181566 
+3.518741202235879939 
+3.528822707487801580 
+3.538969756762256225 
+3.549182045705560284 
+3.559459263661923778 
+3.569801093649670243 
+3.580207212337184863 
+3.590677290019499424 
+3.601210990594649886 
+3.611807971540035744 
+3.622467883888362827 
+3.633190372204810004 
+3.643975074561928373 
+3.654821622517605562 
+3.665729641090021751 
+3.676698748734921196 
+3.687728557321257483 
+3.698818672108061811 
+3.709968691720450629 
+3.721178208125565767 
+3.732446806609822865 
+3.743774065754527314 
+3.755159557412515170 
+3.766602846684264705 
+3.778103491894188259 
+3.789661044567092851 
+3.801275049404654105 
+3.812945044261439875 
+3.824670560121236740 
+3.836451121073644721 
+3.848286244289941038 
+3.860175439999969704 
+3.872118211468055904 
+3.884114054969443508 
+3.896162459766652653 
+3.908262908085613496 
+3.920414875092120610 
+3.932617828868377963 
+3.944871230388921290 
+3.957174533497233249 
+3.969527184881576076 
+3.981928624052335941 
+3.994378283316857292 
+4.006875587757178003 
+4.019419955205668415 
+4.032010796221229043 
+4.044647514066082472 
+4.057329504681396415 
+4.070056156664480618 
+4.082826851244387711 
+4.095640962258777051 
+4.108497856129435633 
+4.121396891839754772 
+4.134337420909779404 
+4.147318787373587945 
+4.160340327755146284 
+4.173401371044533015 
+4.186501238674297021 
+4.199639244496083279 
+4.212814694756470857 
+4.226026888073892707 
+4.239275115414462114 
+4.252558660068232577 
+4.265876797625947958 
+4.279228795955147824 
+4.292613915176321626 
+4.306031407639567377 
+4.319480517900716521 
+4.332960482697457039 
+4.346470530925889975 
+4.360009883617128601 
+4.373577753912858412 
+4.387173347042615745 
+4.400795860298991613 
+4.414444483015060428 
+4.428118396539908019 
+4.441816774215208596 
+4.455538781351823019 
+4.469283575205751369 
+4.483050304954407927 
+4.496838111673124416 
+4.510646128311413428 
+4.524473479669646636 
+4.538319282374729369 
+4.552182644856621607 
+4.566062667325152979 
+4.579958441745392683 
+4.593869051815122617 
+4.607793572940082960 
+4.621731072211174407 
+4.635680608380113199 
+4.649641231835843769 
+4.663611984581386594 
+4.677591900209530529 
+4.691580003879654015 
+4.705575312293500900 
+4.719576833672052274 
+4.733583567731210806 
+4.747594505659042952 
+4.761608630091064498 
+4.775624915087634648 
+4.789642326108946691 
+4.803659819992398994 
+4.817676344928861099 
+4.831690840438318979 
+4.845702237347037311 
+4.859709457763104368 
+4.873711415053243456 
+4.887707013818820556 
+4.901695149872571378 
+4.915674710214400278 
+4.929644573008513220 
+4.943603607558332058 
+4.957550674284411762 
+4.971484624699613164 
+4.985404301385992554 
+4.999308537971121069 
+5.013196159103995520 
+5.027065980431713044 
+5.040916808575342856 
+5.054747441107116046 
+5.068556666525864784 
+5.082343264234099323 
+5.096106004513131893 
+5.109843648501020574 
+5.123554948167395651 
+5.137238646290935407 
+5.150893476434823981 
+5.164518162923574351 
+5.178111420819259791 
+5.191671955897342983 
+5.205198464623986609 
+5.218689634131481014 
+5.232144142195066294 
+5.245560657208905297 
+5.258937838162619727 
+5.272274334617415903 
+5.285568786682929954 
+5.298819824992804683 
+5.312026070681618251 
+5.325186135360581829 
+5.338298621094631713 
+5.351362120377935128 
+5.364375216111022304 
+5.377336481576577398 
+5.390244480415477213 
+5.403097766604371799 
+5.415894884430020539 
+5.428634368467722737 
+5.441314743556040057 
+5.453934524774166626 
+5.466492217417341593 
+5.478986316973852411 
+5.491415309101045139 
+5.503777669601912059 
+5.516071864401199676 
+5.528296349521482966 
+5.540449571059903100 
+5.552529965164507253 
+5.564535958010004890 
+5.576465965774909606 
+5.588318394617346918 
+5.600091640651087666 
+5.611784089922386087 
+5.623394118386515039 
+5.634920091883148352 
+5.646360366113674978 
+5.657713286617035209 
+5.668977188745902396 
+5.680150397642902860 
+5.691231228218041061 
+5.702217985123462896 
+5.713108962731078933 
+5.723902445107727388 
+5.734596705992281329 
+5.745190008772152801 
+5.755680606458608572 
+5.766066741664214845 
+5.776346646578547350 
+5.786518542944331323 
+5.796580642033996256 
+5.806531144626385199 
+5.816368240982683346 
+5.826090110822617518 
+5.835694923300790649 
+5.845180836983628225 
+5.854545999824422253 
+5.863788549141346174 
+5.872906611592196846 
+5.881898303151885443 
+5.890761729087747867 
+5.899494983936585335 
+5.908096151480878078 
+5.916563304724681061 
+5.924894505870941686 
+5.933087806296060585 
+5.941141246528347963 
+5.949052856222325047 
+5.956820654136802062 
+5.964442648109844924 
+5.971916835036222615 
+5.979241200842306370 
+5.986413720463637844 
+5.993432357820989154 
+6.000295065796254157 
+6.006999786209545888 
+6.013544449794035351 
+6.019926976174268418 
+6.026145273840619154 
+6.032197240127020521 
+6.038080761186373380 
+6.043793711967731852 
+6.049333956191245143 
+6.054699346325807419 
+6.059887723564845174 
+6.064896917802612641 
+6.069724747611043192 
+6.074369020214577475 
+6.078827531468730783 
+6.083098065833958401 
+6.087178396354090637 
+6.091066284631292405 
+6.094759480803507934 
+6.098255723519264926 
+6.101552739915168999 
+6.104648245592128930 
+6.107539944591275471 
+6.110225529370461928 
+6.112702680780676801 
+6.114969068042148237 
+6.117022348720530189 
+6.118860168703932345 
+6.120480162178606243 
+6.121879951605315284 
+6.123057147696076896 
+6.124009349389488044 
+6.124734143828444388 
+6.125229106335501328 
+6.125491800389457175 
+6.125519777601721394 
+6.125310577692129499 
+6.124861728466219013 
+6.124170745790559423 
+6.123235133569997046 
+6.122052383723440627 
+6.120619976159705544 
+6.118935378755285370 
+6.116996047328693287 
+6.114799425618711481 
+6.112342945259522153 
+6.109624025757551813 
+6.106640074467040158 
+6.103388486567439486 
+6.099866645038972024 
+6.096071920639248631 
+6.092001671879797797 
+6.087653245001390268 
+6.083023973951799945 
+6.078111180360728838 
+6.072912173517294399 
+6.067424250345752945 
+6.061644695382111259 
+6.055570780749659932 
+6.049199766135943790 
+6.042528898769678136 
+6.035555413395703006 
+6.028276532252665909 
+6.020689465047750488 
+6.012791408934986315 
+6.004579548489319407 
+5.996051055685323483 
+5.987203089871334427 
+5.978032797747555804 
+5.968537313340888772 
+5.958713757981886516 
+5.948559240281909410 
+5.938070856107716011 
+5.927245688559736436 
+5.916080807945851561 
+5.904573271760982678 
+5.892720124660284498 
+5.880518398437321714 
+5.867965112000266714 
+5.855057271347400061 
+5.841791869543854432 
+5.828165886697931342 
+5.814176289937599051 
+5.799820033387042884 
+5.785094058141886819 
+5.769995292246475671 
+5.754520650670537307 
+5.738667035283411266 
+5.722431334833487426 
+5.705810424921940793 
+5.688801167980837015 
+5.671400413247463135 
+5.653604996742519262 
+5.635411741245468953 
+5.616817456271776088 
+5.597818938047481652 
+5.578412969487908768 
+5.558596320171180771 
+5.538365746316896931 
+5.517717990761574320 
+5.496649782934723838 
+5.475157838836059554 
+5.453238861010110128 
+5.430889538524228399 
+5.408106546944330795 
+5.384886548311083487 
+5.361226191116150730 
+5.337122110279284293 
+5.312570927123122289 
+5.287569249350777767 
+5.262113671022152772 
+5.236200772529291392 
+5.209827120574287207 
+5.182989268143193051 
+5.155683754485365533 
+5.127907105086505268 
+5.099655831648005844 
+5.070926432061209965 
+5.041715390385141049 
+5.012019176821123523 
+4.981834247690945183 
+4.951157045411452629 
+4.919983998472899245 
+4.888311521413582383 
+4.856136014796264000 
+4.823453865185348022 
+4.790261445122621531 
+4.756555113103919652 
+4.722331213555115426 
+4.687586076808727853 
+4.652316019079636433 
+4.616517342442117311 
+4.580186334806188420 
+4.543319269892736934 
+4.505912407212266046 
+4.467961992038018693 
+4.429464255385138216 
+4.390415413984649184 
+4.350811670262100250 
+4.310649212312087641 
+4.269924213875738062 
+4.228632834315518174 
+4.186771218593269950 
+4.144335497245513089 
+4.101321786360230703 
+4.057726187553117647 
+4.013544787943041925 
+3.968773660130061387 
+3.923408862169578626 
+3.877446437551032687 
+3.830882415172615296 
+3.783712809317921533 
+3.735933619632452185 
+3.687540831099435756 
+3.638530414016990733 
+3.588898323973910287 
+3.538640501826549212 
+3.487752873673573006 
+3.436231350834417775 
+3.384071829823844801 
+3.331270192329174762 
+3.277822305186679941 
+3.223724020357709108 
+3.168971174904417154 
+3.113559590966638702 
+3.057485075738414437 
+3.000743421444311387 
+2.943330405314854126 
+2.885241789564251924 
+2.826473321365257085 
+2.767020732826139806 
+2.706879740967344183 
+2.646046047697736547 
+2.584515339790746324 
+2.522283288859620498 
+2.459345551335524682 
+2.395697768442881070 
+2.331335566176427676 
+2.266254555276146831 
+2.200450331205252574 
+2.133918474125032105 
+2.066654548871836639 
+1.998654104933905273 
+1.929912676426576823 
+1.860425782069911271 
+1.790188925163795020 
+1.719197593564659954 
+1.647447259661841912 
+1.574933380354671897 
+1.501651397027351287 
+1.427596735526698524 
+1.352764806136912412 
+1.277151003556913800 
+1.200750706877202312 
+1.123559279554555701 
+1.045572069390587444 
+0.966784408504868686 
+0.887191613314781691 
+0.806788984509170248 
+0.725571807026120119 
+0.643535350028636266 
+0.560674866881691436 
+0.476985595127079165 
+0.392462756460880691 
+0.307101556710223100 
+0.220897185808318852 
+0.133844817771691993 
+0.045939610675901577 
-0.042823293367499460 
-0.132448768235470027 
-0.222941703816088577 
-0.314307006033086367 
-0.406549596869453467 
-0.499674414390277377 
-0.593686412768493099 
-0.688590562305542164 
-0.784391849457623636 
-0.881095276857669418 
-0.978705863341060578 
-1.077228643966169130 
-1.176668670042014142 
-1.277031009148183571 
-1.378320745160936056 
-1.480542978275236621 
-1.583702825030270489 
-1.687805418332345653 
-1.792855907477481026 
-1.898859458176140436 
-2.005821252576973635 
-2.113746489290640795 
-2.222640383412620935 
-2.332508166547473394 
-2.443355086832999845 
-2.555186408962585531 
-2.668007414209760952 
-2.781823400452706707 
-2.896639682196161303 
-3.012461590596453576 
-3.129294473484199202 
-3.247143695388748696 
-3.366014637561409728 
-3.485912697999774323 
-3.606843291471307111 
-3.728811849535352607 
-3.851823820568954559 
-3.975884669789479631 
-4.100999879279044080 
-4.227174948006735988 
-4.354415391854752571 
-4.482726743639155131 
-4.612114553135340245 
-4.742584387101187460 
-4.874141829301656514 
-5.006792480531336409 
-5.140541958638500830 
-5.275395898548227436 
-5.411359952287048358 
-5.548439789007559853 
-5.686641095007884061 
-5.825969573760984233 
-5.966430945934572350 
-6.108030949415288902 
-6.250775339333282332 
-6.394669888086127685 
-6.539720385361135868 
-6.685932638160370090 
-6.833312470823567963 
