26
75
123
172
221
269
318
367
417
466
515
564
613
663
712
761
810
860
909
999
1047
1096
1145
1195
1244
1293
1342
1391
1441
1490
1540
1589
1639
1688
1737
1787
1836
1927
1977
2026
2075
2125
2174
2224
2273
2322
2372
2421
2471
2520
2569
2619
2668
2717
2765
2814
2863
2912
2962
3011
3061
3110
3158
3207
3256
3305
3353
3402
3450
3499
3547
3595
3645
3695
3745
3795
3844
3894
3943
3992
4040
4089
4137
4186
4234
4283
4332
4381
4429
4478
4527
4576
4624
4673
4721
4770
4818
4866
4956
5005
5055
5105
5155
5205
5254
5304
5354
5403
5453
5501
5550
5598
5647
5697
5747
5796
5846
5896
5945
5995
6045
6093
6141
6190
6238
6286
6335
6383
6432
6480
6528
6578
6628
6677
6726
6776
6825
6874
6924
6973
7022
7071
7120
7169
7219
7269
7318
7368
7417
7467
7516
7565
7615
7664
7713
7762
7812
7861
7909
7958
8007
8056
8105
8154
8203
8253
8303
8352
8402
8451
8501
8551
8601
8651
8701
8750
8799
8848
8897
8947
8996
9045
9095
9144
9194
9243
9293
9342
9391
9439
9488
9537
9602
9651
9700
9749
9798
9848
9898
9949
9999
10050
10101
10151
10201
10333
10382
10513
10562
10612
10661
10710
10760
10809
10858
10906
10954
11003
11051
11100
11148
11198
11248
11297
11347
11396
11446
11495
11545
11594
11644
11693
11742
11793
11843
11893
11944
11994
12044
12093
12143
12192
12241
12291
12340
12388
12437
12485
12534
12582
12630
12679
12727
12816
12865
12913
12961
13010
13058
13107
13156
13205
13254
13304
13393
13441
13490
13538
13587
13635
13684
13732
13780
13829
13877
13926
13974
14024
14073
14123
14172
14222
14271
14319
14368
14416
14464
14513
14561
14609
14657
14706
14754
14843
14892
14940
14988
15037
15087
15137
15187
15236
15285
15334
15383
15431
15480
15569
15617
15665
15715
15764
15813
15862
15912
15961
16009
16058
16106
16155
16203
16252
16300
16349
16397
16445
16494
16542
16592
16641
16691
16740
16790
16839
16889
16938
16987
17037
17086
17135
17183
17232
17280
17328
17377
17425
17474
17524
17573
17622
17672
17721
17811
17859
17908
17958
18007
18056
18105
18153
18201
18249
18298
18348
18397
18445
18494
18542
18592
18641
18690
18739
18789
18838
18887
18935
18985
19036
19086
19136
19186
19236
19286
19335
19385
19433
19481
19530
19578
19627
19675
19724
19772
19820
19869
19917
19966
20014
20104
20152
20201
20249
20298
20347
20397
20487
20537
20586
20636
20685
20735
20784
20832
20881
20929
20978
21026
21075
21125
21175
21224
21274
21324
21373
21423
21471
21520
21568
21616
21665
21714
21762
21810
21860
21908
21957
22005
22094
22143
22194
22245
22293
22382
22431
22479
22568
22617
22665
22714
22762
22811
22859
22948
22997
23045
23094
23142
23192
23241
23290
23340
23389
23439
23490
23541
23592
23643
23695
23788
23837
23886
23935
23985
24034
24083
24132
24182
24231
24280
24329
24379
24429
24478
24527
24576
24625
24675
24724
24774
24823
24873
24922
24970
25019
25067
25156
25204
25253
25302
25351
25401
25450
25499
25549
25678
25727
25775
25824
25873
25962
26051
26100
26148
26237
26285
26334
26382
26431
26480
26529
26579
26628
26678
26727
26776
26824
26872
26921
26969
27018
27066
27116
27164
27213
27262
27312
27361
27411
27460
27510
27559
27608
27658
27707
27756
27805
27855
27904
27953
28001
28051
28100
28149
28198
28248
28297
28345
28434
28565
28613
28662
28711
28760
28809
28857
28906
28954
29002
29051
29099
29148
29198
29247
29296
29345
29395
29444
29492
29540
29589
29637
29685
29734
29783
29833
29882
29932
29981
30030
30080
30129
30178
30228
30277
30326
30376
30425
30475
30524
30572
30621
30671
30721
30771
30821
30871
30921
30970
31019
31069
31118
31168
31217
31267
31315
31364
31412
31461
31510
31559
31648
31696
31745
31793
31842
31891
31941
31990
32040
32089
32138
32188
32237
32286
32335
32385
32434
32482
32530
32579
32627
32675
32724
32773
32823
32873
32923
32973
33022
33072
33121
33171
33220
33270
33319
33369
33418
33467
33516
33565
33615
33664
33713
33761
33810
33859
33908
33956
34007
34096
34144
34193
34241
34291
34340
34388
34437
34485
34534
34583
34632
34681
34730
34779
34869
34919
34968
35018
35068
35117
35167
35217
35266
35315
35404
35452
35501
35549
35638
35769
35817
35866
35915
35964
36013
36062
36111
36162
36212
36262
36313
36363
36413
36462
36511
36560
36609
36658
36707
36755
36804
36852
36901
36951
37000
37049
37099
37148
37198
37247
37297
37346
37395
37445
37494
37543
37592
37641
37691
37741
37790
37840
37889
37939
37988
38036
38085
38134
38182
38231
38280
38328
38378
38428
38478
38528
38578
38669
38717
38766
38814
38863
38911
38960
39009
39057
39106
39156
39205
39254
39304
39353
39403
39452
39502
39552
39602
39651
39701
39751
39801
39851
39901
39951
40000
40048
40097
40146
40194
40243
40292
40342
40391
40441
40490
40540
40589
40639
40688
40737
40786
40836
40885
40933
40982
41031
41080
41171
41220
41269
41318
41366
41414
41463
41511
41560
41608
41657
41706
41755
41804
41853
41902
41992
42040
42089
42178
42267
42315
42364
42414
42463
42512
42561
42611
42660
42709
42759
42808
42857
42907
42956
43006
43055
43104
43154
43244
43293
43343
43392
43441
43489
43538
43587
43635
43684
43732
43781
43831
43882
43932
43982
44032
44082
44130
44178
44228
44278
44328
44376
44424
44473
44521
44570
44619
44667
44716
44764
44813
44861
44911
44960
45009
45059
45108
45158
45207
45255
45304
45353
45401
45450
45498
45547
45596
45646
45695
45745
45794
45844
45894
45944
45992
46041
46089
46138
46187
46236
46285
46335
46384
46433
46483
46532
46581
46630
46679
46728
46776
46825
46874
46924
46974
47023
47072
47122
47171
47221
47270
47320
47369
47418
47467
47515
47563
47612
47661
47709
47758
47806
47855
47903
47951
48000
48048
48098
48148
48198
48247
48297
48347
48395
48444
48492
48540
48630
48679
48729
48779
48828
48878
48928
48977
49027
49077
49127
49176
49226
49274
49323
49371
49420
49468
49516
49565
49614
49664
49713
49763
49812
49862
49911
49959
50008
50056
50105
50153
50202
50250
50298
50347
50395
50444
50494
50544
50594
50644
50694
50744
50792
50841
50890
50938
50987
51035
51085
51134
51184
51234
51283
51332
51382
51431
51480
51529
51579
51628
51677
51727
51775
51824
51872
51921
51970
52020
52070
52120
52169
52219
52269
52318
52368
52418
52468
52517
52567
52616
52664
52713
52761
52810
52859
52907
52956
53004
53053
53101
53149
53200
53251
53302
53354
53404
53456
53505
53554
53604
53653
53703
53753
53802
53852
53901
53951
54000
54050
54101
54152
54203
54254
54305
54356
54405
54453
54502
54550
54599
54647
54696
54745
54794
54842
54891
54939
54988
55036
55085
55134
55183
55233
55282
55331
55380
55430
55478
55526
55576
55625
55675
55725
55775
55824
55872
55921
55970
56018
56067
56116
56164
56213
56262
56310
56359
56407
56455
56504
56552
56601
56691
56739
56789
56838
56888
56937
56987
57036
57086
57135
57184
57234
57283
57332
57382
57431
57481
57530
57580
57629
57679
57728
57777
57827
57876
57926
57974
58022
58071
58119
58167
58216
58264
58313
58363
58413
58463
58513
58563
58613
58662
58712
58761
58811
58860
58908
58957
59007
59056
59106
59156
59205
59255
59304
59354
59403
59453
59501
59549
59598
59646
59694
59742
59791
59839
59888
59937
59986
60034
60084
60133
60182
60231
60281
60330
60379
60428
60477
60527
60576
60625
60674
60724
60773
60822
60871
60921
60970
61020
61069
61119
61169
61219
61268
61318
61368
61419
61469
61519
61569
61619
61668
61718
61767
61817
61866
61916
61965
62013
62062
62110
62159
62207
62256
62304
62352
62402
62452
62500
62549
62597
62646
62694
62743
62792
62841
62890
62939
62989
63038
63087
63137
63186
63235
63285
63334
63384
63434
63486
63536
63587
63638
63689
63739
63789
63838
63888
63938
63987
64036
64086
64136
64185
64234
64283
64331
64380
64428
64476
64525
64574
64624
64673
64722
64771
64820
64870
64919
64969
65019
65069
65118
65168
65218
65266
65315
65364
65412
65460
65509
65558
65607
65655
65705
65754
65803
65853
65902
65951
66000
66090
66138
66187
66235
66284
66332
66381
66429
66478
66526
66575
66623
66673
66722
66772
66821
66871
66920
66970
67020
67071
67121
67171
67221
67271
67321
67371
67421
67471
67521
67570
67619
67668
67718
67767
67816
67865
67914
67964
68014
68064
68115
68164
68212
68261
68309
68357
68406
68455
68504
68553
68603
68653
68703
68752
68802
68851
68900
68950
68999
69049
69097
69145
69194
69242
69291
69341
69389
69438
69486
69535
69583
69631
69680
69728
69777
69825
69874
69922
69971
70019
70067
70116
70164
70213
70261
70311
70360
70409
70458
70506
70554
70603
70651
70700
70748
70798
70847
70896
70946
70995
71044
71094
71143
71193
71242
71292
71341
71391
71440
71490
71539
71587
71637
71686
71735
71784
71834
71883
71932
71980
72029
72079
72128
72177
72227
72276
72326
72375
72427
72479
72528
72577
72627
72676
72725
72773
72822
72870
72919
72967
73016
73065
73115
73164
73214
73263
73313
73362
73412
73461
73510
73558
73606
73655
73703
73752
73801
73851
73901
73951
74001
74051
74101
74151
74201
74250
74300
74349
74399
74448
74498
74547
74596
74646
74695
74744
74793
74841
74890
74938
74987
75035
75085
75135
75185
75235
75285
75335
75384
75433
75482
75532
75581
75630
75680
75730
75780
75830
75880
75930
75978
76027
76076
76125
76173
76222
76271
76321
76370
76419
76468
76518
76567
76616
76666
76715
76765
76814
76863
76912
76960
77009
77057
77107
77157
77205
77254
77302
77350
77399
77447
77496
77545
77595
77644
77693
77742
77791
77840
77889
77938
77986
78035
78085
78134
78183
78232
78280
78329
78377
78426
78474
78523
78572
78620
78669
78718
78767
78816
78866
78915
78965
79014
79063
79112
79161
79211
79260
79309
79358
79406
79455
79504
79553
79601
79650
79698
79747
79795
79844
79893
79943
79993
80043
80092
80142
80192
80241
80290
80339
80389
80438
80487
80536
80585
80635
80684
80733
80782
80832
80881
80930
80979
81029
81078
81128
81177
81227
81276
81325
81374
81424
81473
81523
81572
