+10.352919324281199209 
+10.167360432615121013 
+9.979617425065983483 
+9.797193165365873924 
+9.616310225835153602 
+9.433317660006913741 
+9.259141489927724678 
+9.086425105817127701 
+8.911609683023417716 
+8.741824191250486820 
+8.569987720116831298 
+8.399646223264809919 
+8.234224253792222115 
+8.063421789841051179 
+7.897525712645235174 
+7.733098328446837755 
+7.573444355793339966 
+7.411905142447546169 
+7.255067911274394099 
+7.099615321097581422 
+6.942346034065176141 
+6.789673036028721853 
+6.635228627079541752 
+6.482201649004866617 
+6.333665840620299470 
+6.183425932001052061 
+6.034584426350146025 
+5.884140246896227389 
+5.738104714575166021 
+5.590510590042606864 
+5.444345896155700082 
+5.299603950467548508 
+5.159130770467537985 
+5.017186219229906818 
+4.879441731145307770 
+4.743038398498004682 
+4.605227370854401592 
+4.471514790370220815 
+4.339124659332228795 
+4.208050816329025778 
+4.075652475565574306 
+3.947219336298249281 
+3.820083970845337795 
+3.694240281141388138 
+3.567153526317941470 
+3.443901006473224946 
+3.319445684500410110 
+3.198759635374668342 
+3.079334761602853909 
+2.958766460429123057 
+2.841871373980951354 
+2.726219377652975950 
+2.611804515080692113 
+2.500918448563026253 
+2.391208264927400684 
+2.280419566597306158 
+2.173068703338303820 
+2.064676942503050228 
+1.957487261638959808 
+1.849343094881128025 
+1.744564276013568005 
+1.638868039940161836 
+1.536476334852762804 
+1.435257383612666970 
+1.333175648625811505 
+1.234308545194039652 
+1.136596810695245097 
+1.038075995577498745 
+0.942681125334031478 
+0.848424378643876764 
+0.755300076549193733 
+0.661436747657710100 
+0.570583180296448944 
+0.480844997112166439 
+0.390419352973600198 
+0.302917575413843565 
+0.214762325469452620 
+0.127744910244482313 
+0.041859425943874484 
-0.041215823289839193 
-0.123215146429641820 
-0.204144054442963352 
-0.284008043274830868 
-0.362812593865921684 
-0.438986925028427066 
-0.515710326038062661 
-0.591390530992894625 
-0.666032961301013415 
-0.741134558099844298 
-0.813696741028014259 
-0.886686849359470841 
-0.957190731716810461 
-1.028091683755286923 
-1.096559089869352022 
-1.162659652125787701 
-1.229152772661493032 
-1.294656457747022316 
-1.360482494261875175 
-1.425289374026437628 
-1.487816698517113068 
-1.550622065592026644 
-1.612424827950313500 
-1.673230508310002307 
-1.730671018618982870 
-1.788370660943973789 
-1.843979277070820544 
-1.899818945099802647 
-1.955837579173236307 
-2.009799631549517684 
-2.062840061979532180 
-2.114963951621170679 
-2.167212063356572571 
-2.217499611018878269 
-2.266885877112654768 
-2.315375884618674718 
-2.363936800364028201 
-2.410631266999082811 
-2.456444558987675109 
-2.501381641424867297 
-2.545447465053021219 
-2.588646966279821271 
-2.630985067196304428 
-2.673304355290095913 
-2.713917035963872237 
-2.753683096308996880 
-2.793393044007817849 
-2.832231681488416086 
-2.869453152775804483 
-2.906581739329121561 
-2.942854281541752215 
-2.976875282573205439 
-3.010116538199973490 
-3.043250690255378643 
-3.075581687419953525 
-3.106478694108501415 
-3.136613978206922226 
-3.167199680018562447 
-3.196381243745006984 
-3.224783100515743683 
-3.252409917234560410 
-3.279266346831905210 
-3.305881550405112890 
-3.330686586625439816 
-3.354765673859150255 
-3.378602104777302273 
-3.401691110858354961 
-3.423588613339624942 
-3.445211487035798825 
-3.466100511068537671 
-3.486260213982914635 
-3.505305695322244119 
-3.524034941687849809 
-3.542048278441308540 
-3.559350179340986742 
-3.575945104423222887 
-3.591837500020355733 
-3.607334648706158831 
-3.621821158829357401 
-3.635618486183465947 
-3.648731022187119422 
-3.661409807368043445 
-3.673152128911953085 
-3.684441810697469677 
-3.694831676165037493 
-3.704558679717058212 
-3.713448614803120051 
-3.721876118710332193 
-3.729653561313650556 
-3.736785211884773972 
-3.743275326244583923 
-3.749015043831599669 
-3.754247677025238872 
-3.758938808880754934 
-3.762905068218161730 
-3.766312719860337666 
-3.769029704399352809 
-3.771097785452148798 
-3.772607211521471271 
-3.773500328660983172 
-3.773818402700863217 
-3.773552381199943184 
-3.772718587467702278 
-3.771250439602077620 
-3.769222149631763941 
-3.766614393620171697 
-3.763360289136308268 
-3.759594099499377506 
-3.755260617042713633 
-3.750258074464754898 
-3.744790632338926173 
-3.738767951026542136 
-3.732054120301416589 
-3.724921712160609744 
-3.717245999374856780 
-3.708857663403460236 
-3.700096216518351966 
-3.690608122426091597 
-3.680982742643351457 
-3.670638474705066656 
-3.660001225495664201 
-3.648868726088366543 
-3.636997209313701518 
-3.624874882308967372 
-3.611464236160625063 
-3.597511031634955003 
-3.583019534207112500 
-3.568293718930728886 
-3.553058590131522365 
-3.537637861260117589 
-3.521735538491876483 
-3.505355339872442855 
-3.488500970756470920 
-3.471176123825619797 
-3.453384479106606619 
-3.435506855667599169 
-3.416801945527062401 
-3.397245369042206420 
-3.377623080969810232 
-3.357137950821423189 
-3.336189566836155862 
-3.315214379299233016 
-3.293359997530972194 
-3.271504224007799166 
-3.249677079020381498 
-3.226972579589730827 
-3.204320815192215122 
-3.180781419519457032 
-3.157318535947865712 
-3.132957977418953988 
-3.108187795168751322 
-3.083529296728720226 
-3.058484299072549817 
-3.032522231255903478 
-3.006706051145100034 
-2.980513115227759968 
-2.953389208304718849 
-2.926444675550419205 
-2.898560153642231185 
-2.870877010137881769 
-2.842245082530673983 
-2.813836221674680615 
-2.784470003173460384 
-2.755348225946876894 
-2.724642953041678695 
-2.694188730295801193 
-2.663378428206769399 
-2.631575688619388842 
-2.600055938903846453 
-2.567536054341493568 
-2.535320123407489135 
-2.502096580493432754 
-2.469197635789370793 
-2.435283820320949033 
-2.401714930636064338 
-2.367819256705326225 
-2.333599964056533693 
-2.298351998586310785 
-2.263488474224592650 
-2.229031850976697982 
-2.193549501388973866 
-2.157759182871375359 
-2.122403653649213240 
-2.086012797317041034 
-2.050074892283319627 
-2.013095533625509859 
-1.976586998050516186 
-1.939031081574434268 
-1.901188426354332606 
-1.863842951247717039 
-1.825441545620435591 
-1.787554473583542247 
-1.748606035349315135 
-1.710188800922550101 
-1.670704957870592366 
-1.631768907555917636 
-1.591761197741316636 
-1.552317590273482040 
-1.510967860859166123 
-1.470188042220827995 
-1.429156643277345040 
-1.387031518993262935 
-1.345500587249153668 
-1.302871688365794256 
-1.259992861400625941 
-1.216867112488239755 
-1.173497435447814041 
-1.130761366327302397 
-1.086917495854027749 
-1.043722409703804033 
-0.999415939370368989 
-0.955773151350463479 
-0.911912931116530601 
-0.866936312237957196 
-0.822645132649713062 
-0.778144756369473001 
-0.733437887529879262 
-0.688527219104338783 
-0.642492708870641138 
-0.598105199701301160 
-0.551668464725972640 
-0.505030683284960702 
-0.459133302513338393 
-0.412105703638083298 
-0.364885372581825962 
-0.317475075584496835 
-0.270831334053843520 
-0.224010375772886405 
-0.177014771036381191 
-0.128882699304140758 
-0.081542035280541825 
-0.034034421784598479 
+0.013637614766759398 
+0.062449430016668472 
+0.110446003998882603 
+0.158599436142123906 
+0.206907243615834346 
+0.256357492463884284 
+0.304969669558579071 
+0.353728788297921426 
+0.401632947686737296 
+0.451678103291701660 
+0.500863452627545058 
+0.551194045592813708 
+0.600654220902463010 
+0.650246812550570041 
+0.700985530326653006 
+0.749819754485212542 
+0.799795386102701400 
+0.848870362188222316 
+0.898061155812246881 
+0.948393951963417692 
+0.997812139345848337 
+1.048372546230620372 
+1.098009290964931495 
+1.148788328772646139 
+1.200714011441856854 
+1.251707012850260980 
+1.303846329410587757 
+1.355044111033915755 
+1.407387734443643623 
+1.458781198591083239 
+1.510268176188629852 
+1.560792953207794653 
+1.611403300984104447 
+1.663154168834639179 
+1.713931203908881429 
+1.765847995681728122 
+1.816783438297585818 
+1.868857741451469323 
+1.919943389584185311 
+1.972166870790415416 
+2.023394599875599553 
+2.075759004741154712 
+2.127120767403576806 
+2.178545903237530723 
+2.232179047957092877 
+2.284802094481516832 
+2.337485013615742346 
+2.390225769249005872 
+2.444100383194793835 
+2.496951820489019092 
+2.549855005178692124 
+2.602807941339940534 
+2.656890773448203902 
+2.709938178537786513 
+2.763029366935953135 
+2.817247151728266452 
+2.870420842242011439 
+2.923632438181251736 
+2.976880013298009331 
+3.030161651167827763 
+3.084563803286163086 
+3.137908454447505768 
+3.191281439439426215 
+3.245770928039322101 
+3.299195441537396967 
+3.352642648900853395 
+3.406110702360432896 
+3.459597763825358996 
+3.514194094260745693 
+3.567713990703324178 
+3.622340048631429887 
+3.675885395740201567 
+3.729440632091079344 
+3.783003977676155039 
+3.836573662039132415 
+3.890147924257220780 
+3.943725012923211537 
+3.998396617361438032 
+4.051974111479027307 
+4.104455865890753508 
+4.158026935955751568 
+4.210499117577223060 
+4.264057085572834360 
+4.316513188418313440 
+4.370051449237681851 
+4.422485038607734786 
+4.475997059776999798 
+4.529493365409288153 
+4.582972316308585370 
+4.635341463314352595 
+4.687690869094058854 
+4.741108951580341291 
+4.794503280406363643 
+4.847872262231464724 
+4.900125979231821916 
+4.953440121226822868 
+5.005637103056344905 
+5.058890268377137289 
+5.112110320513013839 
+5.165295720638733101 
+5.219529229525066150 
+5.272639960270680604 
+5.325711446215185774 
+5.378742184950793259 
+5.431730683082650835 
+5.483595397451441755 
+5.536495907299279651 
+5.589349780094303277 
+5.641078379509382401 
+5.692759465192128943 
+5.745466825296074553 
+5.797047770048681770 
+5.849650107002425159 
+5.901125449820249891 
+5.954687885345108178 
+6.008189966186088249 
+6.060562028752905839 
+6.113940268032608927 
+6.166188161513218802 
+6.219436854532192527 
+6.270492045823901961 
+6.321483699878013063 
+6.374531090143070067 
+6.427506767924329623 
+6.480409333732868760 
+6.533237397441058469 
+6.585989578262770650 
+6.638664504733345240 
+6.689158488729274765 
+6.739578822582894979 
+6.790972377228457368 
+6.841240254656292485 
+6.892475722634581636 
+6.942586351761502073 
+6.992617414813727450 
+7.044647257889733005 
+7.095550287864980987 
+7.146366757967525629 
+7.198129828068782210 
+7.248767765666793927 
+7.299315550937594210 
+7.348743208170178676 
+7.399109078453971478 
+7.448356306259180215 
+7.497512615643529443 
+7.547598122664587628 
+7.596567438609142187 
+7.646459847186186209 
+7.695237856833204049 
+7.743919623503916938 
+7.794526341485218168 
+7.845026348823504136 
+7.895418495140996029 
+7.945701638875121375 
+7.994872273701835397 
+8.044936258888149894 
+8.094887891714538597 
+8.142734730768497187 
+8.190476034364616353 
+8.239102090731032391 
+8.286627189469426114 
+8.335030550261876670 
+8.382335567428299328 
+8.431494300827376165 
+8.480532279920844019 
+8.528471342033927982 
+8.576292463488176310 
+8.623994682032019909 
+8.670607179007143728 
+8.718071211190871139 
+8.765413519875206561 
+8.811670739707778921 
+8.859729250213590035 
+8.906700833053511346 
+8.953547014729705822 
+9.001219040794261161 
+9.047809122726640396 
+9.094271108542356430 
+9.140604121455153219 
+9.187748856182905044 
+9.233818647223300147 
+9.279756863551700263 
+9.325562659074211780 
+9.372165894482161974 
+9.417701595314401430 
+9.463102365795307946 
+9.508367390232068672 
+9.553495860448251165 
+9.598486975765835538 
+9.644253865699154105 
+9.688965055575412322 
+9.733536517522882292 
+9.777062135923376474 
+9.821354727758883740 
+9.864605709033197556 
+9.908616467878994527 
+9.951589937628348537 
+9.994425036145536012 
+10.038009097374606782 
+10.080562491590354668 
+10.124739620927316608 
+10.168763640525071423 
+10.211757917945908147 
+10.255476600022612743 
+10.299039985572592926 
+10.341580742456438102 
+10.383970993907032820 
+10.427070521817366711 
+10.469154679472051583 
+10.511086355047925878 
+10.552864908414679945 
+10.595337586849057132 
+10.636804846615742548 
+10.678117093652003788 
+10.719273716195900192 
+10.761109221302861627 
+10.801949580875337631 
+10.843461131236354689 
+10.883982816791425208 
+10.925167981426469055 
+10.965368639214446489 
+11.006225045455806821 
+11.046102378722819637 
+11.086627711908477067 
+11.126179480595997262 
+11.165569299885481414 
+11.205595504207632729 
+11.244656515222473558 
+11.283554002385326243 
+11.322287458030011464 
+11.361641785467273991 
+11.400824271331368109 
+11.439055887777985987 
+11.477896606848270622 
+11.515792317872508121 
+11.554289296517623598 
+11.591847195371169477 
+11.629237205646100861 
+11.667216750352498167 
+11.703511778498295826 
+11.740395466512724809 
+11.776361948913029565 
+11.812909415252537570 
+11.848545735710336757 
+11.884755355729225812 
+11.920059947394729960 
+11.955930146684218940 
+11.991628303349067153 
+12.026430745894865382 
+12.061787206204368061 
+12.096254209626421172 
+12.131267523807249376 
+12.822063923934599927 
+12.887939301676533788 
+12.918695239386277507 
+12.949892682943040967 
+12.980283526479151845 
+13.010493363746817863 
+13.040522001902409954 
+13.069761940657151911 
+13.099431332614889456 
+13.128319014331118808 
+13.157032139490294043 
+13.186163245206149242 
+13.214523155217971606 
+13.242708058730240595 
+13.271299490634532958 
+13.299130318338558965 
+13.327360026041512597 
+13.354836256134243300 
+13.382703728909939755 
+13.409824882521080625 
+13.437329653332390933 
+13.465206708932882407 
+13.492892709886104896 
+13.520387553336332687 
+13.547691142425980715 
+13.574803386275394956 
+13.600651043884838032 
+13.626322209437514488 
+13.652346077765480814 
+13.678185892209775432 
+13.703841594478699761 
+13.729831041046949736 
+13.755114605798278049 
+13.780213915057888840 
+13.805128932158091004 
+13.829859625764601816 
+13.853906866933442643 
+13.878767943717743805 
+13.903437032102530679 
+13.927914121327134467 
+13.952199206315039959 
+13.976292287653848234 
+13.999717231404083861 
+14.022957791922864956 
+14.046013985485716447 
+14.069350686639946701 
+14.092034454406741517 
+14.114533935581203394 
+14.136849167040633546 
+14.158980190741701222 
+14.180927053701797291 
+14.202247510091051907 
+14.223829968327315498 
+14.244793571035881286 
+14.265580679021693911 
+14.286618873396825791 
+14.307049525708649185 
+14.327723993342978304 
+14.347798503164995054 
+14.368109582843839434 
+14.387828300666946291 
+14.407776369121194193 
+14.427541215961319665 
+14.447122951767614296 
+14.466915680011350531 
+14.486127813848487023 
+14.505157199784910915 
+14.524386695004015024 
+14.543047256594304528 
+14.561525476808769852 
+14.580192991875774666 
+14.598670955241662028 
+14.616959530062450412 
+14.634698750690137814 
+14.652612837234197940 
+14.670338051237280297 
+14.687874575789056308 
+14.704877484548804389 
+14.721699538137599461 
+14.738678662921369522 
+14.755135887859909261 
+14.771743140417353146 
+14.787836333673187283 
+14.804072546099805052 
+14.819802541537571372 
+14.835353092168883649 
+14.851036251506553043 
+14.866224919062283050 
+14.881539277119731679 
+14.896667735161038593 
+14.911610543227620695 
+14.926074622990210372 
+14.940650600085925603 
+14.954755688087400856 
+14.968401002872841588 
+14.982155351798240872 
+14.995732910195961551 
+15.009133943386174792 
+15.022358720881594962 
+15.035407516369097891 
+15.048280607691612687 
+15.061492826991258909 
+15.074261812488614964 
+15.086848761371772554 
+15.099500239721951544 
+15.111720433880208248 
+15.123520540196270900 
+15.135147046212580335 
+15.146832199918751627 
+15.158108915593800248 
+15.169437800716384146 
+15.180366028454422178 
+15.191339990618590861 
+15.201921065365874952 
+15.212541483249866658 
+15.222776772194613670 
+15.232637732411255627 
+15.242335280987765245 
+15.252066650149590288 
+15.261434979802924516 
+15.270830968793873694 
+15.279871453178529350 
+15.288933478911459929 
+15.297827349460735746 
+15.306553437540280527 
+15.314939123449223146 
+15.323334184393939239 
+15.331562595287472561 
+15.339624743472938917 
+15.347521019924556640 
+15.355251819229666310 
+15.362817539570652769 
+15.370218582706993260 
+15.377601335574730967 
+15.384670903936939368 
+15.391577030107628232 
+15.398456049782751620 
+15.405033228819007718 
+15.411448232648579548 
+15.417701487705846475 
+15.423793423857558693 
+15.429724474384283184 
+15.435378909507930345 
+15.440992763259504983 
+15.446447042449445775 
+15.451742193766268230 
+15.456775424367144467 
+15.461756897801702593 
+15.466483725260875559 
+15.471153309879074556 
+15.475575499178278349 
+15.480022353667006740 
+15.484222748517808554 
+15.488267687803798367 
+15.492157647353499428 
+15.495893106158217023 
+15.499546036675118543 
+15.502970815265090465 
+15.506177315076511647 
+15.509299623436845650 
+15.512210772163562922 
+15.514976472771644822 
+15.517650255905905965 
+15.520123469130648886 
+15.522499660910277441 
+15.524770167965273870 
+15.526844691204509274 
+15.528808443577723608 
+15.530583402218642419 
+15.532242559114466829 
+15.533691393070938602 
+15.535025476576631576 
+15.536190864081536489 
+15.537236637125770855 
+15.538137565280115027 
+15.538894186890278348 
+15.539507043086764781 
+15.539984774707255255 
+15.540308828496220528 
+15.540490768031933300 
+15.540531145459183904 
+15.540426997637920792 
+15.540183057544115997 
+15.539799239329731506 
+15.539276105862477095 
+15.538599274081777324 
+15.537796395080031076 
+15.536855916760329066 
+15.535754999811127064 
+15.534538266618362456 
+15.533185673464686261 
+15.531666032073504269 
+15.530040721528093783 
+15.528244014866441347 
+15.526348378853208843 
+15.524277058004305019 
+15.522113508647292335 
+15.519818254245292266 
+15.517341014476020433 
+15.514781489752584420 
+15.512092073922858049 
+15.509273372258256529 
+15.506325992343072073 
+15.503250544056889737 
+15.500114274936747094 
+15.496787111089096456 
+15.493333709492176808 
+15.489680344111235399 
+15.485896840068821945 
+15.481983859603296594 
+15.478024161196483277 
+15.473856780332141625 
+15.469736144552475920 
+15.465409088050726893 
+15.461052831758120618 
+15.456580881878023703 
+15.451993838231135925 
+15.447193140706716008 
+15.442273773029764783 
+15.437132350956563442 
+15.431975188520485887 
+15.426592466468040499 
+15.421088903850511898 
+15.415465193463639082 
+15.409838059580021508 
+15.404096859053861834 
+15.398362860781759309 
+15.392397796643834340 
+15.386320631325418162 
+15.380132028124133825 
+15.373962313709208516 
+15.367555072228107349 
+15.361038379866286618 
+15.354412907007674249 
+15.347817821989249154 
+15.340978992009251414 
+15.333890535220598750 
+15.326836678660832547 
+15.319677419200763424 
+15.312413437368784130 
+15.305045415320849500 
+15.297420488332260646 
+15.289844350559377517 
+15.282323953476552703 
+15.274546624045800769 
+15.266830464226190500 
+15.258854647173688335 
+15.250779594897100111 
+15.242606001894188239 
+15.234334564128445777 
+15.225965979011020224 
+15.217674660638030204 
+15.209115825788519061 
+15.200461929993338117 
+15.191713676246362041 
+15.183053147481352596 
+15.174120182058679518 
+15.165094961298606790 
+15.155978193491899120 
+15.146770588215208164 
+15.137663502140505045 
+15.128278173369466231 
+15.118609862248707287 
+15.108849936532545044 
+15.099394922733704760 
+15.089457639570294845 
+15.079632400138677895 
+15.069722058679548837 
+15.059727335556747363 
+15.049648952239387256 
+15.039279398885494032 
+15.029034193623097337 
+15.018919072014391247 
+15.008513284088440543 
+14.998027459264744010 
+14.987678728202890710 
+14.977036610125921356 
+14.966316626340592677 
+14.955740623006949619 
+14.944868652434051270 
+14.933696791225351319 
+14.922672659652988614 
+14.911347060269577014 
+14.899944978540426987 
+14.888467196342372034 
+14.877146279562122544 
+14.865520920574592623 
+14.853822196283317680 
+14.842287024257728945 
+14.830445354181399864 
+14.818532661300984898 
+14.806790075009640617 
+14.794980776852483473 
+14.782862475426146176 
+14.771165016285223714 
+14.759160041160498622 
+14.747338261152759031 
+14.735456019260695371 
+14.723264594311977760 
+14.711262309247903346 
+14.698949803042740569 
+14.686830341745352513 
+14.674399682995620253 
+14.661654966746370476 
+14.649106743260537300 
+14.636501462508718419 
+14.623839874214397128 
+14.610862621714787224 
+14.597828318472151565 
+14.584737762345053369 
+14.571855210092948596 
+14.558655628625002620 
+14.545402174156579989 
+14.532095646000714240 
+14.519004526942802968 
+14.505863956757620414 
+14.492405018064737021 
+14.479166834650197160 
+14.465881475586021665 
+14.452549694666959823 
+14.439172245869839273 
+14.425475495202546128 
+14.412283361352679734 
+14.398773434335467414 
+14.384943834795787865 
+14.371348514219924652 
+14.357433350101688418 
+14.343755716643446618 
+14.330038482329189975 
+14.316563521619467991 
+14.302770119841438756 
+14.289221994871983412 
+14.275355383477567273 
+14.261736991601175362 
+14.247800128102447559 
+14.234114366207423430 
+14.220110207503608990 
+14.206073178161338078 
+14.191716577817953038 
+14.177615437382494079 
+14.163483703737576036 
+14.149322130527183461 
+14.134841568316380389 
+14.120622005650828257 
+14.106374878359307701 
+14.092100939116152247 
+14.077800940308712541 
+14.063768235220454272 
+14.049711951740700755 
+14.035045678821006732 
+14.020649422242343007 
+14.006230847793188943 
+13.991790705771876446 
+13.977329746064350857 
+13.962552983239783444 
+13.948052249603804853 
+13.933532960556561875 
+13.918995864144077856 
+13.904441707909828807 
+13.889871238876050796 
+13.874987372485819037 
+13.860386222052913041 
+13.845771011787631366 
+13.830843811680420430 
+13.816202466571397167 
+13.801549309183457126 
+13.787184458048052704 
+13.772510107316357164 
+13.758125919261848580 
+13.743733214575488688 
+13.729032599837712070 
+13.714024338527057267 
+13.699609876577110157 
+13.684889244532849162 
+13.670463989447327435 
+13.656034439167619610 
+13.641300560944600306 
+13.626864440152321123 
+13.611824475342316987 
+13.596782892095387041 
+13.581740468111680897 
+13.566697980097490728 
+13.551656203744752105 
+13.536615913711941062 
+13.521878617060069772 
+13.507444886221206204 
+13.492714029557490107 
+13.477987506828602804 
+13.463266042086596386 
+13.448250103502195074 
+13.433541062844636116 
+13.418839260584476847 
+13.404145416394037227 
+13.389460248810966192 
+13.374784475220295121 
+13.360118811836549924 
+13.345463973685422587 
+13.330820674585739383 
+13.315891166885130303 
+13.301273354377002534 
+13.286967131304724177 
+13.272377101833743751 
+13.257802161776243821 
+13.243539980187000182 
+13.228700373367718868 
+13.214174933399215561 
+13.199667399572877713 
+13.185178472648658499 
+13.170708851980840848 
+13.156259235501259752 
+13.129773557332715228 
+13.115677903330741572 
+13.101311017684938776 
+13.087259964598723982 
+13.072939961164086853 
+13.058936155115194566 
+13.044665729144945487 
+13.030711804440493040 
+13.016493638989221182 
+13.002302889243196660 
+12.987851498592805299 
+12.973718212425632501 
+12.959326868748208383 
+12.944966920968450808 
+12.930925321613811363 
+12.916629645583448394 
+12.902652400888342754 
+12.888708017852795962 
+12.874513621204608071 
+12.860637662309388318 
+12.846796571082970573 
+12.832991008012690770 
+12.818941005450380288 
+12.805209231456121444 
+12.791514969232324006 
+12.777580577789318994 
+12.763964094882084055 
+12.750387089955570019 
+12.736850210064901034 
+12.723354100284876012 
+12.710173571145841009 
+12.696760064156265457 
+12.683661680604757294 
+12.670333280756956640 
+12.657319488238851335 
+12.644078683897365778 
+12.630883069676444919 
+12.617733274290866774 
+12.604896871236615397 
+12.591839624246464524 
+12.579095077329135677 
+12.566132817302214875 
+12.553482506983202782 
+12.540617655390647656 
+12.527802925181209304 
+12.515038927573446159 
+12.502326271500928456 
+12.489665563594767761 
+12.476800650290048367 
+12.464246740346082376 
+12.451746596679097223 
+12.439047391191905945 
+12.426657697035075500 
+12.414072431308465383 
+12.401795604598317979 
+12.389575529942252530 
+12.377412792285673149 
+12.365061544131689786 
+12.353261655315314727 
+12.341518456671851212 
+12.329589643406222876 
+12.317962653299439069 
+12.306153588629042517 
+12.294644994588896481 
+12.283195791302560451 
+12.271333261781039781 
+12.259771634692976150 
+12.248039588655203147 
+12.236374321953343625 
+12.225007714445988327 
+12.213476396155822812 
+12.202470783433915003 
+12.191301548873779481 
+12.180425096367384796 
+12.169388768850696536 
+12.158643540139101091 
+12.147742215345198602 
+12.136909877542963798 
+12.126366004221210915 
+12.115671781917825456 
+12.105264207399088150 
+12.094710140664345133 
+12.084440852308137693 
+12.073817224891381983 
+12.063269179878352233 
+12.053005943810152445 
+12.042609134471877752 
+12.032495132547429861 
+12.022251640609447065 
+12.012086364753312040 
+12.002200781890079995 
+11.992191908039457005 
+11.982460590620114260 
+11.972610135606517545 
+11.963035047207130290 
+11.953538002723485434 
+11.944119473614868809 
+11.934779928134677363 
+11.925331680234464216 
+11.916153129470876237 
+11.906870120140498059 
+11.897854435539745310 
+11.888738560624567242 
+11.879887586522375642 
+11.870940714050195908 
+11.862432671943210494 
+11.853654907033181587 
+11.845137067968018130 
+11.836703181699402165 
+11.828184159845063661 
+11.819921195154336147 
+11.811743465780910611 
+11.803651389376504710 
+11.795807905014173755 
+11.788047396734567585 
+11.780052180724933208 
+11.772305037119014770 
+11.764645573815142754 
+11.757074187292948508 
+11.749591270428320300 
+11.742047241272464575 
+11.734744253152657123 
+11.727530899273375553 
+11.720407557840076151 
+11.713232017426980391 
+11.706291676743290964 
+11.699442468338560275 
+11.692684755457701584 
+11.686018897577918452 
+11.679312056929942898 
+11.672832864999248770 
+11.666446590786538451 
+11.660026123087256167 
+11.653828626675268865 
+11.647725075674276951 
+11.641715802531440005 
+11.635681415653131410 
+11.629863620623014597 
+11.624025291372870328 
+11.618400283049535204 
+11.612871168463922089 
+11.607328384229695928 
+11.601993951397885141 
+11.596756331943963048 
+11.591511927045663910 
+11.586470810116837882 
+11.581527389195048983 
+11.576584083881767739 
+11.571838910977076509 
+11.567192279200614990 
+11.562644460006541891 
+11.558285519134948061 
+11.553934092704677639 
+11.549682262801482580 
+11.545530284123019626 
+11.541478407109639903 
+11.537606516718440730 
+11.533753522005284253 
+11.529925826257013455 
+11.526276774570458628 
+11.522657665216238243 
+11.519213490885990225 
+11.515803902961001981 
+11.512565504251583093 
+11.509429275228340472 
+11.506395422602055945 
+11.503522943875765350 
+11.500692346914929587 
+11.498019351243277342 
+11.495445339204966473 
+11.492919980367473087 
+11.490546522746601710 
+11.488226244778262597 
+11.486054015177023402 
+11.483981600750816199 
+11.481969125102217788 
+11.480098880523076588 
+11.478293090253124831 
+11.476625601624784068 
+11.475058651690758893 
+11.473533462447932152 
+11.472172179498340228 
+11.470886635129767583 
+11.469729419750269273 
+11.468652433937968738 
+11.467699746447996390 
+11.466831770507265986 
+11.466069536587614408 
+11.465400852485069905 
+11.464852563066701308 
+11.464402384183664196 
+11.464062700175450260 
+11.463837094899979263 
+11.463717767503267098 
+11.463703990378377284 
+11.463792327812369010 
+11.463992993306870716 
+11.464297263089914480 
+11.464708114909440084 
+11.465225594830299016 
+11.465863592521598591 
+11.466580597893564430 
+11.467418187771347249 
+11.468362539183914350 
+11.469436236365275761 
+11.470596347044898167 
+11.471890233263037473 
+11.473266144538765587 
+11.474780240122125718 
+11.476405546358170895 
+11.478142051546432967 
+11.479951695107986964 
+11.481868095725772605 
+11.483891226379569162 
+11.486065631332285975 
+11.488304296011644823 
+11.490649576749628835 
+11.493101425033065865 
+11.495606511180033849 
+11.498269155525344232 
+11.500980616896843145 
+11.503853804018852713 
+11.506833238089486215 
+11.509854806114926618 
+11.513110517955443157 
+11.516408185423978594 
+11.519741225000172946 
+11.523248412124425855 
+11.526786492565243236 
+11.530502774274275168 
+11.534245457950202507 
+11.538170365752570490 
+11.542117172364115163 
+11.546164797422539650 
+11.550400600375532179 
+11.554651550238897784 
+11.559002899694331035 
+11.563548306094908469 
+11.568102085362268028 
+11.572853811017822068 
+11.577809677524923515 
+11.582873601534156904 
+11.587940892297792672 
+11.593005020035766606 
+11.598276794062686079 
+11.603540843674101879 
+11.608903526858634692 
+11.614479458167249248 
+11.620157740483787023 
+11.626057174311528186 
+11.631941543629640279 
+11.638050775278538040 
+11.644140249011636357 
+11.650458250592627962 
+11.656622350301237390 
+11.663014454035302236 
+11.669373400405042673 
+11.675963873161876450 
+11.682516602672230022 
+11.689164817228610005 
+11.696049737717670425 
+11.703033572804095286 
+11.709970491799250425 
+11.717149224721916667 
+11.724276456267814339 
+11.731497403319622208 
+11.738965127019362455 
+11.746374498828147992 
+11.753876625661014543 
+11.761630378185211399 
+11.769318935371389401 
+11.777262296752546433 
+11.785135890141258841 
+11.793100517325660448 
+11.801324599575515606 
+11.809472088613620855 
+11.817882075089389815 
+11.826210910609031401 
+11.834805229360792822 
+11.843492050878424493 
+11.852270954717813112 
+11.861323497052005393 
+11.870103294968314955 
+11.879341546133344920 
+11.888486283038362856 
+11.897720892577948959 
+11.906853737931893278 
+11.916264895701431215 
+11.925569784521877992 
+11.935155636521963984 
+11.944630727328870989 
+11.954389367801502075 
+11.964234552156383984 
+11.973962239427894616 
+11.983977245602289941 
+11.994077267091888928 
+12.004261777401310951 
+12.014319847046845524 
+12.024670031354396826 
+12.034889350832290944 
+12.045403066215936150 
+12.055781510271723178 
+12.066456560523690200 
+12.076991951569024053 
+12.087826086918370905 
+12.098963263041991212 
+12.109957387864668021 
+12.121029793948430608 
+12.132179872361907869 
+12.143636930329689605 
+12.154942051828228955 
+12.166322963724939044 
+12.177779028748439316 
+12.189309602532832244 
+12.201151623144163239 
+12.213069846520419048 
+12.225063565073813976 
+12.237132063447377917 
+12.249274618494006006 
+12.261000465413424365 
+12.273039625510476114 
+12.284900032756135957 
+12.297075173260807901 
+12.309317940636407940 
+12.321375729146689437 
+12.333750227758569551 
+12.346190174323156796 
+12.358438984258400595 
+12.371006284234487893 
+12.383378395912018277 
+12.396070069148967363 
+12.408562535116850256 
+12.421375543982119183 
+12.433985360343857707 
+12.446916609445128898 
+12.459906392967463162 
+12.472687051497572952 
+12.485790306708505426 
+12.498680540799959715 
+12.511623816449942481 
+12.524890632163341309 
+12.537938672750037483 
+12.551310764002932885 
+12.564460279337732018 
+12.577934257790332140 
+12.591458398043080535 
+12.605031812610562270 
+12.618653606301688086 
+12.632602328861182173 
+12.646319105101859748 
+12.660081509664040667 
+12.673888616199327828 
+12.687456388363798965 
+12.701349224074482080 
+12.714999160585028548 
+12.729259624668475936 
+12.743561709643129731 
+12.757904381386357073 
+12.772286597207829217 
+12.786707305826208625 
+12.800875924579683485 
+12.815369713742327917 
+12.829898811763543520 
+12.844170538236260981 
+12.858766336513236084 
+12.873101318916493341 
+12.887759493700412960 
+12.902153461566552295 
+12.916575023862112204 
+12.930727993082724581 
+12.945201015933758271 
+12.959402317490033241 
+12.973922542445853523 
+12.988167973798288912 
+13.003028497329381707 
+13.017909819517651471 
+13.032810742352475941 
+13.047431500142167238 
+13.062367662869311502 
+13.077319803065133641 
+13.091687744133194471 
+13.106367890925721298 
+13.120759927382486865 
+13.135462355763394271 
+13.150474597932358733 
+13.165194940883861108 
+13.180222949344170047 
+13.194956262355297838 
+13.209393333582786667 
+13.224435358110881111 
+13.239479555428896873 
+13.254524593329131577 
+13.269569130367656840 
+13.284310989059227026 
+13.299350540611779792 
+13.314385538824579314 
+13.329414605292361884 
+13.344436352273385538 
+13.359449382670298689 
+13.374452290007782906 
+13.389443658416849914 
+13.403823193321832363 
+13.418787802199890535 
+13.433437813515080705 
+13.448071297062906382 
+13.462686876365724586 
+13.477580839024081882 
+13.492156008586221105 
+13.506709063018060846 
+13.520942314007807994 
+13.535447417114916391 
+13.549630960226147991 
+13.564082510467732945 
+13.578210824721985261 
+13.592603151571655218 
+13.607256105183834549 
+13.621582068520401876 
+13.635581660395192927 
+13.649836730708178933 
+13.663764004664942675 
+13.677942301367634670 
+13.692079557671641865 
+13.706174246015269347 
+13.720511106305959714 
+13.734515091901542405 
+13.748471840464803861 
+13.762379787814989385 
+13.776519632628353662 
+13.790324171487561955 
+13.804355191686457971 
+13.818049823889019478 
+13.831965349945260613 
+13.845819986130445400 
+13.859336785971294148 
+13.873065743424744412 
+13.886728622626113960 
+13.900052437900393798 
+13.913579276679923780 
+13.926766360329882133 
+13.940150175634032692 
+13.953193645618210184 
+13.977220531687050809 
+13.990049013552269486 
+14.003058292627171610 
+14.015726226539451105 
+14.028568044223126421 
+14.041068282227364250 
+14.053482850597809772 
+14.066060620244229540 
+14.078296660295364973 
+14.090688521060691585 
+14.102983629826859158 
+14.115180054219010231 
+14.127275851407349094 
+14.139269068087152448 
+14.150684225548511463 
+14.162236004961384239 
+14.173451118921278180 
+14.184795018380938814 
+14.195802882385596178 
+14.206931507479385601 
+14.217724840904871542 
+14.228630721367700573 
+14.239202169147544552 
+14.249661074542288475 
+14.260219890940920351 
+14.270657566547118478 
+14.280762878720649312 
+14.290748202687368007 
+14.300815852981903831 
+14.310754525504329138 
+14.320562216146145218 
+14.330040810805044771 
+14.339583261216809262 
+14.348798134370127855 
+14.358067374088992807 
+14.367010679799291140 
+14.375998660429468501 
+14.384841477167904955 
+14.393361071220533987 
+14.401910367255638334 
+14.410138402211154940 
+14.418385932701326624 
+14.426314293368843522 
+14.434251734570677783 
+14.442029343183680368 
+14.449491177321760915 
+14.456946018759762040 
+14.464087508259204640 
+14.471211059900905838 
+14.478163993591408598 
+14.484944103819218597 
+14.491416141694035247 
+14.497847587057574259 
+14.504225283364732491 
+14.510291837515342905 
+14.516174385161338733 
+14.521984953440696842 
+14.527488802330880802 
+14.532801763044766119 
+14.537818997261130249 
+14.542648677348903874 
+14.547383254592327617 
+14.551917778135546655 
+14.556163534649794400 
+14.560377288997447209 
+14.564297562301149469 
+14.568008353836468416 
+14.571576463934505341 
+14.574856733005471909 
+14.577920288526222237 
+14.580764714737973975 
+14.583438789166113025 
+14.585833069925607575 
+14.588000859751076632 
+14.589976866714366111 
+14.591679538585566434 
+14.593148259772696917 
+14.594380538787305568 
+14.595391639870966216 
+14.596138562789034765 
+14.596641452399804706 
+14.596900419427640827 
+14.596902515567403924 
+14.596645154520988541 
+14.596136018650508248 
+14.595351631936594572 
+14.594344385671828235 
+14.593085613669575906 
+14.591538626370503806 
+14.589764057396603647 
+14.587685376982019392 
+14.585384899580805751 
+14.582820413155227257 
+14.579927579604598620 
+14.576821912709188922 
+14.573371366403478078 
+14.569635072101329243 
+14.565695357921454089 
+14.561385393110718667 
+14.556781569530137688 
+14.551881142763075871 
+14.546790485795224157 
+14.541294767976854274 
+14.535372630417141337 
+14.529130112286400944 
+14.522564237652733965 
+14.515813080247692568 
+14.508598132031050199 
+14.501050886090887104 
+14.493168317474982132 
+14.484779498098387052 
+14.476210300409436016 
+14.467659772347879255 
+14.458600769841854827 
+14.449400269653807527 
+14.439672050540515613 
+14.429810382445150907 
+14.419401473032962713 
+14.408867353675397283 
+14.397766190739174519 
+14.386073418857868944 
+14.374253712572155450 
+14.362073843364306924 
+14.349271019447208175 
+14.336354281685647294 
+14.322793247998927058 
+14.308844467106130338 
+14.294795340287976160 
+14.280069228287089800 
+14.265252043193576981 
+14.249735771608683876 
+14.234137907804299772 
+14.217818549044281440 
+14.201427288812965344 
+14.184638602331350654 
+14.167449338319761054 
+14.149493066578793687 
+14.131484808582726487 
+14.113066382707827984 
+14.093845940896986946 
+14.074589034772969853 
+14.054912261571832488 
+14.034812386002954554 
+14.013862796087799722 
+13.992465813770234462 
+13.970617962898392861 
+13.948766273756234568 
+13.926015396613097508 
+13.903272001607904329 
+13.879126198732940622 
+13.854980808234483192 
+13.830363488246481651 
+13.804763939954447949 
+13.779182426118971705 
+13.753118167641204650 
+13.726031558874588256 
+13.698981137980648981 
+13.671437036416582700 
+13.642829679770384743 
+13.614277202495255636 
+13.585219987096319727 
+13.555654345310212960 
+13.526183173739109833 
+13.496216657967639918 
+13.465751289138896851 
+13.434146295580655206 
+13.402662282870815957 
+13.370010483834612103 
+13.337493350675712733 
+13.303779921709978140 
+13.270215088671481141 
+13.236126271537386856 
+13.200797884695811391 
+13.165639379684890287 
+13.129945950395166321 
+13.092968887434029313 
+13.056183550709945962 
+13.018084660331968649 
+12.979413362390793907 
+12.940956353523908717 
+12.901140082089385785 
+12.860739652136892630 
+12.819751092980848028 
+12.778170420125388063 
+12.735993635248707534 
+12.694939375383061275 
+12.652455641075782466 
+12.609388034156914671 
+12.565732740105007181 
+12.521485931555018212 
+12.476643768277622115 
+12.431202397162394391 
+12.385157952199360665 
+12.337548138059165836 
+12.290273388853606207 
+12.241400042775344659 
+12.192879048575520073 
+12.142725849904030255 
+12.092942562900992343 
+12.042528534609385105 
+11.992527976129435885 
+11.940853614748242251 
+11.889610785774989310 
+11.837747538464370223 
+11.783059512830075022 
+11.728803999395880808 
+11.672762257080400161 
+11.617171824143341041 
+11.559759445169614622 
+11.502817456767466808 
+11.445200328466375694 
+11.388100483980668542 
+11.330344945282050162 
+11.270705795741617905 
+11.211613312855234881 
+11.150601212620927072 
+11.090155786115046155 
+11.027754350721142629 
+10.964644824490109798 
+10.899513053605369706 
+10.834960002222612019 
+10.768346413482531077 
+10.702332496652037008 
+10.635589075835820694 
+10.566727105825394872 
+10.499896554408818972 
+10.430938836128344605 
+10.361234378482862439 
+10.292224243361195235 
+10.222489275030294920 
+10.150549587267507334 
+10.077845887161435812 
+10.004373778224408653 
+9.931651807062676696 
+9.856645542824352901 
+9.782412221945032016 
+9.705854414038938671 
+9.630092657915904297 
+9.551965811690513064 
+9.474658430545300547 
+9.396579814101722050 
+9.316074644318950604 
+9.236424511805793713 
+9.155990273980911809 
+9.073067092456128080 
+8.989317754528073579 
+8.903002866789975656 
+8.815818093015488799 
+8.727758529527207543 
+8.638819257548362884 
+8.548995343185726625 
+8.458281837410110526 
+8.368514736088103589 
+8.277883817222281948 
+8.184507968628095043 
+8.092117429154022545 
+7.998848832138873988 
+7.904697434725018290 
+7.807709634495667572 
+7.713727196824352816 
+7.616898800109424883 
+7.521172033719640382 
+7.424575267002742507 
+7.325063977976233431 
+7.226695221687567283 
+7.121209988498735655 
+7.014721596059233732 
+6.907224536956806382 
+6.802987804592445897 
+6.695653631637197734 
+6.587334297193720545 
+6.478024549352435102 
+6.369935021039972334 
+6.258648699592780140 
+6.148611965987218042 
+6.039879131064548545 
+5.927914729446573716 
+5.817283926157272411 
+5.705706767124710588 
+5.590824010564753976 
+5.474945028256135160 
+5.355668959150775343 
+5.235344869539714452 
+5.118842719633856397 
+4.998907015768289774 
+4.880428171477507959 
+4.758464495548585305 
+4.637989148232679604 
+4.513977222237680387 
+4.388922868129252031 
+4.260236412378640480 
+4.133059990809362816 
+4.002197245832519457 
+3.872877334607651711 
+3.742488541488272702 
+3.611025574056840881 
+3.478483125118971842 
+3.347593838165574098 
+3.215658557108133309 
+3.079890491365980587 
+2.943021786553519981 
+2.807873963796646777 
+2.671659732468545378 
+2.531502457309572129 
+2.393117655097854346 
+2.253651039765784958 
+2.110157690166717614 
+1.968489247055980940 
+1.819750996018411726 
+1.669816208640197530 
+1.521713591211671712 
+1.369392361509650158 
+1.215857088082675119 
+1.061101863459979811 
+0.908252437761047915 
+0.754220090982329339 
+0.598999217242853987 
+0.439379578849104391 
+0.281740228727691999 
+0.122895327515298192 
-0.037160791703181317 
-0.201737807866892993 
-0.364258435165629280 
-0.528007489387059437 
-0.696370593724571663 
