3.87864
3.87864
3.87864
3.87864
3.87864
3.87864
3.87864
0.471521
1.93172
1.93172
1.93172
1.93172
1.93172
1.93172
1.93172
1.93172
1.93172
1.93172
1.93172
1.93172
1.93172
1.93172
1.93172
1.93172
1.93172
1.93172
1.93172
1.93172
1.93172
1.93172
1.93172
3.27023
3.27023
3.27023
3.27023
3.27023
3.27023
3.27023
3.27023
3.27023
3.27023
3.27023
3.27023
1.93172
1.93172
1.93172
1.93172
1.93172
1.93172
1.93172
1.93172
1.93172
1.93172
2.87476
2.87476
2.87476
2.87476
2.87476
2.87476
2.87476
2.87476
2.87476
2.87476
2.87476
2.87476
1.41456
1.41456
1.41456
1.41456
1.41456
0.471521
0.471521
0.471521
0.471521
1.41456
1.41456
0.471521
0.471521
0.471521
0.471521
0.471521
0.471521
0.471521
0.471521
0.471521
0.471521
0.471521
0.471521
0.471521
0.471521
0.471521
0.471521
0.471521
0.471521
0.471521
0.471521
0.471521
0.471521
0.471521
0.471521
0.471521
0.471521
0.471521
0.471521
0.471521
0.471521
0.471521
0.471521
0.471521
0.471521
0.471521
0.471521
0.471521
0.471521
0.471521
0.471521
0.471521
0.471521
0.471521
0.471521
3.90906
3.90906
0.471521
2.44887
2.44887
2.44887
2.44887
2.44887
2.44887
2.44887
2.44887
2.44887
2.44887
1.82524
1.82524
1.82524
1.82524
1.82524
1.82524
1.82524
1.82524
1.82524
1.84045
1.84045
1.84045
1.84045
1.84045
1.84045
1.84045
1.84045
1.84045
1.84045
1.84045
1.84045
1.84045
1.84045
1.84045
1.84045
1.84045
1.84045
1.84045
1.84045
1.84045
1.84045
1.84045
1.84045
1.84045
1.84045
1.84045
1.84045
1.84045
1.84045
1.84045
1.84045
1.84045
1.84045
1.84045
1.84045
1.84045
1.84045
1.84045
1.84045
1.84045
1.84045
1.84045
1.84045
1.84045
1.84045
1.84045
1.82524
1.82524
1.82524
1.82524
2.75308
2.75308
2.75308
2.75308
1.41456
1.41456
1.41456
1.41456
1.41456
1.41456
1.41456
0.471521
1.41456
1.41456
1.41456
1.41456
1.41456
1.41456
1.41456
1.41456
1.41456
1.41456
1.41456
1.41456
0.471521
0.471521
0.471521
0.471521
0.471521
0.471521
0.471521
0.471521
0.471521
0.471521
0.471521
0.471521
0.471521
0.471521
0.471521
0.471521
0.471521
0.471521
0.471521
0.471521
0.471521
0.471521
0.471521
0.471521
0.471521
0.471521
0.471521
0.471521
0.471521
0.471521
0.471521
0.471521
0.471521
0.471521
0.471521
0.471521
0.471521
0.471521
0.471521
0.471521
0.471521
0.471521
0.471521
0.471521
0.471521
0.471521
0.471521
0.471521
0.471521
0.471521
0.471521
0.471521
0.471521
0.471521
0.471521
0.471521
0.471521
0.471521
0.471521
0.471521
0.471521
0.471521
0.471521
0.471521
0.471521
0.471521
0.471521
0.471521
0.471521
0.471521
0.471521
0.471521
0.471521
0.471521
0.471521
0.471521
0.471521
0.471521
0.471521
0.471521
0.471521
0.471521
0.471521
0.471521
0.471521
0.471521
0.471521
0.471521
0.471521
0.471521
0.471521
0.471521
0.471521
0.471521
0.471521
0.471521
0.471521
0.471521
0.471521
0.471521
0.471521
0.471521
0.471521
0.471521
0.471521
0.471521
0.471521
0.471521
0.471521
0.471521
0.471521
0.471521
0.471521
0.471521
0.471521
0.471521
0.471521
0.471521
0.471521
0.471521
0.471521
0.471521
0.471521
0.471521
0.471521
0.471521
0.471521
0.471521
0.471521
0.471521
0.471521
0.471521
0.471521
0.471521
0.471521
0.471521
0.471521
0.471521
0.471521
0.471521
0.471521
0.471521
0.471521
0.471521
0.471521
0.471521
0.471521
0.471521
0.471521
0.471521
0.471521
0.471521
0.471521
0.471521
0.471521
0.471521
0.471521
0.471521
0.471521
0.471521
0.471521
0.471521
0.471521
0.471521
0.471521
0.471521
0.471521
0.471521
0.471521
0.471521
0.471521
0.471521
0.471521
0.471521
0.471521
0.471521
0.471521
0.471521
0.471521
0.471521
0.471521
0.471521
0.471521
0.471521
0.471521
0.471521
0.471521
0.471521
0.471521
0.471521
0.471521
0.471521
0.471521
0.471521
0.471521
0.471521
0.471521
0.471521
0.471521
0.471521
0.471521
0.471521
0.471521
0.471521
0.471521
0.471521
0.471521
0.471521
0.471521
0.471521
0.471521
0.471521
0.471521
0.471521
0.471521
0.471521
0.471521
0.471521
0.471521
0.471521
0.471521
0.471521
0.471521
0.471521
0.471521
0.471521
0.471521
0.471521
0.471521
0.471521
0.471521
0.471521
0.471521
1.41456
1.41456
0.471521
0.471521
0.471521
3.90906
3.90906
3.90906
3.90906
3.90906
0.471521
0.471521
0.471521
0.471521
0.471521
0.471521
0.471521
0.471521
0.471521
0.471521
0.471521
0.471521
0.471521
0.471521
0.471521
0.471521
0.471521
0.471521
3.90906
0.471521
2.84434
0.471521
0.471521
0.471521
0.471521
0.471521
0.471521
2.84434
2.84434
2.84434
2.84434
2.84434
0.471521
0.471521
4.35016
0.471521
5.26279
5.26279
9.08059
9.0958
9.47606
5.61262
5.61262
5.61262
5.61262
5.61262
5.61262
5.59741
2.17508
2.17508
2.17508
5.5822
5.5822
5.61262
5.61262
5.5822
8.9437
8.9437
8.9437
13.446
9.50648
9.50648
16.5641
16.5793
13.1113
9.26311
9.26311
9.26311
9.26311
9.26311
9.26311
11.2405
8.85243
9.55211
11.6664
12.8223
12.8223
15.2104
7.40745
14.5259
11.4382
7.40745
2.11424
2.11424
4.48706
7.6356
13.1113
13.446
13.2786
15.9557
14.3282
14.3282
13.2786
13.2026
9.99321
9.99321
9.93237
9.20227
6.61651
6.61651
9.05017
9.06538
10.4191
14.6628
12.2596
12.3204
15.6058
13.522
12.2748
5.20194
6.09936
9.35437
12.0466
12.0466
12.1227
10.0084
12.0314
19.3932
21.5075
16.7466
21.0359
21.6596
21.979
20.4579
12.6246
7.17929
13.1265
9.20227
11.5447
10.4647
10.5712
10.5712
9.27832
10.2214
16.4424
16.9748
16.9139
16.9139
16.3816
12.579
15.8036
15.8188
15.8188
18.8761
11.712
14.9366
14.9366
11.6511
14.9822
14.9822
15.0735
19.0434
20.7774
15.9557
12.3964
11.3317
8.86764
15.1952
16.4728
16.6249
16.6249
15.3625
15.3625
15.3625
13.4003
15.4689
15.3777
13.4764
16.7314
15.9709
14.602
13.3243
17.1573
15.4689
11.5903
11.6359
16.6249
10.0541
16.3055
17.5375
16.6097
16.4424
20.3363
10.5104
16.2447
8.44175
15.0126
14.3586
16.2903
15.0278
15.0278
11.134
11.7728
6.0233
5.47573
8.38091
6.43398
7.17929
10.9667
15.4842
15.6515
15.5146
14.7693
8.60907
14.7084
14.6932
13.9175
18.0547
17.9026
15.8188
18.1764
24.8081
21.2032
17.3702
15.7731
8.0767
11.9858
10.9515
14.8605
14.7997
17.9178
12.8528
6.7534
10.1453
16.9596
17.0508
13.1722
13.1722
13.1722
10.267
10.2518
20.6557
20.9447
18.9521
20.8838
15.3168
10.4495
10.3735
9.81069
14.4194
14.5867
13.4612
13.4612
17.5528
13.2786
10.9515
19.7278
19.8799
17.2942
10.2974
9.26311
17.4463
14.5715
18.4654
22.2528
18.5262
18.5871
19.1803
21.2489
17.1421
17.1421
16.8987
14.7084
12.5942
15.7275
19.6974
16.6097
11.423
11.423
7.98544
8.01586
5.64305
7.97023
11.2252
15.7884
15.7884
19.7431
15.7427
15.7427
7.97023
7.98544
11.2252
11.3165
14.6932
18.9521
12.7615
12.6702
12.7311
12.7007
11.4382
7.51392
9.50648
9.90195
14.4346
21.7508
15.5146
12.077
13.5829
17.5071
17.5071
17.5375
12.655
17.4311
20.5644
18.9369
14.2521
14.5259
18.5262
18.5262
22.4657
14.5867
24.291
15.256
15.2712
15.1647
26.8159
22.7395
26.2987
26.4356
25.1123
21.8573
21.6748
13.735
15.1039
15.1799
22.7851
22.922
23.9563
23.0741
22.9829
22.4809
18.6479
12.077
19.1651
19.4236
21.7204
21.7356
17.7505
19.0586
20.7013
24.291
13.0201
16.9139
16.8987
18.7392
20.3363
16.5032
22.557
21.2641
24.58
20.6253
12.7007
7.9246
15.7884
16.1838
15.9253
22.2223
20.9599
20.1537
18.1916
23.6825
23.6825
20.1081
22.0094
20.0929
16.3968
19.6974
23.9259
21.3706
14.9062
9.58253
12.9288
12.9136
16.0926
10.3583
4.07638
13.5829
16.5945
7.45308
6.06894
15.7731
19.6214
20.1689
22.7243
22.7699
18.9825
19.013
18.9369
22.6634
25.9489
20.4123
24.367
21.112
15.4537
18.724
21.0968
20.0016
14.2217
19.5149
15.1952
15.6058
14.7236
14.6628
14.602
14.602
12.9288
10.0236
15.5602
22.1463
12.2443
9.17185
20.0929
18.4958
18.4958
18.4958
17.2333
21.3097
17.2333
28.2
28.0631
24.078
24.0324
24.58
24.4735
27.5764
19.2867
19.4388
23.3479
13.1418
17.1421
20.1842
20.1689
26.4356
22.846
24.3974
21.4922
21.4922
16.2599
18.222
16.2599
16.9443
16.9596
13.7958
13.8262
7.52913
10.4647
12.7919
20.0473
9.91716
7.52913
10.343
8.91327
5.46052
9.35437
10.9363
15.1799
10.7233
11.3013
11.3013
12.366
13.5068
13.4916
15.4842
15.5906
14.1152
14.2369
10.7233
10.7233
16.199
13.7502
13.7502
13.7502
16.0774
15.9709
10.0845
9.78026
10.5104
8.45696
8.45696
8.45696
6.46441
15.0278
19.2563
21.9942
14.1456
14.1456
14.389
14.389
11.712
7.83334
11.7272
6.6013
15.6667
22.4049
22.4049
15.2256
6.47962
6.41877
6.41877
13.5524
15.8796
9.67379
9.43043
8.09191
14.2673
14.2673
18.724
13.6893
12.8528
15.7884
16.7162
20.3971
15.1647
11.0731
12.3964
10.5408
17.2638
15.7275
20.0168
18.4045
14.4346
10.632
14.5259
7.6356
11.1036
11.5751
17.0964
17.1573
23.3783
22.8155
22.7395
19.6822
12.1835
10.2518
4.47185
5.82557
10.3735
6.51004
9.94758
9.94758
16.5185
10.5408
11.1188
11.1188
11.1796
11.21
11.1492
7.71166
7.71166
7.71166
17.5528
17.6136
13.4612
17.355
16.0926
18.1764
13.4612
13.4612
4.86732
6.8903
10.3278
16.488
16.488
12.7615
13.1722
7.24013
7.24013
4.86732
4.86732
4.86732
6.05373
6.06894
2.72266
2.72266
6.05373
6.05373
4.12201
0.82136
0.82136
0.82136
3.96991
3.96991
4.12201
9.93237
18.9825
11.3621
5.5822
5.5822
5.7191
12.4573
2.28155
2.28155
2.28155
2.28155
0.82136
0.82136
0.82136
4.22848
0.82136
0.82136
0.82136
0.82136
0.82136
3.89385
8.01586
3.89385
3.89385
3.89385
0.471521
0.471521
0.471521
2.14466
2.14466
7.97023
7.97023
7.97023
4.28932
7.22492
9.67379
9.71942
8.47217
8.47217
4.56311
7.80292
8.79159
9.26311
6.05373
6.05373
6.05373
6.05373
5.99288
9.78026
6.05373
6.05373
6.05373
6.05373
5.99288
5.99288
5.99288
2.14466
5.59741
5.59741
8.82201
7.52913
9.23269
5.38447
5.99288
0.471521
5.99288
6.3123
5.38447
6.84466
6.84466
9.2479
7.68123
4.30453
5.91683
5.91683
6.49483
6.51004
6.51004
14.1152
10.3735
8.70033
4.8369
4.8369
9.0958
9.01975
12.8223
10.3735
7.22492
7.08803
1.94693
8.32007
11.8793
11.5599
5.38447
4.28932
5.38447
5.38447
7.75729
19.1499
15.91
8.38091
14.5867
14.8605
11.712
5.38447
9.23269
5.38447
15.5146
8.28965
8.62428
8.62428
9.85632
9.87153
11.5295
8.62428
8.62428
5.38447
2.14466
8.85243
5.59741
5.59741
5.59741
5.59741
5.44531
5.44531
5.44531
5.44531
9.23269
4.28932
0.471521
6.0233
6.03852
9.61295
9.61295
9.61295
9.56732
5.7191
5.79515
5.64305
5.64305
5.64305
3.96991
8.01586
8.06149
4.91295
4.91295
14.8909
10.9058
6.79903
18.2372
16.0317
18.6175
17.1421
9.40001
8.54822
12.9744
13.0657
13.157
19.378
19.1042
22.9524
16.2447
16.2447
18.6783
18.6783
18.7392
10.845
17.6136
21.0055
25.2644
30.3143
28.8997
17.933
17.2486
23.6825
23.6065
23.7434
20.2906
26.4965
27.333
24.0628
26.2075
29.3712
29.8884
21.9029
25.9185
26.3748
16.2142
19.2259
17.2638
17.1573
11.3621
11.3621
11.3317
11.4838
19.3172
16.9443
16.9443
10.3278
18.3285
20.0625
16.412
14.7541
14.8605
14.8301
13.5676
6.49483
10.6929
13.8414
13.811
16.1534
21.0816
25.2796
23.3935
18.1764
16.3359
16.3359
12.8832
9.70421
9.70421
9.70421
9.64337
7.31619
9.74984
11.5447
14.7997
20.0016
15.5146
14.313
15.2864
6.87509
6.87509
6.87509
16.0926
12.29
14.2977
18.8761
15.6363
18.8456
14.678
14.7388
7.55955
9.15664
7.86376
8.09191
5.01942
5.01942
12.3204
9.40001
6.06894
16.0013
11.2405
10.4799
14.3738
10.9058
7.6356
10.9058
7.97023
10.6929
24.002
20.9143
22.2984
17.4007
19.0738
9.71942
4.91295
10.8754
8.47217
8.47217
8.47217
8.47217
8.47217
8.45696
8.47217
11.6207
12.9136
9.99321
14.0848
10.7994
12.7767
9.71942
11.2557
6.06894
6.14499
6.78382
13.3699
13.0049
14.9822
16.4424
20.5188
12.1531
15.2408
14.9974
12.4269
12.2291
12.1683
12.4421
12.7463
15.5754
17.2029
18.1003
21.8117
21.9638
21.9333
17.1573
16.6706
16.99
15.8188
12.5181
10.4952
9.0958
7.42266
7.42266
7.42266
7.42266
7.43787
7.43787
14.1456
21.3249
19.302
15.5906
8.30486
2.17508
2.17508
7.30098
13.2939
18.2677
11.7728
7.43787
10.8906
9.11101
14.6628
16.6249
20.4884
20.7165
19.3932
13.6133
10.6473
10.6473
8.38091
15.043
16.0621
23.3327
23.3479
18.8
12.2596
12.3204
12.366
17.6288
14.4042
14.2977
22.2071
22.0094
22.0094
22.0094
25.2036
25.3557
25.31
25.3709
22.2528
25.9489
26.2075
26.177
22.5418
22.3592
22.3592
22.6787
22.6787
22.8612
20.899
19.0738
15.6363
15.0126
15.4233
15.4537
15.4233
18.2524
21.0968
21.2337
20.899
21.7052
17.6136
18.2829
15.6667
12.5942
16.7162
16.701
15.6971
15.5298
15.5298
15.545
15.545
12.4725
12.5333
9.0958
9.0958
12.9592
16.6249
12.9288
16.2142
12.1683
9.0958
12.3356
12.3508
16.8987
16.8987
24.367
24.1084
26.9223
17.8722
17.857
19.5453
12.077
11.6816
11.6816
11.6816
11.6816
10.1301
15.5298
15.5298
14.9366
19.4997
16.2295
16.2295
17.2942
22.1311
22.1311
21.5683
21.1272
21.112
21.2945
21.3401
23.0285
23.0285
22.6026
10.8906
11.134
11.1036
11.1036
13.446
12.5333
14.0544
14.2673
14.1
6.63172
6.7534
6.73819
6.73819
8.19839
6.79903
6.82945
17.2486
11.788
11.712
7.51392
7.46829
7.46829
7.84855
10.2214
21.3401
14.3738
15.6515
15.7275
14.9974
16.2295
20.3667
11.0427
9.91716
13.3699
20.3363
22.4201
22.4201
22.6026
22.633
22.8003
18.2677
18.3741
18.3741
15.2712
17.9787
19.2867
20.0016
17.4615
17.1117
17.1725
27.1201
31.9722
32.1091
24.078
21.2793
21.2489
21.2337
26.4052
24.367
24.2757
23.0437
18.5871
14.1152
24.4583
25.3405
22.6178
22.3744
18.9369
18.8913
15.8492
15.8188
15.043
18.0395
16.0926
22.3136
23.1045
21.2945
16.4576
15.9861
22.7243
19.2715
16.3511
21.5075
19.956
16.8075
19.7735
19.9864
20.6557
23.9411
27.8806
22.6939
21.9638
30.6641
30.7097
32.6567
27.6068
27.3939
29.2647
25.2948
23.8955
19.8039
23.0589
27.1961
20.0929
24.6712
19.3932
23.1198
22.9524
21.4466
21.6596
21.6596
23.3023
20.8838
20.823
16.7162
16.6553
15.2864
12.1379
16.1078
15.1952
11.4382
7.4835
7.1945
11.1796
23.8499
13.9023
13.9023
10.4647
13.4003
9.978
15.5146
15.5146
17.3398
11.8945
12.6398
8.76117
8.71554
16.0165
26.3444
22.9068
22.344
20.7774
20.9751
25.0819
20.4123
12.579
13.1113
10.7841
9.15664
13.1418
16.9596
20.9295
22.3744
18.146
22.2223
21.979
21.979
18.0851
15.2104
13.9327
17.7961
22.1311
25.8424
25.6599
25.7055
24.9298
29.3712
29.1431
29.2191
25.523
25.6447
29.1126
29.4168
26.968
30.3599
29.8579
22.4201
22.4961
22.4201
24.1997
24.1997
24.1997
22.7091
21.5987
23.0133
22.0855
22.1007
18.8304
14.3282
9.12622
12.5638
9.2479
9.2479
6.17541
10.0541
6.17541
7.52913
7.52913
10.6777
14.2369
18.3437
11.4534
11.3469
11.3469
11.3774
11.3774
14.7084
14.7084
14.7084
10.6016
10.6016
7.52913
7.52913
10.6016
10.6016
10.6016
10.5864
15.5146
11.7728
13.9327
10.8602
9.17185
8.79159
11.5903
8.71554
12.1683
16.0926
16.0926
12.6398
12.5942
7.40745
7.40745
7.40745
7.40745
7.40745
7.30098
3.48317
3.48317
3.3767
3.48317
3.3767
3.45275
6.99677
6.81424
3.48317
3.3767
3.48317
2.02298
2.02298
1.91651
2.02298
1.91651
1.91651
1.91651
2.02298
1.91651
1.91651
2.02298
1.91651
5.46052
5.35405
5.41489
5.41489
9.27832
6.81424
3.31586
1.91651
2.02298
2.02298
1.91651
5.30842
5.30842
5.30842
5.41489
5.41489
2.02298
3.3767
3.3767
