+8.555745954164180489 
+8.410418457106475287 
+8.269308198685941136 
+8.126529810436963430 
+7.985030380296387342 
+7.847653138404018236 
+7.708668302499312119 
+7.570945055908620880 
+7.431705584053966085 
+7.296513582541987120 
+7.162565698804801428 
+7.029856178256025601 
+6.898379281159529697 
+6.765483854180253331 
+6.636479906957271524 
+6.508691336831906149 
+6.382112463599126428 
+6.254191448698161793 
+6.130039385691722131 
+5.905107896740215523 
+5.786777564097878468 
+5.667146807076136383 
+5.548687307514493128 
+5.429011847913991495 
+5.312901801700434135 
+5.197946249114240302 
+5.084139669330147271 
+4.971476556100981270 
+4.857687205043699663 
+4.747317619680115008 
+4.635857211696320590 
+4.527758856723835379 
+4.418604700340630131 
+4.312755397875680963 
+4.208011094552608355 
+4.102262614970296539 
+3.999734431744875529 
+3.812209456385387440 
+3.710759838277623679 
+3.612423623275724083 
+3.515155524676067067 
+3.416997908829031871 
+3.321871714511738460 
+3.225888742635707906 
+3.132882975560161931 
+3.040918803382281155 
+2.948146093095843412 
+2.858270460327000606 
+2.767618089597214670 
+2.679809812113754575 
+2.593016969738911826 
+2.505494234752635663 
+2.420737296397523330 
+2.336980290849625774 
+2.255897227423947271 
+2.174104641138352001 
+2.093296820861837659 
+2.013468704338818860 
+1.933016102143859882 
+1.855151998329693797 
+1.776693021154688523 
+1.700772438410041332 
+1.627326669716344654 
+1.553290581111267166 
+1.480199051149143408 
+1.408047129609002468 
+1.338273983078519969 
+1.267967557898050046 
+1.199992809200622013 
+1.131512643520414585 
+1.065317500974185094 
+0.999996070310822383 
+0.932877071121449575 
+0.866696015763861460 
+0.801447776148290103 
+0.737127239079029550 
+0.674988256275265819 
+0.612489543499663114 
+0.552126196964970006 
+0.492634509608638638 
+0.435197527640484694 
+0.377417393713461280 
+0.321647969857302485 
+0.265560906796043383 
+0.211440987358919585 
+0.157028618037813317 
+0.103455275034118444 
+0.050716309225572687 
-0.000141806522677257 
-0.051242704325098032 
-0.101522997358896916 
-0.150987281063910572 
-0.198655302734605854 
-0.246517721259142064 
-0.292625325361695943 
-0.338903730446249440 
-0.383468353500770576 
-0.427275857327966690 
-0.507388980102295051 
-0.549903206514303022 
-0.592489428505782456 
-0.634276670143647081 
-0.675269646778065891 
-0.715473059399924338 
-0.754110885508499251 
-0.792764774139909534 
-0.830643022744814274 
-0.867015656091867370 
-0.903371824510607269 
-0.937556946636517452 
-0.971734279692185510 
-1.004512960495073770 
-1.037262999797334828 
-1.069944809914595396 
-1.101887098493222084 
-1.132477425608160004 
-1.162968819477056215 
-1.192734156787935262 
-1.221204094898862280 
-1.249545074280762336 
-1.277173337064779091 
-1.303030075102586949 
-1.328237997076259447 
-1.353305914560644752 
-1.377214615041218337 
-1.400486280131074679 
-1.423589716253616189 
-1.445585857444395828 
-1.467395238128839097 
-1.488131586686581187 
-1.508250321146418216 
-1.528554699781873083 
-1.548197365681717841 
-1.566809315646761291 
-1.584793895028578703 
-1.602502960648724439 
-1.619232214172578566 
-1.635346166840873749 
-1.651158831729443222 
-1.666041727694288710 
-1.680321277192232898 
-1.694001412761370062 
-1.707086054365849037 
-1.719579109413038154 
-1.731721347377019882 
-1.743255786209315872 
-1.753973811737184363 
-1.764316924193735758 
-1.773875308970623621 
-1.783043107718720321 
-1.791457492806062035 
-1.799311410881815121 
-1.806751809753752269 
-1.813484919688910679 
-1.819668984743444184 
-1.825307761720916133 
-1.830503407726231657 
-1.835051892678908558 
-1.838989747346415626 
-1.842484693664353301 
-1.845452951282842591 
-1.847898203269359385 
-1.849824120462024268 
-1.851234361486747915 
-1.852132572774369379 
-1.852525075842093472 
-1.852392069080535109 
-1.851755568901733540 
-1.850593354357066289 
-1.848955560343481963 
-1.846779071233150660 
-1.844095965526731717 
-1.840910013316788607 
-1.837224971643562910 
-1.833044584513945807 
-1.828470816704616198 
-1.823428401876563854 
-1.817920827531578354 
-1.811951569219154123 
-1.805388170604027565 
-1.798496678145506067 
-1.791153926901836613 
-1.783199714074447328 
-1.774955682185579420 
-1.766088896490602522 
-1.756957478095991121 
-1.747192247441532231 
-1.737187239172770958 
-1.726754922345513421 
-1.716124413840605101 
-1.704856051978419273 
-1.693170311423866536 
-1.677030419646049708 
-1.664386420574693659 
-1.651336006078647500 
-1.637882446624185917 
-1.624029001040474540 
-1.609483991260256985 
-1.594529425626930674 
-1.578857396226277743 
-1.563085961970106297 
-1.546587814635627112 
-1.529677881693519481 
-1.512703216302149656 
-1.495339559207975455 
-1.447655329943856373 
-1.429282635314393701 
-1.378410283001612058 
-1.358734636958946140 
-1.338299259498493043 
-1.317924674716161704 
-1.297208755494535737 
-1.275721356668729101 
-1.254325048473054594 
-1.232596535539242311 
-1.210992246348373769 
-1.189074861937623240 
-1.166380825345827432 
-1.143839261285959807 
-1.120513843638912377 
-1.097359446619490697 
-1.072922284150637395 
-1.048163696654500043 
-1.023591415349530465 
-0.998205520047143580 
-0.973024384715021284 
-0.947023214611567354 
-0.921244971984886973 
-0.894640467071956991 
-0.868276772872839331 
-0.841080780419927621 
-0.814143199645629423 
-0.786925824775842386 
-0.758303393373752854 
-0.729953919320728062 
-0.701322003538416894 
-0.671829526269712929 
-0.642636031737067626 
-0.613168936543237564 
-0.584028534500642849 
-0.554028265692256383 
-0.524370898429898702 
-0.494461743139801513 
-0.463685439968852364 
-0.433275765532460611 
-0.403250391413726206 
-0.372360872650995489 
-0.341870537256431462 
-0.310511546082011591 
-0.279566369075437748 
-0.248399833739274101 
-0.216358214701582341 
-0.184751814190180497 
-0.125583869180935892 
-0.092699824829358235 
-0.060277645991293483 
-0.027650794476331342 
+0.005864422955482951 
+0.038897625334321617 
+0.072822726121454906 
+0.106951148572864696 
+0.141280400962461528 
+0.175808001992223240 
+0.211242145470945886 
+0.274811402141905248 
+0.309355596806090816 
+0.344804085751219347 
+0.379707676437634589 
+0.415518315197790145 
+0.450772047373229512 
+0.486935428542084381 
+0.522530125838617465 
+0.558290178157299977 
+0.594963485629090627 
+0.631050931012829608 
+0.668053857588382982 
+0.704459713555383615 
+0.742546489119573216 
+0.780031564858596482 
+0.818442541332938589 
+0.856240651189959401 
+0.894966293211106212 
+0.933068134137899463 
+0.970534849821882872 
+1.008925342763452804 
+1.046670512848265844 
+1.084550305409480053 
+1.123355952401323243 
+1.161501436911975382 
+1.199775270373566904 
+1.238175394448968625 
+1.277503657397585535 
+1.316152748444198828 
+1.388130946466374915 
+1.427931004899665623 
+1.467034362513738088 
+1.506250064642851605 
+1.546396576899075725 
+1.587478771017221568 
+1.628676296036175586 
+1.669986937854243791 
+1.710578989074640788 
+1.751275497204596299 
+1.792074407800433811 
+1.832973676101789628 
+1.873133612044881602 
+1.914225555057942785 
+1.989101791563294697 
+2.029609431090913851 
+2.070202222402825143 
+2.112574921445675713 
+2.154185832315453020 
+2.195879569776387541 
+2.237654182824647009 
+2.280362692301247662 
+2.322294792909977978 
+2.363443907831033641 
+2.405522702905014576 
+2.446811855602485153 
+2.489029885006155851 
+2.530451803358178431 
+2.572801679912266160 
+2.614349163135412546 
+2.656823572353674834 
+2.698489490745110686 
+2.740211401041550587 
+2.782858485250683245 
+2.824688304896258551 
+2.868315051404461080 
+2.911120920055100925 
+2.954851215962517763 
+2.997754913338559035 
+3.041581329728502148 
+3.084575613394882510 
+3.128490798631231584 
+3.171568501745055002 
+3.214684864992268132 
+3.258719212205706484 
+3.301908421184342579 
+3.345131098320630159 
+3.387502492737109350 
+3.430786416056996302 
+3.473214568027148452 
+3.515668425231245564 
+3.559031626195782394 
+3.601532660275665876 
+3.644940784372042053 
+3.689255648785576547 
+3.732703001542785337 
+3.776167318528974803 
+3.820534476843029381 
+3.864028160043599058 
+3.943944948170446274 
+3.986580573517083614 
+4.030112034141517974 
+4.074538191534474052 
+4.118080421573365513 
+4.161625647947452933 
+4.205172336889501317 
+4.247830267324771647 
+4.290486712287674642 
+4.333140254287652482 
+4.376677953515952346 
+4.421097997448657502 
+4.464622076837875042 
+4.507249221321391275 
+4.550754121758499693 
+4.593359674940376891 
+4.637726887592330982 
+4.681191865687138076 
+4.724640663254732864 
+4.768071857951684756 
+4.812369790864585717 
+4.855761115389958249 
+4.899130592478092794 
+4.941592458029426815 
+4.985798459543460126 
+5.030860695364042456 
+5.075010546682467982 
+5.119130423463403190 
+5.163218895855331780 
+5.207274543044450255 
+5.251295953235770142 
+5.294402366526065329 
+5.338351857590586391 
+5.380507268191211168 
+5.422626080097577628 
+5.465583360150563230 
+5.507624526610095828 
+5.550500045252340087 
+5.592458687043505350 
+5.635247495136939122 
+5.677118795146557595 
+5.718945111863804165 
+5.761595209789190264 
+5.803327099139165668 
+5.845878414441433080 
+5.887511213137559096 
+5.965435068991861378 
+6.006918977170258245 
+6.049211489023532451 
+6.090585262154776025 
+6.132763062956739120 
+6.174881195918156429 
+6.217796187834821353 
+6.294879757422707556 
+6.337611055722229381 
+6.379421894220222100 
+6.422017681893393615 
+6.463693470138155206 
+6.506149172184387375 
+6.547685458887663401 
+6.588305548811806744 
+6.629700896737031890 
+6.670180883434118968 
+6.711431141100175246 
+6.751766987168400291 
+6.792868062961666453 
+6.834728662575249025 
+6.876508110117162786 
+6.917372197303398806 
+6.958987795304983237 
+7.000519057110203391 
+7.041136856717870707 
+7.082498036853833945 
+7.122122512317246468 
+7.162488425789114821 
+7.201947270842848248 
+7.241322798464598698 
+7.281431787592728355 
+7.321452087846381573 
+7.360568758917051646 
+7.399598563674932628 
+7.440161311434378533 
+7.479011098620074627 
+7.518577971708639396 
+7.557246101577792530 
+7.628701437389514339 
+7.667906344934883656 
+7.708607943751609071 
+7.749203008190938213 
+7.787311949756892560 
+7.857717632724392942 
+7.896337605374414537 
+7.934070142170408957 
+8.003769962913237279 
+8.041996957204917251 
+8.079341568537461882 
+8.117359046673598755 
+8.154496909860444731 
+8.192301807158093752 
+8.229229946979607746 
+8.297422861780082926 
+8.334811757551392475 
+8.371329620814703887 
+8.408497307194561898 
+8.444797072431914131 
+8.482493462611651935 
+8.519320497378872759 
+8.556032558878682082 
+8.593374603032016168 
+8.629852243343172802 
+8.666953646366193809 
+8.704670755042551278 
+8.742259537891580834 
+8.779719245213964740 
+8.817049135284833028 
+8.854976563231589992 
+8.922467468535080215 
+8.957850113512922263 
+8.993109736102962160 
+9.028245719010087100 
+9.063970678787200086 
+9.098855002835430028 
+9.133613863172209690 
+9.168246669232397394 
+9.203455721904001408 
+9.237832071917836174 
+9.272080623943477207 
+9.306200813868603205 
+9.340884437280939423 
+9.375433239901560967 
+9.409159705912099270 
+9.442755596743154456 
+9.476220381057689934 
+9.509553533968968964 
+9.543430728924839457 
+9.576496357412098703 
+9.610099508741708263 
+9.642895549276076395 
+9.676222578188776069 
+9.708747019798366296 
+9.740476654058790373 
+9.772733083504935081 
+9.804199272204703774 
+9.862195815864398085 
+9.893286917068476072 
+9.924889357706383919 
+9.956353565886260526 
+9.987679110281360906 
+10.019500572830422058 
+10.050544668954850991 
+10.081448835958582322 
+10.112839036504722046 
+10.193147951600128209 
+10.223395770052176701 
+10.252888462901765365 
+10.282854526323310651 
+10.312677711124432989 
+10.366479745903944831 
+10.419807123872246279 
+10.448963793910207798 
+10.477385004663300805 
+10.529713878058004184 
+10.557736745405362555 
+10.586198876193808616 
+10.613938259279052545 
+10.642110408304791491 
+10.670135631906745743 
+10.698013642561095438 
+10.726308549699423267 
+10.753888276375583644 
+10.781878243446461951 
+10.809158583330546577 
+10.836290348365224645 
+10.862724102713238850 
+10.889014809359165881 
+10.915705454015782294 
+10.941706396676707413 
+10.968100783177478164 
+10.993811076291972739 
+11.020439353648137981 
+11.045855144792739111 
+11.071651335104295555 
+11.097296690222156812 
+11.123309730948287566 
+11.148649740391244123 
+11.174350809837212850 
+11.199384712480945581 
+11.224773056958607498 
+11.249500136627531788 
+11.274075103215157156 
+11.298994633351004069 
+11.323261789522604204 
+11.347376368411001835 
+11.371338227080890704 
+11.395631533351096465 
+11.419284420455101170 
+11.442784187852565125 
+11.465655786731867138 
+11.489323882186301518 
+11.512363581563970882 
+11.535249706083634536 
+11.557982155000917857 
+11.581020020337994936 
+11.603441695596139027 
+11.625256518339664780 
+11.665313684677935058 
+11.723348914424132516 
+11.744337665526398240 
+11.765610882125200121 
+11.786729676330983452 
+11.807694005817646499 
+11.828503833245742172 
+11.848739134543158968 
+11.869243020260878296 
+11.889178575505642499 
+11.908965775327043701 
+11.929012172169112915 
+11.948499538026005951 
+11.968239843269635969 
+11.988223622689242021 
+12.007651531641124976 
+12.026924834780455598 
+12.046043548195127570 
+12.065393106863066208 
+12.084199554559049261 
+12.102472382594235967 
+12.120596973762552295 
+12.138946298001464186 
+12.156771445790816699 
+12.174448482852156417 
+12.192341072567966620 
+12.210079426761907939 
+12.228020864302596493 
+12.245447796352207703 
+12.263071601647199671 
+12.280187406062305300 
+12.297149338572367583 
+12.314298907856052523 
+12.330950223182234993 
+12.347447939917497450 
+12.364124115503020818 
+12.380311808750306568 
+12.396346217686815550 
+12.412549968146715074 
+12.428275029582231070 
+12.444163368616562693 
+12.459579580191299186 
+12.474533146239869197 
+12.489647264794134784 
+12.504912740576926922 
+12.520019687085607529 
+12.534968261683980373 
+12.549758626379858839 
+12.564390947805906151 
+12.578865397200791776 
+12.592897359589990458 
+12.606778040271224839 
+12.620786236406837943 
+12.634361801353973576 
+12.648059030346971099 
+12.661330223962760755 
+12.674717262846685983 
+12.687421718434599427 
+12.700242413043918432 
+12.712656247165794454 
+12.725180667398142020 
+12.737555735659247702 
+12.749781666989624895 
+12.771607220596237653 
+12.783174845447618395 
+12.794836692822386226 
+12.806116992847734082 
+12.817485991982572102 
+12.828707415887004473 
+12.840005979937146208 
+12.850929995496265690 
+12.861925605679038753 
+12.872553247910655472 
+12.883034592962861353 
+12.893579312037662277 
+12.903765889892877539 
+12.913806982825178693 
+12.923702867324900367 
+12.933651315671051307 
+12.943254678761995535 
+12.952522091067915966 
+12.961651258291954747 
+12.970828309255498567 
+12.979678956007701274 
+12.988392205504016630 
+12.997145558789513942 
+13.005756339062468641 
+13.014396207076899259 
+13.022888285397860031 
+13.031232914106405829 
+13.039430437111048988 
+13.047321622789857187 
+13.055228905989165966 
+13.062836335403900989 
+13.070454771316709852 
+13.077779823408150150 
+13.085110833607336289 
+13.092154915646553093 
+13.099199950467841802 
+13.105964497770639099 
+13.112591229061365539 
+13.119080506101051142 
+13.125432693973543508 
+13.131773586354594130 
+13.137849925607675061 
+13.143790298396091032 
+13.149477970804060334 
+13.155150304194130229 
+13.160687807737863508 
+13.166090869298294308 
+13.171253686451326104 
+13.176598648077602505 
+13.185580644913487802 
+13.190243235275428191 
+13.194872190433653003 
+13.199278964839571415 
+13.203735370445302877 
+13.207970422963185797 
+13.211992541669935974 
+13.215969729087237994 
+13.219740056884051072 
+13.223461042116692710 
+13.227053245151598304 
+13.230517099176571705 
+13.233853040311950977 
+13.237061507593274712 
+13.240142942953998073 
+13.245473267154469710 
+13.248251052343112733 
+13.250846699648111127 
+13.253366630062433984 
+13.255757055313088344 
+13.257974498614014891 
+13.260109952893106566 
+13.262117371802311538 
+13.263960903430795923 
+13.265682421760807586 
+13.268498737621287731 
+13.269852219655540182 
+13.271114933672455649 
+13.272235804445525531 
+13.274011684620557361 
+13.275916239576051936 
+13.276404226860211821 
+13.276787054386600673 
+13.277053867722097280 
+13.277205173666263960 
+13.277241481485248187 
+13.277163302894194885 
+13.276971152040507818 
+13.276650669310699371 
+13.276217719801646666 
+13.275667753012836414 
+13.274986812937378033 
+13.274202171637380587 
+13.273302201740555972 
+13.272308883187159623 
+13.271205878283719670 
+13.269993722665326175 
+13.268672954225049665 
+13.267244113096746005 
+13.265707741637712047 
+13.264098988123880218 
+13.262351358629498321 
+13.260536709923073317 
+13.258579973323744383 
+13.256475268556098257 
+13.254307348567115454 
+13.252035744172896869 
+13.249611481160362914 
+13.247132101217117039 
+13.244496994089406172 
+13.241812139428686734 
+13.238968544535811844 
+13.236080532701045342 
+13.233092830794284112 
+13.229941988260815577 
+13.226754624335566035 
+13.223469309178089048 
+13.220086622356170380 
+13.216607145334332785 
+13.212957490679791306 
+13.209208284088527208 
+13.205438077499305649 
+13.201493600295545860 
+13.197533232437503870 
+13.193395945427486282 
+13.189247835284934496 
+13.185095150872676584 
+13.180765451435760838 
+13.176344913760598132 
+13.171927093793726726 
+13.167328508466214387 
+13.162640881505314638 
+13.157963169836556006 
+13.153000929474991665 
+13.147947875011379182 
+13.142804655803271174 
+13.137571922928859891 
+13.132250329168414282 
+13.122339133375604092 
+13.116994890798277851 
+13.111457202765876673 
+13.105952692040858665 
+13.100252616694223917 
+13.094590230307376899 
+13.088730215608446628 
+13.082790340964201903 
+13.076894861995093322 
+13.070798753342469212 
+13.064497853297527996 
+13.058244841661361235 
+13.051915128266269761 
+13.045377831009348668 
+13.038895089621483692 
+13.032202969293773975 
+13.025569805294193060 
+13.018725525764612172 
+13.011805413908856366 
+13.004810153190813793 
+12.997882548178496975 
+12.990740514117144144 
+12.983525375518915723 
+12.976237820887481789 
+12.968878539945830397 
+12.961448223617011877 
+12.953947564005266813 
+12.946529338650035967 
+12.939198276925441888 
+12.931649561428308459 
+12.924035904443034184 
+12.916515293508682660 
+12.908775016277619585 
+12.900971756857948947 
+12.892945008361486714 
+12.885016512441211489 
+12.876863348039869095 
+12.868812315314613670 
+12.860535493589008382 
+12.852364631109978177 
+12.843966918000198518 
+12.835678939887962713 
+12.827334001672653585 
+12.818932770708961755 
+12.810302751749098604 
+12.801789825878039153 
+12.793398006463291949 
+12.784778293385267389 
+12.776105635681833661 
+12.767380705127663987 
+12.751040873863100700 
+12.742170299887600748 
+12.733250050377602491 
+12.724280800233763955 
+12.715447735690833753 
+12.706568933845829861 
+12.697458641043626315 
+12.688489353598939147 
+12.679288017393712806 
+12.670230845778828410 
+12.660941123769303474 
+12.651607764794885469 
+12.642231448443268960 
+12.632812854742716979 
+12.623352664144826818 
+12.613851557507461010 
+12.596296222323818625 
+12.586879334591802859 
+12.577228343019381640 
+12.559603216325797348 
+12.541858034001265310 
+12.532239202514707799 
+12.522385855384705167 
+12.512296587049117846 
+12.502375664211776041 
+12.492422328418218314 
+12.482437264324429904 
+12.472216427954277762 
+12.462169349416356567 
+12.452092611411654133 
+12.441780363219217875 
+12.431645791748499263 
+12.421483630618769922 
+12.411086349798951645 
+12.400870537672732397 
+12.390419938523415055 
+12.380153273492155108 
+12.369862474026714239 
+12.359337491332105685 
+12.340333318833492271 
+12.329955849511733845 
+12.319345152822052114 
+12.308926353356568484 
+12.298488131954206537 
+12.288244763455539399 
+12.277770113824416853 
+12.267278082007422313 
+12.256983978474456976 
+12.246459554642591172 
+12.236135032773816533 
+12.225580896381952556 
+12.214796951594131258 
+12.203783072131425769 
+12.192971912260510692 
+12.182148374410068925 
+12.171313183150807902 
+12.160467062667970950 
+12.150045176648243128 
+12.139614525282668822 
+12.128740632240369024 
+12.117858644700779891 
+12.106969284675706433 
+12.096509232771671449 
+12.086043689236927179 
+12.075355111178344814 
+12.064880415165049499 
+12.054183821157657519 
+12.043484186053744267 
+12.033000613201828344 
+12.022296951049941782 
+12.011810729181888746 
+12.001105684494955739 
+11.990619401827343538 
+11.979697184418565570 
+11.968995074283167668 
+11.958295286462645279 
+11.947380225810780630 
+11.936687176392434040 
+11.925780386687522494 
+11.915096808400143402 
+11.904636781539505108 
+11.893965127499933843 
+11.883300490169572683 
+11.872860942787285765 
+11.862212157662131773 
+11.851789414008507606 
+11.841159082616197651 
+11.830539060079276581 
+11.819713615203539803 
+11.809116437354465035 
+11.798315677576876936 
+11.787744035887488536 
+11.776970703588988343 
+11.766212263222300294 
+11.755469411110102129 
+11.745171583857189290 
+11.734675335423686349 
+11.724409707916105816 
+11.713947606998912576 
+11.703503724893128179 
+11.693078710580090629 
+11.682673211914341493 
+11.672076144432962153 
+11.661712047395415226 
+11.651369415772748539 
+11.640838504500699457 
+11.630541202916699461 
+11.620267305604359720 
+11.610017451997951099 
+11.599792280266147060 
+11.589592427296118160 
+11.579625895638608668 
+11.569478036683229050 
+11.559357386383478428 
+11.549058894943840414 
+11.538790061315419067 
+11.528756022255162605 
+11.518751735619726873 
+11.508574598938189126 
+11.498632332875740047 
+11.488519781660167851 
+11.478642079532443532 
+11.468596702858549818 
+11.458786095820743256 
+11.449009630063356369 
+11.439267921059924404 
+11.429759313662479769 
+11.420285223596438939 
+11.410649956474932409 
+11.401051867421809760 
+11.391686290551390925 
+11.382163589185557484 
+11.372873022979211655 
+11.363428077452230269 
+11.354214835361528202 
+11.345040708432595267 
+11.335716383295698861 
+11.326623014537741341 
+11.317194156700292496 
+11.307810206832360933 
+11.298471792341763020 
+11.289364927331735799 
+11.280118516154105990 
+11.270919498297429229 
+11.262133603838504925 
+11.253210878278844476 
+11.244516068523699559 
+11.235867152296076910 
+11.219776013752859711 
+11.211085182586842279 
+11.202268544187175436 
+11.193504582592998631 
+11.184967586683836061 
+11.176309696731358656 
+11.167706268668615266 
+11.159328321123185290 
+11.150834479564711188 
+11.142396865066015010 
+11.134016065415970331 
+11.125858567773317276 
+11.117591986527497028 
+11.109711147590241254 
+11.101722316240621780 
+11.093952085879941194 
+11.086077227854058691 
+11.078419679364998274 
+11.070818652555526995 
+11.063118092042540042 
+11.055477486471284365 
+11.047743301785150294 
+11.040225440846372251 
+11.032617599808746789 
+11.025224622955462905 
+11.017745298748311100 
+11.010479325893111735 
+11.003423338707268186 
+10.996283841119829816 
+10.989352728623790867 
+10.982341703482472184 
+10.975537412734801990 
+10.968656838039976265 
+10.961981297184152595 
+10.955370174868116706 
+10.948688249501177694 
+10.942208723521451574 
+10.935662098080511484 
+10.929053074708658500 
+10.922516488570529702 
+10.916052851561335757 
+10.909662672701509578 
+10.903346458118194917 
+10.897104711026376123 
+10.891183157252815050 
+10.885209959208349773 
+10.879309684244377721 
+10.873600974553989218 
+10.867846419376194333 
+10.862281335755607614 
+10.856560643814638922 
+10.851030329339440783 
+10.845465134032650667 
+10.839979179657232677 
+10.834680277423167638 
+10.829458370068611117 
+10.824209714644545954 
+10.819144698873447652 
+10.814157989101289559 
+10.809250013485488751 
+10.804323477131337228 
+10.799575870853843185 
+10.794908273785361885 
+10.790228326568872319 
+10.785814768537832720 
+10.781389683353356901 
+10.777134075882287334 
+10.772871026122768257 
+10.768690427834089363 
+10.764509916503156362 
+10.760416089391892314 
+10.756409362126705176 
+10.752567670918470100 
+10.748734613995319265 
+10.744989874932700857 
+10.741406103855208443 
+10.737837416058283679 
+10.734358232968888913 
+10.730968945786013791 
+10.727735034928945979 
+10.724524881706784640 
+10.721467256448761418 
+10.718557150072333783 
+10.715673653544918409 
+10.712934793423858792 
+10.710226789318150864 
+10.707607946046593383 
+10.705129323845241629 
+10.702687975481612881 
+10.700383864314717997 
+10.698121307620642284 
+10.695992964506114475 
+10.693952056097188574 
+10.691879726653706228 
+10.689906792543224512 
+10.688033602941402478 
+10.686226738941321912 
+10.684587832831699217 
+10.682986117364542622 
+10.681572990387495636 
+10.680253485119392209 
+10.679003856278230344 
+10.677874377201927558 
+10.676819238828024083 
+10.675862766568883444 
+10.675021428128617984 
+10.674261163352371184 
+10.673612651679341923 
+10.673049695413928006 
+10.672595073810690280 
+10.672230494960295744 
+10.671962250631432667 
+10.671798932640083279 
+10.671740812479526994 
+10.671788157050459134 
+10.671941228640260846 
+10.672200284901506961 
+10.672549249105131253 
+10.672986390806910251 
+10.673530136937600332 
+10.674158496899885051 
+10.674897857214951102 
+10.675718235375315501 
+10.676654010757854252 
+10.677689300559828567 
+10.678824296978985942 
+10.680032986481739599 
+10.681365911995735374 
+10.682768840424801127 
+10.684300399883420951 
+10.685898241853255541 
+10.687629107677356188 
+10.689460899301350238 
+10.691393775736059979 
+10.693470459509143211 
+10.695608036274879993 
+10.697847152212695221 
+10.700187949115179009 
+10.702681474848780852 
+10.705175131336087446 
+10.707766744127296121 
+10.710570630450297003 
+10.713421807054475110 
+10.716436769258180561 
+10.719558513670898847 
+10.722787153520242143 
+10.726055035005877869 
+10.729355960911849621 
+10.732827561277293427 
+10.736402205321599723 
+10.740003889132555770 
+10.743782761053047636 
+10.747664913605090575 
+10.751568046886749386 
+10.755654856209599046 
+10.759845142426270215 
+10.764050297976510251 
+10.768445588858595485 
+10.772851660821327613 
+10.777357218335161804 
+10.782059294968375340 
+10.786766001293926820 
+10.791673478429519406 
+10.800957635173038085 
+10.806052404078148044 
+10.811465413888845077 
+10.816875068608389654 
+10.822502171418186379 
+10.828121634141155027 
+10.833962813287250526 
+10.839792047600528946 
+10.845847245359539812 
+10.851886174466363499 
+10.858028850992310410 
+10.864403798198168261 
+10.870755978780591633 
+10.877211789713564727 
+10.883906125501273010 
+10.890571157910184041 
+10.897478867458403329 
+10.904352880581010155 
+10.911473696919074428 
+10.918556408184048934 
+10.925890021534499397 
+10.933181106277594097 
+10.940575192226308587 
+10.948226254941166857 
+10.955828149889327960 
+10.963691048200219669 
+10.971339923630491597 
+10.979087130666055572 
+10.987097045288871655 
+10.995042611296975466 
+11.003086149900257240 
+11.011398184090570140 
+11.019639311252490188 
+11.028152766789876438 
+11.036944618297068743 
+11.045842011974208674 
+11.054844773990719631 
+11.063952724655704785 
+11.073165678402014933 
+11.082483443764790110 
+11.091716351857552780 
+11.101241056190536582 
+11.110676368378676671 
+11.120407191714024364 
+11.130044081713975856 
+11.139580729323791175 
+11.149414279471635325 
+11.159550576165896629 
+11.169583933335362147 
+11.179923629240619221 
+11.190365672470212743 
+11.200697918925380137 
+11.211341828489597816 
+11.221871381510284849 
+11.232716079188840297 
+11.243441858620679241 
+11.254486218163766154 
+11.265183259656341264 
+11.275972555610469072 
+11.287081499498464510 
+11.298056378923718057 
+11.309122663296342637 
+11.320280060615967699 
+11.331763574805767902 
+11.343104182871378782 
+11.354774087703757957 
+11.366537654145906444 
+11.378394542434268288 
+11.390099605019001316 
+11.402386895791856603 
+11.414521651579084605 
+11.426748310613904280 
+11.439066503276196229 
+11.451730052475916466 
+11.464232027981307027 
+11.476824384068311957 
+11.489506726797600322 
+11.502278656138038571 
+11.515403163274184450 
+11.528354848550527834 
+11.541394875018969657 
+11.554522817983858829 
+11.568008857070534390 
+11.581313106119134559 
+11.594703951329883296 
+11.608180943066225055 
+11.622021303888519839 
+11.635670949259772300 
+11.649686517992185131 
+11.663506904306874645 
+11.677695702719214310 
+11.691971222135991937 
+11.706332937501080949 
+11.720490533233274277 
+11.735021340513954513 
+11.749636738057917640 
+11.764631015272778214 
+11.779415592225618070 
+11.794283069138334241 
+11.809232872227450883 
+11.824264420672816911 
+11.839074080973013281 
+11.854265744053398279 
+11.869231167211546918 
+11.884580585210009929 
+11.899699431651118431 
+11.915204189569536197 
+11.930474065401094563 
+11.945503919264417902 
+11.960919398946167291 
+11.976090714928083969 
+11.991649396267973771 
+12.006959795816937842 
+12.022659224731770067 
+12.038106278336730526 
+12.053620040247841061 
+12.069850482678667447 
+12.086151941469386983 
+12.101867496762698906 
+12.117976636946821145 
+12.133821195599779230 
+12.150060687370860535 
+12.166031612378406024 
+12.182398737155512691 
+12.198829285854330351 
+12.215322544183351283 
+12.231877790916028559 
+12.248494297871619807 
+12.265512302507385556 
+12.282250329753907181 
+12.299047375431937823 
+12.316247270410253023 
+12.333161242435622285 
+12.350131927039285529 
+12.367506605555334431 
+12.384589492657580578 
+12.402077021563863823 
+12.419620284222407491 
+12.437923478612335160 
+12.455577772887425070 
+12.473639855643732233 
+12.491756254195585996 
+12.509926025600741184 
+12.527790422749131238 
+12.545704301268260750 
+12.563307029800903081 
+12.581316182147876503 
+12.599372073684243389 
+12.617111291772806325 
+12.634893610974989642 
+12.653082334550816768 
+12.671314044215467476 
+12.689221892349472398 
+12.707169176940144695 
+12.725154972411537813 
+12.742810152371184529 
+12.760869424847133047 
+12.778594770201989306 
+12.796353483899105541 
+12.814515649324633273 
+12.832710674962019226 
+12.851309886054490761 
+12.869568312141375088 
+12.887856622740116563 
+12.906173817409563043 
+12.924518888098599945 
+12.943266029011304852 
+12.961664313632001111 
+12.980463614967124641 
+12.999287619317431819 
+13.018135214520606624 
+13.036627665820148536 
+13.055518657059879573 
+13.074429875236065257 
+13.092602610889342074 
+13.111171023695018079 
+13.129755604759232313 
+13.147975524612689924 
+13.166208859798933517 
+13.184834803040772044 
+13.203472507453847484 
+13.222120840395554353 
+13.240397802184233456 
+13.259444821754399868 
+13.278118165299083842 
+13.296797527591481369 
+13.315863088880309562 
+13.334551026153746989 
+13.353241416857397184 
+13.371933064476078101 
+13.406263917685251386 
+13.424571178149349748 
+13.443256482693477949 
+13.461555984282849607 
+13.480230939769050735 
+13.498517909132271342 
+13.517177611189291397 
+13.535447213048577453 
+13.554086693957536625 
+13.572334030852093889 
+13.590948259281917743 
+13.609168371308545176 
+13.628131339413336320 
+13.646697565926958262 
+13.665623471566588520 
+13.684150663915618296 
+13.703033952897019532 
+13.721516633629272874 
+13.740351681599147327 
+13.759160205464798565 
+13.778316058738127481 
+13.797066535950653687 
+13.815786046854004354 
+13.834473102130644406 
+13.853126203281643569 
+13.871743842610163355 
+13.890324503199314776 
+13.908866658895529866 
+13.927368774289131892 
+13.945829304694896678 
+13.963878781161984222 
+13.981885355723241204 
+13.999847548500632399 
+14.018129022125085825 
+14.035996994852141029 
+14.053816063523735025 
+14.071584713483449747 
+14.089301421380781676 
+14.107324561735460122 
+14.125290385891389633 
+14.143197247213478818 
+14.161399784673889712 
+14.178827447287879693 
+14.195839894404906900 
+14.213144419348477498 
+14.230033190243409180 
+14.246858488763441741 
+14.263967271100355561 
+14.281006709539999733 
+14.297975174711160307 
+14.314871028325205415 
+14.332035136207124992 
+14.349120163624068169 
+14.366124341099489214 
+14.382708279768124271 
+14.399547115897849636 
+14.415965574341129241 
+14.432299562817441085 
+14.448878048863049273 
+14.465036143516130096 
+14.481431553961225944 
+14.497081597792174534 
+14.512642253429598682 
+14.528433173344094342 
+14.543808141494015018 
+14.559406036855344624 
+14.575218996705203267 
+14.590299553441738567 
+14.605591579311017369 
+14.620469177432362073 
+14.635550457864855645 
+14.650218108031999975 
+14.664779259665012390 
+14.679532114394579168 
+14.693872738422760094 
+14.708396822678324156 
+14.722509753223508966 
+14.736797715523231034 
+14.750675715495955131 
+14.764720131529628588 
+14.778355892369834379 
+14.791869057113377295 
+14.805535406159332723 
+14.818795272773169103 
+14.832199233837750185 
+14.845198314332716194 
+14.858598800712634613 
+14.871590457877871927 
+14.884440715831516400 
+14.897147576327856910 
+14.909454142028302215 
+14.921619280445497679 
+14.933890002793074103 
+14.945763515679173494 
+14.957732537532564265 
+14.969306570947093604 
+14.981202127056906903 
+14.992698554575369485 
+15.004033294281180488 
+15.015430510378312334 
+15.026432173992670727 
+15.037265793940228775 
+15.048145080919965721 
+15.058632693097584010 
+15.069154456282038979 
+15.079287309354144853 
+15.089442577330659745 
+15.099211838591932278 
+15.108991556771897535 
+15.118388311861799878 
+15.127783342188761750 
+15.136798594806302631 
+15.145443542339876331 
+15.154250331930313678 
+15.162682338416441752 
+15.170915434798722288 
+15.178947356984629380 
+15.186933461214440655 
+15.194551979969528333 
+15.201962424860745671 
+15.209017669257782757 
+15.216009406191556508 
+15.222922219059928040 
+15.229477220467662946 
+15.235812523200941371 
+15.242048203263170336 
+15.247932427228978014 
+15.253702884782789795 
+15.259126330346276745 
+15.264628382723540057 
+15.269866644106702580 
+15.274558702136852517 
+15.279011533113786570 
+15.283306106279352932 
+15.287268146985027784 
+15.290983560965536014 
+15.294381642591003967 
+15.297601539552729832 
+15.300509444711433815 
+15.303224061429475000 
+15.305632186459526167 
+15.307831678617114690 
+15.309767184903641635 
+15.311467429642444671 
+15.312861805441070118 
+15.314004545940782975 
+15.314847322227468140 
+15.315421831356584192 
+15.315702451906645365 
+15.315697913408135022 
+15.315405734510466829 
+15.314826084051222921 
+15.313976990024388058 
+15.312847014085980035 
+15.311401178814188384 
+15.309695943071844226 
+15.307657618888626416 
+15.305315990067052567 
+15.302611114616864185 
+15.299584729794478477 
+15.296233940079176250 
+15.292555838218394371 
+15.288547505206722121 
+15.284206010267332942 
+15.279528410834943841 
+15.274511752533548758 
+15.269263613916882250 
+15.263566856747967648 
+15.257646489402556966 
+15.251257912614820000 
+15.244653785001915480 
+15.237561575521391788 
+15.230262065483943346 
+15.222614048548807730 
+15.214447712097706855 
+15.206086768581531743 
+15.197368584248421186 
+15.188290245173320159 
+15.179045156965353058 
+15.169245221281622449 
+15.159287616878760474 
+15.148754535522684250 
+15.138073059122037378 
+15.126561082275667758 
+15.114652664209641486 
+15.102344614291771663 
+15.089633729688085140 
+15.076516795347099986 
+15.062990583975631509 
+15.049334694257968437 
+15.035279563178271189 
+15.020822118917632082 
+15.005651712221737881 
+14.990372011844035782 
+14.974680651107668439 
+14.958241474991559983 
+14.941367093778634256 
+14.924054170414475351 
+14.906299355419022845 
+14.888099286865241311 
+14.869450590361996234 
+14.851122628774501067 
+14.831980025879966334 
+14.812396963385317861 
+14.792370219064594039 
+14.772318877582875984 
+14.751404276052074493 
+14.730036323031200141 
+14.707761573188989246 
+14.685467680311244720 
+14.662710528395852094 
+14.639486813775580032 
+14.615304762533645189 
+14.591128272692989398 
+14.566475170591456134 
+14.540824164615393954 
+14.515197874865148009 
+14.488546804369116572 
+14.461933551564715827 
+14.434826675544954355 
+14.407222765970530531 
+14.379696984224707990 
+14.351099046946798055 
+14.322592921378912934 
+14.292377918728444541 
+14.261627521894782333 
+14.231600008435467686 
+14.200431048774804665 
+14.169389492730564584 
+14.137841154154088485 
+14.105109383455443961 
+14.072526784662549915 
+14.038732256759455908 
+14.004395567095571096 
+13.968795544893191973 
+13.933352540602298220 
+13.897356533839444026 
+13.860803911086913232 
+13.823691046678513672 
+13.786014302780779772 
+13.747770029378092005 
+13.708954564256115916 
+13.670373887856310802 
+13.630416847893144450 
+13.589044213050776477 
+13.547907114290715924 
+13.506180329130287987 
+13.463860121794116509 
+13.421824603032906253 
+13.378318596280630359 
+13.335114248845766127 
+13.290407658909877853 
+13.246019953737983244 
+13.200097900813235086 
+13.153556163737293971 
+13.107359722620433473 
+13.059579944511796157 
+13.011169021581942218 
+12.962123082608536961 
+12.912438243866148468 
+12.861076794124404188 
+12.810089215701930598 
+12.757390285474702551 
+12.705083959157811080 
+12.652118964876532203 
+12.598491342985626673 
+12.544197121212798507 
+12.488103573531070367 
+12.432450375873257187 
+12.376118503597895781 
+12.319103933490337610 
+12.262587098410175912 
+12.204209150268509276 
+12.145136441307473163 
+12.085364897611354351 
+12.026131658546239223 
+11.964964642553372443 
+11.904356529746145554 
+11.841777927201638576 
+11.779779106499439933 
+11.715772703529507837 
+11.651038844856362431 
+11.584229676867625614 
+11.516654259390840309 
+11.448308127755270291 
+11.380576855664745750 
+11.310691483342992569 
+11.240022008791925145 
+11.170000831096697169 
+11.099217992029061008 
+11.027669210567841773 
+10.953866244177783429 
+10.880756830676212132 
+10.806868465008450997 
+10.732196813554907067 
+10.656737529570724732 
+10.578921827542421497 
+10.501857887691036453 
+10.423993106494499727 
+10.345323084262821212 
+10.264212912489270479 
+10.183902496193661946 
+10.102773469714250609 
+10.020821380136908374 
+9.936343733397782430 
+9.852715079242726048 
+9.766517308644239392 
+9.681193748923005771 
+9.593257083068513325 
+9.506220166760961376 
+9.418328365363631605 
+9.329577118412823111 
+9.238123940442966031 
+9.147622292780996034 
+9.054373423243033514 
+8.962102593154803287 
