2
51
101
150
199
249
297
345
394
442
491
540
588
638
687
736
784
833
881
929
978
1026
1075
1124
1172
1221
1270
1320
1369
1419
1469
1519
1568
1618
1667
1716
1766
1815
1864
1913
1963
2012
2061
2110
2160
2209
2259
2308
2357
2407
2456
2505
2554
2602
2650
2699
2747
2796
2845
2895
2944
2994
3043
3092
3142
3191
3240
3290
3339
3388
3437
3487
3536
3585
3635
3684
3734
3784
3834
3883
3932
3981
4030
4079
4127
4176
4225
4274
4324
4373
4423
4472
4522
4571
4619
4668
4717
4767
4817
4866
4916
4966
5016
5064
5113
5161
5210
5260
5309
5358
5407
5457
5506
5555
5604
5654
5703
5752
5801
5850
5899
5948
5998
6047
6096
6146
6196
6245
6295
6345
6393
6441
6490
6539
6587
6635
6685
6734
6783
6832
6881
6931
6979
7027
7076
7125
7173
7222
7271
7320
7368
7417
7466
7515
7564
7613
7663
7712
7761
7810
7860
7909
7959
8008
8057
8105
8154
8203
8252
8301
8349
8398
8448
8497
8547
8596
8644
8693
8741
8790
8838
8886
8936
8985
9034
9084
9133
9182
9232
9281
9330
9380
9429
9478
9528
9577
9627
9675
9724
9772
9820
9869
9917
9968
10019
10070
10120
10170
10219
10268
10317
10366
10415
10464
10512
10561
10611
10660
10710
10760
10809
10859
10908
10956
11005
11053
11102
11150
11199
11248
11296
11344
11393
11441
11489
11538
11586
11635
11683
11732
11780
11829
11877
11927
11976
12025
12075
12124
12174
12223
12273
12322
12372
12421
12470
12519
12569
12618
12666
12715
12764
12812
12861
12909
12958
13006
13055
13104
13152
13201
13249
13298
13346
13395
13443
13492
13540
13590
13639
13688
13738
13787
13837
13887
13937
13987
14036
14086
14135
14185
14234
14283
14333
14382
14431
14480
14529
14579
14627
14677
14727
14776
14826
14876
14926
14975
15024
15073
15123
15172
15221
15270
15320
15369
15418
15467
15517
15566
15615
15663
15713
15762
15812
15861
15910
15960
16008
16057
16105
16153
16202
16250
16299
16347
16396
16446
16495
16545
16594
16644
16693
16742
16790
16838
16887
16935
16984
17032
17081
17129
17178
17226
17275
17323
17371
17421
17470
17519
17568
17618
17667
17716
17765
17815
17864
17913
17963
18012
18061
18110
18159
18209
18258
18307
18357
18406
18455
18504
18553
18603
18652
18702
18751
18800
18849
18898
18947
18996
19046
19095
19143
19192
19240
19289
19337
19386
19434
19483
19532
19581
19629
19677
19726
19775
19824
19872
19921
19969
20018
20067
20116
20166
20215
20264
20313
20362
20410
20459
20508
20556
20604
20653
20701
20750
20798
20848
20898
20947
20997
21046
21096
21144
21192
21242
21292
21342
21392
21442
21492
21540
21588
21637
21685
21734
21782
21830
21880
21929
21978
22028
22077
22126
22174
22223
22271
22319
22368
22416
22465
22513
22561
22611
22661
22711
22761
22810
22860
22910
22958
23006
23055
23103
23152
23200
23250
23300
23349
23398
23447
23495
23544
23593
23641
23691
23740
23789
23839
23888
23937
23986
24036
24085
24134
24183
24233
24282
24331
24380
24429
24478
24528
24577
24626
24674
24723
24771
24820
24868
24916
24965
25013
25063
25113
25162
25212
25262
25311
25360
25410
25459
25508
25557
25607
25656
25705
25754
25804
25853
25903
25952
26002
26051
26101
26150
26200
26249
26298
26348
26397
26446
26495
26545
26595
26644
26694
26743
26793
26842
26891
26941
26989
27038
27086
27135
27183
27232
27280
27329
27378
27426
27475
27523
27572
28595
28699
28748
28798
28847
28896
28945
28993
29042
29090
29138
29187
29235
29283
29332
29380
29429
29477
29526
29574
29623
29673
29723
29773
29823
29873
29921
29969
30018
30067
30116
30166
30215
30264
30313
30362
30410
30460
30510
30560
30610
30660
30709
30758
30807
30857
30906
30955
31004
31053
31102
31150
31199
31247
31295
31344
31392
31441
31489
31538
31586
31635
31684
31733
31783
31832
31881
31931
31980
32029
32079
32129
32179
32228
32278
32328
32378
32427
32476
32526
32575
32625
32674
32724
32773
32822
32872
32921
32971
33021
33071
33120
33170
33219
33267
33316
33365
33414
33463
33512
33561
33612
33662
33712
33763
33813
33862
33911
33961
34010
34060
34109
34159
34208
34258
34307
34355
34403
34452
34500
34549
34597
34646
34695
34744
34792
34841
34890
34939
34988
35037
35086
35135
35185
35234
35283
35333
35382
35431
35480
35529
35578
35626
35675
35724
35773
35821
35870
35918
35967
36015
36065
36114
36163
36212
36261
36311
36360
36408
36457
36505
36553
36602
36650
36699
36749
36798
36848
36897
36947
36995
37044
37092
37141
37190
37239
37288
37338
37387
37436
37485
37535
37584
37633
37682
37732
37781
37830
37880
37929
37978
38028
38077
38127
38176
38226
38275
38324
38374
38423
38472
38521
38570
38619
38667
38716
38765
38815
38865
38915
38964
39014
39062
39111
39159
39207
39255
39304
39353
39403
39452
39502
39552
39602
39651
39700
39748
39797
39846
39895
39943
39992
40041
40090
40138
40187
40237
40286
40335
40384
40433
40483
40532
40580
40629
40677
40726
40775
40824
40873
40922
40970
41019
41068
41117
41165
41214
41263
41312
41361
41409
41458
41508
41558
41606
41656
41705
41754
41803
41852
41902
41951
41999
42048
42097
42145
42194
42243
42291
42340
42390
42439
42489
42539
42589
42638
42688
42738
42787
42837
42887
42936
42985
43035
43083
43132
43180
43228
43277
43325
43374
43422
43471
43521
43570
43619
43668
43718
43768
43818
43867
43917
43967
44017
44066
44115
44165
44214
44263
44312
44361
44411
44459
44508
44558
44607
44657
44706
44755
44803
44852
44900
44949
44997
45046
45094
45143
45192
45242
45291
45340
45389
45439
45488
45537
45586
45635
45683
45731
45781
45830
45879
45928
45977
46027
46076
46125
46174
46223
46272
46322
46371
46420
46470
46519
46568
46616
46665
46713
46761
46810
46860
46908
46957
47005
47053
47102
47150
47200
47250
47300
47350
47400
47450
47499
47547
47596
47645
47694
47744
47793
47842
47891
47940
47989
48038
48087
48136
48186
48235
48283
48332
48381
48429
48479
48528
48577
48626
48675
48724
48814
48862
48911
48959
49008
49056
49105
49153
49202
49251
49301
49350
49400
49450
49499
49549
49598
49647
49697
49746
49795
49844
49894
49943
49992
50042
50091
50140
50189
50238
50286
50335
50383
50432
50480
50529
50578
50627
50675
50724
50772
50821
50869
50918
50967
51016
51065
51114
51164
51213
51262
51312
51361
51411
51460
51509
51558
51608
51656
51704
51753
51801
51850
51898
51946
51996
52045
52095
52145
52194
52244
52292
52341
52389
52438
52486
52535
52584
52632
52681
52729
52778
52826
52876
52926
52975
53025
53074
53124
53174
53223
53273
53322
53372
53421
53470
53519
53568
53618
53667
53717
53766
53816
53865
53915
53963
54013
54062
54111
54161
54210
54259
54308
54356
54404
54454
54503
54552
54601
54650
54700
54749
54798
54847
54897
54946
54995
55044
55093
55143
55192
55241
55291
55340
55389
55438
55488
55537
55587
55636
55685
55735
55784
55833
55883
55932
55981
56031
56080
56129
56178
56226
56275
56324
56373
56422
56470
56519
56569
56618
56668
56717
56767
56816
56865
56914
56962
57011
57059
57107
57156
57204
57253
57301
57349
57398
57446
57495
57543
57591
57641
57689
57738
57786
57835
57883
57932
57981
58031
58080
58130
58180
58229
58278
58326
58374
58424
58473
58522
58571
58621
58669
58718
58767
58817
58866
58916
58965
59015
59065
59115
59164
59213
59262
59312
59361
59410
59459
59507
59556
59604
59653
59702
59750
59800
59849
59897
59946
59994
60043
60091
60140
60188
60236
60285
60333
60381
60430
60478
60527
60577
60627
60676
60724
60773
60821
60869
60918
60967
61017
61066
61116
61165
61215
61263
61312
61360
61409
61457
61505
61554
61603
61651
61700
61748
61796
61845
61893
61941
61990
62038
62087
62135
62183
62232
62280
62329
62377
62426
62475
62524
62574
62622
62672
62721
62770
62818
62867
62915
62964
63012
63061
63110
63158
63207
63256
63305
63353
63402
63450
63499
63547
63596
63644
63693
63743
63792
63841
63890
63940
63989
64038
64087
64136
64186
64236
64286
64336
64386
64434
64483
64531
64580
64629
64677
64726
64775
64823
64872
64920
64969
65017
65066
65114
65163
65212
65260
65309
65357
65405
65454
65502
65551
65599
65648
65697
65746
65795
65845
65894
65943
65992
66040
66089
66137
66187
66237
66287
66337
66387
66436
66486
66536
66585
66635
66684
66734
66783
66832
66880
66929
66977
67026
67074
67124
67174
67224
67273
67323
67373
67421
67470
67518
67567
67617
67666
67716
67765
67813
67863
67913
67963
68013
68062
68112
68162
68212
68262
68312
68362
68412
68460
68510
68559
68608
68657
68707
68756
68805
68853
68902
68950
68999
69047
69096
69146
69195
69243
69292
69340
69389
69438
69487
69537
69586
69635
69684
69734
69783
69833
69882
69932
69982
70031
70081
70131
70180
70230
70279
70329
70378
70469
70518
70568
70617
70667
70716
70765
70815
70864
70914
70964
71014
71064
71114
71162
71211
71259
71308
71356
71405
71453
71502
71550
71598
71647
71696
71744
71792
71841
71890
71939
71987
72036
72084
72133
72181
72230
72279
72327
72376
72424
72473
72521
72570
72619
72667
72716
72764
72813
72862
72911
72959
73008
73058
73107
73156
73206
73255
73304
73352
73400
73449
73498
73546
73596
73645
73694
73744
73793
73842
73891
73941
73990
74039
74089
74138
74187
74236
74286
74335
74384
74434
74483
74533
74582
74632
74680
74728
74777
74825
74874
74922
74970
75019
75067
75116
75165
75213
75262
75311
75360
75408
75457
75507
75557
75607
75656
75706
75756
75806
75857
75907
75955
76004
76052
76101
76149
76198
76246
76295
76345
76394
76443
76493
76542
76592
76642
76691
76741
76790
76840
76889
76939
76988
77037
77086
77136
77185
77234
77284
77333
77382
77431
77481
77531
77581
77630
77680
77729
77780
77830
77880
77931
77981
78031
78082
78132
78182
78233
78283
78333
78383
78432
78481
78530
78580
78629
78679
78728
78778
78827
78876
78926
78975
79024
79074
79123
79173
79223
79272
79322
79372
79422
79472
79522
79570
79619
79668
79717
79766
79815
79864
79913
79963
80012
80062
80111
80161
80210
80259
80307
80356
80404
80452
80502
80551
80601
80650
80700
80749
80798
80846
80894
80943
80991
81040
81088
81137
81186
81236
81285
81335
81384
81433
81483
81531
81580
81629
81677
81725
81774
81823
81872
81920
81969
82017
82066
82114
82163
82211
82259
82308
82356
82404
82453
82502
82552
82602
82652
82702
82752
82802
82851
82900
82950
82999
83048
83097
83147
83195
83244
83292
83340
83389
83437
83488
83539
83590
83639
83689
83739
83789
83838
83888
83937
83985
84034
84082
84130
84179
84228
84278
84328
84376
84425
84473
84522
84570
84619
84668
84718
84767
84817
84866
84915
84964
85013
85061
85109
85158
85207
85255
85303
85352
85400
85448
85497
85545
85595
85645
85694
85744
85794
85844
85893
85942
85991
86041
86090
86139
86188
86238
86287
86336
86386
