+4.544040313025258016 
+4.513820423306869500 
+4.484346260305307474 
+4.454999594479829739 
+4.425172876285534684 
+4.396083353582556086 
+4.367120825662188288 
+4.337685729728408823 
+4.308382624379759385 
+4.278617371010394521 
+4.249580399263793495 
+4.220086341087140092 
+4.190728968954938516 
+4.162091175022231582 
+4.133003883869331929 
+4.104630406102034001 
+4.076387482563022857 
+4.047702565847631107 
+4.019153211457932251 
+3.991306184026774950 
+3.963024683652975444 
+3.935439788665821226 
+3.907425398228840496 
+3.879545628727236739 
+3.851800290031193619 
+3.824740099536033000 
+3.797808654523509908 
+3.771551489318224260 
+3.744874379049804247 
+3.718325479850715709 
+3.692442534946847044 
+3.666146911685789433 
+3.639978964187859489 
+3.613938512597009822 
+3.587497861848230496 
+3.561714454841790278 
+3.536057999903126969 
+3.510008621563604159 
+3.484608111525784757 
+3.458819525735939315 
+3.433674223994911401 
+3.408145678709717963 
+3.383254847862758652 
+3.358489694200982534 
+3.333348492076864567 
+3.308337768424117975 
+3.283457330797285856 
+3.258706986648451043 
+3.234577680412477285 
+3.210084352896091175 
+3.186206552590696184 
+3.162936487617305836 
+3.139785442366167523 
+3.116274671106323613 
+3.093363623206481172 
+3.070097492785047955 
+3.047425743697171008 
+3.024403540667730095 
+3.001038234449295405 
+2.978264251848009359 
+2.955151851953029762 
+2.932166893639728933 
+2.909309182897352741 
+2.887485314919258084 
+2.865327381593949951 
+2.842842654122064161 
+2.820484408885373107 
+2.798252451401255669 
+2.776146587092737761 
+2.754166621288881345 
+2.732312359225181453 
+2.710583606043954763 
+2.688980166794734394 
+2.667501846434661594 
+2.646574294770775104 
+2.625343134036069337 
+2.604236510418752371 
+2.583254228512136041 
+2.563228037092667222 
+2.542488897757370303 
+2.522284617122396266 
+2.501790338160045035 
+2.481825644549007670 
+2.461575458151083584 
+2.441448258792517922 
+2.421443850361112204 
+2.401562036657337806 
+2.381802621394729425 
+2.362165408200277650 
+2.342650200614821099 
+2.323256802093439433 
+2.303985016005844155 
+2.284834645636772521 
+2.266184890543293751 
+2.248028443305706059 
+2.229608603047583681 
+2.211304629078666206 
+2.193486370420606235 
+2.175411217163432553 
+2.157451377154876671 
+2.139243684270288437 
+2.121516257215435353 
+2.103545333290009811 
+2.086049560288022686 
+2.068668163389106418 
+2.051049752157172446 
+2.033898873651927897 
+2.016861808820480384 
+1.999938371306555052 
+1.982786493402016958 
+1.966092060537008468 
+1.949173472347880853 
+1.932372411806469792 
+1.915688680528215393 
+1.899452265463767109 
+1.883000260553529426 
+1.866664993268537298 
+1.850446264922223083 
+1.834664785668709719 
+1.818676217963072439 
+1.802803596667480690 
+1.787360727239513114 
+1.772340622000276866 
+1.757117258990243513 
+1.742004501388476623 
+1.726697139839236783 
+1.711807277985413656 
+1.696726970265075352 
+1.682059238032952653 
+1.667501165141086261 
+1.653052563710790679 
+1.638421743235467076 
+1.624193745315785087 
+1.610074650997504353 
+1.596064272144984475 
+1.582162420559562133 
+1.568368907979907245 
+1.554683546082375578 
+1.541106146481365791 
+1.527636520729672043 
+1.514274480318841043 
+1.501019836679524211 
+1.487872401181834725 
+1.474566967194152145 
+1.461635560102329201 
+1.448550170094160539 
+1.435834020674481959 
+1.422967887934115883 
+1.410720301998948489 
+1.398322354708953164 
+1.386279903869375385 
+1.374090994738589533 
+1.362007400336805674 
+1.350272340372380864 
+1.338396667890946912 
+1.326625746014941321 
+1.314959385304176553 
+1.303162522726201811 
+1.291706839996496381 
+1.280355145911526105 
+1.268878781390499366 
+1.257736608060280759 
+1.246473645057404767 
+1.235540217838579924 
+1.224709822678911486 
+1.213764409491094654 
+1.203141601578391562 
+1.192407616390041447 
+1.181780112124763082 
+1.171468271047124698 
+1.161051002968445545 
+1.150944805125480475 
+1.140940102949233204 
+1.130835649451617630 
+1.120836476104001278 
+1.111139234027361589 
+1.101347918394242953 
+1.091853988041799006 
+1.082269736479228417 
+1.073166960429429384 
+1.063973481862342307 
+1.054879772505256774 
+1.046068201169236378 
+1.037171431465088389 
+1.028373862419166063 
+1.019675303125703980 
+1.011075562634068614 
+1.002401983459033641 
+0.994001314465617902 
+0.985698887256380107 
+0.977660968122739504 
+0.969552455835305693 
+0.961541615723601417 
+0.953788780517704549 
+0.945970727361072683 
+0.938249776395452262 
+0.930625736241909252 
+0.923098415480538392 
+0.915516977555253852 
+0.908184485211762205 
+0.900948133849044375 
+0.893807731886056445 
+0.886763087702567621 
+0.879954873560337081 
+0.873099225419796898 
+0.866475782277964957 
+0.859808378813093022 
+0.853235782280872712 
+0.846889060046651654 
+0.840374242592010656 
+0.833957541842366812 
+0.827764171382186387 
+0.821541139978624102 
+0.815537173581173391 
+0.809507011660934861 
+0.803691665316649928 
+0.798085238419276255 
+0.787813270313719283 
+0.782462595744358946 
+0.777091842907520647 
+0.771920042296306619 
+0.766731513152705713 
+0.761634748599165246 
+0.756730788960525480 
+0.751815113427155790 
+0.746990629159887121 
+0.742352837086123429 
+0.737708306622389731 
+0.733246426297441189 
+0.728690906145287975 
+0.724229339044366149 
+0.720034435681554452 
+0.715841067627154271 
+0.711737354126763755 
+0.707804133001108227 
+0.703798119929697652 
+0.699962213736178285 
+0.696139645386816941 
+0.692483121508267185 
+0.688843194739114484 
+0.685365265990176109 
+0.681907177443852319 
+0.678607056430892364 
+0.675394649898643173 
+0.672206901667538492 
+0.669171125381987864 
+0.666163210137307615 
+0.663303276210966963 
+0.660474389889412539 
+0.657789510247180242 
+0.655138848597025536 
+0.652577893682522170 
+0.650106440288813481 
+0.647724283178524374 
+0.645476206649566731 
+0.643270250602912874 
+0.641194456752061548 
+0.639163896902836814 
+0.637259596881483148 
+0.635439885752298039 
+0.633670033006815459 
+0.632020636131036539 
+0.630455244234628953 
+0.628944298946074287 
+0.627548041400296519 
+0.626261164762706990 
+0.625029859042108171 
+0.623904196624547325 
+0.622837084747649872 
+0.621871893979069057 
+0.620968217846163739 
+0.620162756042365704 
+0.619421757440959286 
+0.618775281809935684 
+0.618196202420199903 
+0.617698628949976847 
+0.617274718020953905 
+0.616941229204985397 
+0.616693008518866215 
+0.616519523129341884 
+0.616427668918084759 
+0.616413428300201183 
+0.616479342474794745 
+0.616629026087961662 
+0.616856294852975662 
+0.617163133552170340 
+0.617549348531341025 
+0.618035421079166536 
+0.618595024206454625 
+0.619236659204180473 
+0.619975422717051305 
+0.620765201645126385 
+0.621633171038631804 
+0.622579137189109844 
+0.623624608383137158 
+0.624727568744423145 
+0.625907940748020142 
+0.627165530662790349 
+0.628500144752845546 
+0.629941192893312962 
+0.631462033554250013 
+0.633029673717283359 
+0.634707896254884663 
+0.636429375202497205 
+0.638264172560786047 
+0.640138699367390096 
+0.642129264470002514 
+0.644156048192981334 
+0.646301573949194186 
+0.648479823634819930 
+0.650779502945582511 
+0.653108427634920830 
+0.655511636216290938 
+0.658091620117884357 
+0.660751647281660581 
+0.663491499238012317 
+0.666310957519343550 
+0.669209803660503866 
+0.672187819199220105 
+0.675184087691696799 
+0.678256035506325183 
+0.681403456791692896 
+0.684626145700631294 
+0.687923896390610246 
+0.691228318634542926 
+0.694674084394411029 
+0.698123166009632534 
+0.701643554153419391 
+0.705309090145139095 
+0.708972955533591076 
+0.712784493461498414 
+0.716591045414527894 
+0.720547778492279800 
+0.724496226390216158 
+0.728597347896135616 
+0.732771086267553606 
+0.737017235756750377 
+0.741335590626093222 
+0.745814485222452639 
+0.750278067461989995 
+0.754813233819218610 
+0.759326949527174833 
+0.764003245613166460 
+0.768750512887254267 
+0.773568545693384735 
+0.778457138388731984 
+0.783416085344082802 
+0.788242672845352210 
+0.793338917715097125 
+0.798504908265987190 
+0.803740438926589196 
+0.809045304141030819 
+0.814419298369396749 
+0.819862216088120821 
+0.825262946969226530 
+0.830617262789449917 
+0.836148069927380000 
+0.841629436210058479 
+0.847289561817809123 
+0.853014725205944124 
+0.858804733052654701 
+0.864659392054047959 
+0.870699977029177230 
+0.876684668011969759 
+0.882733426405187593 
+0.888846058980548470 
+0.895022372529476140 
+0.901390176448861435 
+0.907694562115440196 
+0.914192649584502970 
+0.920624318933846997 
+0.927251885516092944 
+0.933810050289027860 
+0.940430532337497738 
+0.947250163849250537 
+0.953995963254188339 
+0.960943067658664773 
+0.967954246814787034 
+0.974887170149246529 
+0.981881241078470524 
+0.989225518900771927 
+0.996343782345575857 
+1.003522606912585324 
+1.010910165639347991 
+1.018210760095898504 
+1.025722172322958592 
+1.033143749805378597 
+1.040778212723647567 
+1.048319986591264019 
+1.055920960641881123 
+1.063580942252474681 
+1.071457876339740878 
+1.079236489686829614 
+1.087073528969128233 
+1.095130534691280744 
+1.103085030862331894 
+1.110933277521016560 
+1.119002095789668694 
+1.126961962150938579 
+1.135144348609038900 
+1.143215096270270070 
+1.151510297255315507 
+1.159691188057184519 
+1.168098450157762258 
+1.176388746189583667 
+1.185081747753728099 
+1.193657398968152261 
+1.202465525709548011 
+1.211153607574521729 
+1.220076059519468181 
+1.228875788205182840 
+1.237730486531003482 
+1.246457590260629189 
+1.255420540091201520 
+1.264437887853694154 
+1.273509441746901061 
+1.282821807164865824 
+1.292190210409714268 
+1.301803500676050884 
+1.311284479160237382 
+1.321012172478641222 
+1.330412501266194258 
+1.340059137859088256 
+1.349566022038712454 
+1.367164148877778374 
+1.376819322310165017 
+1.386725046116178195 
+1.396484896791636565 
+1.406296268578157704 
+1.416360783025073733 
+1.426275665133068582 
+1.436241490979731861 
+1.446258069495057974 
+1.456531186618002405 
+1.466649723421026952 
+1.476610411013664859 
+1.486828090387032564 
+1.496885530876633563 
+1.507201604932844496 
+1.517779153254189772 
+1.528194879941931372 
+1.538659641686672241 
+1.549388318512959550 
+1.559951569526549342 
+1.570563280007295059 
+1.581441311343456224 
+1.592150348608384114 
+1.602907270190085498 
+1.613711885765657161 
+1.624564005061799765 
+1.635463437855158908 
+1.646186125085385754 
+1.657178658484363520 
+1.667992181433416210 
+1.679077070585660358 
+1.690208330632857692 
+1.701385771656692025 
+1.712609203791267465 
+1.724108897146598096 
+1.735424670988657159 
+1.746785862790834365 
+1.758192282901573034 
+1.769409589533010863 
+1.780904984128470758 
+1.792209085680443792 
+1.803792712194468795 
+1.815420627307951396 
+1.827092641697569686 
+1.838808566096321595 
+1.850568211293879717 
+1.862612721236660995 
+1.874460123202589479 
+1.886350674822578011 
+1.898528174180733608 
+1.910505329156829024 
+1.922770805889333356 
+1.934833793284274073 
+1.947186460969440702 
+1.959582865758526804 
+1.972272048775700171 
+1.984756191310831586 
+1.997283465930891122 
+2.009601848863772577 
+2.022213934433831461 
+2.034615047697082346 
+2.047311159857451379 
+2.059794235035971255 
+2.072573589953762951 
+2.085137859151660500 
+2.097999673526809161 
+2.110644369373325890 
+2.123587860444633435 
+2.136312216100046957 
+2.149336601651196332 
+2.162139850812731190 
+2.175244349178339309 
+2.187862456504162001 
+2.200781438049228544 
+2.213473809221857103 
+2.226468234668457225 
+2.239234150582401384 
+2.252036193961624910 
+2.265409882964595223 
+2.278553754102405016 
+2.291734712535002050 
+2.304952571346954304 
+2.318207143692722738 
+2.331769868736727425 
+2.345098047585047141 
+2.358462376045328490 
+2.371862667556603022 
+2.385573312310392602 
+2.399045694916718041 
+2.412553477520360534 
+2.426096473850653634 
+2.439951963650591082 
+2.453565538026524884 
+2.466934883593307148 
+2.480616873590758775 
+2.494333147065070477 
+2.507802558761448530 
+2.521586151561090450 
+2.535121152256784249 
+2.549254341592257500 
+2.563138567696919168 
+2.577055967237213530 
+2.591006354841485670 
+2.604703847314027598 
+2.618718991427557707 
+2.632766571733146765 
+2.646846403169052397 
+2.660958300752291450 
+2.675102079578989489 
+2.689567178975805106 
+2.703774807068380248 
+2.718304674100159524 
+2.732866959805582141 
+2.747461468157870179 
+2.762088003218338805 
+2.777039859785289444 
+2.791730491506237755 
+2.806452558739347403 
+2.820910494874027563 
+2.835398249843835039 
+2.849915639737278461 
+2.864759660398430441 
+2.879336364120528735 
+2.893942147788725716 
+2.908576827830567701 
+2.923240220758814623 
+2.938232274095819996 
+2.952953119262919923 
+2.967702123631084543 
+2.982780965100540360 
+2.997586303833492671 
+3.012722248200035757 
+3.027279617340690177 
+3.042167226448612372 
+3.056777243273464784 
+3.071718238996436590 
+3.086380202490096814 
+3.101373869553948559 
+3.116087079379652458 
+3.131132703205718570 
+3.146204301793676272 
+3.161610070377696147 
+3.176733593121598531 
+3.191882540958158820 
+3.207366671023704097 
+3.222566433305281031 
+3.237791071849192015 
+3.253040405134626667 
+3.268626216858179667 
+3.284549839906585333 
+3.300186622692060645 
+3.315848348014824865 
+3.331534823521324906 
+3.347245856961225119 
+3.362981256187776324 
+3.378425402037755987 
+3.394208479057938987 
+3.409698980530112777 
+3.425212153118505132 
+3.441065103735145847 
+3.456623531017008588 
+3.472522284571853746 
+3.488125231121023795 
+3.503749940629123927 
+3.519715768796893407 
+3.535383899665712981 
+3.551393661062921314 
+3.567104479906266334 
+3.582836156070349443 
+3.598910200860952369 
+3.614683470170134250 
+3.630477055376246209 
+3.646290777428657037 
+3.662447800258490815 
+3.678301661054059757 
+3.694175118512859513 
+3.710067993997934188 
+3.725980108976091110 
+3.742236608279343901 
+3.758838487465939959 
+3.775134499930895782 
+3.791449787562731544 
+3.807784161240363563 
+3.824137431957555844 
+3.840509410823341074 
+3.856899909062382115 
+3.873308738015394326 
+3.889735709139517716 
+3.906180634008709962 
+3.922643324314160296 
+3.938793815473284887 
+3.954961010804063815 
+3.971475184301952677 
+3.987675589213814931 
+4.003892164306884105 
+4.020456175213560357 
+4.036704882023080643 
+4.052969226029314420 
+4.069249030994509297 
+4.085876831561849443 
+4.101854319409575567 
+4.118179450943832087 
+4.134852959146034124 
+4.151207725013662753 
+4.167576893189971265 
+4.184294790134706510 
+4.200692521645311039 
+4.217104125894442390 
+4.233529427781944854 
+4.250303878113884437 
+4.266756321022770138 
+4.283221933397284964 
+4.300036972791477119 
+4.316528660132726181 
+4.333032989828086379 
+4.349886993702068771 
+4.366416334463493421 
+4.383295497234364291 
+4.399849138610701260 
+4.416414545024859528 
+4.433329968345457672 
+4.449918615112665954 
+4.466518502686365188 
+4.483468570851085744 
+4.500429978822587884 
+4.517062983293129719 
+4.533706528951031878 
+4.550700425507596236 
+4.567364741442380804 
+4.584379472591038507 
+4.601063854301327360 
+4.617757907229895764 
+4.634802445678055882 
+4.651515513080913600 
+4.668237731925375833 
+4.684968930373094587 
+4.701708936710653930 
+4.718115685120532810 
+4.734872621560124450 
+4.751295625570552517 
+4.767726430437051022 
+4.784507423024381367 
+4.801296206326898464 
+4.818092609507640844 
+4.834896461857344896 
+4.852050751691237451 
+4.869212439128419057 
+4.886381343206868344 
+4.903557283104583497 
+4.920740078139990814 
+4.937929547772312411 
+4.955125511601973898 
+4.972327789371005835 
+4.989536200963421209 
+5.006406221912420129 
+5.023626247654582322 
+5.040851871320358057 
+5.057393569899137020 
+5.074284873048388711 
+5.090836178455210081 
+5.108081919782837765 
+5.124987326321465808 
+5.141897097166696184 
+5.159156289642831794 
+5.176074365129740507 
+5.192996297339806944 
+5.209921918493868098 
+5.226505534152310339 
+5.243437963629764553 
+5.260027927279473658 
+5.276966509182002163 
+5.293907949996748741 
+5.311197908247183186 
+5.328144615930339612 
+5.345439601241251282 
+5.362390895379363975 
+5.379690214035324658 
+5.396645415361083664 
+5.413602299598370138 
+5.430906805217381006 
+5.447866583322321432 
+5.464827543437269064 
+5.481789520006773664 
+5.499098535474450600 
+5.516062061129050065 
+5.533026104054626693 
+5.550336713926527388 
+5.567301298695762846 
+5.584612118313597051 
+5.601576572636318474 
+5.618886916594776793 
+5.636196760209100987 
+5.653159753476664662 
+5.670468092153692297 
+5.687775411347807619 
+5.705081537165747285 
+5.722386295872856188 
+5.739689513893521777 
+5.756991017811525779 
+5.774290634370457198 
+5.791588190474110220 
+5.808537629737615227 
+5.825484761436356962 
+5.842083639442680720 
+5.859025724103663180 
+5.875619346658538689 
+5.892555748768603330 
+5.909143493898078248 
+5.926073579108254386 
+5.943345637560222272 
+5.960613951201844785 
+5.977533100224801998 
+5.994448327057883219 
+6.011704552477301178 
+6.028611363912589560 
+6.045513767453458698 
+6.062066795544605924 
+6.078960000058326152 
+6.095848318908291930 
+6.112387086950285209 
+6.129265262340454434 
+6.145793787191188073 
+6.162661193161389050 
+6.179178862226458513 
+6.195690933147652402 
+6.212884892878399512 
+6.229728759829251672 
+6.246566316076161307 
+6.263397402975703798 
+6.280565148228318684 
+6.297382680994925153 
+6.314193266207327682 
+6.331339598923217515 
+6.348478365389958356 
+6.365266854293682997 
+6.382390145495515199 
+6.399505371709438784 
+6.416270307788913385 
+6.433027180821250468 
+6.450117556497072080 
+6.466857660408019903 
+6.483589227957953227 
+6.500653294320192899 
+6.517026128623020220 
+6.534071973406483380 
+6.550767644778430210 
+6.567794436008819403 
+6.584811357887017991 
+6.601478206973343532 
+6.618475100641614262 
+6.635461633501406276 
+6.652098225054255742 
+6.668724553326559779 
+6.685340463769616548 
+6.701945802001709751 
+6.718878966587945811 
+6.735462474269394484 
+6.751696842127178577 
+6.768596223457533867 
+6.785483792278972359 
+6.802021992186832122 
+6.818885691682689654 
+6.835737093621210292 
+6.852239379918657391 
+6.869065953755692178 
+6.885879746625603204 
+6.902680596679340752 
+6.919132716811083661 
+6.935236730137921413 
+6.951663487974888866 
+6.967742365380561687 
+6.984477738545999514 
+7.000864928518470975 
+7.017238626730470941 
+7.033598682235759014 
+7.050278396768206335 
+7.066610428579780390 
+7.082595485668115032 
+7.098899464378893853 
+7.114856752665417616 
+7.131464087465188229 
+7.147724432229157543 
+7.164301318251999007 
+7.180531518180901074 
+7.197077333283807832 
+7.213276779410142225 
+7.229790902946828801 
+7.246618576135184675 
+7.262770268536604235 
+7.279235195315139961 
+7.295354608778913175 
+7.311457822332210199 
+7.327544688245712479 
+7.343615058971048271 
+7.359996239926392292 
+7.376032834176539765 
+7.392052488684132783 
+7.408055056631662971 
+7.424366442240820874 
+7.440334041136516419 
+7.456609439225285740 
+7.472541472010082231 
+7.488131080294969877 
+7.504027687849340822 
+7.519582314365443665 
+7.535442926398976837 
+7.550962013198031286 
+7.567108806528687559 
+7.582913784861709416 
+7.598377952179603767 
+7.614145506816486275 
+7.629572737170120078 
+7.645302302899278146 
+7.660692043324963230 
+7.676383056391812509 
+7.691734755355819075 
+7.707705872487401244 
+7.723337389110708884 
+7.739267176984926166 
+7.754857899431680579 
+7.770428215468395905 
+7.785977982752132931 
+7.801823762620900382 
+7.817331579497561300 
+7.832818418849660347 
+7.848599545158291946 
+7.864043569579338921 
+7.879466189458151248 
+7.895181346118349097 
+7.910246651825453057 
+7.925604212916710800 
+7.940627055877829577 
+7.955940994659297161 
+7.970920836618299532 
+7.986190604376907309 
+8.001437850816831343 
+8.016972905402418803 
+8.032174224333116896 
+8.047662124330237532 
+8.062816948181662724 
+8.078257115267103217 
+8.093056790856357097 
+8.108141532990325473 
+8.122895505879846212 
+8.137933322880265052 
+8.152641063891081785 
+8.167631416327658656 
+8.182292397797061412 
+8.196930045831528844 
+8.211848443576977630 
+8.226438546134849261 
+8.241004927185851869 
+8.256152877989327621 
+8.270972623162405668 
+8.285767239953219843 
+8.300837744060281409 
+8.315581177555511516 
+8.330299073552074773 
+8.345290870046977005 
+8.359956758043143310 
+8.374895204548344907 
+8.389508534985978372 
+8.404393071590535058 
+8.418953296603831404 
+8.433783365126684473 
+8.447994153028306030 
+8.462474517464176671 
+8.476927995077293332 
+8.491060306352924414 
+8.505460167079045064 
+8.519539701059482439 
+8.534177908968626269 
+8.548203605608710731 
+8.562202744224761020 
+8.576466009227583953 
+8.590411100749177464 
+8.604329260778630584 
+8.618509475528570718 
+8.632661365626237426 
+8.646784800386459580 
+8.660879649335807784 
+8.674945782212931888 
+8.689269242942748050 
+8.703276961045041560 
+8.717255570923986951 
+8.731204943174493138 
+8.744841161258797513 
+8.758732274135795137 
+8.772311174453278682 
+8.786143523347771378 
+8.799664612404221486 
+8.813437694375849674 
+8.826900480314268549 
+8.840613794096773503 
+8.854575651927968138 
+8.868505739587446257 
+8.882126271985335109 
+8.895993056707871105 
+8.909827669708619169 
+8.923629976710060419 
+8.937124765110919355 
+8.950862711017183670 
+8.964294168731472112 
+8.977967229897657830 
+8.991334844660205050 
+9.004670671426435291 
+9.018245760657368493 
+9.031516982053748421 
+9.044756039104424161 
+9.057962807653133552 
+9.071405689819677320 
+9.084546844496077966 
+9.097655337019762811 
+9.110997553060672161 
+9.124039678842398970 
+9.137313917714848799 
+9.150553630508499126 
+9.163758687227598898 
+9.176928958120596391 
+9.190064313680561980 
+9.202902962698264133 
+9.215707833454636955 
+9.228478804744831621 
+9.240956158678267585 
+9.253659666294687725 
+9.266070701806388143 
+9.278706273429161655 
+9.291307347870734645 
+9.303873805284624154 
+9.316150124659746012 
+9.328647701935437908 
+9.340856317949235432 
+9.353284548114821462 
+9.365425004200222503 
+9.377783422071237496 
+9.389855263414858655 
+9.402143405599758808 
+9.414395872099902363 
+9.426363584052843692 
+9.438296838514050435 
+9.450443046351058030 
+9.462306332205631776 
+9.474380884993930607 
+9.486419067368503377 
+9.498176196070710731 
+9.509898203256195615 
+9.521828079271116962 
+9.533478779960184113 
+9.545094031227403519 
+9.556914589700500784 
+9.568697978869046494 
+9.580444084194343901 
+9.592391354380698232 
+9.604299563204053314 
+9.615931593970991287 
+9.627762104776310892 
+9.639317759915801531 
+9.651070100615998015 
+9.662315038345752782 
+9.673756436164516970 
+9.684927190766256189 
+9.696292640020857334 
+9.707388781019295365 
+9.718447841170403834 
+9.729698941951703262 
+9.740911180422198612 
+9.751856810119424068 
+9.762991790120072011 
+9.773861525798295702 
+9.784918814453083868 
+9.795712232994876700 
+9.806691399316443736 
+9.817630938532500906 
+9.828530741391119818 
+9.839169466105301964 
+9.850210702253926698 
+9.861429788019743015 
+9.872386642301027138 
+9.883301549956906129 
+9.894174396495660773 
+9.905005067693622323 
+9.915362727700848922 
+9.925895867613295565 
+9.936174461247038181 
+9.946626678626845575 
+9.956825797000391276 
+9.967196675408139583 
+9.977315911528190640 
+9.987605036460013963 
+9.998061410016710227 
+10.008266670437503620 
+10.018430263805717217 
+10.028758217722234747 
+10.038837307984330494 
+10.048874416269608645 
+10.058869438819762365 
+10.068822272129363427 
+10.078530980439744269 
+10.088399992007229145 
+10.098226507432984889 
+10.107811178934024809 
+10.117751640131755764 
+10.127450053177962985 
+10.137105561629525141 
+10.146913789026084984 
+10.156482303327237560 
+10.166007607319997419 
+10.175489600304057802 
+10.184928181836216510 
+10.194323251730775581 
+10.203865101350928057 
+10.213171955342914998 
+10.222434996662592255 
+10.231654126163075347 
+10.241016033333053770 
+10.249960254415544370 
+10.259232040111811557 
+10.268089552117015018 
+10.277087644405007438 
+10.285858954571176938 
+10.294768858193735994 
+10.303453592900687852 
+10.312274927469157859 
+10.320872715087164195 
+10.329782845216712417 
+10.338646039337746174 
+10.347462195710384947 
+10.356056295156450986 
+10.364779017754441881 
+10.373454401117328416 
+10.381738139009119237 
+10.390149266284334217 
+10.398344381575746809 
+10.406664855719458984 
+10.414939396397530302 
+10.423335359203457884 
+10.431516810944224005 
+10.439652048046484722 
+10.447905575346059237 
+10.455947157892847343 
+10.464104927408591550 
+10.472052479806677638 
+10.479953353757345269 
+10.487807458062706090 
+10.495614701794835355 
+10.503532878106518922 
+10.511245168017635976 
+10.518754364328959383 
+10.526373261899955480 
+10.533944848319508836 
+10.541469034286766515 
+10.549097821316941292 
+10.556525967660391530 
+10.563906445481974217 
+10.571239166578205726 
+10.578524043019495338 
+10.585908180187612260 
+10.593096123725675994 
+10.600235958691744287 
+10.607327598260738455 
+10.614514194542600478 
+10.621365945285770493 
+10.628171199353264598 
+10.635210475719190981 
+10.642199121743647794 
+10.648998786086231405 
+10.655612368791580025 
+10.662315352631507537 
+10.668969372094577963 
+10.675440038633816187 
+10.681996880997468580 
+10.688504509364840089 
+10.694831531153806026 
+10.701241490734483719 
+10.707472678042551095 
+10.713784644891138242 
+10.720046987794932036 
+10.726259624927187986 
+10.732547728216168537 
+10.738659690883176623 
+10.744844896186947381 
+10.750855853849486721 
+10.756937825074228243 
+10.762847449529115096 
+10.768825852967712109 
+10.774633818353699155 
+10.780391347800648560 
+10.786098362340993617 
+10.791869693107745576 
+10.797474407138381025 
+10.803028369483433480 
+10.808419702087231684 
+10.813872967588244123 
+10.819165509839981709 
+10.824409056733255596 
+10.829711232225324835 
+10.834855547924101771 
+10.840161878273040230 
+10.845414729306130042 
+10.850614020778102997 
+10.855759672757876899 
+10.860851605628983663 
+10.865889740089958337 
+10.870774840521260529 
+10.875608123053396525 
+10.880389513931152834 
+10.885022940716069684 
+10.889606432979835660 
+10.894233837693903411 
+10.898716211764240214 
+10.903148445164440261 
+10.907711963983565795 
+10.912131282907949981 
+10.916586707671152467 
+10.920899948938288304 
+10.925246983365305198 
+10.929453857837636122 
+10.933607979898724238 
+10.937792429112274561 
+10.941839756682250950 
+10.945915087204500793 
+10.949935197825716671 
+10.953900015516918387 
+10.957731821583079679 
+10.961510386362752101 
+10.965160149715220683 
+10.968833118723365416 
+10.972379311978489369 
+10.975874158865776664 
+10.979388787910751901 
+10.982779681409780892 
+10.986188061659102999 
+10.989474748210557919 
+10.992843446172088306 
+10.996156020873566916 
+10.999412403418631357 
+11.002612525238928853 
+11.005756318094643831 
+11.008782519282235057 
+11.011754493299044100 
+11.014672176838649520 
+11.017535506899081454 
+11.020401178519124485 
+11.023154501379615056 
+11.025853282321088855 
+11.028550853386818176 
+11.031191503990111613 
+11.033775169157587825 
+11.036251811454039995 
+11.038722455076900530 
+11.041135921618131732 
+11.043398998215764095 
+11.045654751020848039 
+11.047811051785288328 
+11.049957688389326904 
+11.052049116869900658 
+11.054044277350918435 
+11.056026244441557793 
+11.057952830411043266 
+11.059786345666861251 
+11.061603130510842874 
+11.063328976110437196 
+11.065035737138412486 
+11.066653696121003136 
+11.068218188396844681 
+11.069760070842015409 
+11.071216356606473852 
+11.072647670222512062 
+11.073995538447579889 
+11.075316069027865140 
+11.076580556383554210 
+11.077764846850618241 
+11.078918233358075796 
+11.079993588121222814 
+11.081035665696195025 
+11.082001882118818870 
+11.082932445130506238 
+11.083789322982049441 
+11.084608168258565541 
+11.085355509719835965 
+11.086062436553614674 
+11.086712751748120098 
+11.087317930075617056 
+11.087853713604925332 
+11.088332734640331978 
+11.088762968507435147 
+11.089127156036392208 
+11.089434433135902935 
+11.089680212602306852 
+11.089874688044318418 
+11.090009876070958228 
+11.090091362940746933 
+11.090115702843597489 
+11.090084091534281541 
+11.089995166244522196 
+11.089852512491223280 
+11.089654844753095375 
+11.089396269445851217 
+11.089087297494454987 
+11.088715011011245792 
+11.088294562809156929 
+11.087797869359576453 
+11.087252926181360380 
+11.086650343305379351 
+11.085990077542735577 
+11.085256831785283538 
+11.084479892605926921 
+11.083645142078886181 
+11.082752538332165670 
+11.081782038784691480 
+11.080772421503258585 
+11.079682434907272892 
+11.078555637222258667 
+11.077345994689986597 
+11.076127824128795041 
+11.074826729286114002 
+11.073495778562904235 
+11.072079477444859208 
+11.070604921727532854 
+11.069040183324386106 
+11.067447813227524023 
+11.065797074067662109 
+11.064123393200082646 
+11.062356997649260393 
+11.060532123095820012 
+11.058648733306648992 
+11.056666551032078516 
+11.054664827395491500 
+11.052561822590030616 
+11.050441621329468944 
+11.048217648694349080 
+11.045978828802336835 
+11.043681247364675713 
+11.041324870854774431 
+11.038959544231516929 
+11.036537735113370218 
+11.034007180055976249 
+11.031417700503570956 
+11.028714600799476742 
+11.026005972886270712 
+11.023238325312732400 
+11.020469905430104518 
+11.017585332438235568 
+11.014702315173700242 
+11.011762547435161252 
+11.008702969513592507 
+11.005648434269637903 
+11.002471641086529530 
+10.999302227769021556 
+10.996075927475430944 
+10.992723708423609352 
+10.989382369628614811 
+10.985984065912575147 
+10.982456180629007747 
+10.978868879506315182 
+10.975222136458238964 
+10.971592157294043801 
+10.967827667912857237 
+10.963925000077630045 
+10.960040235372574102 
+10.956014786523452287 
+10.952009647067434628 
+10.947861317207728149 
+10.943735706435811394 
+10.939550433603836055 
+10.935392704637756367 
+10.931089258947599419 
+10.926815726418642072 
+10.922394021992021251 
+10.918004603101934435 
+10.913464556772023428 
+10.908770201150300494 
+10.904109289942098826 
+10.899388526610335859 
+10.894509704170772579 
+10.889667956081193978 
+10.884766298138053742 
+10.879702830955125137 
+10.874680074862947521 
+10.869493000923664994 
+10.864454652238691779 
+10.859358728800136973 
+10.854097237592906566 
+10.848775715119902685 
+10.843504573731348017 
+10.838064167224271017 
+10.832563683042987890 
+10.827117188249182789 
+10.821497731291080058 
+10.815701617562854864 
+10.809960677577354460 
+10.804040573211395326 
+10.798178095338354154 
+10.792133945860786781 
+10.786149878193032947 
+10.780105611424204426 
+10.774126317027427291 
+10.767962846651212061 
+10.761866760071436389 
+10.755584043296561703 
+10.749241073269997671 
+10.742837840146894024 
+10.736374334443803846 
+10.729984288181825036 
+10.723401440818559394 
+10.716758294764712645 
+10.710054841978600138 
+10.703429713788755961 
+10.696606855992527585 
+10.689864745926492162 
+10.682922455851649346 
+10.676063338581339934 
+10.668856846112698022 
+10.661733515069517608 
+10.654549826266974222 
+10.647157308601396863 
+10.639851658298972836 
+10.632334681335834148 
+10.625059240833426344 
+10.617572466702474898 
+10.610179938755974760 
+10.602573632471647969 
+10.595064007223189861 
+10.587338160151476885 
+10.579711430544737283 
+10.571866036914336462 
+10.563798281150512892 
+10.555830873110636503 
+10.547803073921311778 
+10.539714883960956016 
+10.531399377635221271 
+10.523189176341501749 
+10.515087978809987135 
+10.506758236981472265 
+10.498539942459304442 
+10.490090668868706558 
+10.474589604127832132 
+10.466146803540659960 
+10.457290620204572562 
+10.448550581586879105 
+10.439750184781438236 
+10.430889434944759842 
+10.421968337609202493 
+10.412802975758362223 
+10.403945124452299353 
+10.394843021578138220 
+10.385868188271343726 
+10.376646680431672820 
+10.367554893581932163 
+10.358214011293503276 
+10.349005302232292536 
+10.339545078948141565 
+10.330024583657781534 
+10.320443826028101952 
+10.311000173614500497 
+10.301300151146717710 
+10.291739688238775940 
+10.282121437889520266 
+10.272040989500876407 
+10.262101338904939141 
+10.252101503789408099 
+10.241835564154680327 
+10.231714170898353444 
+10.221532632656192163 
+10.211290963287698474 
+10.200778310645922886 
+10.190415195718159680 
+10.179778649915704136 
+10.169079556001307196 
+10.158533775966144930 
+10.147710886727303148 
+10.136825500645302967 
+10.126097205229120490 
+10.115308922534424596 
+10.104238653117926461 
+10.093329226212521377 
+10.082359866838547902 
+10.071330593922604990 
+10.060014493745509156 
+10.048864230359081162 
+10.037424711975026170 
+10.026153540173890377 
+10.014822556160591915 
+10.003431781214851881 
+9.992215518881572223 
+9.980706446580917657 
+9.969374343832537733 
+9.957747062134796323 
+9.945820970162083441 
+9.934073135614287509 
+9.922265669559342527 
+9.910155790763234052 
+9.898227919606853220 
+9.886240491866281843 
+9.874193533139358436 
+9.861839379329222055 
+9.849672223430411933 
+9.837445616258852610 
+9.825410914145152219 
+9.813066698279552469 
+9.800916840959406073 
+9.788455126013268170 
+9.775934098510445480 
+9.763611121037317986 
+9.750714222851113888 
+9.738015434197752285 
+9.725518410465314290 
+9.712702472555010402 
+9.699827402351125727 
+9.686893231392616599 
+9.674165750006633147 
+9.661114678256291555 
+9.648004602097460136 
+9.634566184799130184 
+9.621336997164295468 
+9.608048906420915358 
+9.594428947268792029 
+9.581021953420396642 
+9.567280737373682342 
+9.553754983945012214 
+9.540170504644176930 
+9.526527335849925393 
+9.512545274883805746 
+9.498783642011352057 
+9.484963431980183657 
+9.471084682796554688 
+9.457432451052687483 
+9.443437931915688921 
+9.429672367754616147 
+9.415562232343766880 
+9.401683487854265664 
+9.387748793807356051 
+9.373466123371617442 
+9.359125229084131803 
+9.345020592589087016 
+9.330860163949328268 
+9.316347220062386469 
+9.302074166964661828 
+9.287446336631191457 
+9.273060825117481087 
+9.258318279430010733 
+9.243820478661270101 
+9.229267175602041462 
+9.214353474160395407 
+9.199688140543109682 
+9.184660164500950685 
+9.169882977291086590 
+9.155050506266945831 
+9.139541276537537229 
+9.124284127938434352 
+9.108969511257647866 
+9.093597475063006641 
+9.077852585470470359 
+9.062364688309500593 
+9.046501676568436068 
+9.030579086495190921 
+9.014917197203523358 
+8.998876801284680482 
+8.982776988787623651 
+8.966617814892092753 
+8.950724285658402835 
+8.934447740757958556 
+8.918112001581718573 
+8.901717125114069873 
+8.885592826529167709 
+8.869742632568971885 
+8.853506172455665180 
+8.837546211751607927 
+8.821197806882647541 
+8.805128293381436322 
+8.788668163793445842 
+8.771814023178931663 
+8.755240095552405677 
+8.738609930771886525 
+8.721582464928015810 
+8.704838856342920650 
+8.688039187860876922 
+8.670838943103603924 
+8.653580452649020316 
+8.636263780670372370 
+8.618888991801531674 
+8.601456151137298889 
+8.584315708610889217 
+8.567119638230140666 
+8.549868002552550195 
+8.532207080200125304 
+8.514843372565303881 
+8.497780335715265920 
+8.480307072963144677 
+8.463136840580792963 
+8.445554276234187085 
+8.428277098296184988 
+8.410947092304457584 
+8.393201618945068887 
+8.375401225282221418 
+8.357545978559393518 
+8.339269865624707734 
+8.321304000267950585 
+8.303283487569494525 
+8.285208396505838735 
+8.266708237572164109 
+8.248894757349058082 
+8.230656349369978031 
+8.212737506074340388 
+8.194391678921832067 
+8.175615621607644101 
+8.157160449656903012 
+8.138272966435614819 
+8.119329322652303560 
+8.100710139846167834 
+8.081655528445150338 
+8.062927748377774151 
+8.044146330657477861 
+8.024926405831662279 
+8.006036847707019177 
+7.987093880042944960 
+7.968097579242787276 
+7.948658701695675788 
+7.929554881107366171 
+7.910397960813025264 
+7.891188018978995800 
+7.871531463408151907 
+7.852214636723289232 
+7.832845027262613335 
+7.813422714961293813 
+7.793549785190683643 
+7.773622149056176767 
+7.753639892908125830 
+7.734004373223974937 
+7.713914226075681668 
+7.693769719080876257 
+7.673975447359156377 
+7.654534683088051850 
+7.634637476957296442 
+7.614688398548803860 
+7.594687532702939947 
+7.575044717027776819 
+7.554530780284299141 
+7.534786921250244518 
+7.514993695202996093 
+7.494737274829667228 
+7.474844536480141244 
+7.454902679574301416 
+7.434494789432392281 
+7.414035888202642255 
+7.393945141384986819 
+7.372965409997641828 
+7.352354012902452496 
+7.331691964480249624 
+7.310979355793721268 
+7.289792017228025500 
+7.268977535863255568 
+7.248112772012690996 
+7.227197818549228714 
+7.205804389676520927 
+7.184788317931025681 
+7.163291902928596855 
+7.141743624399838453 
+7.120143583445450730 
+7.098925421309732364 
+7.077223190942475206 
+7.055905079740369956 
+7.034537645043268839 
+7.013120984297735561 
+6.991216607231339530 
+6.969700788967431393 
+6.948136041746085567 
+6.926522464844222959 
+6.904860157994982650 
+6.883149221387915517 
+6.861834310821350869 
+6.840027404408313139 
+6.818172169471633737 
+6.796716198827615685 
+6.774317122524758261 
+6.752317515909371792 
+6.729819543876365273 
+6.707723230930119129 
+6.685126795738378647 
+6.662934202276920459 
+6.640239740368099497 
+6.617495937121615768 
+6.595159247694668991 
+6.572318081906715292 
+6.549427912444366839 
+6.526948113164761089 
+6.503961254137449188 
+6.481386920095935089 
+6.458303823525612941 
+6.435635399614128893 
+6.412920571738970565 
+6.389694456358984809 
+6.366886210840607241 
+6.344031896196135278 
+6.320663793993254842 
+6.298185507168559738 
+6.275193657770195443 
+6.252156189215763327 
+6.228601661042380222 
+6.205472370456494247 
+6.182297805436422600 
+6.159078081053088738 
+6.135813312845760592 
+6.112503616822367647 
+6.088672021089410968 
+6.065271908424351821 
+6.042306128971551615 
+6.018817891147776322 
+5.995285312589327731 
+5.972190112565234799 
+5.948570108347445817 
+5.925389496279786172 
+5.901682535716907374 
+5.878416973134801715 
+5.855109544989077541 
+5.831273481224522826 
+5.807881799173883586 
+5.784448598261300312 
+5.760484500443444844 
+5.736967750274068578 
+5.712918605029053687 
+5.689318781484618448 
+5.665678026585251104 
+5.641502659023542421 
+5.617779548853201632 
+5.593520357326164927 
+5.569715376784749594 
+5.545372858143416295 
+5.521486495754799328 
+5.497061150552490005 
+5.473093898469985952 
+5.449086801642609501 
+5.424538584979389455 
+5.400451340930501054 
+5.375821562685252353 
+5.351150778224403659 
+5.326943846353877632 
+5.302192274677016037 
+5.277400090091895812 
+5.252567425556131653 
+5.228202429393896900 
+5.203290025079880365 
+5.178847173977941587 
+5.154365987984649067 
+5.129335368250642624 
+5.104777102626060881 
+5.080180887798368516 
+5.055033242018208028 
+5.030360731079169589 
+5.005135469094751599 
+4.980387190784993479 
+4.955084854234170777 
+4.929743790217729682 
+4.904882475270704312 
+4.879465159041564526 
+4.833201126827656680 
+4.808197573408042658 
+4.782635586338775724 
+4.757558648297748327 
+4.731922027407138742 
+4.706247918362714167 
+4.681061560970600333 
+4.655839503815633940 
+4.630055305481331374 
+4.604761521273271541 
+4.578904386916438085 
+4.553539435626330345 
+4.527609938788846655 
+4.502174384120817052 
+4.476704101339221253 
+4.450135778310332135 
+4.424062561375220248 
+4.397953600643400129 
+4.371809045899052393 
+4.345094393741698369 
+4.318878383609642491 
+4.292627234874630382 
+4.266341099308678331 
+4.240020129178993180 
+4.213664477248571849 
+4.186735363219455941 
+4.160310108038864918 
+4.133850635477068103 
+4.107357100293266505 
+4.080829657744251548 
+4.054810865117188357 
+4.028216759653785672 
+4.001589212379603744 
+3.974928380534447303 
+3.948234421857404808 
+3.920961704924279978 
+3.894201299866788979 
+3.867408247448466785 
+3.840582707418995767 
+3.813176384809653818 
+3.786285696027128722 
+3.759363005186026285 
+3.732958883725261856 
+3.705973319432380286 
+3.679507919576403108 
+3.652460119657070514 
+3.625381124842385727 
+3.598824674309986094 
+3.571684411257344482 
+3.545068259578157743 
+3.517867375904117466 
+3.491192159396339534 
+3.463931306635586793 
+3.437197665458208817 
+3.409319634707279612 
+3.381410670301015831 
+3.354030046175534352 
+3.326060362726254382 
+3.298060281653371284 
+3.270590884833318057 
+3.242531150900573866 
+3.215003643495545127 
+3.187447633585155593 
+3.159863293550294383 
+3.132250796281682348 
+3.104045933571109472 
+3.076377076813548328 
+3.048680588122177681 
+3.020390562969711645 
+2.992638780819431688 
+2.964859896699710617 
+2.936486342482512946 
+2.908084940643421934 
+2.879655879807193841 
+2.852338135423457377 
+2.824425332900315500 
+2.797056941571495425 
