5.88641
5.88641
5.88641
5.88641
5.88641
2.54013
2.47929
2.47929
2.47929
2.47929
2.47929
2.47929
2.47929
2.47929
1.06473
1.09515
1.06473
1.06473
1.06473
1.06473
1.06473
0.988674
0.988674
1.01909
1.01909
1.01909
1.01909
1.01909
1.01909
1.01909
1.01909
1.96214
1.96214
1.91651
1.91651
1.91651
1.91651
1.49062
1.49062
1.49062
1.49062
1.49062
1.49062
1.49062
1.41456
5.26279
5.26279
5.26279
5.26279
5.26279
5.26279
5.26279
1.41456
1.41456
1.41456
1.09515
0.471521
0.471521
0.471521
0.471521
0.471521
0.471521
0.471521
3.87864
3.87864
4.56311
4.56311
4.56311
1.12557
1.12557
1.12557
1.12557
1.12557
1.12557
0.471521
0.471521
3.87864
3.87864
0.471521
0.471521
0.471521
0.471521
0.471521
0.471521
0.471521
0.471521
0.471521
0.471521
0.471521
0.471521
0.471521
0.471521
0.471521
0.471521
0.471521
0.471521
0.471521
0.471521
0.471521
0.471521
0.471521
0.471521
2.47929
2.47929
2.47929
1.82524
5.23237
5.23237
5.23237
5.23237
5.23237
5.23237
5.23237
5.23237
5.23237
5.23237
5.23237
5.23237
5.23237
1.82524
1.82524
1.82524
1.82524
1.82524
1.82524
1.82524
1.82524
1.82524
1.82524
1.82524
1.82524
1.82524
1.82524
1.82524
1.82524
1.82524
1.82524
1.82524
1.82524
1.82524
1.82524
1.82524
1.82524
1.82524
1.82524
1.82524
1.82524
1.82524
1.82524
1.82524
1.82524
1.82524
1.82524
1.82524
1.82524
1.82524
1.82524
1.82524
1.82524
1.82524
1.82524
1.82524
1.82524
1.82524
1.82524
1.84045
1.84045
1.84045
1.84045
1.84045
1.84045
1.84045
1.84045
1.84045
1.84045
1.84045
1.84045
1.84045
1.84045
1.84045
0.471521
0.471521
0.471521
0.471521
0.471521
0.471521
0.471521
0.471521
0.471521
0.471521
0.471521
0.471521
0.471521
0.471521
0.471521
0.471521
0.471521
0.471521
0.471521
1.84045
1.84045
1.84045
1.84045
1.84045
1.84045
1.84045
1.84045
1.84045
1.84045
1.84045
1.84045
1.84045
1.84045
1.84045
1.84045
1.84045
1.84045
1.84045
1.84045
1.84045
1.84045
1.84045
1.84045
1.84045
1.84045
1.84045
1.84045
5.76473
1.84045
1.84045
1.84045
1.84045
1.84045
1.84045
1.84045
1.84045
1.84045
1.84045
1.84045
1.84045
1.84045
1.84045
1.84045
1.84045
1.84045
1.84045
1.84045
1.84045
1.84045
1.84045
1.84045
1.84045
1.84045
1.84045
1.84045
1.84045
1.84045
1.84045
1.84045
1.84045
1.84045
1.84045
1.84045
1.84045
1.84045
1.84045
1.84045
1.84045
1.84045
1.84045
1.84045
1.84045
1.84045
1.84045
0.471521
0.471521
0.471521
0.471521
0.471521
0.471521
0.471521
0.471521
0.471521
0.471521
0.471521
0.471521
0.471521
0.471521
0.471521
0.471521
0.471521
0.471521
0.471521
0.471521
0.471521
0.471521
0.471521
0.471521
0.471521
0.471521
0.471521
0.471521
0.471521
0.471521
0.471521
0.471521
0.471521
0.471521
0.471521
0.471521
0.471521
0.471521
0.471521
0.471521
0.471521
0.471521
0.471521
0.471521
0.471521
0.471521
0.471521
0.471521
0.471521
0.471521
0.471521
0.471521
0.471521
0.471521
0.471521
0.471521
0.471521
0.471521
0.471521
0.471521
0.471521
0.471521
0.471521
0.471521
0.471521
0.471521
0.471521
0.471521
0.471521
0.471521
0.471521
0.471521
0.471521
0.471521
0.471521
0.471521
0.471521
0.471521
0.471521
0.471521
0.471521
0.471521
0.471521
0.471521
0.471521
0.471521
0.471521
0.471521
0.471521
0.471521
0.471521
0.471521
0.471521
0.471521
0.471521
0.471521
0.471521
0.471521
0.471521
0.471521
0.471521
0.471521
0.471521
0.471521
0.471521
0.471521
0.471521
0.471521
0.471521
0.471521
0.471521
0.471521
0.471521
0.471521
0.471521
0.471521
0.471521
0.471521
0.471521
0.471521
0.471521
0.471521
0.471521
0.471521
0.471521
0.471521
0.471521
0.471521
0.471521
0.471521
0.471521
0.471521
0.471521
0.471521
0.471521
0.471521
0.471521
0.471521
0.471521
0.471521
0.471521
0.471521
0.471521
0.471521
0.471521
0.471521
0.471521
0.471521
0.471521
0.471521
0.471521
0.471521
0.471521
0.471521
0.471521
0.471521
0.471521
0.471521
0.471521
0.471521
1.41456
1.41456
1.41456
4.85211
3.90906
0.471521
0.471521
3.90906
3.90906
3.90906
3.90906
3.90906
0.471521
0.471521
0.471521
0.471521
0.471521
0.471521
0.471521
0.471521
0.471521
1.09515
1.47541
1.47541
1.47541
0.547573
0.547573
0.547573
0.547573
0.547573
4.47185
5.39968
5.39968
7.83334
7.83334
3.98512
3.98512
4.91295
1.47541
1.47541
0.547573
0.547573
0.547573
0.471521
0.471521
0.471521
0.471521
0.471521
0.471521
0.471521
0.471521
0.471521
0.471521
2.84434
2.84434
2.84434
6.70777
7.65081
6.70777
2.84434
2.84434
2.84434
2.84434
2.84434
2.0534
2.0534
1.12557
1.12557
1.12557
1.12557
1.12557
1.12557
2.0534
5.00421
0.471521
3.92427
0.471521
0.471521
2.84434
2.84434
6.08415
2.84434
6.08415
6.08415
6.08415
6.08415
2.84434
6.08415
6.08415
2.84434
2.84434
2.44887
2.84434
6.69256
4.97379
8.66991
13.7806
10.556
10.9819
12.1987
8.15276
1.93172
4.8369
4.8369
8.70033
11.0579
4.8369
8.27444
10.6016
10.5104
11.134
4.8369
7.22492
10.4647
11.1188
7.22492
10.4647
10.4647
10.4647
7.22492
15.0583
10.9667
1.93172
3.77217
12.8832
16.9748
12.944
12.944
10.6016
13.0657
13.1265
14.5867
14.7236
14.7236
13.2634
13.1418
13.1418
13.1874
13.157
18.5871
17.279
19.6214
12.0466
12.0922
15.4385
17.6136
19.9712
14.1152
14.4194
14.389
15.4537
19.3324
20.3819
16.6553
10.7233
10.7233
13.2026
13.2482
14.4194
7.4835
7.20971
9.21748
16.2599
12.3356
9.26311
7.36182
7.28577
4.91295
9.2479
12.7007
12.6246
10.8602
10.5408
12.3508
12.4117
12.6854
12.6854
12.1683
8.24402
5.67347
5.1411
9.93237
10.0388
11.3317
11.4686
14.1761
16.0317
19.956
19.8799
19.9104
21.9638
19.0282
15.1495
21.6444
18.4502
17.6288
14.7236
11.4382
11.4382
9.20227
19.7735
19.7735
21.7356
20.3819
20.3819
14.602
15.2104
14.4955
12.4421
14.313
12.7463
12.5638
12.579
14.2673
17.9026
17.9482
17.9939
14.024
17.8874
15.8948
15.8948
18.0547
14.7997
13.0657
16.6706
16.6553
19.6822
19.4997
12.29
13.7502
14.6932
15.621
9.689
10.9971
15.8796
9.79548
5.8712
7.40745
10.6929
13.9327
10.6929
9.3848
6.99677
2.70744
11.5142
17.5375
15.8036
13.8566
21.8725
23.8042
18.7392
11.1948
15.4994
20.9447
17.1725
17.0204
17.0812
11.5295
11.5903
8.76117
8.27444
10.5256
11.6207
19.1955
17.6744
17.644
13.3547
16.8835
19.8039
19.8039
18.1764
14.8605
10.3735
13.2026
11.9097
12.0618
11.0427
14.9062
18.8456
25.0058
29.0974
16.9291
13.5068
16.7314
16.777
14.5715
27.2874
18.4958
14.6324
15.4689
16.8987
22.4809
26.3291
28.7324
17.9482
18.0243
16.1078
17.5071
17.568
15.8492
8.38091
7.08803
12.1227
10.2214
8.30486
16.5185
6.73819
7.14887
14.5259
18.3741
11.0731
11.2405
14.2217
10.6777
10.6777
5.46052
7.78771
13.6893
16.6706
7.98544
5.06505
3.01165
8.27444
6.81424
4.94337
4.86732
7.69644
12.8984
16.3055
11.0275
15.0735
16.2447
19.378
9.74984
11.499
8.42654
12.2443
18.1308
17.7657
13.3547
20.5796
18.9369
16.9748
19.8191
5.84078
0.547573
3.51359
5.88641
9.12622
4.27411
1.84045
6.3123
9.23269
5.84078
5.76473
5.76473
13.3243
9.65858
9.61295
8.95891
12.8375
10.2518
16.0926
14.7693
6.61651
6.61651
8.44175
8.44175
11.8032
8.88285
12.7615
4.35016
0.471521
6.08415
6.08415
11.3469
14.1913
16.8683
9.14143
9.08059
12.1683
12.2291
14.2673
12.9744
8.19839
9.20227
7.1945
11.1036
11.1036
20.1689
17.0508
8.04628
13.2939
17.4159
17.4919
26.5117
26.6486
26.6486
26.7246
24.3062
24.4431
18.5262
22.2071
19.8039
19.8039
22.055
22.1007
17.1117
17.1117
14.1913
14.0848
19.2107
29.9796
28.3217
24.3214
20.5492
20.3667
17.0964
17.0508
13.7958
16.9291
13.7958
16.7922
18.0395
21.9942
18.1155
14.2369
15.6819
22.0398
23.9259
19.7887
26.7094
25.5686
25.2188
18.6479
22.6787
14.7084
10.845
10.8906
18.0699
22.0398
24.8081
18.3285
11.1644
10.2974
9.62816
9.65858
8.01586
8.04628
5.5822
6.44919
7.80292
7.65081
6.6013
6.38835
15.6971
14.2977
10.2366
10.9363
14.7236
17.6136
17.2029
10.5256
10.5256
10.5256
10.6016
15.6971
10.5712
12.8071
11.2557
9.96279
14.2977
14.1152
12.8223
12.7615
20.1842
21.1272
21.5683
14.9974
18.9825
12.8528
12.579
16.123
9.11101
5.88641
9.14143
9.14143
12.6398
12.8528
12.5029
12.579
12.8071
9.14143
2.00777
8.70033
8.66991
5.24758
5.8712
4.38059
4.38059
4.38059
11.4686
7.95502
7.93981
7.93981
7.95502
5.56699
9.06538
9.03496
15.256
15.1799
11.3621
8.12234
8.12234
8.51781
3.8178
8.97412
10.1453
6.17541
13.0505
11.788
10.1149
6.06894
6.06894
19.2411
15.2864
16.1382
16.1382
15.91
5.97767
8.28965
10.921
14.8149
15.3777
7.01198
10.2822
3.77217
8.44175
10.7537
21.2489
14.4042
17.7657
14.2673
7.05761
14.0848
14.0696
21.1272
25.1732
11.3469
20.0321
9.18706
5.38447
5.41489
2.12945
6.1602
6.1602
6.92072
10.8298
10.8298
8.42654
5.18673
4.5479
6.00809
5.1411
5.1411
2.75308
2.75308
6.7534
8.06149
5.30842
5.30842
5.30842
8.71554
5.53657
8.8068
5.30842
8.54822
8.63949
8.54822
7.68123
5.30842
5.30842
5.30842
7.57476
1.30809
5.18673
11.3926
5.18673
4.74563
10.9971
5.12589
5.12589
5.12589
5.12589
3.68091
1.30809
4.5479
6.6013
6.6013
3.68091
3.68091
7.98544
4.5479
7.97023
7.9246
5.12589
5.12589
5.12589
5.12589
1.30809
1.30809
4.36537
0.547573
4.41101
4.36537
4.36537
10.6777
9.978
6.90551
6.8903
10.1301
6.69256
3.45275
3.78738
0.547573
0.547573
4.42622
4.41101
7.66602
0.547573
0.547573
4.42622
4.36537
4.36537
7.74208
11.4078
6.98156
10.1453
3.95469
13.4155
13.4155
9.81069
7.34661
7.34661
3.45275
3.46796
0.547573
0.547573
2.98123
5.79515
9.33916
9.21748
9.21748
10.4191
13.6589
10.5408
6.81424
2.92039
10.4191
13.3395
6.85987
10.7081
4.36537
4.36537
4.36537
10.0693
14.5107
12.1835
10.4039
6.1602
8.06149
7.74208
8.18318
5.64305
8.01586
6.95114
9.978
9.978
9.23269
9.23269
10.9819
7.74208
3.98512
8.18318
6.90551
11.3469
9.49127
9.62816
15.2104
11.9706
15.2104
12.944
8.10712
8.10712
5.85599
5.91683
2.00777
2.00777
5.44531
5.44531
10.5408
7.1945
2.00777
2.00777
2.00777
5.44531
5.44531
2.00777
4.65437
4.65437
2.28155
2.28155
4.65437
4.65437
5.70389
8.82201
8.83722
5.7191
5.94725
3.62007
3.62007
7.45308
3.62007
3.62007
3.62007
3.62007
2.17508
5.61262
5.5822
2.17508
2.17508
4.47185
8.56344
4.74563
7.87897
11.7728
11.7728
10.6777
8.25923
4.97379
1.09515
1.09515
4.91295
8.60907
1.09515
11.3165
8.44175
4.92816
5.99288
5.97767
8.30486
8.30486
8.30486
8.44175
12.1075
8.83722
4.92816
4.8369
11.6359
14.7236
12.5333
8.6547
15.621
12.7463
10.3278
10.3278
9.70421
9.70421
7.01198
10.3583
10.5104
3.10291
7.78771
3.01165
9.978
3.01165
9.5369
13.9327
13.7045
13.9327
13.5676
13.6133
9.26311
9.26311
13.5676
10.0997
10.1149
6.61651
12.944
9.03496
9.21748
16.6553
16.7162
19.0738
11.8489
16.8987
10.8906
18.2981
14.2673
14.024
9.61295
13.5372
14.9062
14.8909
17.568
22.5113
19.1346
22.9829
21.7204
26.968
31.6224
23.8499
27.8806
23.3175
22.3897
15.6667
16.6401
22.1767
22.8764
15.043
18.9369
19.013
20.2146
16.3207
12.0162
11.5751
13.8566
10.7994
10.7385
8.89806
12.0314
13.9631
13.735
16.6401
24.002
27.8502
31.7897
31.8201
21.2945
18.4806
13.2026
13.5829
18.8
15.7731
15.9253
9.978
15.2712
15.4537
13.0657
11.21
15.1343
7.97023
7.97023
9.15664
9.15664
14.389
17.4463
9.93237
11.8185
15.2408
19.4997
14.1761
20.9447
19.4541
11.9553
12.655
12.655
11.7424
11.8032
8.8068
22.0246
25.2948
23.2262
15.545
11.3926
5.4301
12.0466
11.9706
10.5104
10.5408
10.5256
7.34661
10.7994
14.3282
16.1382
13.6893
9.978
13.446
14.5867
16.4424
16.488
12.7159
12.7767
16.5945
20.6557
13.6437
19.0738
20.5188
17.355
17.5223
13.9479
12.7615
8.03107
12.7159
15.6819
20.1233
13.5068
10.0541
6.98156
6.98156
7.27056
3.34628
8.28965
8.41133
11.4838
22.0094
11.9706
11.9706
8.82201
15.3016
12.1531
15.0735
14.1152
18.1003
21.9638
21.8269
21.979
21.5835
21.8877
23.0133
23.0133
18.3133
18.0091
14.5867
22.633
22.4961
22.1311
18.5566
13.1113
18.8913
17.4159
11.7272
14.8909
11.0579
16.0165
16.0165
23.5304
23.211
23.7434
19.7735
16.8075
7.7725
7.98544
17.8722
22.1919
15.5754
15.7123
17.3854
20.61
25.0211
20.9143
17.5832
17.5832
9.27832
12.3508
13.1113
15.2104
17.4007
19.2107
20.4275
18.9369
19.3932
18.6783
16.8683
16.9596
14.4803
14.5411
15.5146
9.33916
8.09191
11.2252
8.04628
15.8796
25.1579
21.8573
17.8113
22.1159
16.0774
16.9139
15.4537
8.22881
7.01198
16.7314
11.4382
16.701
19.8495
13.8414
13.8414
19.4084
22.4201
26.2379
22.1767
22.4353
18.5871
18.8304
11.712
12.5638
9.65858
13.7502
15.1647
17.6744
17.4615
22.4201
19.5149
20.3971
15.2104
14.7845
17.9939
21.0055
16.488
16.488
19.1499
15.7731
20.5796
20.5188
23.9107
24.3214
14.7236
14.8909
14.7845
19.1499
22.2223
15.8492
12.6094
14.9518
17.9178
21.5075
18.1155
17.9178
22.7091
20.5948
17.6288
15.4689
15.4537
18.6175
22.8612
21.112
19.089
19.1499
12.0466
15.5298
15.5298
25.5534
30.6033
29.8123
25.6447
25.6599
26.1314
30.1165
26.1922
22.1615
24.002
16.1078
20.8686
25.7055
28.2609
25.888
22.7091
28.9605
28.5499
27.546
23.1198
30.0709
31.1812
16.0317
16.0165
19.0586
19.9864
24.3366
20.7013
17.2029
22.3897
25.9489
20.9447
20.9143
21.0207
23.6521
20.8078
23.5609
22.8155
20.6861
22.4201
23.1806
18.9825
22.344
22.2071
17.3094
17.8418
17.6592
23.5609
29.356
28.2304
29.3864
29.2191
21.9942
28.5955
25.5534
13.7502
17.2486
17.1573
15.8036
19.2411
19.9864
20.534
15.256
20.3058
18.724
27.257
27.2722
25.6903
24.7321
21.0968
17.857
21.0968
25.5382
33.1434
39.4709
39.4861
40.8094
33.0825
28.4738
28.5346
29.0062
30.6641
27.4395
31.5919
37.3567
35.6987
21.7965
26.3291
26.3596
26.2835
28.5651
31.957
31.9113
26.9832
20.8078
24.5191
28.6259
28.3369
20.0321
27.7285
20.0929
20.1385
21.7356
21.7965
25.0515
24.9146
21.3858
17.4007
13.5068
16.0774
16.1078
20.6405
23.9107
28.413
27.1809
19.6518
20.8686
24.7625
26.2683
26.5877
21.8421
21.9942
23.3783
27.3026
29.8579
26.8159
28.5651
26.8311
26.8007
30.6945
30.7249
31.1508
25.7359
21.8117
24.7777
25.2188
26.5117
19.9712
18.5566
17.5375
16.9443
18.1155
20.5188
18.2524
24.4278
27.2418
20.6405
20.899
17.2486
13.4308
16.3359
15.5602
14.4042
17.7505
13.3395
13.3395
15.621
13.3547
18.6023
26.968
26.3444
22.4961
24.9146
18.2524
4.95858
4.15243
11.6511
11.6359
11.1644
8.09191
8.27444
7.3314
7.34661
4.82169
4.71521
3.19418
3.19418
3.19418
7.31619
7.31619
3.87864
3.87864
0.82136
0.82136
0.82136
8.57865
8.57865
7.57476
9.61295
9.52169
12.7919
9.62816
8.27444
8.76117
7.81813
4.85211
4.85211
4.85211
1.77961
1.77961
8.24402
11.8337
11.8337
8.42654
5.33884
7.98544
7.98544
7.28577
7.28577
4.22848
0.82136
0.82136
0.82136
0.82136
0.82136
1.74919
1.74919
1.74919
1.74919
1.74919
1.74919
1.74919
1.74919
2.28155
2.28155
7.93981
7.93981
8.85243
5.7191
5.7191
2.28155
2.28155
2.28155
2.28155
2.28155
2.28155
5.94725
5.33884
5.33884
2.88997
2.28155
4.2589
0.82136
0.82136
1.44498
1.44498
1.44498
1.42977
1.42977
1.42977
1.42977
0.82136
4.8369
4.8369
0.82136
0.82136
1.74919
2.37282
3.04207
2.37282
2.37282
1.74919
1.74919
1.74919
2.37282
2.37282
2.38803
1.7644
2.38803
2.38803
3.83301
