+7.970743921240067031 
+7.833603244591738068 
+7.700320536458172604 
+7.568137092441116209 
+7.437048328040703815 
+7.199109636143857571 
+7.071101334110224457 
+6.944170222710289053 
+6.818311769791462140 
+6.693521453989914605 
+6.572309197056885210 
+6.449620064572795464 
+6.325514277236863769 
+6.204951511632634364 
+6.083006170606048535 
+5.964551534926191501 
+5.847133597294290830 
+5.730747922454274779 
+5.613046515488365529 
+5.498732943512176341 
+5.385438302862173288 
+5.270877303483894494 
+5.157368019990463459 
+5.047144821400534553 
+4.935704246052615041 
+4.389747275790915282 
+4.286600670436804705 
+4.184424389845892378 
+3.999267293777596155 
+3.901840323426517543 
+3.803327931243595472 
+3.703784163732898982 
+3.605224910407426542 
+3.511530103342863640 
+3.416810842870865450 
+3.323024502932033997 
+3.155050403640933254 
+3.063869035278239394 
+2.973604685568060901 
+2.886067614452940688 
+2.797606382394389968 
+2.637480494980729340 
+2.551574978070083155 
+2.464836857097128409 
+2.380731505582482477 
+2.297510991355256493 
+2.213499993164101731 
+2.132054831191935840 
+2.049846991711552491 
+1.970160689617097560 
+1.891338858757437791 
+1.813377489816649479 
+1.736272583686156779 
+1.660020151453037052 
+1.584616214388355537 
+1.511570008934469023 
+1.437834051744493635 
+1.366414197406021991 
+1.295793538740392492 
+1.224522124866942008 
+1.097177527402546815 
+1.028219806389768287 
+0.961458753792806320 
+0.894108844706913430 
+0.828915353592332593 
+0.764492077476739418 
+0.699517341963701966 
+0.636639504055484196 
+0.571949128657428751 
+0.509347999997633138 
+0.447530439411782943 
+0.385255069787438842 
+0.325009050784447417 
+0.266741211247635057 
+0.208020017888673081 
+0.103316318137230745 
+0.047886172134334437 
-0.009084019796384624 
-0.065272866027271448 
-0.120684311458358451 
-0.176407187479487249 
-0.230260272339517513 
-0.284401773987175588 
-0.336712463459297950 
-0.387241811931923863 
-0.438056057993756909 
-0.488120296188684577 
-0.536459311571720221 
-0.585049910312177346 
-0.632901971299267174 
-0.680019322526536740 
-0.726405781437209797 
-0.772065154937099152 
-0.816109581446292864 
-0.860340515786658599 
-0.902992334812299902 
-0.945809631793158800 
-0.987083309214783711 
-1.028501689289065268 
-1.068411611363382363 
-1.107651841343249899 
-1.147006187391085064 
-1.184904020684184545 
-1.222895823247478475 
-1.259465448304206703 
-1.295382902259635927 
-1.388230996803454076 
-1.421782235316966236 
-1.454031929684838076 
-1.486327162062760721 
-1.517353004903403857 
-1.549032757548111761 
-1.579449878495724491 
-1.609849398514015206 
-1.639607652988537723 
-1.667575574347861078 
-1.695523209931115716 
-1.722313021729261706 
-1.749064513258499431 
-1.774688950940500831 
-1.800257262788075963 
-1.825232791497072071 
-1.850110376296960624 
-1.873898240592454911 
-1.897103201339341183 
-1.920184238991055281 
-1.942221410229088008 
-1.981207147154355752 
-2.001626953148127441 
-2.021482772152197072 
-2.040777802062684998 
-2.059891844455508547 
-2.078063571274343602 
-2.095684111940567362 
-2.112756627301518364 
-2.142697106730956591 
-2.158232140161208790 
-2.172930424448193065 
-2.187407451935824199 
-2.201075295648413643 
-2.214506495150528664 
-2.227155793071002421 
-2.239553271855985628 
-2.251670220545607393 
-2.263025075874011804 
-2.273868500911596868 
-2.284409186823848970 
-2.294228593060465116 
-2.303545736134685384 
-2.312538412846892655 
-2.320849975327620385 
-2.328668359551890887 
-2.336141027227633060 
-2.342972103268058603 
-2.349443512044429028 
-2.355413929382127236 
-2.360886493354499294 
-2.365864332365868350 
-2.370350565164473622 
-2.374348300855380955 
-2.377860638913405822 
-2.380946371433717346 
-2.383441471956395219 
-2.385479271460434703 
-2.388020317554035543 
-2.388785662735152471 
-2.389104654954836704 
-2.388980141760276510 
-2.388430882352412965 
-2.387436773079095076 
-2.385973913552676962 
-2.384103678774321722 
-2.381804044870834858 
-2.379077806892437863 
-2.375859070892985869 
-2.372279411298627849 
-2.368367288450924590 
-2.363962410678086101 
-2.359144773685889263 
-2.354027887653735718 
-2.343382193915033440 
-2.337148424746402497 
-2.330389199341691864 
-2.323232992913581541 
-2.315524320191704177 
-2.307740400687995574 
-2.299409375325559779 
-2.290873837059413276 
-2.281780752367984277 
-2.272503802518819782 
-2.262863723883061340 
-2.252438504883118142 
-2.241844806552233393 
-2.230880566967666567 
-2.219548394360039367 
-2.208093247819290283 
-2.196040377100393570 
-2.183884206573209141 
-2.171120760263345773 
-2.157730785316314126 
-2.143694896619720680 
-2.129566275085624127 
-2.115076067697762241 
-2.100226964804630114 
-2.085329227645619454 
-2.070091897583344220 
-2.054838679675006219 
-2.038608477909608752 
-2.022032485583306283 
-2.005113339648964654 
-1.987853668084655467 
-1.970256089906545327 
-1.952323215181815286 
-1.934057645041610485 
-1.915837103448874146 
-1.896920435330992305 
-1.878066771963789350 
-1.858903396486253357 
-1.839032171843657082 
-1.819657127871389335 
-1.799579023652546184 
-1.779619652020935305 
-1.758949706457141104 
-1.737984318503885461 
-1.716725846183363657 
-1.695176639416086317 
-1.672890388279482110 
-1.650760916339093498 
-1.628807990358870583 
-1.606119183384848270 
-1.582679647543491441 
-1.559906553110684158 
-1.516986035081632878 
-1.493466773729149821 
-1.469192138385334800 
-1.444651625451578880 
-1.420356317295162540 
-1.395296118709234534 
-1.370496036813669605 
-1.344924928720622859 
-1.319628639998027708 
-1.293555337076671918 
-1.267231641686214161 
-1.240659754123974778 
-1.213292016895934466 
-1.163392012564745670 
-1.135883279488195896 
-1.108705542641114761 
-1.080155117407130660 
-1.051361756031370831 
-1.022327730832063963 
-0.993055305693614443 
-0.963546736079411659 
-0.934401396086776970 
-0.905033528126228504 
-0.874839108272468025 
-0.845028040593124530 
-0.789711262871669817 
-0.759292266017633111 
-0.728662927825705964 
-0.697193808922859759 
-0.666145755588550159 
-0.634893542421744783 
-0.603439200652285734 
-0.571784753893664899 
-0.540584236709209520 
-0.509195521347539426 
-0.449840970558019748 
-0.417921639131769496 
-0.385150693077571660 
-0.352193153322431840 
-0.319050984657511805 
-0.285726144360177514 
-0.251534927120465213 
-0.217846957001968988 
-0.183982181524996236 
-0.149942527876145704 
-0.115729915786840110 
-0.080642782615592878 
-0.046086550996054854 
-0.011363114162030286 
+0.023525638010042371 
+0.058577823040271149 
+0.093791565833603485 
+0.129888555147648965 
+0.165423019357889167 
+0.201113422498349514 
+0.236957919046248300 
+0.272954670805022559 
+0.309841097831115242 
+0.346139888400158746 
+0.382585426439555398 
+0.419175903089220370 
+0.455909516756633160 
+0.523746341613645860 
+0.561635435055870325 
+0.598904405054426547 
+0.636307864476200358 
+0.673844054061303765 
+0.710741206315468332 
+0.748534987168075538 
+0.785681131204631455 
+0.854874567180180733 
+0.892361073760902457 
+0.930748336540930588 
+0.968467898921406167 
+1.007089741272554129 
+1.045035845744785696 
+1.083885645739457004 
+1.122051832395250415 
+1.160324552946219612 
+1.199502885492158555 
+1.237986131601999773 
+1.277376139754884399 
+1.316063584971660205 
+1.354849753641946819 
+1.394544208705196020 
+1.433525218536684243 
+1.472600350386217727 
+1.512585062569967498 
+1.585451999193587369 
+1.624877645814384763 
+1.665214200652600063 
+1.738704844809507932 
+1.780946022193218958 
+1.823278676057420888 
+1.864868399150991785 
+1.907377072287451902 
+1.949972046823710947 
+1.990138729590350763 
+2.031218015672252797 
+2.071531753149439936 
+2.112758200994372615 
+2.154056751947823756 
+2.263962546231394590 
+2.304663261078546910 
+2.381144778172670229 
+2.422021803051958244 
+2.463810948427494374 
+2.540721025636053731 
+2.581819028542410521 
+2.623828343353626025 
+2.700268785771312352 
+2.743288231201587379 
+2.786360030816833699 
+2.828619763574022450 
+2.871790869511526623 
+2.914145102567692547 
+2.957409773753568061 
+2.999852907823737702 
+3.042337988439046015 
+3.084863663598834016 
+3.126559532388661466 
+3.169161606262279385 
+3.246633583039776560 
+3.325090743185669773 
+3.366978931044186218 
+3.409769984108439900 
+3.452590255466926550 
+3.495438455043685444 
+3.539188564424962102 
+3.582965059911855654 
+3.627642868084909544 
+3.671468552329244517 
+3.714439395618172490 
+3.758308002481734356 
+3.801318362434745524 
+3.845224706238152379 
+3.888269526857171421 
+3.932208474866546233 
+3.974403553562453340 
+4.017490326616375285 
+4.060588661188164750 
+4.104577225130430662 
+4.148575307591331196 
+4.191701446461507885 
+4.235714657233973668 
+4.278853215578671154 
+4.321996151448361800 
+4.437350085261656751 
+4.479618574767555650 
+4.522766676299859512 
+4.566793159288069504 
+4.609935816345810622 
+4.653074080108916100 
+4.697087029107269274 
+4.740213015949750641 
+4.819403030766181040 
+4.863383689497334572 
+4.908232294042445432 
+4.952188907786245764 
+4.994374446952288160 
+5.036546418721606244 
+5.079581941046601656 
+5.121723450913355791 
+5.164725811080490558 
+5.206832823325056481 
+5.250674554792119864 
+5.294495060244294393 
+5.337417509814277317 
+5.381192772688839554 
+5.461674559657581973 
+5.506251337756939535 
+5.549926280771755316 
+5.593572656354671935 
+5.635445327328906906 
+5.678161234860032103 
+5.719975939715451929 
+5.762630768081064225 
+5.804383784676236502 
+5.846973756549536105 
+5.889529544007048756 
+5.932050200255532424 
+5.975401434380216870 
+6.017848245733889989 
+6.060257100846784262 
+6.103491357929917704 
+6.146684156266115195 
+6.190697094487888741 
+6.234664868358525958 
+6.278586462340467023 
+6.322460867494953618 
+6.365428213466259422 
+6.407490368565593286 
+6.449506259203666048 
+6.490618985080683245 
+6.532540724619139816 
+6.573559562942029366 
+6.615383777283396327 
+6.657157457232401043 
+6.698879758258733830 
+6.740549841337608150 
+6.783015641908018090 
+6.824577685814976036 
+6.866085010885209172 
+6.907536800110084307 
+6.948088005558280322 
+6.989427468262593202 
+7.029867097312904711 
+7.071091095268824844 
+7.112255585939019298 
+7.152521531221899487 
+7.193565912638096194 
+7.233712708970930549 
+7.274633947632084485 
+7.314658643765746149 
+7.355453747660983588 
+7.396184009649057423 
+7.436019451331134178 
+7.476619152941403001 
+7.516325278760088047 
+7.556791531133339568 
+7.597189285732704356 
+7.636695486359912799 
+7.677776420836689653 
+7.717964374038602138 
+7.758080974837796795 
+7.798942003157841363 
+7.838912310615754109 
+7.878809165340485698 
+7.919443814144995208 
+7.959190179702546608 
+7.999669857827025332 
+8.039262980577934314 
+8.079584899783098351 
+8.119826096727548403 
+8.159985876707297692 
+8.200063550531465850 
+8.240058434509395013 
+8.280767222752723811 
+8.320592808262674112 
+8.359539592691366039 
+8.398404291844450142 
+8.437976891757211106 
+8.478251554701719428 
+8.517648225722982858 
+8.556956833830206222 
+8.596960233413584618 
+8.634525595376649321 
+8.672788069359462781 
+8.710963583739344429 
+8.749827951141044835 
+8.787826014504423355 
+8.825735388808000792 
+8.863555511293922606 
+8.901285824076163422 
+8.938925774128811952 
+8.975709418675338114 
+9.013168875385487055 
+9.049774671709753804 
+9.087051524354315291 
+9.124235343126365194 
+9.160569598253232471 
+9.197567706256446485 
+9.233719047867326779 
+9.270529427477125495 
+9.306495897193668654 
+9.343116567633895642 
+9.378896243086373374 
+9.415325260249920447 
+9.450916254901340352 
+9.487151711170724866 
+9.522552174141269532 
+9.558592198209256097 
+9.594532798860253564 
+9.629643070790720571 
+9.665385490695015847 
+9.701027119304766799 
+9.737291763458337357 
+9.772728384523318823 
+9.808782914801430053 
+9.844012729618171420 
+9.879139531923510020 
+9.914876577345275166 
+9.949793954569724264 
+9.985316426217769603 
+10.020022673208501374 
+10.055328850112744021 
+10.090525145178583344 
+10.124910497878024884 
+10.159887979275472603 
+10.194058092938883320 
+10.228815134051567171 
+10.262768432904803007 
+10.297303444433627106 
+10.331038389176180559 
+10.364664701348694109 
+10.398864906551173348 
+10.432270631033711439 
+10.465566637386144677 
+10.498076413441101096 
+10.531154192701048800 
+10.563449534552741937 
+10.596307746141278017 
+10.629054543066850158 
+10.661689596052660534 
+10.694875145311449671 
+10.727283442704202088 
+10.760236945294426647 
+10.819256447133795973 
+10.851228290406902843 
+10.882437218517818422 
+10.914830001037575613 
+10.946459280766626776 
+10.977973791981261442 
+11.010012856661571590 
+11.041294628255618804 
+11.073095626416534998 
+11.103511065105687194 
+11.134445192692073334 
+11.164635140499255428 
+11.194713136051287705 
+11.225302032869253210 
+11.255773764139462401 
+11.285509782650123611 
+11.315748850735294795 
+11.345870030575049725 
+11.375261962613057776 
+11.405149084025723027 
+11.434917630195732485 
+11.464567378503133455 
+11.494699537547370838 
+11.523509610911967016 
+11.552205067776572633 
+11.581379921604412431 
+11.609843167939541075 
+11.638780579684452121 
+11.667010851301217400 
+11.696294498828349262 
+11.724870627493547914 
+11.753325956189689450 
+11.782237296320626996 
+11.810448015467336802 
+11.838537403610395415 
+11.867074799633510196 
+11.894918540626569836 
+11.923204938193702418 
+11.951364318952734322 
+11.979396520613445176 
+12.007301384966250879 
+12.035078757869577259 
+12.062176746447715203 
+12.089701247390951977 
+12.116551144638236792 
+12.143278050981670901 
+12.169881840117250604 
+12.196901524741893041 
+12.223256196524303618 
+12.249487391913000067 
+12.275594999333453217 
+12.301578910845440973 
+12.327965489743512251 
+12.353699170482913772 
+12.379308851237862399 
+12.404794438561776104 
+12.430672128609074889 
+12.455906726033987297 
+12.481528128014760526 
+12.506511398015572212 
+12.531370157739662119 
+12.556104335162622476 
+12.580212872952294845 
+12.604700229557174396 
+12.628566862105454760 
+12.652807156425460278 
+12.676431660379707367 
+12.700424677824969422 
+12.724778510076518501 
+12.748518958599778017 
+12.772134334534587907 
+12.796102690486730324 
+12.819465257419857096 
+12.842702648412576139 
+12.865814836027531953 
+12.888333926440587618 
+12.910732829020112433 
+12.933474388535142197 
+12.955630364458560422 
+12.978123911684342318 
+13.000036918886703319 
+13.022282423665501483 
+13.043952445083419889 
+13.065949902690167761 
+13.087822064344887707 
+13.109126377049051371 
+13.130750531973458095 
+13.152249425713781861 
+13.173623076327547921 
+13.194439115202367674 
+13.215564901274490239 
+13.236138183893285003 
+13.257016213305362839 
+13.277769136071135847 
+13.298396989093806297 
+13.318899812398365512 
+13.339277649119905433 
+13.359530545491939080 
+13.380068026409738025 
+13.400475522402533812 
+13.420348813967841295 
+13.440499117127867379 
+13.460519620999379597 
+13.480013849854481478 
+13.499777557387158566 
+13.519020267382483524 
+13.538138598310212046 
+13.557518966568807173 
+13.576386238669996942 
+13.595129372956225922 
+13.613748455237852042 
+13.631867361366818869 
+13.650241135848931506 
+13.668862292091205290 
+13.686986082952635968 
+13.704986294629916799 
+13.723226576767547868 
+13.740977426020823060 
+13.758605016629680051 
+13.776109460443162646 
+13.793844314594362999 
+13.811100304446281228 
+13.828233502456047432 
+13.845589909043082955 
+13.862475396052509780 
+13.879238471651667908 
+13.896217603147350772 
+13.912733761859442438 
+13.929127914749969364 
+13.945731021161488883 
+13.961550764860378493 
+13.977905607000735699 
+13.993810684745730200 
+14.009915342293233209 
+14.025575549247339069 
+14.041430660690149779 
+14.057159988487001101 
+14.072141964990192875 
+14.087316819045556215 
+14.102065328106009545 
+14.117002179595811384 
+14.131517870256875113 
+14.146217391759378756 
+14.161093591477488474 
+14.176139192219599394 
+14.191055605208344303 
+14.205265566395670618 
+14.219356652642673566 
+14.233612970119608576 
+14.247464461500145561 
+14.261197658126459231 
+14.275089387940054664 
+14.288584184689383960 
+14.301961289345793915 
+14.315490288891023596 
+14.328630233743934852 
+14.341917666868036818 
+14.355083430652090470 
+14.367868054827610536 
+14.380536262814244353 
+14.393343228654298827 
+14.405776898758166027 
+14.417844590316164499 
+14.430049345905377578 
+14.441893230496702927 
+14.453869965862505609 
+14.465731861390626278 
+14.477240555488872786 
+14.488875810325851035 
+14.500162946596219626 
+14.511572499265289693 
+14.522639005593646289 
+14.534050894178470514 
+14.545120230908452186 
+14.556299087222575039 
+14.567140565930316143 
+14.577869650320410599 
+14.588486597491840513 
+14.598778394117246648 
+14.609174121990397666 
+14.619458491382692600 
+14.629425258687970057 
+14.639489969000628378 
+14.649444118329110864 
+14.659287978476886138 
+14.669021823313828534 
+14.678841198383246081 
+14.688546604567392251 
+14.697947616773134882 
+14.707428244536302486 
+14.716609551727424687 
+14.725866584556374761 
+14.735011145772858754 
+14.743863992907089155 
+14.752786771901421403 
+14.761422870728846846 
+14.770125092562626179 
+14.778545651629599433 
+14.786859981394453456 
+14.795234801291844207 
+14.803171162287220852 
+14.811168622762098224 
+14.818901049832213346 
+14.826690932034148673 
+14.834220612566628716 
+14.841650408382452753 
+14.849132271113884229 
+14.856361121333847564 
+14.863638474046528160 
+14.870667600563535871 
+14.877741697531263299 
+14.884854822035297417 
+14.891722779989304826 
+14.898489202629420447 
+14.905289392116472413 
+14.911851677070245614 
+14.918313425107925241 
+14.924803756652490705 
+14.931063399838176764 
+14.937223519939170302 
+14.943407118182147286 
+14.949367197122164441 
+14.955110140006187436 
+14.960875574217665118 
+14.966428506363213202 
+14.972000649833503871 
+14.977586396547408754 
+14.982962672875398624 
+14.988349286282947048 
+14.993531131672742873 
+14.998720083815674897 
+15.003608084265909639 
+15.008503905959628355 
+15.013305103426406006 
+15.018012037666615299 
+15.022531863838811006 
+15.027053265805015769 
+15.031570893173540782 
+15.035904413953272041 
+15.040231091347667558 
+15.044378234299770725 
+15.048515501745280076 
+15.052477781912156019 
+15.056427191256869236 
+15.060206135169762476 
+15.063969249885818869 
+15.067566395370235455 
+15.071144790355134546 
+15.074561686336313215 
+15.077956947714502789 
+15.081129947743763253 
+15.084282081316967350 
+15.087346731044231518 
+15.090264385847845574 
+15.093156996613370069 
+15.095963281139884060 
+15.098628969489428897 
+15.101265517561877516 
+15.103765687393934769 
+15.106234040627210646 
+15.108665795324387915 
+15.110964085022757786 
+15.113178802509793286 
+15.115310347062795415 
+15.117400071733502642 
+15.119364795952051850 
+15.121247560098836971 
+15.123048767969414996 
+15.124803085517379841 
+15.126440752957423186 
+15.127998090346284954 
+15.129475505809301339 
+15.130901112107711270 
+15.132192208684433155 
+15.133432317538211720 
+15.134594147326048130 
+15.135678111294255999 
+15.136664854065676522 
+15.137595898093156421 
+15.138450313425874327 
+15.139243608276707675 
+15.139957993319441698 
+15.140593913750972632 
+15.141151815764452238 
+15.141623297222096767 
+15.142020701039573538 
+15.142350293051539012 
+15.142599320357197357 
+15.142775549296034754 
+15.142879405131591142 
+15.142911379119526671 
+15.142874714057636965 
+15.142766903817282298 
+15.142592758642603457 
+15.142351191209609595 
+15.142028299642515066 
+15.141633146631814810 
+15.141166190733915897 
+15.140627891311519093 
+15.140018708520095458 
+15.139339103295226252 
+15.138605211284414054 
+15.137821568373482251 
+15.136974277101652220 
+15.136044109002508407 
+15.135048477829236901 
+15.133965501438328971 
+15.132838944912325729 
+15.131623285217727926 
+15.130367596043221567 
+15.129021084919092033 
+15.127666910618927432 
+15.126192678936604352 
+15.124685381426077768 
+15.123149238262396210 
+15.121520679214587091 
+15.119866600502295029 
+15.118118518937787798 
+15.116348210185446277 
+15.114521017517180468 
+15.112597519658955036 
+15.110656653499333402 
+15.108660170529834232 
+15.106565163804472007 
+15.104457571851423126 
+15.102295633987530721 
+15.099986280109877868 
+15.097618891342694525 
+15.095193944953400944 
+15.092711918622971012 
+15.090173290433387621 
+15.087630980798490299 
+15.085035220940547163 
+15.082386461874936145 
+15.079629482247494110 
+15.076875020607527489 
+15.074068923920677321 
+15.071211644427686238 
+15.068303634645008771 
+15.065284453813333698 
+15.062275329936515078 
+15.059216844108064493 
+15.056109449834103486 
+15.052953600837355452 
+15.049683869740281494 
+15.046431507664966176 
+15.043132062493032919 
+15.039854739014948848 
+15.036463429019013560 
+15.033096988273538130 
+15.029615595621475421 
+15.026161783919242509 
+15.022665383274604878 
+15.018978472924562340 
+15.015321382679278628 
+15.011545319383092334 
+15.007801788822606071 
+15.003938469791787469 
+15.000110358404631583 
+14.996241071818971591 
+14.992331065656934186 
+14.988299761743252958 
+14.984308875638159719 
+14.980278646113140084 
+14.976126083815589851 
+14.972017754552974012 
+14.967871457764953647 
+14.963601877621542258 
+14.959380260447279198 
+14.955034771008239858 
+14.950651664148107756 
+14.946231423340346822 
+14.941774531924606251 
+14.937281473094339290 
+14.932843651331294765 
+14.928372012757385789 
+14.923867011669464944 
+14.919422038532566432 
+14.914852332367200205 
+14.910344845731799523 
+14.905712212506845304 
+14.901143953280268306 
+14.896450169285408549 
+14.891822876594481784 
+14.887167014103777518 
+14.882287235480067267 
+14.877475886371364311 
+14.872636120560859041 
+14.867768389413821950 
+14.862772957679148078 
+14.857850101029619339 
+14.852900640351334616 
+14.847925025646038222 
+14.842821374319180805 
+14.837794289344785170 
+14.832742407248458605 
+14.827562329550215026 
+14.822461715038688368 
+14.817232843037926315 
+14.812085323218706634 
+14.806809519463548952 
+14.801510719476310030 
+14.796402676259898357 
+14.791167240185291831 
+14.786018527899887687 
+14.780742446465509943 
+14.775554770548296801 
+14.770239782700198106 
+14.765014844585046205 
+14.759662685092907353 
+14.754292406300343998 
+14.748904449200514577 
+14.743499254195706172 
+14.738077261086285574 
+14.732527755024428018 
+14.726961681473699883 
+14.721379505699138335 
+14.715781692261455049 
+14.710168705004502243 
+14.704541007042003287 
+14.699012036317533614 
+14.693356574516421631 
+14.687801281277401699 
+14.682119862388411491 
+14.676540014278545598 
+14.670834438937644606 
+14.665231797511227185 
+14.659733184363396674 
+14.654109912571513519 
+14.648591913200586845 
+14.643064928213224363 
+14.637413946084055993 
+14.631870026607646906 
+14.626318331291006558 
+14.620643369459340732 
+14.615077177268602782 
+14.609388245547281215 
+14.603809178989383355 
+14.598107930261111420 
+14.592517605086143817 
+14.586805685246233111 
+14.580855568905253250 
+14.575017561885150741 
+14.569175485576030482 
+14.563212833100937615 
+14.557363881456463872 
+14.551512189681147902 
+14.545775295342034283 
+14.539919469100993865 
+14.534179361151451815 
+14.528438280973070107 
+14.522579457175496032 
+14.516954835045531524 
+14.511330451582320933 
+14.505589534891971226 
+14.499966794258282832 
+14.494228344662040797 
+14.488608792583224982 
+14.482874383671845209 
+14.477025666672648896 
+14.471296995205506164 
+14.465571763578985554 
+14.459850367580836306 
+14.454016571765638588 
+14.448304128070839525 
+14.442596708183215171 
+14.436778394705619633 
+14.431082316523490050 
+14.425392439165394265 
+14.419593235612321536 
+14.413917066485918639 
+14.408363877405934161 
+14.402702662315720161 
+14.397164856585920489 
+14.391404984449764015 
+14.385769281754136273 
+14.380142841043442203 
+14.374411513382785444 
+14.368804933592201678 
+14.363208749348855164 
+14.357623333180526970 
+14.352162703183140025 
+14.346599696576888050 
+14.340935397343425706 
+14.335396750592376947 
+14.329870713333157539 
+14.324245275645262510 
+14.318857921650707254 
+14.313371890722836000 
+14.308011446332333350 
+14.302664827077386178 
+14.297221428186144720 
+14.291903768756705873 
+14.286490627164624811 
+14.281203284592164593 
+14.275821779588500959 
+14.270347460863387568 
+14.264999654362323867 
+14.259560443423296761 
+14.254247746386637274 
+14.248845076221376971 
+14.243353924011840306 
+14.237882916710200121 
+14.232539107164448922 
+14.227215382422675916 
+14.221912097236087291 
+14.216735048335623404 
+14.211578298971335954 
+14.206337576154142610 
+14.201118679562700464 
+14.196025669708486561 
+14.190851006577434035 
+14.185699193717839606 
+14.180570570956323451 
+14.175465476182047553 
+14.170485633920975488 
+14.165428113756437511 
+14.160395116872610544 
+14.155486890502839259 
+14.150503421499498913 
+14.145644360761917113 
+14.140711697967876859 
+14.135903047913510377 
+14.131119804440759324 
+14.126459100527942070 
+14.121727032534320045 
+14.117117028695055581 
+14.112437294108394426 
+14.107784431407086601 
+14.103158730260224374 
+14.098654043971565741 
+14.093989961420529511 
+14.089447463144782802 
+14.084841435384106489 
+14.080356403681602018 
+14.075809595570840216 
+14.071383163618257583 
+14.066896722854277613 
+14.062441201344700659 
+14.058016885158465925 
+14.053711604218545261 
+14.049349909640174161 
+14.045020259365163184 
+14.040808558407530171 
+14.036628157314025245 
+14.032394972502590491 
+14.028278589881626459 
+14.024194274827209483 
+14.020142277130517527 
+14.016041155945885066 
+14.012055205669820879 
+14.008021988471252683 
+14.004103078008618866 
+14.000138768041411552 
+13.996209634996708004 
+13.992315927487080529 
+13.988534701205921351 
+13.984787963356485108 
+13.981000548471151035 
+13.977324181684608106 
+13.973609039530668241 
+13.969930748250195762 
+13.966289539023353683 
+13.962685640467755732 
+13.959119278624493532 
+13.955590676945973883 
+13.952100056282640494 
+13.948716307546632720 
+13.945301530599241602 
+13.941992520435036340 
+13.938654422315318371 
+13.935420959040186517 
+13.932160354214055076 
+13.929003225815797862 
+13.925820907905203327 
+13.922740881846829453 
+13.919637623431478701 
+13.916635446456908198 
+13.913611998874710451 
+13.910688396814013146 
+13.907803947410183554 
+13.904901167538451290 
+13.902096338703053391 
+13.899331168279733362 
+13.896605818478887429 
+13.893920448887541852 
+13.891275216456250519 
+13.888723033797358397 
+13.886157709069987476 
+13.883684091936778771 
+13.881199258911902206 
+13.878755302049025744 
+13.876352362350601766 
+13.873942807902167829 
+13.871623158724906588 
+13.869298873974130970 
+13.867063057239121804 
+13.864824583585075857 
+13.862673118465524524 
+13.860520973996026228 
+13.858454356721930267 
+13.856389036014464367 
+13.854407739679023948 
+13.852468840754269763 
+13.850534187965880761 
+13.848718661624895176 
+13.846907587506622761 
+13.845174981425735439 
+13.843448745701644853 
+13.841799427868641814 
+13.840125353685852616 
+13.838528374607903970 
+13.836943395794286005 
+13.835403544780481511 
+13.833938353863729276 
+13.832488097896780133 
+13.831083207788161360 
+13.829723756969684700 
+13.828435648006035308 
+13.827166370833381848 
+13.825966757484232872 
+13.824811032406609357 
+13.823699249387839671 
+13.822610125913204371 
+13.821587275339023648 
+13.820588995135583588 
+13.819636662459675591 
+13.818747993820164055 
+13.817869998481629779 
+13.817071571710354050 
+13.816302478556112376 
+13.815593508560844782 
+13.814928850269794225 
+13.814320739184246634 
+13.813743852892670816 
+13.813221749863888732 
+13.812732685094921692 
+13.812287994658845491 
+13.811895407621261000 
+13.811538565971504866 
+13.811232031368572137 
+13.810963024946916633 
+13.810734252750838991 
+13.810554852141212479 
+13.810419778441206162 
+13.810327620470518539 
+13.810282040798426806 
+13.810280302314591694 
+13.810322303026516977 
+13.810410716222641270 
+13.810545106017151795 
+13.810725429600429592 
+13.810951640466015533 
+13.811223688398371223 
+13.811541519458904403 
+13.811897357124909291 
+13.812305665016943124 
+13.812750048493956712 
+13.813248577955047125 
+13.813781242730794219 
+13.814357495561335298 
+13.814990361862175661 
+13.815668451096810188 
+13.816376769321898621 
+13.817128349278309685 
+13.817923101257530760 
+13.818760931976200368 
+13.819660167174085075 
+13.820584735221231654 
+13.821552078427821186 
+13.822583144971542168 
+13.823636578841725253 
+13.824755257047453227 
+13.825894311607761722 
+13.827100106520003209 
+13.828324281583377342 
+13.829616667318315848 
+13.830925432289847166 
+13.832303851835153097 
+13.833725501165851313 
+13.835190226159518545 
+13.836667296227666668 
+13.838216840407159935 
+13.839776717753693447 
+13.841344268361662984 
+13.842984645527865339 
+13.844665439323952327 
+13.846386478065204173 
+13.848183943180156774 
+13.849985753596509852 
+13.851827267072213346 
+13.853708296437012848 
+13.855668249644397250 
+13.857628530252179999 
+13.859668941864939029 
+13.861707661669042224 
+13.863784894541197446 
+13.865944001192712420 
+13.868054052368430362 
+13.870200442486627423 
+13.872428814094575955 
+13.874694609840613424 
+13.876997599139265560 
+13.879385684603185780 
+13.881763100081107254 
+13.884176988255186203 
+13.886677480120894757 
+13.889215425036617546 
+13.891790552040797380 
+13.894402585747567258 
+13.897051246333823826 
+13.899736249526853271 
+13.902457306591458064 
+13.905103168722783735 
+13.907837873595068956 
+13.910549528775444372 
+13.913293333924325879 
+13.916127177786520974 
+13.918935109623916446 
+13.921833830964235545 
+13.924764873284118494 
+13.927727927470794356 
+13.930722680178330819 
+13.933748813816411172 
+13.936868719345609335 
+13.939957268817501301 
+13.943140180175268128 
+13.946289796431205588 
+13.949534318978381364 
+13.952743617527243458 
+13.956048320361272630 
+13.959315881076477694 
+13.962544199227082231 
+13.965867433196301306 
+13.969149591390634058 
+13.972527067006129897 
+13.975861646191557242 
+13.979362175904661569 
+13.982819047933730872 
+13.986301616801348757 
+13.989881340775934149 
+13.993342273750133842 
+13.996899565029995216 
+14.000480959523461166 
+14.004012240288032487 
+14.007640136977084211 
+14.011290903143933662 
+14.014964115739104500 
+14.018659347175262297 
+14.022376165317464114 
+14.026190635669777862 
+14.029949730568592514 
+14.033729079215390811 
+14.037528231071570772 
+14.041346730991284275 
+14.045105619416563769 
+14.048961060215390262 
+14.052755239960154299 
+14.056645783946560613 
+14.060473437142551489 
+14.064397210481530465 
+14.068256483766527154 
+14.072211576300500013 
+14.076262929648958533 
+14.080247979594822993 
+14.084247094759192009 
+14.088259764093548299 
+14.092367761208839383 
+14.096406236705096404 
+14.100456693859548807 
+14.104601614008993593 
+14.108674656106938272 
+14.112841502586196185 
+14.117018562971319184 
+14.121121428753170335 
+14.125232988292701464 
+14.129268529062164461 
+14.133395643774864681 
+14.137445334369539651 
+14.141585773612499466 
+14.145647410298312963 
+14.149714131897844993 
+14.153870247064952892 
+14.157945550796711132 
+14.162109259122097171 
+14.166190847718755919 
+14.170274685068498854 
+14.174445323201165792 
+14.178531940820519708 
+14.182619051956848466 
+14.186876347669475251 
+14.191047747337798057 
+14.195217761997355410 
+14.199300712039089944 
+14.203466083139339560 
+14.207543235374991752 
+14.211616586342856294 
+14.215770230280902808 
+14.219833991473326051 
+14.223976531264590051 
+14.228196786251167794 
+14.232409424204860215 
+14.236613713063817954 
+14.240725104960636926 
+14.244910680903274169 
+14.249085692871831910 
+14.253249386389200026 
+14.257318092328837622 
+14.261457127271166101 
+14.265582561778742843 
+14.269611543567847889 
+14.273707751112070241 
+14.277788025595212318 
+14.281851572848436760 
+14.285816849514514359 
+14.289764534866222334 
+14.293853845181534012 
+14.297922404517159123 
+14.301890201239540801 
+14.305915081910903552 
+14.309916589968741718 
+14.313738331055469999 
+14.317459592172092187 
+14.321234637281230917 
+14.324908610572375522 
+14.328633795110551574 
+14.332257359903646687 
+14.335929477046038372 
+14.339573554358494789 
+14.343188757216410067 
+14.346774245497311284 
+14.350329173572729857 
+14.353852690294052863 
+14.357343938981127707 
+14.360802057411813593 
+14.364226177809044316 
+14.367615426829386749 
+14.371036985864735769 
+14.374420380659159946 
+14.377698169035928899 
+14.381003202143155306 
+14.384267234228934385 
+14.387361236410514564 
+14.390478913526560945 
+14.393492134858444587 
+14.396525542696384292 
+14.399454435134382280 
+14.402399929686783508 
+14.405240901952023336 
+14.408037025716435409 
+14.410844212389271490 
+14.413546966572733155 
+14.416256955534990425 
+14.418862640229075822 
+14.421471632131897422 
+14.423976503579769570 
+14.426480654223714950 
+14.428930368088732195 
+14.431324646897206065 
+14.433615346332082652 
+14.435896919410838635 
+14.438164802622779348 
+14.440327241570853900 
+14.442429166330148504 
+14.444469543443968718 
+14.446487037619506921 
+14.448361491378683752 
+14.450210965719932688 
+14.451958960839148105 
+14.453677264839306815 
+14.455294720530545760 
+14.456877665258378585 
+14.458360455381011889 
+14.459832514206308218 
+14.461202238882700399 
+14.462524388467263847 
+14.463744953218892419 
+14.464912591289278865 
+14.465979460966686077 
+14.466987934337275590 
+14.467931916407895443 
+14.468773161462653576 
+14.469501166218616817 
+14.470162781854893908 
+14.470729899837342813 
+14.471225009526111904 
+14.471626786915589236 
+14.471945084615082777 
+14.472182756395753245 
+14.472333183776290966 
+14.472389329238961153 
+14.472351653684661699 
+14.472221004775784436 
+14.471990595257686607 
+14.471668404771186545 
+14.471249568178098599 
+14.470744388517848833 
+14.470130602777775408 
+14.469416491793204216 
+14.468600808262943147 
+14.467702079799426684 
+14.466681620847172240 
+14.465555835420838449 
+14.464349675697675934 
+14.463011627890953292 
+14.461595077124846043 
+14.460039730909876710 
+14.458407831597657633 
+14.456630101386476639 
+14.454738083707809437 
+14.452772597853492442 
+14.450650447751220540 
+14.448410067454432237 
+14.446099487055882094 
+14.443621112611690904 
+14.441020507858709720 
+14.438353157416162986 
+14.435447179237357318 
+14.432471724986491779 
+14.429368579638879311 
+14.426136361663093766 
+14.422773682970301934 
+14.419279148903816790 
+14.415651358224963019 
+14.411888903104648207 
+14.407909380338431049 
+14.403870525453335460 
+14.399692713761265139 
+14.395284912325429616 
+14.390821967424944461 
+14.386120205210707113 
+14.381366216688771686 
+14.376364434576505147 
+14.371313436923944806 
+14.366005519475478991 
+14.360651491893021259 
+14.355145235267535497 
+14.349368133354419186 
+14.343549742473694408 
+14.337451000670931478 
+14.331314315940558046 
+14.324887620415641010 
+14.318426426269656559 
+14.311665405978342136 
+14.304873430686843250 
+14.297915397797982706 
+14.290789750239110134 
+14.283344277525086952 
+14.275875200859395875 
+14.268233764813174957 
+14.260257064783502301 
+14.252262549875801767 
+14.244259418474811696 
+14.235912628394789436 
+14.227385486042361862 
+14.218855938710291298 
+14.209966989840133067 
+14.200892842979072839 
+14.191631857927900384 
+14.181987566989429084 
+14.172344059263737748 
+14.162508716709510281 
+14.152479870901544245 
+14.142255846363747551 
+14.131620227801398926 
+14.120996721419363240 
+14.110172932763678233 
+14.099147157897407467 
+14.087686379874446274 
+14.076011679956618394 
+14.064361160211941382 
+14.052257478782266276 
+14.040183013249119881 
+14.027896081008581319 
+14.015394927677146342 
+14.002677791678513231 
+13.989742904235427545 
+13.976588489354043077 
+13.962937472923762527 
+13.949334074494316837 
+13.935505740480806480 
+13.921450665766920807 
+13.907460837140643406 
+13.892354421786384577 
+13.877299992695874664 
+13.862001801564879599 
+13.846457891328965317 
+13.830666296974305496 
+13.815271513822068528 
+13.798660492723536564 
+13.782119068325474842 
+13.765322060018084116 
+13.747923729851127206 
+13.730604318697757549 
+13.713023244659190425 
+13.695178478659714827 
+13.677432810822391929 
+13.659059916984041649 
+13.640792747492291426 
+13.621883676636823424 
+13.603087086473635736 
+13.584025511070938919 
+13.565094128829803921 
+13.545904731533113363 
+13.526047490444486954 
+13.506331006832271058 
+13.485931801912055761 
+13.465255845728853146 
+13.444301130832982949 
+13.423065642181001067 
+13.401547357127578053 
+13.379744245412339865 
+13.357200452046527062 
+13.335275382808305267 
+13.312605533219340259 
+13.290114232270347827 
+13.267339801024206736 
+13.243313259434536633 
+13.219464999767932767 
+13.195315438581005196 
+13.170360262805900220 
+13.145595536521515356 
+13.120523144788844405 
+13.094619720849847155 
+13.068919234888237924 
+13.042370453331479041 
+13.016033144671325772 
+12.988830066115180983 
+12.961847141988794618 
+12.934541397985913846 
+12.906343364487451453 
+12.878952731932571396 
+12.850665431038116537 
+12.822633940253945539 
+12.793688109184184754 
+12.764406319737776840 
+12.735394231535106968 
+12.705440812794329020 
+12.675144783460641662 
+12.618598961697653493 
+12.586676753972668052 
+12.554388733239825626 
+12.521732477882203227 
+12.489369744294918974 
+12.455977206174662086 
+12.422888222143498638 
+12.389436293837633229 
+12.355619101528795056 
+12.320732824922837167 
+12.286170539256815459 
+12.251235934087889135 
+12.215202141990706863 
+12.178775721529655485 
+12.142694476089378242 
+12.105483218304659232 
+12.067871806477775465 
+12.030621942740346242 
+11.992210715118241993 
+11.954172121637709481 
+11.916527792880511782 
+11.876910420812718527 
+11.837682452460732918 
+11.797240193876707082 
+11.757198842396460847 
+11.715921487365479337 
+11.675056713018975074 
+11.632933982160563957 
+11.590380364902154398 
+11.547393212467218504 
+11.503096932696379895 
+11.459225923083304011 
+11.414913324271731554 
+11.370156451205298609 
+11.324952609772385159 
+11.280216591360346712 
+11.234119768883392254 
+11.187567895751300284 
+11.140558241677977591 
+11.094042001608272585 
+11.047080891007638570 
+10.998700115249615550 
+10.951813668745408847 
+10.903502341217897964 
+10.854735711403954213 
+10.805511150185683533 
+10.754807223562634633 
+10.703620925785189755 
+10.651949436068646193 
+10.598741736839352612 
+10.546081517638970837 
+10.495063207129820881 
+10.442510014233040039 
+10.389477274460439560 
+10.337059262091790046 
+10.283069223886680987 
+10.229708229715891221 
+10.174750218658392242 
+10.073665531931110806 
+10.017311877425921551 
+9.960457401585447457 
+9.904274955430944161 
+9.846420868176311458 
+9.789253861550834657 
+9.729182556056978015 
+9.669792722484372050 
+9.608657342187701289 
+9.548218955819830711 
+9.487257311625858947 
+9.424509215792920003 
+9.362481690643154053 
+9.298640010439640946 
+9.235534922789435441 
+9.170587701203141151 
+9.106393296804819570 
+9.041655364583332855 
+8.976370998330997608 
+8.911886338657520668 
+8.845511650400519343 
+8.778581816177526420 
+8.712476796942130619 
+8.644439316473750523 
+8.574431977441369312 
+8.502416298145377027 
+8.431213206415312911 
+8.357971265825236529 
+8.285559472916268930 
+8.212544496661065452 
+8.138923134307029628 
+8.064692173331598823 
+7.989848391434192010 
+7.914388556516708917 
+7.836781504956963573 
+7.760067344307402415 
+7.684280265515520902 
+7.609454083262877866 
+7.534045238438493719 
+7.456461355026005933 
+7.379866151505147798 
+7.301065098737996806 
+7.221644537354062088 
+7.143241113369622752 
+7.062584928324948663 
+6.982965057364074468 
+6.901060898871767435 
+6.820212448282337192 
+6.735343991459496138 
+6.649807579493491438 
+6.565330571782350688 
+6.478461576670335731 
+6.390914473295310039 
+6.302685834591479797 
+6.217341962561286905 
+6.129565790906024603 
+6.042936908855384814 
+5.953842572205106265 
+5.865916155190061154 
+5.775490831488748533 
+5.686254283649633479 
+5.594485078361304708 
+5.503925732747211086 
+5.410799678672818303 
+5.316983253310029411 
+5.224408854167492677 
+5.129215924994197096 
+5.033322653912357225 
+4.934746958072691037 
+4.837428433058053479 
+4.737391358220341075 
+4.638633764839871887 
+4.537121174765660570 
+4.438962962124072931 
+4.338042917580759550 
+4.236395204909235268 
+4.136113077205519239 
+4.033014720059131974 
+3.929178412589382496 
+3.822458701258721447 
+3.714963301826221809 
+3.608861664899300159 
+3.499819455426782966 
+3.389990479071982143 
+3.283811001329002721 
+3.174664552019082819 
+3.067002704675750202 
+2.956336061696255513 
+2.847178227027317376 
+2.734977451418349581 
+7.998310412017646698 
+7.998310412017646698 
