23
73
122
172
221
270
319
368
416
465
513
562
610
659
707
756
806
855
904
954
1003
1051
1100
1148
1197
1245
1294
1342
1391
1441
1490
1539
1588
1638
1687
1736
1784
1832
1881
1929
1978
2026
2074
2123
2171
2219
2269
2318
2367
2417
2466
2515
2563
2612
2660
2709
2758
2807
2856
2906
2954
3003
3051
3100
3148
3197
3246
3295
3345
3394
3443
3493
3541
3589
3638
3686
3734
3783
3832
3881
3931
3980
4029
4077
4126
4174
4223
4272
4321
4370
4419
4469
4518
4567
4616
4665
4713
4761
4810
4858
4906
4955
5005
5054
5102
5151
5199
5248
5296
5345
5395
5444
5493
5543
5592
5641
5689
5738
5786
5835
5883
5932
5980
6029
6077
6126
6175
6224
6273
6323
6372
6421
6470
6520
6569
6619
6668
6718
6767
6816
6865
6915
6964
7013
7062
7112
7161
7210
7259
7309
7358
7408
7457
7507
7556
7604
7653
7701
7750
7798
7846
7895
7945
7995
8045
8095
8145
8195
8243
8292
8340
8389
8437
8485
8535
8584
8633
8683
8733
8783
8833
8882
8932
8982
9031
9081
9131
9181
9230
9279
9328
9378
9427
9476
9526
9576
9626
9675
9724
9773
9823
9872
9921
9970
10018
10066
10115
10163
10212
10260
10309
10357
10406
10454
10503
10551
10601
10651
10700
10750
10799
10848
10897
10946
10996
11046
11095
11144
11194
11243
11293
11342
11391
11441
11490
11539
11589
11638
11687
11736
11786
11835
11885
11934
11983
12032
12081
12129
12178
12226
12275
12323
12372
12422
12471
12521
12570
12619
12668
12718
12767
12816
12866
12915
12964
13014
13062
13111
13159
13208
13256
13305
13354
13403
13454
13505
13556
13606
13657
13706
13754
13802
13851
13899
13947
13996
14045
14095
14144
14194
14243
14292
14342
14390
14439
14487
14536
14584
14633
14682
14732
14781
14830
14879
14929
14978
15027
15076
15126
15175
15224
15273
15323
15372
15422
15471
15521
15570
15620
15669
15718
15767
15816
15865
15913
15962
16013
16064
16115
16165
16216
16266
16315
16365
16413
16462
16510
16559
16609
16659
16709
16759
16809
16858
16908
16958
17007
17057
17106
17154
17203
17251
17300
17349
17398
17448
17497
17547
17596
17646
17695
17745
17794
17843
17892
17941
17990
18040
18088
18137
18186
18234
18283
18332
18381
18430
18480
18529
18578
18627
18677
18725
18773
18822
18870
18919
18968
19017
19066
19115
19164
19213
19263
19312
19361
19411
19461
19511
19559
19608
19656
19706
19755
19804
19853
19903
19951
20000
20049
20099
20148
20196
20245
20293
20341
20390
20440
20489
20537
20586
20634
20683
20732
20781
20831
20880
20929
20978
21028
21077
21126
21175
21225
21274
21324
21373
21423
21472
21522
21571
21620
21668
21717
21765
21814
21864
21913
21962
22012
22061
22110
22160
22209
22258
22307
22357
22405
22454
22502
22550
22599
22647
22696
22744
22793
22841
22890
22939
22989
23038
23087
23137
23186
23236
23286
23336
23385
23434
23484
23533
23583
23632
23682
23731
23780
23829
23879
23927
23977
24026
24075
24124
24173
24222
24272
24321
24370
24418
24467
24516
24565
24613
24662
24710
24759
24808
24856
24904
24953
25002
25050
25099
25148
25196
25245
25295
25345
25395
25445
25495
25545
25595
25644
25693
25742
25792
25841
25889
25939
25989
26038
26088
26138
26188
26237
26287
26337
26386
26436
26485
26533
26582
26632
26681
26731
26780
26830
26879
26928
26976
27025
27073
27121
27170
27218
27267
27315
27363
27412
27460
27509
27559
27608
27658
27707
27757
27807
27856
27905
27954
28003
28052
28102
28151
28200
28250
28300
28349
28399
28448
28498
28547
28596
28646
28695
28745
28794
28843
28893
28942
28991
29040
29089
29139
29188
29237
29286
29336
29386
29435
29485
29534
29584
29634
29683
29733
29782
29831
29881
29929
29978
30027
30077
30126
30175
30224
30273
30323
30373
30423
30473
30523
30573
30623
30671
30719
30768
30816
30864
30913
30961
31010
31059
31107
31156
31205
31253
31302
31351
31401
31450
31499
31549
31598
31648
31697
31746
31796
31845
31894
31943
31992
32041
32089
32138
32186
32235
32284
32334
32383
32432
32481
32531
32580
32629
32720
32769
32818
32868
32917
32966
33015
33065
33115
33164
33214
33264
33313
33363
33412
33461
33509
33558
33607
33655
33705
33754
33803
33853
33902
33952
34002
34052
34101
34150
34200
34249
34298
34347
34396
34444
34494
34543
34592
34641
34690
34740
34788
34836
34885
34933
34981
35029
35078
35126
35175
35223
35272
35320
35369
35419
35468
35518
35567
35617
35667
35716
35765
35813
35861
35910
35958
36007
36055
36104
36154
36203
36252
36301
36350
36400
36448
36497
36546
36596
36645
36695
36744
36794
36843
36892
36942
36991
37040
37089
37139
37188
37237
37287
37336
37386
37436
37485
37535
37585
37634
37684
37734
37783
37833
37881
37930
37978
38027
38076
38124
38173
38223
38272
38321
38371
38420
38469
38518
38567
38617
38666
38715
38764
38813
38863
38912
38961
39010
39060
39109
39158
39208
39257
39307
39356
39406
39455
39505
39555
39605
39655
39706
39754
39803
39852
39901
39949
39999
40047
40096
40144
40192
40241
40290
40340
40388
40436
40485
40533
40581
40630
40678
40726
40775
40823
40872
40921
40971
41020
41070
41119
41168
41218
41267
41316
41366
41415
41465
41514
41564
41613
41663
41712
41762
41811
41861
41910
41959
42009
42058
42107
42156
42245
42294
42342
42391
42439
42488
42536
42585
42634
42682
42732
42782
42832
42881
42930
42979
43028
43078
43127
43177
43226
43276
43325
43374
43424
43473
43522
43571
43619
43668
43716
43765
43813
43864
43914
43964
44014
44064
44115
44164
44213
44262
44312
44361
44410
44458
44508
44557
44606
44655
44704
44754
44802
44850
44899
44947
44995
45044
45094
45143
45192
45242
45290
45338
45387
45435
45483
45532
45581
45631
45680
45729
45778
45826
45874
45923
45971
46021
46071
46121
46171
46221
46270
46319
46368
46417
46467
46516
46565
46615
46664
46713
46762
46812
46861
46909
46957
47006
47055
47103
47152
47201
47250
47299
47348
47397
47445
47494
47542
47591
47640
47689
47738
47786
47835
47884
47932
47981
48031
48080
48129
48178
48228
48277
48326
48376
48425
48475
48524
48574
48623
48671
48720
48769
48817
48866
48914
48963
49012
49061
49111
49160
49209
49258
49306
49355
49403
49451
49500
49548
49597
49647
49696
49746
49795
49845
49894
49944
49993
50043
50093
50142
50191
50241
50290
50339
50388
50438
50487
50536
50584
50633
50682
50731
50780
50829
50878
50928
50977
51026
51075
51125
51174
51224
51272
51321
51370
51419
51467
51516
51566
51615
51665
51715
51764
51814
51864
51913
51963
52012
52061
52110
52160
52209
52258
52307
52357
52406
52455
52505
52554
52603
52651
52700
52748
52797
52846
52894
52943
52991
53040
53088
53137
53185
53233
53282
53331
53380
53430
53479
53529
53579
53629
53678
53728
53777
53827
53876
53925
53974
54024
54072
54120
54169
54218
54266
54315
54364
54413
54462
54511
54560
54610
54658
54706
54755
54804
54852
54900
54949
54998
55048
55097
55145
55194
55242
55292
55342
55391
55441
55490
55539
55588
55636
55685
55733
55782
55830
55879
55928
55976
56025
56074
56122
56172
56221
56270
56320
56369
56418
56468
56517
56567
56617
56667
56716
56765
56813
56861
56910
56958
57007
57056
57105
57153
57202
57252
57302
57352
57401
57450
57499
57549
57598
57647
57696
57744
57793
57841
57890
57938
57988
58037
58086
58135
58184
58233
58282
58330
58378
58427
58475
58523
58573
58622
58671
58721
58770
58819
58869
58918
58968
59017
59066
59116
59165
59214
59263
59312
59361
59409
59457
59506
59554
59603
59652
59701
59750
59798
59847
59896
59944
59993
60042
60092
60141
60190
60240
60290
60339
60388
60438
60487
60536
60585
60634
60683
60732
60782
60831
60880
60929
60978
61027
61076
61126
61175
61224
61274
61324
61373
61423
61472
61521
61570
61618
61667
61716
61764
61813
61861
61910
61958
62006
62055
62103
62152
62200
62249
62297
62346
62394
62443
62492
62542
62592
62642
62691
62741
62790
62839
62889
62938
62987
63035
63084
63132
63180
63229
63277
63326
63375
63423
63472
63521
63570
63619
63669
63719
63768
63818
63868
63917
63966
64016
64064
64112
64161
64209
64257
64305
64355
64404
64453
64503
64552
64603
64654
64704
64753
64801
64850
64898
64946
64995
65043
65091
65140
65189
65238
65287
65337
65386
65435
65483
65532
65580
65629
65677
65725
65775
65824
65873
65922
65972
66021
66070
66119
66168
66218
66267
66316
66365
66413
66461
66510
66558
66607
66655
66703
66752
66801
66849
66898
66946
66995
67044
67094
67143
67192
67241
67289
67338
67387
67436
67486
67535
67583
67632
67680
67729
67778
67827
67876
67926
67976
68026
68076
68125
68175
68225
68273
68322
68371
68420
68469
68519
68569
68618
68667
68716
68766
68816
68866
68915
68966
69016
69066
69115
69165
69214
69263
69312
69361
69410
69459
69508
69556
69605
69653
69701
69750
69798
69846
69894
69943
69991
70039
70088
70137
70187
70236
70286
70335
70385
70434
70483
70532
70581
70631
70680
70729
70779
70828
70878
70927
70977
71027
71075
71124
71174
71223
71272
71321
71370
71420
71470
71520
71570
71620
71670
71719
71769
71818
71867
71917
71966
72015
72065
72114
72163
72212
72261
72310
72360
72408
72457
72506
72554
72603
72652
72701
72750
72798
72848
72897
72946
72995
73045
73094
73142
73192
73242
73292
73342
73392
73441
73490
73539
73588
73636
73685
73733
73782
73830
73879
73927
73976
74024
74073
74122
74170
74219
74268
74316
74365
74414
74463
74512
74561
74609
74658
74706
74755
74803
74852
74900
74948
74997
75045
75094
75142
75190
75239
75287
75336
75384
75433
75482
75531
75581
75629
75678
75726
75774
75822
75871
75920
75969
76019
76068
76117
76166
76215
76263
76312
76360
76408
76457
76505
76554
76604
76654
76703
76753
76803
76853
76902
76952
77001
77050
77100
77149
77199
77249
77298
77348
77397
77445
77494
77542
77591
77639
77688
77738
77787
77837
77886
77936
77985
78035
78084
78134
78183
78232
78282
78331
78381
78431
78481
78530
78579
78627
78676
78725
78775
78824
78873
78922
78972
79021
79071
79120
79169
79219
79268
79317
79367
79416
79465
79514
79563
79611
79660
79708
79756
79805
79853
79901
79950
79998
80046
80095
80143
80192
80242
80291
80340
80389
80439
80488
80537
80586
80635
80685
80734
80783
80832
80882
80931
80980
81030
81079
81128
81176
81224
81273
81321
81371
81420
81470
81520
81570
81620
81670
81720
81769
81817
81865
81914
81963
82012
82061
82111
82160
82209
82258
82308
82358
82407
82456
82506
82556
82605
82655
82704
82753
82803
82852
82901
82950
83000
83049
83098
83147
83195
83244
83293
83342
83392
83441
83490
83540
83589
83638
83688
83737
83786
83836
83885
83934
83983
84033
84082
84132
84181
84231
84280
84329
84379
84428
84477
84526
84575
84625
84673
84722
84770
84819
84867
84916
84964
85013
85062
85110
85159
85207
85255
85304
85352
85401
85451
85500
85549
85599
85648
85696
85745
85793
85842
85890
85939
85987
86035
86084
86133
86182
86232
86281
86331
86380
