+9.822971144674008670 
+9.654037636057715588 
+9.483150596555512735 
+9.317139010947503408 
+9.149220238674445227 
+8.986104566336306831 
+8.821127587274482096 
+8.660881948796312457 
+8.498820421766179578 
+8.344617341906834795 
+8.188585804800764478 
+8.037088456777961909 
+7.883806768861722603 
+7.734991178323682881 
+7.459510392469521634 
+7.311461167870760391 
+7.167748342729609590 
+7.022377832230873196 
+6.878351332754701453 
+6.735662720581463425 
+6.597177448820001899 
+6.457119308179700923 
+6.321199144924014135 
+6.183747659425465670 
+6.050369333151730089 
+5.915500806423722224 
+5.784641163046074119 
+5.652332018466576180 
+5.523968021071835821 
+5.394194801497208758 
+5.265693736404040592 
+5.135875398795993974 
+5.009926496428718679 
+4.885231853877423092 
+4.759279222691595201 
+4.637100729331566917 
+4.516158740583657405 
+4.394017093353318693 
+4.275555521540612247 
+4.155932781041796531 
+4.039927880700386886 
+3.922799880744888945 
+3.806922706564923153 
+3.694570733465593726 
+3.583408439884105512 
+3.471197932268379915 
+3.362421823345481897 
+3.252634321685532903 
+3.146221150697242841 
+3.040968952384361934 
+2.938984992045244660 
+2.836014398772936040 
+2.736254679079211272 
+2.635543667861178996 
+2.537986672079710182 
+2.439513335837496300 
+2.263519669458072592 
+2.168192303314436131 
+1.997872923677121548 
+1.905647753317879278 
+1.816362629344412838 
+1.726291968231061347 
+1.635496622512867759 
+1.547602880203557518 
+1.459017580477127041 
+1.371539903872900368 
+1.216853032262172007 
+1.134123767778461911 
+1.050781319042956241 
+0.970153961153179978 
+0.888945226048196702 
+0.810398070276569626 
+0.731300962763896223 
+0.654812424878093324 
+0.579334850441451721 
+0.506372811038758641 
+0.372153099604926041 
+0.301938355130728198 
+0.174248318980897210 
+0.103927713495190588 
+0.035994773119703893 
-0.032328638900146700 
-0.098314792450771904 
-0.163345100993597114 
-0.228722536699946133 
-0.293115407989461119 
-0.356529092180023710 
-0.418968951112146826 
-0.480440331168498602 
-0.539747803094392964 
-0.647453205656818298 
-0.702997408366847765 
-0.758802170131552600 
-0.814817131469958156 
-0.869899246834554773 
-0.924053743624035917 
-0.976230198088218870 
-1.028563372155609557 
-1.079984414715244867 
-1.129497065794048183 
-1.177159358322318994 
-1.224961974055068126 
-1.270958396584171979 
-1.317069869198531862 
-1.361418875294688746 
-1.405857988661953328 
-1.449459408699084406 
-1.526526721088028893 
-1.566960425316493044 
-1.640656927092338790 
-1.678841016574549982 
-1.717022338794967240 
-1.753646929558088985 
-1.791722326831143519 
-1.828939213623220539 
-1.865302797321522377 
-1.900818269214212819 
-1.934146913674389623 
-1.967358381368736531 
-1.999128853655969706 
-2.030134985399723035 
-2.060381311348137956 
-2.089872352638566966 
-2.118612616815193306 
-2.146606597846664855 
-2.173858776143736904 
-2.200907091679017213 
-2.226674141085066339 
-2.252216279325221393 
-2.277492849580147194 
-2.301517379980413835 
-2.325255730065025617 
-2.347781720394152671 
-2.370001238214694439 
-2.390633833541329523 
-2.410969200031283677 
-2.430198326534050324 
-2.449110585010123131 
-2.466953861230370748 
-2.484460933727987708 
-2.500935868387008654 
-2.516739986936936901 
-2.532179557323056329 
-2.546641304799440064 
-2.560719916513646055 
-2.574378891934784974 
-2.587087117167614636 
-2.599357559632089476 
-2.610713528414368767 
-2.621406736398753878 
-2.631247310390836702 
-2.640641219822086327 
-2.649216893595966127 
-2.657172706941491214 
-2.664512748643049989 
-2.671372066978113580 
-2.677598783911834701 
-2.683091363049282307 
-2.687984560142849588 
-2.692282398521932407 
-2.696058401979827934 
-2.699165595989773792 
-2.701689504937494490 
-2.703667781665274106 
-2.705047063784199679 
-2.705821655591629238 
-2.706027281821796748 
-2.705646364195930076 
-2.704683053200735543 
-2.703177957058064962 
-2.701073697783368033 
-2.698458379416042163 
-2.695229281912631336 
-2.691519476726247362 
-2.687181544091203023 
-2.682392882823647184 
-2.677075992941446714 
-2.671359093398804063 
-2.665007694506202895 
-2.658284638843506187 
-2.651069026785711102 
-2.643198686421886379 
-2.634646261181408988 
-2.625757627706342134 
-2.616173854257136000 
-2.606075047563273017 
-2.595682298101200658 
-2.584575242021383445 
-2.573201877006230376 
-2.561101787850624589 
-2.548762668062785508 
-2.535684657719686541 
-2.522394541753033792 
-2.508639159468890156 
-2.494127162544385712 
-2.479138229302781937 
-2.463676134971864329 
-2.447744641472077376 
-2.431347497436030736 
-2.414488438227987643 
-2.397171185963438589 
-2.364857315715797270 
-2.331092431199291326 
-2.312498578335910437 
-2.293101262164475074 
-2.273695482693510073 
-2.253892772459968441 
-2.233271402496784575 
-2.212676300039035482 
-2.191252653047911281 
-2.169878111995089398 
-2.147207933482651043 
-2.124593549915704926 
-2.101588923215148341 
-2.077715983662926647 
-2.053933007794510601 
-2.029272699993123652 
-2.004724807070402903 
-1.979290787221447800 
-1.953991311359203564 
-1.927797135815438878 
-1.901759313423509568 
-1.875903239727009009 
-1.849154731060103529 
-1.822608619390614138 
-1.795161946587910506 
-1.767938018886120233 
-1.740383170043072525 
-1.711331502928809201 
-1.681927308825134304 
-1.652772377364787104 
-1.622679964754205173 
-1.592856922494654270 
-1.562089212439291330 
-1.531610674150837070 
-1.500180490092969166 
-1.469058975025363978 
-1.437623821264788049 
-1.405878060862143286 
-1.346770395730100489 
-1.313491281911362663 
-1.280575659465309712 
-1.247363994194044423 
-1.213172449869494685 
-1.180064383508737436 
-1.145982333781944362 
-1.112320207779111669 
-1.077678287026529347 
-1.043473309028223994 
-1.008282914448454193 
-0.973546206079577203 
-0.937086722703783792 
-0.901086663673989818 
-0.834277967804053944 
-0.797535925147711211 
-0.761295350344049382 
-0.724048981207285891 
-0.687319754013376638 
-0.648807264510484316 
-0.610039646567164695 
-0.571019837767666516 
-0.532538569095240888 
-0.493028041843039944 
-0.453274006543587404 
-0.414883722934096255 
-0.374660783709426681 
-0.335014298794101606 
-0.260795518481174327 
-0.219694770832051134 
-0.179198496840966115 
-0.138489541407604833 
-0.096733287681487923 
-0.055602653138105751 
-0.014267258321657650 
+0.027270296030618368 
+0.069007420002604292 
+0.110941534481719728 
+0.152208378562361801 
+0.194524889733203921 
+0.271868073995639392 
+0.313835247871899981 
+0.356857165985898561 
+0.399175434569627896 
+0.442550861266619577 
+0.486991741683651114 
+0.530717923808294856 
+0.573716465941695120 
+0.616875718652133642 
+0.661097505031669641 
+0.704574527740996714 
+0.748205353563838216 
+0.792901443137232320 
+0.838669988508048192 
+0.884597920524708314 
+0.930682710395178248 
+0.976921840662919649 
+1.023312805187455155 
+1.069853109124737855 
+1.116540268907769473 
+1.162433782338677446 
+1.208463645235699602 
+1.254627551500268723 
+1.300923205364155066 
+1.348297104749216047 
+1.394851979775044271 
+1.441531730785580834 
+1.488334103366598882 
+1.536215698214169478 
+1.583258979544597267 
+1.630418135306458183 
+1.677690952154476278 
+1.725075226914261961 
+1.771598432874718299 
+1.819196890936130018 
+1.865925728650541515 
+1.912753246474691693 
+1.960656020781982534 
+2.007676786591070517 
+2.055772645418851852 
+2.103962873683477675 
+2.151259093024568081 
+2.199629911520609937 
+2.248088832303750451 
+2.296633771859112549 
+2.344269404921679012 
+2.391983651824923562 
+2.440771027751592825 
+2.488638256105770274 
+2.536578293363782599 
+2.585590204536599046 
+2.633671576219539290 
+2.682823827502803127 
+2.731038835392436859 
+2.779317148192252063 
+2.828664626531956827 
+2.877065206615063708 
+2.926533655312727689 
+2.976060306649051412 
+3.025643222827256729 
+3.075280475732376395 
+3.124970146913629954 
+3.173694729497772649 
+3.224499118516548357 
+3.274334630198825202 
+3.325233402784040670 
+3.374138305455406162 
+3.424102737799305629 
+3.473085564643725753 
+3.523125926434425459 
+3.589560659529358766 
+3.640704283216829928 
+3.691880557976701560 
+3.742063141462204534 
+3.791248488751866041 
+3.841484237659152257 
+3.891744198035312685 
+3.942026606717984549 
+3.991302920624042905 
+4.041624604489985728 
+4.090936052359261055 
+4.140262430931850091 
+4.190630166589761174 
+4.239981800000538037 
+4.290371979311834671 
+4.339742346627732950 
+4.391177105470719155 
+4.441588700877568741 
+4.493033012521457259 
+4.544479527625152393 
+4.596955432343396097 
+4.648401082986116428 
+4.700872503696793991 
+4.753338941171650234 
+4.804770041203954456 
+4.856192915163345170 
+4.907605876714539406 
+4.959007249302612053 
+5.010395366133508332 
+5.061768570154547398 
+5.111071286808365421 
+5.161383896290326234 
+5.211677558671920174 
+5.261950750202763594 
+5.312201956029066530 
+5.362429670176043217 
+5.413656670302562368 
+5.463832362811386290 
+5.513980068712862170 
+5.564098317551229300 
+5.614185647661181555 
+5.665261788709489821 
+5.716302689119048708 
+5.767306824086553263 
+5.818272678261657838 
+5.869198745727566724 
+5.920083529981507553 
+5.970925543915205580 
+6.021723309795421031 
+6.072475359244354998 
+6.123180233220235635 
+6.173836481997786230 
+6.224442665148664844 
+6.274997351522006994 
+6.323480082305712457 
+6.372921267201181905 
+6.423316352313465316 
+6.472648199058292917 
+6.521923954970580972 
+6.572146174240284466 
+6.621304658877300575 
+6.671404541559906143 
+6.720440535035638874 
+6.770412790051668850 
+6.819321141663140295 
+6.869160548378161479 
+6.917936176311623164 
+6.967637584236438641 
+7.016275475273561213 
+7.065833803764342669 
+7.115317961031330185 
+7.163739250946860260 
+7.213072813160446017 
+7.262328447977461465 
+7.310522167188854503 
+7.359619847843958951 
+7.407656409809412423 
+7.454635540699126039 
+7.502513586585113359 
+7.550309871479941926 
+7.597050367408900939 
+7.644681500979702449 
+7.692227557537332672 
+7.740655104273088227 
+7.787060059936337097 
+7.834344335939187332 
+7.880576935656008253 
+7.927683170368254650 
+7.973739325484779705 
+8.020663375857113309 
+8.066539057966661375 
+8.113276842316786031 
+8.159919001203171263 
+8.205515580736296499 
+8.251018471274173649 
+8.297371722646669667 
+8.342682413787926521 
+8.389778406388286314 
+8.435829872078725700 
+8.482715447229228545 
+8.528558728465188921 
+8.574297521012560708 
+8.619930876441232570 
+8.665457853994459114 
+8.710877520571278509 
+8.757112540330233230 
+8.802312579044379248 
+8.847402534740330893 
+8.893298281179195186 
+8.939077515113531547 
+8.984739293959949080 
+9.030282683300242752 
+9.075706756861791291 
+9.120105703897369409 
+9.165290831314035103 
+9.208553760972483460 
+9.252601180176677431 
+9.295634437180085641 
+9.339445771423081410 
+9.382246181286797437 
+9.425818218610718446 
+9.469268171046634208 
+9.513478181746535256 
+9.556679046466733496 
+9.600633247752524468 
+9.644457020691193705 
+9.687276989982077424 
+9.730840114502719018 
+9.774270401653806672 
+9.816702440150809394 
+9.858143370615017886 
+9.900319179060907970 
+9.941507710783957563 
+9.983424449099498332 
+10.024357827098723916 
+10.065163941149045002 
+10.106688233903724949 
+10.147235176704208826 
+10.188493554413735609 
+10.228778705388881676 
+10.269768520177768423 
+10.309789312162484620 
+10.350507970542967229 
+10.391915421233427708 
+10.433178558387776746 
+10.473475770687493025 
+10.514451187276407040 
+10.554465160953682812 
+10.594338016525751911 
+10.634878507371821499 
+10.674464404395981987 
+10.713907373379457866 
+10.753206828794651173 
+10.792362191903510649 
+10.830578203808642002 
+10.869446642633251443 
+10.907380507227383504 
+10.945959832669833744 
+10.983609431062287598 
+11.021897506084163965 
+11.060037658622899670 
+11.098029363215884402 
+11.135872101032409986 
+11.174333050054956473 
+11.212637819527291327 
+11.250785879441126625 
+11.288776706901122893 
+11.326609786105308331 
+11.364284608325585069 
+11.401800671888294048 
+11.438411909797100208 
+11.475612178695417498 
+11.511913007606102255 
+11.548795597021243253 
+11.584784196348472562 
+11.619887860693740578 
+11.655568823237096865 
+11.690370316060157307 
+11.725021689690878546 
+11.760239725685307732 
+11.794586569000482967 
+11.829492949338165531 
+11.864241312411543561 
+11.898126943455803683 
+11.931860219351829500 
+11.966138760607261560 
+11.999563094409396058 
+12.033525548957605622 
+12.067327802926062219 
+12.100284551731750327 
+12.133768658895084158 
+12.166413106678445999 
+12.199577757952868140 
+12.232580551949777004 
+12.265421172751073797 
+12.297434035886848136 
+12.329952711904654805 
+12.361649622951702554 
+12.393189769138810874 
+12.425225024577436272 
+12.456447559792087176 
+12.487512534333319536 
+12.519061915038534494 
+12.550446575898254409 
+12.582301676952766911 
+12.613352759000122205 
+12.644238363436768324 
+12.675583460485192688 
+12.706134009043825728 
+12.737136732708394860 
+12.767351297221789963 
+12.798010724742038491 
+12.827888424693741243 
+12.857599082524998835 
+12.887142499852469513 
+12.917116249180498500 
+12.946321190395979173 
+12.975358326431599920 
+13.003639995508580185 
+13.032344433371227055 
+13.060880559465807949 
+13.089248214922998059 
+13.118020980073868742 
+13.146047794108842055 
+13.174472460162890641 
+13.202157852753680700 
+13.229674058385505475 
+13.257020951594103764 
+13.283645464709264772 
+13.310656839783531424 
+13.337498560950715287 
+13.364170524401707496 
+13.390672631725010433 
+13.417540410681661811 
+13.443699061002753581 
+13.469687590546604028 
+13.495505922424451128 
+13.521153985056617586 
+13.547149891742911620 
+13.572453744214270088 
+13.597587143296081535 
+13.622042296367951053 
+13.646838123662119457 
+13.670962512247996301 
+13.695420610613080470 
+13.719214100482655994 
+13.743334352938592957 
+13.766796849070658482 
+13.791062754620609709 
+13.814670879841676410 
+13.838584817112714376 
+13.862320991129186254 
+13.885409981760117759 
+13.908794208246199275 
+13.931075858391963607 
+13.953652781339423328 
+13.975603494841664087 
+13.997390487335602316 
+14.019462537554357340 
+14.040918784279973863 
+14.063095068730836701 
+14.085093882949161426 
+14.106480595830230840 
+14.127696982848940266 
+14.148743109007824614 
+14.187377301052530143 
+14.207937368679045775 
+14.228741826540435511 
+14.248958586106027724 
+14.269412918463324047 
+14.289286749802887044 
+14.309391364070048525 
+14.328922685806887216 
+14.348678028828022235 
+14.367867298080016170 
+14.387273855829455727 
+14.405738609064565381 
+14.424041322919865848 
+14.442558336925797491 
+14.460533988075406242 
+14.478717403449724799 
+14.496366544882352656 
+14.513854329573344870 
+14.545853144836998538 
+14.563234259583275332 
+14.580447845562119369 
+14.597147866450495002 
+14.614030332055524042 
+14.630745801117232219 
+14.647294460964193519 
+14.663676503270753670 
+14.679892124039318091 
+14.695941523582915167 
+14.711824906507303012 
+14.727861523576830649 
+14.743410126930964310 
+14.758793357544501390 
+14.774011437104338285 
+14.789064591501693613 
+14.804255183699202902 
+14.818975828299073783 
+14.833532255368281128 
+14.847632621455463919 
+14.861864684326373975 
+14.875933264685805568 
+14.889838617361544237 
+14.903581001244706528 
+14.917160679272008394 
+14.930577918408204141 
+14.944101814661689076 
+14.957191691886992047 
+14.970119960840989393 
+14.982886904504702841 
+14.995748398420371217 
+15.008190278680666907 
+15.020471712215776705 
+15.032592997737797447 
+15.044796886628923005 
+15.056595535037791578 
+15.068234961082918488 
+15.079715478922750549 
+15.091037406513352792 
+15.111197149500068093 
+15.122074176407874546 
+15.132793861078646103 
+15.143356539512389247 
+15.153762551404270198 
+15.164219792186919733 
+15.174310325225416562 
+15.184245239996375432 
+15.194024890872933398 
+15.203844448799365807 
+15.213311499238802327 
+15.222624377961023967 
+15.231598068757756792 
+15.240606841372700941 
+15.249283350168429507 
+15.257989489135290739 
+15.266370271641267919 
+15.274945228000138542 
+15.283195603600734813 
+15.291458559098064285 
+15.299403979495863837 
+15.307356585483859135 
+15.314998683004573010 
+15.322642619332702552 
+15.329983054082283900 
+15.337174803640660770 
+15.349858437460341065 
+15.356633691161906796 
+15.363261867659677051 
+15.369743396137476310 
+15.376206481703672324 
+15.382393044015826078 
+15.388434274103836685 
+15.394449441934305867 
+15.400198393605919023 
+15.405803357749970672 
+15.411264785855111725 
+15.421028181029434734 
+15.426082021516656084 
+15.430994096274467609 
+15.435764871668929743 
+15.440394817077677914 
+15.444884404871890737 
+15.449234110398979425 
+15.453528888336402147 
+15.457597437061648904 
+15.461527557153640799 
+15.465319735747023344 
+15.468974462864007791 
+15.472421805952549789 
+15.475805891627487654 
+15.479054002838623205 
+15.482228757090934934 
+15.485262987958376968 
+15.488157234125448980 
+15.490912037273311341 
+15.493476981631090439 
+15.495860734323615659 
+15.498163127671420014 
+15.500290684465602098 
+15.502292205745032305 
+15.504205937454621278 
+15.505989371321650339 
+15.507643038566465421 
+15.509167473014473515 
+15.510590359275706618 
+15.511879815336385491 
+15.513036416651848626 
+15.514060741424934520 
+15.514953370586447079 
+15.515700938541256093 
+15.516311689923311334 
+15.517127569028176026 
+15.517402198907742417 
+15.517551716526600813 
+15.517582905689991435 
+15.517327571975341627 
+15.517023808583887856 
+15.516604375914404557 
+15.516057457074861503 
+15.515405927048828261 
+15.514623208112421793 
+15.513741804036975225 
+15.511809144805994265 
+15.510580661075664466 
+15.509264748900861264 
+15.506499267353879290 
+15.503385134973390436 
+15.501471465469876421 
+15.499482267212567166 
+15.497381024384623061 
+15.495122030164660387 
+15.492796262781759253 
+15.490360287449398413 
+15.487814716290806416 
+15.485160163415510937 
+15.482397244902067257 
+15.479526578780257395 
+15.476548785013310550 
+15.470802356036134739 
+15.467456063446093140 
+15.464070905269526435 
+15.460509369101423260 
+15.456840121950770950 
+15.443404671533464523 
+15.439349142643537860 
+15.435279489769317962 
+15.431026775630865444 
+15.426765196466341479 
+15.422226042542117597 
+15.417679316916927945 
+15.413035883540878501 
+15.408296393179263362 
+15.403461498206741709 
+15.398430265596543265 
+15.393404611404019278 
+15.388285532630781915 
+15.382966362484202349 
+15.377551302883528450 
+15.372041056912266299 
+15.366549345171746310 
+15.360852710706247137 
+15.355062994529671272 
+15.349417954193761204 
+15.343688412442178404 
+15.337752999390781738 
+15.331854619312744958 
+15.325873645478893081 
+15.319683533797459063 
+15.313408687593035751 
+15.307180393250016337 
+15.300739805381459391 
+15.294350455124114063 
+15.287746788889990057 
+15.281198996437783677 
+15.274434924815583514 
+15.267590842845251586 
+15.260525321059194681 
+15.253521678923963378 
+15.246294772378625737 
+15.239134378627102961 
+15.231897442663409947 
+15.218408010582113121 
+15.211110498600127983 
+15.203587815990204035 
+15.196147676129262649 
+15.188480757821405831 
+15.180742016699412034 
+15.172772030474110494 
+15.164728730225458975 
+15.156775883804353811 
+15.148918438540658116 
+15.140995445770123240 
+15.132840466945916447 
+15.124787031546812699 
+15.116500272560754681 
+15.108147994949106874 
+15.099558457859469485 
+15.091249710171998899 
+15.082705118155125490 
+15.074274118501765685 
+15.065606117017242838 
+15.057055588917364730 
+15.041048149727327399 
+15.032333453429297165 
+15.023195863339777745 
+15.014182562159964718 
+15.004926406160867813 
+14.995798368496814135 
+14.986614622026266375 
+14.977186769351945372 
+14.967892653265032266 
+14.958544992325029099 
+14.949144504051073312 
+14.939691906467468030 
+14.930187918086339494 
+14.920437742257179892 
+14.910832117737458091 
+14.901177275401531475 
+14.891275408281369863 
+14.881323809680385040 
+14.871323245740658336 
+14.861274482997680835 
+14.851583037215814187 
+14.841645302598593048 
+14.831867591915315785 
+14.822048219455481899 
+14.811982009877677768 
+14.802080520605159109 
+14.792139423325552983 
+14.781742729231128308 
+14.771304565025937805 
+14.761035671253591062 
+14.750517666154458141 
+14.739960484143193042 
+14.729364895063813634 
+14.719157710906317860 
+14.708702806884772940 
+14.698427607041892884 
+14.687904690702580979 
+14.668707031874886226 
+14.658309194681391929 
+14.647663810004756257 
+14.637206076723908055 
+14.626282191674789601 
+14.615547407864035279 
+14.595757128241967138 
+14.584943811012838211 
+14.574104199364558809 
+14.563017018101273692 
+14.552126491050376700 
+14.541211856972214633 
+14.530050376461844053 
+14.519089244717523712 
+14.507881824435404639 
+14.496877147912563544 
+14.485626799964169464 
+14.474807135499808908 
+14.463517257848014452 
+14.452208347408159739 
+14.440881170885141671 
+14.429536494598707463 
+14.418175084464145641 
+14.407253098106686195 
+14.396089093868329911 
+14.385139433661400687 
+14.373948588666538129 
+14.362745255949945999 
+14.351301156630675848 
+14.340074784704615496 
+14.328838092986721620 
+14.317591798191788399 
+14.306106831384234113 
+14.294613371533230861 
+14.283112178307248996 
+14.271604010720707834 
+14.260089627114250987 
+14.248569785135181576 
+14.237045241718192301 
+14.225747356614398598 
+14.214215734574107586 
+14.202681662342104829 
+14.191145893823192026 
+14.179609182111835963 
+14.168072279473312491 
+14.156535937323912577 
+14.145231589135409678 
+14.134159842250932471 
+14.122860066701477422 
+14.102114638489464227 
+14.090826222376264809 
+14.079312951246112817 
+14.068036068365369573 
+14.056765950739015025 
+14.045273529451534955 
+14.033789620876969906 
+14.022544362750178237 
+14.011079491669704566 
+13.999625335483072419 
+13.988411368050144290 
+13.977209091137133612 
+13.966247432900622982 
+13.954842372853502042 
+13.943451641222953441 
+13.932303330041849065 
+13.920943123740253000 
+13.909599420197924502 
+13.898499302445726400 
+13.887190418215942245 
+13.876125816413182434 
+13.846862732204863633 
+13.836093537627494499 
+13.816179631025859109 
+13.805246929374035858 
+13.794114789398637555 
+13.783007274601281722 
+13.772146486880407323 
+13.761089826704022698 
+13.750059906613715910 
+13.739277209145443592 
+13.728302317533014332 
+13.717574900826772222 
+13.707093903943890822 
+13.696423266583595435 
+13.685999153845637366 
+13.666748524821679567 
+13.656193960749911653 
+13.645671541110880653 
+13.635181915851475765 
+13.624512694555184211 
+13.614091303756353568 
+13.603704660437115237 
+13.593353407859925852 
+13.583038187581108147 
+13.572550259463143973 
+13.562309789598101517 
+13.552107279250311223 
+13.542150399843048802 
+13.532024903423680584 
+13.521939251808587912 
+13.511894074112589692 
+13.502093747460477857 
+13.491927647680428848 
+13.482007647863939681 
+13.472130619770993576 
+13.445940432452497149 
+13.436226564254896587 
+13.426361722403036936 
+13.416936991705881610 
+13.407362506335879004 
+13.397641773503922380 
+13.388164237214379426 
+13.378543688538675482 
+13.369165559839455426 
+13.359647695211311458 
+13.350371415306902634 
+13.341146443161827406 
+13.331973370342755203 
+13.322667202519641094 
+13.313785278040151994 
+13.304771430728319359 
+13.295994130061824734 
+13.287088225869517544 
+13.278417777513610076 
+13.269801023450296995 
+13.261238503028137004 
+13.252554094930840023 
+13.244102809163480927 
+13.235358783328241117 
+13.226849011111051269 
+13.218226742146937269 
+13.209837436390532872 
+13.194418141767204844 
+13.186203070306122598 
+13.177884306449668017 
+13.169795157754833781 
+13.161606024447634056 
+13.147354605805524841 
+13.139509365456973455 
+13.131887452874901001 
+13.124171812150088101 
+13.110327526182540936 
+13.102799840122628439 
+13.095188357315304728 
+13.087798066015054133 
+13.080327862216119428 
+13.073077077451456418 
+13.065750296108554096 
+13.058641107187806796 
+13.051459868673221720 
+13.044635779112971008 
+13.037740644096274423 
+13.031056373846750418 
+13.024441996737202487 
+13.017762393143637922 
+13.011290668004180660 
+13.004625094246581085 
+12.998299388299997759 
+12.991916380445442059 
+12.985737058567551117 
+12.979504417727818932 
+12.973473302758053549 
+12.967392878193518158 
+12.956547610639649548 
+12.950686882218505502 
+12.945022243420629238 
+12.939318114253939740 
+12.929161918746814308 
+12.923794615339989633 
+12.918286359694382881 
+12.912862937398662311 
+12.907418922425865304 
+12.902168273043113089 
+12.897003845557307500 
+12.892026795457036670 
+12.887034419642686700 
+12.882226839845051458 
+12.877408263190943671 
+12.872771852663069225 
+12.868220782424321769 
+12.863665225229704347 
+12.859287813008936752 
+12.851473450580511937 
+12.847259214623015566 
+12.843217834398053867 
+12.839264519321424984 
+12.835321700845547355 
+12.831547477345999653 
+12.827862464201331250 
+12.824267033517173786 
+12.820761553863146531 
+12.817346390254371613 
+12.813955004157612905 
+12.808089649439196478 
+12.805026201384581697 
+12.802054791173633319 
+12.799175762648927090 
+12.796445390321723679 
+12.793750239491064491 
+12.791200634643145051 
+12.788740950841429367 
+12.786323091978511357 
+12.784046053902311968 
+12.781770734338115503 
+12.779636867718483728 
+12.777598290991278418 
+12.775655310688332378 
+12.773808229491578459 
+12.772057346214248597 
+12.770435752401912310 
+12.768907026760137668 
+12.767442523527321896 
+12.766102289319874785 
+12.764855727808477326 
+12.763680085539007791 
+12.762581635560165338 
+12.761604587959858748 
+12.760726234627620457 
+12.759946834974586594 
+12.759253797674835695 
+12.758664326983994997 
+12.758178685386791784 
+12.757803740296632000 
+12.757373438823870870 
+12.757284662753079374 
+12.757299557458107842 
+12.757415542192369173 
+12.757638326136861551 
+12.757959215574219414 
+12.758391527124508968 
+12.758918177206266975 
+12.759546974229621696 
+12.760294103158049239 
+12.761111791704712104 
+12.762048192627796439 
+12.763065261176638643 
+12.764205551539919981 
+12.765422688643635496 
+12.766767554295848086 
+12.768185415039376096 
+12.769735507528455543 
+12.771389508039256100 
+12.773147569533984225 
+12.775009840474915279 
+12.776935285588484348 
+12.779004268847181436 
+12.781132471019482466 
+12.783361193923594712 
+12.785740155299757603 
+12.788172370764025132 
+12.790705451594782005 
+12.793395453812065554 
+12.796132684355040254 
+12.799031295765761485 
+12.802035435911294670 
+12.805145198451313604 
+12.808293993165969837 
+12.811613102643834239 
+12.814967129083704833 
+12.818495897110697257 
+12.822130681808811659 
+12.825871548404931488 
+12.829718557293835701 
+12.833671764019651818 
+12.837731219259460147 
+12.841896968803794721 
+12.846257346401593225 
+12.850637973479207332 
+12.855125003327589894 
+12.859718461918593135 
+12.864418370249985912 
+12.873227252025545297 
+12.878123926664260424 
+12.883228012652836014 
+12.888438579399323913 
+12.893865238275752816 
+12.899179117359507174 
+12.909302187897518266 
+12.915025395209875470 
+12.920854964051144975 
+12.926790856368056026 
+12.937970358143090266 
+12.949508088932638827 
+12.956072594627574546 
+12.962612899645783671 
+12.969395878759296892 
+12.976150132920338365 
+12.982869099919158273 
+12.989689479983633547 
+12.996756463260622283 
+13.003781505992932921 
+13.011057214917938651 
+13.018589928285418722 
+13.026078219564304561 
+13.033671547646191513 
+13.048051674508323927 
+13.055944389212534418 
+13.063941620554988532 
+13.071876839250482050 
+13.080080528241429860 
+13.088558903878853457 
+13.096972663377760782 
+13.105490142391413855 
+13.114111164679515653 
+13.122835548354306212 
+13.131481921585310246 
+13.140410360020442937 
+13.157264287782538759 
+13.174280388449902901 
+13.183689472915981256 
+13.193200333262648627 
+13.202615552901090012 
+13.220330013163449578 
+13.230225048877798599 
+13.248454818060132254 
+13.258423834057616375 
+13.268910131328343738 
+13.279287310087733331 
+13.289763795875177976 
+13.300556156029720967 
+13.311232396823541535 
+13.322007055733692482 
+13.332879826375643617 
+13.352878246449630950 
+13.373427502886510609 
+13.384520499625521595 
+13.395939888429939657 
+13.407455203105032027 
+13.419066090720196627 
+13.430772192169726509 
+13.442331360792072914 
+13.454224863460696682 
+13.465966889942130535 
+13.478046314051614019 
+13.489969725086227825 
+13.501982333863864483 
+13.514589910184287902 
+13.527293427574779372 
+13.539835531589247353 
+13.552210197973094452 
+13.564932617209951360 
+13.577745479779370186 
+13.590384124599571791 
+13.603374722500822358 
+13.616454432017562226 
+13.629622793383315837 
+13.643150797045883849 
+13.656496841988165158 
+13.669930110721281835 
+13.683726935551273840 
+13.697334942565923654 
+13.711028685776998515 
+13.724525607341281130 
+13.738103834590098984 
+13.763493607848660716 
+13.777589696351286719 
+13.791478322155924729 
+13.805737643226503764 
+13.819785119839952614 
+13.834500649926690485 
+13.849300019246191695 
+13.864182621235308090 
+13.879147841991768431 
+13.894195060254476815 
+13.909323647385136269 
+13.924227993914986001 
+13.939515807819935489 
+13.954574953612674193 
+13.969709785304722516 
+13.984919676581924364 
+14.000516689542898519 
+14.015876292508917089 
+14.031624731779034576 
+14.047448616864812720 
+14.063347245032449706 
+14.078999731847529731 
+14.094722644102258613 
+14.110838319557673870 
+14.126701429609049399 
+14.142632881582606785 
+14.158959182766409413 
+14.174697988016980332 
+14.190830213051642161 
+14.220963234927456398 
+14.237280605323244131 
+14.253661346608389238 
+14.270104705645696441 
+14.286609922069752443 
+14.303514946814757991 
+14.320142790707755864 
+14.337171323864176031 
+14.354260988714598213 
+14.370723793549785796 
+14.387586094728291641 
+14.404504693566011042 
+14.421825752548883770 
+14.438855588606191560 
+14.455939225645479951 
+14.473075822163462334 
+14.490615855756423969 
+14.508209238528053220 
+14.525855052377327326 
+14.543197925986039110 
+14.560944812964887518 
+14.578384935734254313 
+14.595871844804957362 
+14.613762921531325389 
+14.631341597499917029 
+14.648964311758806645 
+14.666269187297082510 
+14.684338147080470804 
+14.702087394998356373 
+14.719876934881259700 
+14.738070068419663272 
+14.755938090268779561 
+14.773843493752089273 
+14.792151831208014912 
+14.810129765347159747 
+14.828510049991301400 
+14.846556453960140232 
+14.865004509284098333 
+14.883115257879833138 
+14.901626841535346557 
+14.920168876867455410 
+14.938368548381529166 
+14.956967602318158583 
+14.975593782170115276 
+14.994245954806697085 
+15.012922978469458002 
+15.031623702752547445 
+15.049972289899303135 
+15.068341426975255359 
+15.087105478731110964 
+15.105512748893364261 
+15.123937200726498276 
+15.142754198762894191 
+15.161586698073271862 
+15.180433479080001291 
+15.198915996764149838 
+15.217787422988724444 
+15.236291708029149561 
+15.254804987581822573 
+15.273326072514446849 
+15.292231942018629454 
+15.310386860851352253 
+15.329302491770985029 
+15.347842789899541316 
+15.366384798824661573 
+15.385305693787822534 
+15.403847370358771940 
+15.422765319580655330 
+15.441301537677645683 
+15.459833136393289266 
+15.478736839644746226 
+15.497255187682810629 
+15.515765021210635055 
+15.549736133803843785 
+15.568591651720822711 
+15.587056328740523270 
+15.605882425728900387 
+15.624315527801478254 
+15.643106589002034212 
+15.661502578271534247 
+15.680252916718949052 
+15.698980503745239901 
+15.717683860920836025 
+15.736361500439567607 
+15.755011925098683534 
+15.773633628280414598 
+15.791853570798600970 
+15.810043037516919640 
+15.827830350458052422 
+15.845955219162995320 
+15.864045282374453549 
+15.881730997224739355 
+15.899747814252389588 
+15.917358930003473461 
+15.935662311734208885 
+15.953556989563169921 
+15.971407936916175885 
+15.989213630274061728 
+16.007334465929815792 
+16.025044042681152234 
+16.042703709599344108 
+16.059953081060513114 
+16.077509339085423790 
+16.109256526757153694 
+16.140814110072277288 
+16.158104089999994812 
+16.175332062144843093 
+16.206808304332859905 
+16.223851485416517448 
+16.240826361684213452 
+16.258075527633266688 
+16.274564537058811453 
+16.291324481826414683 
+16.307669665283039961 
+16.324279465396653421 
+16.341147424747482830 
+16.357931937562771196 
+16.374298030803231541 
+16.390911892794672866 
+16.407436806780498983 
+16.423543126596904074 
+16.439886407879477304 
+16.455811113604916329 
+16.471321071363750121 
+16.487060765515270333 
+16.502704317791916822 
+16.517933649189892265 
+16.533381523618110975 
+16.548727826043780453 
+16.563660681663030516 
+16.578800473386532843 
+16.593833178596980815 
+16.608453462725393024 
+16.623268656875666238 
+16.638270029726989208 
+16.652855595514438392 
+16.667618689723560976 
+16.681966837932293402 
+16.696483664731413654 
+16.710586526520266659 
+16.735882544048472198 
+16.749630211342250163 
+16.763248002150351823 
+16.776733932053726761 
+16.789814866722061026 
+16.803033875136677011 
+16.816115051812616343 
+16.829056373289759563 
+16.841855806255576766 
+16.854768070015797576 
+16.867274585783995633 
+16.879633011594410874 
+16.891841274336648837 
+16.903652785419978954 
+16.915557633678474758 
+16.927306082834256529 
+16.939130884092140406 
+16.950556886254833699 
+16.961820077284393449 
+16.973143076093872850 
+16.984070772714630948 
+16.995046935127156473 
+17.005630306079449809 
+17.016250578099885615 
+17.026480708737729231 
+17.036735951131078082 
+17.046404275682121465 
+17.056093272730905142 
+17.065405335511094620 
+17.074726259609921186 
+17.083673442271855691 
+17.099775132263317801 
+17.108365478097315560 
+17.116588601557644722 
+17.124619613048309930 
+17.132617520265092992 
+17.140253654520858362 
+17.147843892506589469 
+17.155076185428040247 
+17.162393737258256010 
+17.169348621937306376 
+17.176222229016754994 
+17.182737186163130616 
+17.189030785501124399 
+17.195222145927310464 
+17.201061152708412294 
+17.206783594038494556 
+17.212158090274002120 
+17.217196416327624320 
+17.222106082658370951 
+17.226684330503044151 
+17.231119479730931943 
+17.235228119488191112 
+17.239178981908487742 
+17.242881464204742770 
+17.246333041515349294 
+17.249531178265137044 
+17.252530688689379446 
+17.255208991536818530 
+17.257626130115781393 
+17.259738232145085846 
+17.261630756211726379 
+17.263223969562474736 
+17.265486975320293084 
+17.266330230967930959 
+17.266924100761052330 
+17.267224861963555327 
+17.267229684753097274 
+17.266935727446732329 
+17.266340136480437195 
+17.265461050874133520 
+17.264286816288098692 
+17.262814713651106757 
+17.261002686166094122 
+17.258920426860960617 
+17.256532019762083507 
+17.253834701345034830 
+17.250825696989483760 
+17.247431100935415316 
+17.243783852272478896 
+17.239900655177173405 
+17.235616938206984372 
+17.231104839954042518 
+17.226069484129769904 
+17.220800052606570318 
+17.215196336422842194 
+17.209130687043895591 
+17.202710908502865550 
+17.196072981830894832 
+17.188942931092476840 
+17.181602987321859644 
+17.173911157580171505 
+17.165696565068536472 
+17.157284787573843232 
+17.148512197441746707 
+17.139185550671399483 
+17.129674872141301023 
+17.119794350126834814 
+17.109540971644715768 
+17.098690853498105469 
+17.087674912470472322 
+17.076276944706656025 
+17.064493890921660579 
+17.052322680270641797 
+17.039499758411515984 
+17.026534895242974699 
+17.013172529626437779 
+16.999409544057368038 
+16.984949466375361737 
+16.970065654635661190 
+16.955065184040080339 
+16.939332483872203028 
+16.923493631367488632 
+16.907235013077233532 
+16.890208561798175424 
+16.873092068694191425 
+16.855546108119600746 
+16.837938702449342543 
+16.804182554011482864 
+16.784976816196898852 
+16.765325984656747949 
+16.744811886727415384 
+16.724251725215559361 
+16.702802844384024183 
+16.681319813822717890 
+16.658922284429976912 
+16.636502747129810587 
+16.613614610443377728 
+16.590254497231946118 
+16.565927606484869727 
+16.541603554397912745 
+16.516797252300019494 
+16.491505274555734673 
+16.465192921723396324 
+16.438909179010455119 
+16.412129340247275877 
+16.361637884989193026 
+16.333431805310748786 
+16.304716232817309418 
+16.276089299324773663 
+16.221075356184421423 
+16.190382925621157995 
+16.158521299883801703 
+16.099776564469834739 
+16.066359482596428876 
+16.032379596695335522 
+15.999225841771576029 
+15.964131664515356590 
+15.928463233011008526 
+15.892947275005901986 
+15.856130316089462440 
+15.818727456014944011 
+15.780734759505641307 
+15.742148277724780314 
+15.702964048257076257 
+15.663178095089284270 
+15.622786428589705565 
+15.581785045490015307 
+15.540169928864454363 
+15.498787785950238316 
+15.457671249216549114 
+15.414228360272865359 
+15.370155777836092881 
+15.325449417229240368 
+15.280105180004341037 
+15.235970780861512353 
+15.190302849251366979 
+15.144961656445900644 
+15.098054143861240561 
+15.050514615810822505 
+15.003328694270415156 
+14.955528805810265780 
+14.906095934201575304 
+14.857043948933657873 
+14.805283209225539309 
+14.752839787140862526 
+14.698639777880107005 
+14.644804324980114529 
+14.590273277734411295 
+14.489227665146334090 
+14.433849096308787097 
+14.376635420689819256 
+14.319871014201700277 
+14.261234663516479060 
+14.203067624703550109 
+14.142991406523064413 
+14.084627957052894942 
+14.025584343523375352 
+13.964605006852215396 
+13.902908583088072092 
+13.839209495214683798 
+13.776051415213451889 
+13.710852039616165499 
+13.646215024742534894 
+13.580839585769163946 
+13.460193874602699893 
+13.392715786677506173 
+13.325882977952112185 
+13.200033430961244818 
+13.129667189739540945 
+13.058529663276392085 
+12.986616477149519611 
+12.915414605133248571 
+12.841952975964170847 
+12.769225801480107663 
+12.694198429949398843 
+12.555881238802321320 
+12.480181624221286185 
+12.402103129222037836 
+12.324828334498354465 
+12.245133027314585306 
+12.162962407345190741 
+12.081598688838459665 
+11.999402331230724528 
+11.916368773973324835 
+11.832493442851117038 
+11.746033890991897763 
+11.662199093750196255 
+11.575770858877403313 
+11.486692030234218365 
+11.398521038755001555 
+11.307654202789056086 
+11.217721445255634194 
+11.125047146563083800 
+11.033333499757047136 
+10.940731292751756598 
+10.768315003597663804 
+10.673166419647065695 
+10.575141277159044506 
+10.478155720232070536 
+10.378246145655124266 
+10.279404046143399754 
+10.177590011745966336 
+10.076871684827287012 
+9.973133045165557320 
+9.870518690520031058 
+9.766958536920173017 
+9.662447691351726320 
+9.554818885798997741 
+9.448372267101436961 
+9.340960091948907973 
+9.232577410592599065 
+9.120977268323423814 
+9.010618607601863062 
+8.899274404403849204 
+8.784636756886081699 
+8.671286064070208965 
+8.556934662878125764 
+8.441577503518740144 
+8.322824104559551017 
+8.203012808435605763 
+8.082138203796674247 
+7.960194863754433747 
+7.837177345860165900 
+7.713080192086879450 
+7.587897928809042902 
+7.461625066784494997 
+7.334256101133155070 
+7.205785511317399639 
+7.076207761124566176 
+6.945517298646608495 
+6.816355726335605603 
+6.683445652762491918 
+6.552098121343316706 
+6.419660677756126255 
+6.286128023197191439 
+6.148735732018565159 
+6.012974076740315255 
+5.876101117307167776 
+5.738111496169650216 
+5.481734174984595143 
+5.340547596960401044 
+5.195307215040241289 
+5.051817123053638170 
+4.904214894794900914 
+4.758399067638164226 
+4.611423860564346278 
+4.460248350911327542 
+4.310913961862113730 
+4.160403570882466262 
+4.008711644913321770 
+3.855832636035525063 
+3.701760981443118048 
+3.543309814926303147 
+3.386811494867401073 
+3.229103636615435313 
+3.070180617358088782 
+2.906755807151124138 
+2.745360448944055065 
+2.445705690781117880 
+2.277421590242466820 
+2.111241958505332583 
+1.943808088075382301 
+1.775114237724872979 
+1.605154651116906805 
+1.430415764748639518 
+1.257881248493868398 
+1.084063517572612767 
