0.547573
1.47541
4.86732
0.547573
0.547573
0.547573
0.547573
0.547573
3.98512
0.547573
0.547573
1.99256
1.99256
1.99256
1.99256
1.99256
1.99256
1.99256
1.99256
1.99256
1.99256
1.99256
1.99256
0.547573
0.547573
3.95469
0.547573
0.471521
0.471521
7.97023
7.97023
7.97023
7.97023
3.87864
3.87864
3.87864
0.471521
0.471521
1.47541
1.47541
1.47541
1.47541
1.47541
1.47541
1.47541
1.47541
1.47541
1.47541
1.47541
1.47541
1.47541
1.47541
0.547573
0.547573
0.547573
0.547573
0.547573
0.547573
0.547573
0.547573
0.547573
0.547573
0.547573
0.547573
0.547573
0.547573
0.547573
0.547573
0.547573
0.547573
0.547573
0.547573
0.547573
0.547573
0.547573
0.547573
0.547573
3.78738
3.78738
3.78738
3.78738
3.78738
3.78738
3.78738
0.547573
0.547573
0.547573
0.547573
0.547573
0.547573
0.547573
0.547573
0.547573
0.547573
0.547573
0.547573
0.547573
0.547573
0.547573
0.547573
0.547573
0.547573
0.547573
0.547573
0.547573
0.547573
0.547573
0.547573
0.547573
0.547573
0.471521
0.471521
0.471521
0.471521
0.471521
0.471521
0.471521
0.471521
0.471521
0.471521
0.471521
0.471521
0.471521
0.471521
0.471521
0.471521
0.471521
0.471521
0.471521
0.471521
0.471521
0.471521
0.471521
0.471521
0.471521
0.471521
0.471521
0.471521
0.471521
0.471521
0.471521
0.471521
0.471521
0.471521
0.471521
0.471521
0.471521
0.471521
0.471521
0.471521
0.471521
0.471521
0.471521
0.471521
0.471521
0.471521
0.471521
0.471521
0.471521
0.471521
0.471521
0.471521
0.471521
0.471521
0.471521
0.471521
0.471521
0.471521
0.471521
0.471521
0.471521
0.471521
0.471521
0.471521
0.471521
0.471521
0.471521
0.471521
0.471521
0.471521
0.471521
0.471521
0.471521
0.471521
0.471521
0.471521
0.471521
0.471521
0.471521
0.471521
0.471521
0.471521
0.471521
0.471521
0.471521
0.471521
0.471521
0.471521
0.471521
0.471521
0.471521
0.471521
0.471521
0.471521
0.471521
0.471521
0.471521
0.471521
0.471521
0.471521
0.471521
0.471521
0.471521
0.471521
0.471521
0.471521
0.471521
0.471521
0.471521
0.471521
0.471521
0.471521
0.471521
0.471521
0.471521
0.471521
0.471521
0.471521
0.471521
0.471521
0.471521
0.471521
0.471521
0.471521
0.471521
0.471521
0.471521
0.471521
0.471521
0.471521
0.471521
0.471521
0.471521
0.471521
0.471521
0.471521
0.471521
0.471521
0.471521
0.471521
0.471521
0.471521
0.471521
0.471521
0.471521
0.471521
0.471521
0.471521
0.471521
0.471521
0.471521
0.471521
0.471521
0.471521
0.471521
0.471521
0.471521
0.471521
0.471521
0.471521
0.471521
0.471521
0.471521
0.471521
0.471521
0.471521
0.471521
0.471521
0.471521
0.471521
0.471521
0.471521
0.471521
0.471521
0.471521
0.471521
0.471521
0.471521
0.471521
0.471521
0.471521
0.471521
0.471521
0.471521
0.471521
0.471521
0.471521
0.471521
0.471521
0.471521
0.471521
0.471521
0.471521
0.471521
0.471521
0.471521
0.471521
0.471521
0.471521
0.471521
0.547573
0.547573
0.547573
0.547573
0.547573
0.547573
0.547573
0.547573
0.547573
0.547573
0.547573
0.547573
0.547573
0.547573
0.547573
0.547573
0.547573
0.547573
0.547573
0.547573
0.547573
0.547573
0.547573
0.547573
0.547573
0.547573
0.547573
0.547573
0.547573
0.547573
0.547573
0.547573
0.547573
0.547573
0.547573
0.547573
0.547573
0.547573
0.547573
0.547573
0.547573
0.547573
0.547573
0.547573
0.547573
0.547573
0.547573
0.547573
0.547573
0.547573
0.547573
0.547573
0.547573
0.547573
0.547573
0.547573
0.547573
0.547573
0.547573
0.547573
0.547573
0.547573
0.547573
0.547573
0.547573
0.547573
0.547573
0.547573
0.547573
0.547573
0.547573
0.547573
0.471521
0.471521
0.471521
0.471521
0.471521
0.471521
0.547573
0.547573
1.91651
1.91651
1.91651
1.91651
1.91651
1.91651
1.91651
1.91651
1.91651
1.91651
1.91651
1.91651
1.91651
1.91651
1.91651
1.91651
1.91651
1.91651
1.91651
1.91651
1.91651
1.91651
1.91651
1.91651
1.91651
1.91651
1.91651
1.91651
5.33884
5.33884
5.33884
5.33884
5.33884
1.91651
1.91651
1.91651
1.91651
1.91651
1.91651
1.91651
1.91651
1.91651
5.35405
5.35405
5.35405
5.35405
1.91651
1.91651
1.91651
1.91651
1.91651
5.33884
5.33884
5.33884
5.35405
1.91651
1.91651
1.91651
1.91651
1.91651
1.91651
1.91651
1.91651
1.91651
1.91651
1.9013
5.30842
5.30842
5.33884
5.33884
5.33884
1.9013
0.547573
0.547573
0.547573
0.547573
0.547573
0.547573
0.547573
2.92039
2.92039
2.92039
3.57444
1.12557
1.12557
4.56311
1.12557
1.12557
4.56311
4.56311
4.56311
4.56311
4.56311
4.1068
0.471521
0.471521
0.471521
2.84434
2.84434
2.84434
2.84434
2.84434
2.84434
2.84434
0.471521
1.41456
0.471521
0.471521
0.471521
1.41456
4.31974
4.31974
7.71166
10.5712
10.0845
6.17541
9.41522
9.47606
12.3964
12.3964
9.05017
9.05017
14.3586
10.921
11.0884
11.0884
11.0427
11.0427
11.0427
5.76473
5.76473
10.6929
10.6929
6.70777
5.76473
8.98933
8.98933
9.06538
9.06538
9.06538
9.06538
5.82557
5.82557
5.82557
5.84078
5.84078
7.81813
11.6359
10.632
6.03852
6.03852
6.00809
3.63528
7.83334
5.97767
9.689
7.83334
7.65081
7.84855
7.66602
7.71166
7.71166
11.499
7.71166
8.47217
7.07282
10.9667
14.2065
13.8719
13.8719
20.9751
25.2644
17.6136
17.6136
19.7278
12.4269
12.3204
12.1379
16.0926
7.05761
13.5524
17.2181
17.2333
16.0621
19.591
19.6822
19.7431
12.5486
13.8414
17.7049
14.4651
14.4651
16.5337
16.5185
12.4269
8.35049
12.8984
9.67379
9.67379
13.2482
13.2482
20.4427
20.4427
12.6246
13.8871
15.8644
11.6816
12.9288
17.0204
18.3437
15.1343
11.6968
14.1761
18.0243
19.1955
24.0476
29.4016
21.3554
21.3401
21.3249
15.5602
11.6055
11.5903
16.8075
10.4799
16.701
17.1877
11.1036
15.0887
11.2405
11.2557
15.1647
18.1155
12.1987
10.921
9.06538
9.06538
9.70421
18.5871
15.5754
11.788
11.6816
7.74208
7.17929
14.389
18.222
22.0855
17.9787
16.8683
16.8683
8.98933
14.0848
10.6473
14.389
14.3282
12.2748
13.2026
13.2026
21.112
21.401
20.899
25.0058
21.6444
24.4126
24.8385
25.0667
27.7133
31.9418
29.4016
29.2343
26.1922
20.5948
15.4081
24.4887
21.477
23.2566
19.9864
13.2178
16.2599
20.0777
17.644
20.0625
20.0473
23.3023
15.834
15.8188
10.3887
12.366
10.5104
10.5104
9.46085
11.2405
13.7806
13.7502
18.0243
23.7586
15.3016
18.7848
16.0013
16.0774
16.0774
16.0774
10.6929
18.9977
15.8492
17.6288
17.4007
15.8644
15.8796
19.6062
19.6974
19.2715
12.579
16.1382
16.1382
16.1838
10.8602
10.8602
10.9363
7.45308
7.43787
10.2518
13.9479
12.4573
10.6929
15.7579
15.6363
15.6515
12.8223
15.7427
12.6398
12.1835
14.5107
18.4045
20.2754
19.089
18.1916
14.1152
14.0848
11.499
19.089
15.3473
18.4806
18.6935
22.3288
17.1269
13.9023
10.0388
17.0508
13.3395
13.3395
10.6016
10.4799
18.6479
5.52136
13.4155
16.8987
13.4155
9.18706
12.7007
12.6398
12.6398
13.5981
13.233
20.5796
16.3968
20.4884
19.7887
28.7172
17.9787
15.9709
15.9709
14.313
16.2142
20.2146
13.2634
15.8796
7.90939
13.1265
13.1265
13.157
13.2939
16.2903
17.6288
17.644
18.0851
14.9974
7.24013
14.4042
14.3586
15.9861
22.1919
16.7618
9.17185
9.17185
7.87897
9.14143
12.6854
17.9482
10.0541
16.4424
14.8301
7.60518
11.3165
14.2065
10.4039
8.03107
11.8793
14.2369
18.3285
20.0929
20.6861
20.7469
24.1541
22.4201
18.3437
20.0473
20.8534
21.4922
19.6518
21.0055
22.6787
16.6706
15.6971
20.9599
17.1725
22.7547
18.6631
23.4088
27.4547
22.1007
18.1764
10.9819
10.5864
12.6398
12.579
9.3848
16.5793
10.3583
7.45308
14.8149
16.4272
28.124
28.1392
26.4965
23.6369
28.8997
23.4544
22.2528
22.2528
22.1919
22.2376
23.8651
23.5
27.6068
27.5308
20.321
20.321
20.4123
20.3058
18.8609
14.9214
11.1036
6.73819
8.83722
8.83722
12.2748
11.9706
14.678
19.8039
23.7586
13.5981
12.2443
11.3165
12.579
16.8987
14.5563
14.5107
14.5107
16.5641
21.6748
25.3861
28.6259
24.8994
25.2036
25.1579
26.0097
26.101
24.9754
21.0816
21.6748
26.9832
27.5156
31.0748
27.8502
23.6673
28.8845
25.9033
29.7819
22.8308
22.7699
22.7091
22.6026
22.5722
23.1045
23.1045
19.1955
23.2262
23.2414
26.8767
15.4842
12.077
16.1686
16.0469
16.2295
24.0172
23.9411
23.8499
23.9563
23.7738
17.0964
13.7502
19.9408
24.078
25.6295
21.7812
18.9673
17.8722
16.5337
11.3165
18.7544
16.6706
15.4081
13.9935
18.0395
20.8382
20.8534
21.0207
20.8534
17.8265
17.7201
10.4952
10.5256
16.2295
16.3968
16.3207
16.2903
16.3664
16.4272
14.4346
12.5181
16.3664
13.9783
13.9631
17.355
10.7689
17.2942
18.7087
18.6327
18.5262
13.0809
13.0201
11.1188
14.4194
14.5563
14.4194
14.4498
14.313
12.1683
8.73075
8.19839
12.7463
12.8528
10.6625
9.73463
12.1987
8.76117
10.2214
10.4191
10.4191
10.2214
13.6741
13.6741
13.6741
13.8566
17.1877
13.5676
11.6816
10.6625
14.3282
7.27056
10.1757
10.1757
5.29321
9.20227
11.5447
13.5372
9.43043
13.5372
7.6356
10.9819
15.0278
11.7424
7.80292
7.80292
7.69644
7.58997
7.58997
7.4835
10.921
10.921
10.921
13.3395
16.7314
16.7922
9.46085
11.8337
9.35437
5.5822
5.5822
5.24758
9.06538
9.14143
2.00777
2.00777
3.68091
3.68091
3.68091
3.68091
3.68091
5.99288
5.99288
5.99288
5.99288
5.97767
7.75729
2.00777
5.41489
11.6359
11.6055
8.2136
4.31974
5.88641
5.88641
5.88641
5.88641
5.44531
5.44531
8.68512
8.68512
8.68512
6.92072
6.92072
7.62039
2.00777
5.24758
5.24758
5.24758
5.24758
5.29321
9.23269
10.3735
10.4343
6.98156
7.68123
4.38059
4.38059
7.75729
10.9971
7.66602
7.62039
2.00777
2.00777
5.24758
5.24758
7.62039
4.38059
4.38059
4.38059
11.8793
11.8793
13.2178
13.2178
11.8793
11.8793
4.31974
4.38059
4.38059
4.38059
4.38059
4.44143
6.09936
6.09936
9.20227
9.23269
9.23269
5.99288
5.99288
11.4686
11.5447
10.7994
8.48738
8.48738
10.1757
6.87509
6.87509
10.7233
7.45308
6.87509
6.85987
3.60486
10.1453
10.0541
10.0541
5.15631
5.23237
0.471521
0.471521
6.70777
4.42622
4.42622
11.0123
3.77217
3.77217
7.65081
7.58997
9.29353
5.44531
5.38447
5.38447
5.44531
2.14466
5.59741
2.14466
2.14466
6.11457
0.471521
0.471521
3.71133
5.38447
7.14887
3.90906
3.90906
7.97023
7.97023
9.47606
5.77994
8.15276
4.30453
11.3926
11.4382
5.17152
8.60907
5.17152
10.921
7.16408
3.87864
3.90906
0.471521
2.84434
3.90906
0.471521
0.471521
3.92427
3.92427
6.82945
0.471521
0.471521
3.71133
7.11845
13.8414
12.9897
7.69644
3.71133
3.71133
7.16408
6.23625
6.23625
6.1602
6.08415
6.69256
6.69256
5.91683
6.17541
10.343
10.1605
7.97023
8.01586
8.01586
0.471521
3.71133
0.471521
8.01586
7.52913
7.52913
7.52913
7.65081
7.65081
3.77217
7.58997
7.65081
6.14499
9.99321
9.99321
9.47606
6.14499
8.06149
9.35437
8.06149
10.1909
12.5486
13.9783
14.7388
16.4272
15.7579
15.7579
11.4382
8.56344
12.9897
16.4272
11.5903
14.8909
13.1722
13.5676
11.8641
8.89806
8.82201
8.89806
11.3013
9.35437
7.97023
7.98544
7.93981
11.7424
2.6466
9.94758
13.2026
10.7233
8.25923
5.35405
10.0388
17.4007
11.4686
13.5676
16.9291
14.967
12.4573
5.41489
5.17152
4.42622
7.4835
15.4081
13.9023
10.8906
5.73431
6.73819
5.88641
5.88641
10.7689
10.3887
10.1149
7.20971
7.20971
4.41101
8.30486
3.86343
9.15664
10.921
5.84078
10.0845
10.0997
10.1757
6.92072
7.0424
7.0424
2.46408
2.52492
3.60486
3.60486
6.52525
6.52525
6.47962
6.64693
9.8259
9.8259
12.8832
15.0583
9.47606
13.5829
17.355
15.834
8.44175
16.4576
26.0706
21.3097
26.2075
24.0476
29.569
21.8725
23.211
23.5
18.9369
17.7049
16.412
12.9744
5.99288
12.8528
12.8528
18.1916
20.6253
24.291
23.8499
20.3667
17.3854
20.7621
22.4505
12.1227
18.3893
18.3589
14.3738
21.0359
11.3774
11.3774
5.39968
14.9974
18.0243
18.0547
18.2677
16.0165
7.0424
13.4155
10.267
8.59386
14.0087
14.0087
12.5486
11.2252
16.1078
12.5181
16.488
16.488
21.8117
24.9298
24.6712
15.4081
12.0466
8.15276
9.99321
9.99321
9.40001
7.60518
11.499
11.499
24.1845
24.1845
16.9443
18.1308
15.4081
9.49127
9.49127
9.5369
7.39224
5.08026
5.12589
14.4803
14.2521
18.0091
8.28965
8.28965
8.28965
8.41133
8.3657
10.4191
17.7809
16.9139
10.1757
10.1757
6.26667
3.83301
10.5256
10.4647
15.1039
19.8952
17.933
21.0816
23.424
14.1456
12.4117
16.9748
21.3249
21.1424
18.3285
19.1955
20.7317
17.9178
16.8227
14.2065
14.2673
19.4084
19.4084
16.1686
14.2673
14.2673
14.1
17.2181
20.4884
25.7055
25.3861
25.8728
19.2867
18.0851
24.6256
22.7243
28.0631
28.1088
26.6486
24.8081
25.1579
17.4311
15.7275
11.1796
11.1644
11.1644
15.0278
12.5486
12.6094
15.1191
11.8337
10.4799
12.9897
13.0201
13.0049
15.4537
18.4198
15.4233
11.5142
13.3699
13.3699
17.2333
17.4311
15.0278
16.0469
18.3893
20.9295
14.9518
16.3055
12.1987
9.12622
16.4728
16.123
14.4194
13.6893
10.4495
7.37703
7.20971
18.2524
19.8039
18.3741
23.1045
25.1427
25.0363
25.0363
21.3097
15.8188
15.9557
18.8609
19.0282
13.0657
16.0469
6.09936
9.3848
12.8223
18.8152
16.8075
19.3172
12.5029
20.4427
21.9029
21.979
22.4809
27.333
23.4088
22.4961
21.2185
20.8838
24.8081
24.7777
22.055
24.6864
28.7324
19.3172
17.9026
21.9181
22.1159
20.1842
21.4922
25.7968
24.078
24.2757
24.6408
22.6482
25.6903
33.2651
34.0104
26.0858
21.0359
20.9599
13.9935
24.1997
24.9906
23.3479
17.2638
17.3702
17.4159
17.8113
12.6094
16.5185
13.4155
16.9291
29.3256
23.7282
20.1537
22.2832
27.0744
28.2456
28.124
22.7851
25.9945
22.7699
23.0285
18.7392
22.4201
16.777
16.9748
15.4385
15.4385
15.4233
19.1194
11.9249
12.7919
22.1463
21.2337
23.6673
23.5152
23.424
23.3327
23.5152
22.7243
14.7084
27.1353
30.7858
31.4094
27.0136
31.4855
23.1198
22.6787
14.7541
12.2596
19.3172
19.2107
22.1463
21.6596
20.3515
22.8003
26.0858
27.1961
23.135
22.1919
23.6065
27.7133
31.2117
24.7777
25.6903
16.0621
18.1003
21.7812
23.1806
25.31
24.1236
17.2333
23.0589
12.2443
18.6175
19.8799
18.5262
19.4693
25.5686
22.4657
16.5641
13.6437
18.8
18.2372
26.0858
25.0667
24.8689
20.0168
17.4311
19.8343
23.8346
23.8346
26.4508
22.8003
22.9068
15.0126
14.9974
14.9062
19.302
28.7476
25.1884
25.1884
21.1272
21.2337
19.8799
23.0741
19.6974
12.5181
20.0321
19.8799
15.9709
16.4424
16.4424
20.245
20.2298
20.8078
19.7735
20.2146
14.0696
14.1761
15.4385
19.4997
16.7314
21.3249
25.1884
25.0515
21.1728
19.8495
16.0013
15.9253
21.1728
22.1311
18.4958
17.2942
14.9822
12.3356
27.3634
23.2262
11.4686
7.49871
11.3165
19.0738
15.1799
14.2217
18.146
25.0819
11.8945
18.9977
18.435
18.435
22.8612
14.6628
15.6058
15.6058
11.5903
15.2712
1.49062
1.47541
4.71521
8.35049
8.27444
8.27444
4.88253
1.49062
1.49062
1.49062
10.1757
10.0693
10.632
8.18318
7.24013
4.38059
4.38059
5.85599
8.28965
2.00777
5.91683
5.85599
5.85599
5.85599
7.11845
5.91683
2.00777
2.00777
5.46052
5.44531
5.44531
2.00777
2.00777
2.00777
2.00777
2.00777
2.00777
2.00777
5.44531
9.55211
9.55211
9.55211
10.267
10.267
10.2214
9.29353
13.6285
12.7159
11.4078
11.4078
8.04628
8.04628
8.09191
8.74596
8.70033
8.09191
8.09191
8.09191
8.09191
4.00033
4.00033
4.00033
0.547573
0.547573
0.547573
0.547573
0.547573
0.547573
4.42622
7.80292
11.7272
11.7272
8.24402
11.21
11.21
7.83334
13.9935
13.9935
17.4311
17.4463
13.4916
13.4916
13.5524
13.4916
13.4916
13.6893
14.6324
9.03496
4.92816
7.25534
