39
89
138
187
235
284
332
381
429
478
527
577
626
675
724
774
823
872
922
971
1021
1070
1120
1170
1219
1268
1317
1367
1416
1465
1514
1563
1612
1660
1709
1758
1807
1856
1905
1954
2003
2053
2102
2151
2201
2251
2301
2350
2400
2450
2500
2550
2600
2650
2700
2750
2800
2849
2899
2948
2997
3047
3096
3145
3195
3244
3293
3342
3392
3440
3489
3538
3587
3635
3684
3733
3782
3831
3879
3927
3977
4026
4075
4124
4174
4223
4271
4320
4368
4417
4465
4513
4562
4611
4661
4710
4760
4809
4859
4907
4956
5004
5053
5101
5150
5199
5247
5296
5344
5393
5441
5491
5540
5590
5639
5689
5738
5787
5837
5886
5936
5985
6035
6084
6176
6226
6275
6324
6374
6423
6473
6523
6572
6622
6671
6719
6767
6816
6864
6913
6961
7011
7061
7111
7161
7211
7261
7311
7360
7410
7460
7509
7559
7608
7657
7707
7756
7805
7854
7903
7951
8000
8049
8099
8149
8198
8247
8296
8346
8395
8444
8493
8543
8592
8641
8690
8740
8789
8839
8889
8938
8988
9036
9085
9134
9182
9230
9279
9327
9375
9424
9472
9520
9569
9617
9666
9716
9765
9814
9863
9913
9962
10011
10060
10110
10159
10208
10256
10306
10355
10405
10454
10504
10553
10603
10653
10702
10751
10801
10850
10900
10948
10997
11045
11093
11142
11190
11238
11288
11337
11386
11436
11485
11534
11583
11631
11679
11728
11777
11825
11874
11923
11972
12021
12071
12121
12171
12221
12271
12321
12371
12421
12470
12520
12569
12618
12667
12715
12764
12813
12863
12912
12961
13010
13058
13106
13155
13204
13254
13303
13353
13403
13452
13501
13550
13600
13649
13698
13747
13797
13846
13895
13945
13994
14043
14092
14142
14192
14242
14292
14342
14392
14441
14490
14538
14587
14636
14686
14735
14784
14834
14883
14932
14981
15032
15082
15132
15182
15233
15283
15331
15380
15428
15477
15527
15577
15628
15678
15728
15778
15828
15877
15926
15974
16022
16071
16119
16169
16218
16267
16317
16366
16415
16465
16514
16563
16612
16662
16711
16760
16809
16859
16907
16955
17004
17052
17100
17149
17198
17248
17297
17347
17396
17445
17494
17542
17591
17639
17688
17737
17786
17835
17883
17931
17980
18028
18077
18126
18174
18223
18272
18321
18371
18420
18469
18519
18568
18617
18666
18716
18764
18812
18861
18909
18958
19006
19055
19105
19154
19203
19251
19300
19348
19397
19445
19494
19544
19592
19640
19688
19737
19785
19833
19884
19934
19984
20034
20085
20135
20184
20233
20283
20332
20381
20431
20480
20530
20579
20629
20678
20727
20775
20824
20873
20922
20972
21021
21070
21120
21169
21218
21268
21317
21366
21415
21464
21514
21562
21612
21661
21710
21759
21809
21858
21907
21956
22004
22053
22101
22150
22199
22248
22298
22347
22397
22446
22495
22545
22594
22643
22693
22742
22791
22840
22890
22939
22988
23036
23085
23133
23182
23230
23279
23327
23375
23424
23473
23522
23572
23621
23670
23719
23769
23818
23867
23916
23966
24015
24064
24113
24163
24212
24261
24310
24359
24408
24456
24505
24553
24601
24650
24700
24750
24800
24849
24899
24949
24999
25047
25095
25144
25193
25241
25289
25338
25387
25436
25485
25534
25583
25633
25681
25730
25779
25828
25878
25927
25976
26026
26074
26122
26171
26221
26270
26319
26368
26418
26467
26516
26566
26615
26664
26714
26763
26812
26860
26909
26958
27006
27055
27104
27153
27202
27252
27300
27348
27396
27445
27493
27541
27590
27639
27688
27738
27787
27836
27886
27935
27985
28035
28085
28135
28185
28235
28285
28334
28383
28432
28482
28531
28580
28629
28678
28728
28776
28825
28873
28922
28971
29021
29070
29119
29169
29218
29267
29316
29365
29413
29462
29511
29559
29608
29656
29704
29753
29801
29850
29898
29947
29996
30045
30094
30144
30193
30242
30292
30341
30391
30441
30490
30540
30590
30639
30688
30736
30785
30833
30882
30930
30980
31029
31078
31127
31177
31226
31276
31325
31375
31425
31474
31524
31574
31624
31673
31723
31772
31822
31871
31920
31970
32019
32069
32118
32168
32217
32266
32315
32364
32414
32463
32512
32562
32611
32660
32709
32759
32808
32858
32907
32956
33004
33052
33101
33149
33198
33247
33297
33346
33395
33445
33494
33543
33592
33640
33690
33741
33791
33841
33891
33942
33991
34040
34089
34138
34188
34237
34287
34337
34388
34438
34488
34539
34588
34636
34685
34734
34782
34831
34879
34929
34978
35027
35076
35125
35175
35224
35274
35323
35373
35422
35471
35521
35570
35619
35668
35718
35767
35815
35864
35912
35961
36009
36058
36107
36156
36205
36254
36304
36353
36404
36455
36506
36556
36605
36654
36703
36752
36800
36850
36899
36948
36997
37046
37095
37144
37192
37241
37289
37338
37386
37435
37483
37532
37581
37631
37680
37729
37779
37828
37878
37927
37977
38026
38077
38128
38179
38228
38278
38328
38378
38427
38477
38526
38575
38625
38674
38723
38772
38822
38871
38921
38970
39020
39069
39158
39207
39255
39344
39393
39443
39492
39540
39589
39637
39686
39735
39785
39834
39883
39932
39981
40031
40080
40129
40178
40228
40277
40326
40376
40425
40475
40524
40573
40622
40671
40721
40769
40818
40868
40917
40966
41016
41064
41113
41162
41211
41260
41310
41359
41408
41456
41505
41554
41602
41650
41699
41748
41797
41846
41895
41944
41994
42043
42091
42140
42188
42236
42286
42335
42384
42433
42483
42532
42581
42630
42679
42729
42778
42828
42878
42929
42979
43029
43079
43129
43178
43226
43275
43324
43374
43424
43473
43523
43571
43619
43668
43716
43765
43813
43861
43910
43958
44007
44055
44104
44152
44201
44251
44301
44350
44400
44450
44500
44549
44598
44647
44696
44746
44795
44844
44893
44943
44992
45041
45091
45140
45189
45239
45289
45338
45387
45437
45486
45536
45584
45633
45683
45733
45784
45834
45884
45932
45981
46029
46077
46126
46174
46223
46272
46322
46371
46421
46470
46520
46569
46618
46668
46718
46767
46817
46867
46916
46966
47015
47065
47114
47163
47212
47261
47310
47358
47407
47456
47505
47554
47603
47653
47702
47751
47800
47848
47897
47945
47993
48042
48091
48141
48190
48239
48288
48337
48387
48436
48486
48535
48585
48634
48683
48733
48783
48833
48883
48933
48981
49030
49079
49128
49178
49227
49276
49325
49375
49424
49473
49522
49572
49622
49672
49722
49772
49821
49869
49918
49967
50016
50064
50114
50163
50211
50260
50308
50357
50405
50454
50502
50551
50600
50650
50699
50748
50797
50847
50896
50946
50995
51045
51094
51143
51191
51240
51288
51378
51427
51476
51524
51573
51622
51672
51721
51770
51820
51869
51918
51967
52016
52066
52116
52166
52215
52265
52315
52364
52413
52463
52512
52561
52611
52660
52710
52759
52809
52858
52908
52957
53007
53056
53106
53155
53205
53254
53304
53353
53403
53452
53502
53551
53601
53651
53699
53748
53796
53845
53893
53942
53991
54041
54091
54142
54192
54241
54290
54339
54388
54437
54486
54534
54584
54633
54683
54732
54782
54831
54880
54928
54977
55025
55074
55122
55171
55221
55270
55320
55369
55419
55468
55518
55567
55616
55666
55715
55764
55813
55863
55912
55962
56011
56061
56110
56160
56208
56256
56305
56353
56402
56450
56499
56547
56596
56644
56693
56741
56790
56838
56887
56936
56985
57033
57082
57131
57180
57230
57279
57328
57378
57426
57475
57523
57572
57620
57668
57717
57765
57815
57864
57913
57963
58011
58060
58109
58157
58206
58254
58303
58351
58400
58449
58497
58546
58594
58644
58693
58742
58792
58841
58890
58940
58989
59038
59086
59135
59183
59232
59281
59330
59380
59429
59478
59527
59576
59625
59675
59724
59773
59822
59872
59921
59970
60019
60069
60118
60168
60217
60266
60316
60364
60414
60463
60513
60563
60612
60662
60712
60761
60810
60860
60909
60959
61008
61057
61106
61154
61203
61252
61300
61348
61397
61446
61495
61545
61594
61643
61693
61742
61791
61841
61890
61940
61990
62039
62089
62138
62187
62236
62286
62335
62384
62433
62483
62532
62581
62630
62679
62729
62778
62827
62876
62926
62975
63024
63074
63123
63173
63222
63272
63321
63371
63420
63470
63519
63568
63617
63667
63716
63764
63813
63862
63911
63959
64008
64057
64106
64155
64204
64254
64303
64352
64401
64450
64499
64549
64597
64646
64695
64743
64792
64841
64889
64938
64986
65035
65083
65132
65181
65229
65278
65326
65375
65423
65472
65522
65571
65621
65670
65718
65767
65815
65864
65912
65961
66009
66057
66106
66155
66204
66253
66303
66352
66401
66450
66499
66548
66597
66647
66696
66745
66794
66844
66893
66942
66992
67041
67089
67138
67186
67235
67283
67332
67380
67429
67477
67526
67574
67663
67712
67761
67810
67860
67909
67958
68008
68058
68107
68157
68207
68257
68306
68356
68406
68456
68504
68553
68642
68691
68739
68788
68838
68887
68936
68985
69033
69082
69132
69181
69231
69280
69330
69379
69428
69476
69526
69575
69625
69674
69724
69773
69822
69872
69921
69972
70023
70073
70124
70175
70224
70272
70321
70369
70418
70466
70516
70565
70615
70664
70714
70763
70813
70862
70911
70960
71010
71059
71108
71157
71206
71256
71305
71354
71403
71453
71501
71549
71598
71646
71694
71743
71791
71839
71888
71936
71985
72033
72082
72131
72180
72230
72279
72328
72377
72426
72475
72523
72572
72621
72669
72719
72768
72818
72867
72916
72966
73015
73064
73113
73163
73212
73260
73308
73357
73405
73453
73502
73551
73601
73650
73699
73748
73797
73845
73894
73942
73991
74040
74090
74139
74188
74237
74285
74334
74382
74431
74481
74530
74579
74628
74678
74727
74775
74824
74872
74921
74969
75018
75066
75115
75163
75212
75260
75309
75357
75406
75454
75503
75552
75601
75649
75698
75746
75795
75843
75891
75941
75990
76039
76088
76138
76187
76236
76285
76335
76384
76433
76482
76531
76581
76630
76679
76728
76778
76827
76877
76925
76973
77022
77071
77119
77167
77217
77266
77315
77365
77414
77463
77513
77562
77610
77659
77707
77755
77804
77852
77900
77949
77998
78047
78095
78144
78192
78241
78289
78338
78387
78436
78485
78535
78584
78632
78681
78729
78778
78826
78874
78924
78973
79023
79072
79122
79171
79220
79269
79319
79368
79417
79466
79516
79565
79615
79665
79714
79763
79812
79861
79911
79960
80009
80058
80108
80157
80206
80255
80305
80354
80404
80453
80503
80552
80601
80650
80700
80749
80797
80845
80894
80942
80990
81039
81088
81137
81186
81235
81285
81334
81383
81432
81482
81531
81580
81629
81678
81769
81819
81868
81917
81967
82016
82064
82113
82162
82211
82260
82308
82357
82405
82455
82503
82552
82600
82649
82697
82745
82795
82844
82892
82941
82989
83038
83086
83135
83224
83272
83321
83369
83417
83468
83517
83565
83614
83662
83711
83759
83808
83856
83905
83953
84002
84050
84100
84149
84198
84247
84297
84346
84395
84444
84493
84542
84591
84639
84688
84736
84785
84833
84882
84930
84979
85029
85078
85127
85175
85224
85273
85323
85373
85424
85474
85524
85574
85624
85674
85723
85773
85822
85870
85918
85967
86015
86064
86112
86161
86211
86260
86309
86359
