42
91
141
190
239
289
338
388
437
487
537
587
636
686
736
785
834
884
933
983
1033
1082
1131
1179
1228
1276
1325
1373
1422
1471
1521
1570
1620
1669
1718
1768
1817
1867
1916
1965
2014
2064
2113
2162
2211
2259
2307
2356
2404
2453
2501
2550
2598
2647
2695
2744
2792
2841
2890
2939
2989
3038
3086
3135
3184
3232
3280
3330
3379
3428
3477
3527
3576
3624
3675
3725
3775
3826
3876
3926
3976
4025
4075
4124
4174
4224
4273
4322
4372
4420
4469
4517
4565
4614
4662
4711
4759
4808
4857
4906
4955
5004
5054
5103
5152
5202
5251
5299
5348
5397
5446
5495
5544
5593
5641
5690
5739
5788
5838
5887
5937
5986
6036
6084
6132
6181
6229
6278
6326
6374
6424
6473
6523
6572
6621
6670
6720
6769
6818
6868
6917
6966
7016
7065
7115
7164
7213
7263
7312
7360
7409
7458
7507
7556
7606
7655
7704
7753
7803
7852
7902
7952
8001
8051
8101
8151
8200
8249
8299
8348
8397
8446
8496
8546
8596
8647
8697
8747
8797
8846
8896
8945
8994
9044
9095
9146
9196
9247
9298
9349
9398
9447
9496
9546
9595
9645
9694
9744
9794
9844
9894
9944
9994
10045
10095
10145
10195
10246
10294
10343
10391
10439
10488
10536
10585
10635
10684
10733
10782
10831
10881
10931
10981
11031
11081
11131
11180
11230
11279
11328
11377
11426
11476
11525
11575
11624
11674
11723
11771
11820
11868
11916
11965
12013
12062
12111
12160
12210
12259
12309
12358
12407
12457
12507
12556
12606
12656
12705
12754
12802
12851
12901
12950
12999
13048
13098
13147
13197
13247
13296
13346
13396
13445
13494
13542
13591
13639
13687
13736
13784
13833
13882
13931
13981
14030
14080
14129
14178
14227
14276
14325
14373
14422
14471
14521
14570
14620
14669
14719
14768
14817
14866
14916
14964
15013
15061
15109
15158
15206
15255
15304
15352
15401
15450
15499
15549
15598
15647
15696
15745
15794
15844
15893
15942
15991
16041
16090
16139
16189
16239
16288
16338
16387
16437
16486
16535
16584
16634
16683
16733
16782
16832
16881
16930
16979
17027
17076
17125
17174
17223
17272
17322
17371
17420
17470
17518
17566
17615
17665
17714
17763
17812
17862
17911
17961
18010
18059
18107
18156
18205
18255
18304
18353
18402
18451
18501
18551
18601
18649
18698
18746
18794
18843
18893
18942
18991
19040
19089
19138
19186
19235
19284
19334
19383
19432
19482
19531
19581
19630
19679
19729
19778
19828
19878
19928
19978
20028
20078
20128
20176
20225
20273
20322
20370
20418
20467
20516
20564
20613
20661
20710
20758
20809
20858
20907
20956
21006
21055
21103
21151
21200
21248
21297
21345
21393
21442
21490
21539
21587
21636
21685
21734
21784
21833
21883
21932
21982
22031
22081
22131
22181
22230
22280
22330
22380
22430
22479
22529
22579
22629
22678
22728
22778
22828
22877
22927
22977
23026
23074
23123
23172
23220
23269
23319
23367
23415
23465
23514
23563
23613
23662
23712
23761
23810
23859
23909
23958
24007
24056
24106
24156
24206
24256
24306
24356
24406
24455
24505
24555
24605
24654
24703
24751
24800
24848
24897
24945
24993
25043
25092
25141
25190
25240
25289
25338
25388
25438
25487
25537
25587
25637
25685
25733
25782
25830
25879
25927
25975
26024
26074
26123
26173
26223
26273
26322
26371
26420
26468
26517
26565
26614
26662
26710
26759
26807
26856
26904
26954
27003
27052
27101
27151
27200
27249
27299
27348
27397
27446
27495
27545
27595
27644
27694
27743
27793
27843
27893
27943
27993
28043
28093
28143
28192
28241
28291
28340
28389
28438
28488
28537
28587
28636
28686
28735
28784
28833
28883
28933
28982
29032
29081
29131
29180
29228
29277
29325
29373
29422
29471
29521
29612
29661
29711
29760
29810
29859
29909
29958
30006
30055
30104
30153
30203
30252
30301
30351
30400
30451
30502
30552
30603
30654
30704
30754
30803
30852
30902
30951
31000
31048
31097
31145
31193
31242
31290
31339
31388
31437
31488
31538
31588
31638
31688
31738
31787
31836
31884
31933
31982
32030
32079
32129
32177
32226
32275
32323
32372
32420
32471
32522
32573
32624
32674
32725
32774
32822
32870
32919
32968
33018
33067
33117
33167
33216
33264
33313
33361
33410
33459
33507
33555
33605
33654
33704
33753
33803
33852
33902
33951
34000
34049
34097
34146
34194
34243
34292
34341
34389
34438
34486
34535
34583
34632
34681
34730
34778
34827
34876
34926
34976
35025
35075
35123
35172
35220
35268
35317
35365
35413
35462
35510
35559
35608
35656
35705
35753
35802
35851
35901
35950
35999
36049
36098
36148
36197
36247
36297
36346
36396
36446
36494
36543
36592
36641
36691
36740
36789
36838
36888
36937
36987
37036
37126
37175
37224
37272
37320
37369
37417
37465
37514
37562
37611
37659
37708
37756
37805
37853
37902
37952
38001
38051
38101
38151
38200
38250
38299
38347
38396
38445
38494
38542
38591
38640
38689
38739
38789
38838
38888
38938
38988
39037
39086
39134
39183
39231
39280
39328
39376
39425
39474
39523
39573
39622
39671
39721
39771
39820
39869
39917
39966
40015
40064
40114
40163
40212
40302
40351
40399
40529
40578
40626
40675
40724
40773
40821
40871
40920
40969
41018
41067
41115
41164
41212
41262
41311
41360
41409
41459
41507
41556
41605
41653
41702
41750
41799
41847
41896
41944
41993
42041
42090
42139
42188
42236
42285
42334
42383
42431
42480
42528
42577
42625
42674
42725
42775
42826
42877
42926
42976
43025
43074
43123
43173
43222
43272
43322
43373
43423
43473
43522
43571
43621
43670
43720
43769
43819
43868
43917
43965
44013
44062
44110
44158
44208
44257
44307
44356
44406
44455
44504
44553
44603
44652
44701
44751
44799
44848
44896
44945
44994
45043
45091
45140
45189
45238
45286
45335
45385
45434
45483
45533
45582
45631
45680
45729
45779
45828
45877
45926
45976
46025
46074
46123
46172
46301
46350
46398
46448
46497
46546
46596
46645
46694
46743
46791
46840
46890
46939
46988
47037
47087
47137
47186
47236
47285
47334
47384
47433
47483
47532
47582
47631
47680
47730
47779
47828
47878
47927
47976
48025
48074
48123
48252
48300
48390
48438
48487
48535
48584
48632
48681
48730
48778
48827
48876
48924
48973
49021
49070
49119
49167
49216
49265
49313
49361
49410
49458
49506
49555
49603
49652
49702
49752
49801
49851
49901
49951
50000
50050
50100
50149
50198
50327
50416
50465
50513
50562
50611
50659
50708
50757
50805
50853
50902
50950
50998
51047
51096
51146
51196
51246
51295
51386
51434
51482
51531
51579
51628
51676
51725
51773
51822
51871
51921
51970
52019
52068
52117
52167
52217
52266
52314
52363
52412
52461
52509
52558
52607
52657
52706
52756
52805
52855
52903
52952
53000
53049
53097
53146
53195
53245
53295
53344
53394
53444
53493
53542
53592
53641
53690
53739
53788
53837
53885
53934
53983
54032
54080
54129
54220
54268
54317
54366
54414
54463
54512
54562
54611
54660
54709
54759
54808
54858
54908
54957
55008
55058
55107
55157
55207
55256
55304
55393
55482
55531
55580
55629
55678
55727
55777
55826
55875
55924
55973
56021
56070
56119
56167
56216
56265
56314
56364
56413
56463
56512
56562
56611
56660
56709
56758
56808
56857
56905
56953
57002
57050
57099
57147
57195
57243
57292
57382
57430
57478
57527
57575
57624
57673
57723
57772
57822
57871
57920
57970
58019
58069
58118
58167
58217
58266
58315
58364
58413
58463
58511
58560
58610
58659
58708
58757
58807
58855
58903
58953
59003
59052
59102
59151
59201
59251
59300
59350
59399
59449
59498
59548
59597
59646
59696
59745
59795
59844
59893
59942
59992
60041
60091
60141
60191
60241
60289
60378
60427
60476
60525
60575
60624
60673
60723
60812
60861
60911
60961
61010
61060
61109
61158
61208
61257
61307
61356
61405
61455
61504
61554
61604
61654
61704
61793
61841
61891
61940
61989
62038
62088
62137
62185
62234
62282
62330
62379
62427
62476
62525
62616
62665
62714
62764
62812
62861
62910
62958
63007
63056
63105
63155
63204
63254
63303
63353
63402
63451
63501
63550
63599
63649
63699
63748
63798
63848
63898
63947
63997
64046
64095
64144
64193
64243
64291
64340
64389
64438
64486
64535
64584
64633
64682
64732
64781
64830
64880
64929
64979
65028
65077
65127
65176
65225
65274
65324
65373
65422
65472
65522
65571
65621
65671
65720
65770
65818
65867
65956
66004
66053
66102
66151
66200
66249
66297
66346
66395
66444
66493
66542
66591
66639
66688
66736
66785
66833
66884
66932
66981
67071
67119
67168
67217
67266
67314
67363
67411
67461
67510
67559
67608
67658
67707
67756
67805
67855
67904
67953
68002
68052
68101
68150
68199
68247
68295
68344
68392
68441
68490
68539
68589
68638
68688
68778
68826
68875
68923
68972
69021
69069
69119
69169
69218
69268
69317
69366
69415
69465
69514
69563
69612
69662
69711
69761
69812
69861
69911
69960
70009
70059
70109
70158
70208
70259
70309
70359
70410
70460
70509
70559
70607
70656
70705
70754
70803
70852
70901
70949
70997
71046
71094
71142
71191
71240
71288
71337
71386
71434
71483
71532
71582
71631
71680
71729
71778
71869
71919
71968
72017
72067
72116
72165
72215
72264
72314
72364
72413
72463
72513
72563
72613
72661
72710
72758
72807
72855
72903
72952
73002
73052
73102
73151
73201
73252
73301
73351
73400
73449
73499
73548
73598
73647
73696
73745
73795
73844
73893
73942
73991
74041
74090
74139
74188
74239
74289
74339
74388
74436
74485
74533
74581
74631
74679
74728
74776
74825
74873
74922
74971
75020
75069
75117
75166
75214
75262
75312
75362
75412
75461
75510
75559
75609
75658
75706
75755
75844
75892
75941
75989
76037
76085
76134
76182
76230
76280
76329
76379
76428
76478
76527
76577
76627
76677
76726
76776
76867
76915
76964
77012
77060
77109
77157
77206
77254
77302
77351
77399
77447
77497
77547
77596
77645
77695
77744
77793
77842
77892
77941
77990
78038
78087
78136
78184
78233
78282
78332
78381
78430
78479
78529
78578
78627
78677
78727
78776
78826
78876
78925
78975
79024
79074
79123
79173
79222
79270
79319
79367
79416
79464
79514
79565
79615
79666
79717
79768
79817
79866
79916
79965
80015
80064
80113
80163
80212
80260
80309
80358
80407
80457
80505
80554
80602
80650
80699
80747
80796
80846
80894
80943
81032
81080
81172
81222
81271
81319
81368
81417
81466
81514
81564
81612
81660
81709
81757
81806
81854
81903
81951
82000
82049
82098
82148
82197
82246
82295
82344
82393
82442
82491
82540
82589
82638
82687
82735
82784
82832
82880
82929
82979
83028
83077
83126
83176
83225
83274
83323
83372
83421
83470
83520
83569
83619
83669
83718
83767
83856
83904
83952
84041
84091
84140
84189
84238
84288
84337
84386
84435
84485
84535
84585
84635
84685
84816
84864
84912
84961
85009
85058
85106
85156
85206
85256
85306
85357
85407
85455
85504
85554
85603
85652
85701
85791
85840
85889
85938
85987
86035
86084
86133
86182
86230
86279
86328
86377
