+2.517433217634135190 
+2.070527905530127555 
+1.707471595122342478 
+1.392981685801828462 
+1.121114683739691031 
+0.882513285667599234 
+0.673865198655576592 
+0.492156675910081276 
+0.328981277932641092 
+0.176707960380198870 
+0.056913429383854464 
-0.045727599102491467 
-0.130943257021343129 
-0.204386461366965477 
-0.263654136292487351 
-0.309117608789549081 
-0.343534919924920246 
-0.366596289217596905 
-0.380271038339103029 
-0.384440258581747685 
-0.380307126702774667 
-0.369223087136077766 
-0.351862432244914203 
-0.328868787601564350 
-0.300850031261745698 
-0.267715224980477728 
-0.230527753368903632 
-0.189825295006343708 
-0.146962356530309535 
-0.101649143180850388 
-0.054304905377378532 
-0.005322010295358837 
+0.046886516061789507 
+0.099092662076387228 
+0.151916214092921109 
+0.205045748168302566 
+0.258193132428132799 
+0.310098206614014771 
+0.361533220923462295 
+0.413253743026473330 
+0.463110586019453763 
+0.511909758955198413 
+0.559490453059709125 
+0.605707360179835064 
+0.650429919577533155 
+0.694354171323993796 
+0.735717835040432533 
+0.774531992760330468 
+0.812241522186951670 
+0.847331555618978882 
+0.880491840525735370 
+0.912269859510629999 
+0.941407728105971842 
+0.969020333631817721 
+0.994026678846353207 
+1.016966633267429643 
+1.038224489415952689 
+1.057332280692364179 
+1.074299127285357258 
+1.089405017300009604 
+1.102325035938164888 
+1.112903959666752485 
+1.121581479117281788 
+1.128066796476261402 
+1.132583500906847007 
+1.135175740144404699 
+1.135891174339931808 
+1.134780659726317253 
+1.131897945738927547 
+1.127194519118873473 
+1.120907511652063704 
+1.112858458597386857 
+1.103414702171292561 
+1.092279902199734920 
+1.079690228535056917 
+1.065992276848987785 
+1.051029296454871087 
+1.034547487621154005 
+1.017238665583320767 
+0.998509109623483937 
+0.979135956223416315 
+0.958845001851955203 
+0.937705338497593743 
+0.915357040985426806 
+0.892712903531361235 
+0.868972660497945526 
+0.845100366940869208 
+0.820246979049045422 
+0.795416832360416493 
+0.770210076805938115 
+0.744690050321466401 
+0.718918925800352326 
+0.692957633557128361 
+0.667368422260395278 
+0.641205113279198713 
+0.614521951148375933 
+0.588382052168412883 
+0.561836059865996162 
+0.535938697299201294 
+0.509746545883658086 
+0.484297592046544878 
+0.458662121279587609 
+0.433380137349104189 
+0.408963285067628135 
+0.384516008899595363 
+0.361001478401192344 
+0.337992360622564547 
+0.315951760082512578 
+0.294049361621190997 
+0.273158995723207454 
+0.252883155041445207 
+0.232492891078180719 
+0.213553796903099169 
+0.194957128982025552 
+0.177104852667497426 
+0.160019038483625309 
+0.143720000694017358 
+0.128226314544619413 
+0.113829128403750701 
+0.100237149227908162 
+0.087463139699053727 
+0.075518333163969942 
+0.064203138700847262 
+0.053768816791745166 
+0.044222520370411189 
+0.035727801490651245 
+0.027955580532889712 
+0.021083674136448849 
+0.015007300803247858 
+0.009867198896401419 
+0.005661637016530108 
+0.002387434399423682 
+0.000040000550995956 
-0.001349425167234131 
-0.001894933840361546 
-0.001568821085982108 
-0.000380286031557375 
+0.001613144958682255 
+0.004478441741795791 
+0.008172261146668802 
+0.012681185317546806 
+0.017990834009225409 
+0.024210708748768184 
+0.031089641522598299 
+0.038720441622999147 
+0.047253191458366928 
+0.056346977339813975 
+0.066331387156779442 
+0.076809279649353357 
+0.088162074830435699 
+0.099939706589509569 
+0.112328263872512935 
+0.125305324018626152 
+0.138847970267121923 
+0.153208849086013288 
+0.167821859939508045 
+0.182928642886523107 
+0.198808639897364969 
+0.214837359142734385 
+0.231605102809311347 
+0.248781034511296184 
+0.266338068084564839 
+0.283907881630284464 
+0.302139243043853867 
+0.320669987365988618 
+0.339472493323711433 
+0.358519091482932595 
+0.377416810641918232 
+0.396865252387698320 
+0.416104008992277841 
+0.435845924400084073 
+0.455319696576069077 
+0.474870877624780974 
+0.494851165104520874 
+0.514480737326266535 
+0.534488281077528882 
+0.554093393576792437 
+0.574024330264336413 
+0.593504123568820319 
+0.613256814781337312 
+0.632512797934055016 
+0.651622300631871099 
+0.670199703541427994 
+0.688592484775682578 
+0.706779544325314646 
+0.724740166669292307 
+0.742454036172659926 
+0.759901251908715381 
+0.777062341802107426 
+0.794245608606303222 
+0.810771283060162773 
+0.827268554203357098 
+0.843085009677977837 
+0.859121742056814242 
+0.875022736865503248 
+0.890462363451590022 
+0.905149635761503646 
+0.919357932589278448 
+0.933071091495918381 
+0.946273587428663632 
+0.958950541033956938 
+0.971087726192990885 
+0.982671576912792943 
+0.993689193497829137 
+1.003936808775719669 
+1.013435935298730328 
+1.022548961165156811 
+1.031074474109701100 
+1.038856646481988832 
+1.046462361445676947 
+1.053284664360745637 
+1.059352287855375607 
+1.064793432859417521 
+1.069688549270566114 
+1.073921388329551974 
+1.077426109892059003 
+1.080333496834711582 
+1.082530576363168962 
+1.084099175105350810 
+1.084988625615920910 
+1.085197561645614428 
+1.084725290465371472 
+1.083571788264720226 
+1.081737695029474366 
+1.078389894842345598 
+1.074294133756623637 
+1.069595682665465119 
+1.064268705808075310 
+1.057486714768714364 
+1.050032887232887902 
+1.042144098734610225 
+1.033638256296811164 
+1.024394627480404552 
+1.014241285530658843 
+1.003538723910153863 
+0.991509361323011262 
+0.978929924887211200 
+0.965620146153440828 
+0.951594666893200269 
+0.936868912605618220 
+0.921725863536451584 
+0.905660035099899119 
+0.888944408079794357 
+0.871896507051985736 
+0.853947232179706361 
+0.835404895314880491 
+0.816289819410215500 
+0.796622945847687447 
+0.776772433158299691 
+0.756785250352592698 
+0.735618613750389727 
+0.714358836148946352 
+0.692673636035308959 
+0.670201736973268680 
+0.647728608213640200 
+0.624503999774091767 
+0.601339713110064622 
+0.577869646985604390 
+0.554118694456974481 
+0.529696073073679941 
+0.504615892266855326 
+0.479318462300327042 
+0.454258800880424474 
+0.429044688568296806 
+0.404134460576599963 
+0.378696886326437721 
+0.353621549852121575 
+0.328071864831343873 
+0.302941502516603123 
+0.277824989052447791 
+0.252749710426357410 
+0.226452055505092176 
+0.201547378301327740 
+0.177193861459628010 
+0.152140983152762033 
+0.128114135783619076 
+0.103871348683256315 
+0.079451499106752976 
+0.055710139447342044 
+0.032258545591744792 
+0.009123885079475258 
-0.014056568665765212 
-0.036852774654022369 
-0.058860799559312227 
-0.080443752293021475 
-0.101575282064118255 
-0.121877340206822282 
-0.142379755315630518 
-0.162334642193499690 
-0.182038652059475226 
-0.200495204177741471 
-0.218346011649046545 
-0.236439697277916139 
-0.252971331631087537 
-0.268823475212073504 
-0.283972655914894290 
-0.299121616255291656 
-0.312984962904451436 
-0.325834142236402613 
-0.338089494099577337 
-0.349500023025527184 
-0.359872206563480290 
-0.369542316243098412 
-0.378302895524967653 
-0.386008363000939880 
-0.393013061822998111 
-0.398830741735537231 
-0.403692609488942367 
-0.407580931507865785 
-0.410395242090785928 
-0.412320318439128641 
-0.413215472184390364 
-0.413096651095557377 
-0.411804053028518524 
-0.409439645171630673 
-0.406022487662966114 
-0.401420774537015745 
-0.395670302377084226 
-0.388758096886434146 
-0.380818695671337082 
-0.371733487756799263 
-0.361491880881914085 
-0.350083862754587471 
-0.337500004251339192 
-0.323731461960960587 
-0.308769980819917578 
-0.292318667328629544 
-0.274928022392131766 
-0.255991653014021381 
-0.236145512744840858 
-0.214699779082494047 
-0.192376684404393927 
-0.168819246054454197 
-0.145336901291841514 
-0.118447424585625072 
-0.091670378500083416 
-0.063189607912534029 
-0.033986109683141308 
+0.000238368751809048 
+0.035410205600427958 
+0.069089908841363012 
+0.105240343002691361 
+0.142084734165592863 
+0.180212100754886251 
+0.220298181314845465 
+0.260302408523045870 
+0.302257176099587355 
+0.345478582814919832 
+0.389196654432794276 
+0.435698491457841897 
+0.482684140242625404 
+0.530910733952751457 
+0.579521904921264763 
+0.630185629321914575 
+0.682955021734798606 
+0.736061493571114056 
+0.790364246693599171 
+0.844902446609637536 
+0.901545831335639036 
+0.958363157618379091 
+1.021338980028062338 
+1.081493322816442060 
+1.141724800621929603 
+1.206230671688359735 
+1.268652241358935839 
+1.334327618088991585 
+1.399985562467009004 
+1.465556841410588618 
+1.533287021486216872 
+1.600864606763892084 
+1.672984987870961504 
+1.738916876960416857 
+1.809359035595377918 
+1.881961334272929776 
+1.952991459773642191 
+2.026147139428047694 
+2.101456014981351927 
+2.175048566311133413 
+2.252070374014053300 
+2.328607774873376002 
+2.396565382130816602 
+2.489463132116469524 
+2.576584959184799573 
+2.660454199521211649 
+2.742323206917660627 
+2.824907758317536377 
+2.908186324129758304 
+2.992137158464174718 
+3.076738310185191949 
+3.163417484903490617 
+3.256564865898312178 
+3.341571026799030619 
+3.427117177674261939 
+3.513181646025714144 
+3.599742634173580313 
+3.686778228129497847 
+3.774266408886560953 
+3.863704546740677870 
+3.952038322046306007 
+4.040757719147663352 
+4.134457591010615829 
+4.223898193540108537 
+4.316756588674564910 
+4.413040577529201869 
+4.504952596683011734 
+4.595556183784893278 
+4.686384409604528400 
+4.777414782439322494 
+4.871772936417684718 
+4.964721861360970934 
+5.065703458358910893 
+5.157333482396168733 
+5.249050220823164636 
+5.342414318732579659 
+5.432655022473056761 
+5.522915317951017755 
+5.613174357974600071 
+5.706576947188096938 
+5.798351269662276763 
+5.891639511104116878 
+5.987993614448967605 
+6.082648644347045774 
+6.177161564598350196 
+6.268367074665277983 
+6.359397151497589107 
+6.450231094394752063 
+6.537727475451490022 
+6.631228674573478088 
+6.726006012736107209 
+6.814290883083231165 
+6.905370628696388735 
+6.993051291144738002 
+7.081936723730322569 
+7.170466823072430884 
+7.263172035417483130 
+7.353932787447021724 
+7.444251959341315228 
+7.526639544998545261 
+7.620514673645146786 
+7.709407401577664132 
+7.800717692481910603 
+7.888535281515089537 
+7.974346313358211091 
+8.059601670597956513 
+8.141423408571810683 
+8.222695782236030482 
+8.304814935937926634 
+8.384934579100843166 
+8.470019677565261418 
+8.551653347652703019 
+8.632621179181313664 
+8.719680855184222423 
+8.797871897436607469 
+8.876707476208849812 
+8.952184114813448446 
+9.029585621196162037 
+9.119155487922739667 
+9.214055543129575199 
+9.306473932801338833 
+9.382770869874178743 
+9.469265255692960181 
+9.546128041430449684 
+9.635205519678734731 
+9.712360121406220514 
+9.784992512456852864 
+9.852079922017423996 
+9.918328614872166327 
+9.984850962368412297 
+10.050489558540689927 
+10.115236971355088258 
+10.179086155366178446 
+10.242030444225306951 
+10.305107079511515167 
+10.366207525474209206 
+10.425373042298076598 
+10.484638755361686435 
+10.541991074618437096 
+10.598438082830654139 
+10.655874809503146139 
+10.710468586763951748 
+10.765981168383888189 
+10.820510675023143676 
+10.876705737817673025 
+10.928345115015304145 
+10.977324986896732639 
+11.028751028163540582 
+11.080786446366360565 
+11.127724106096010814 
+11.175303488673108632 
+11.220352694307806019 
+11.264474107778212897 
+11.307668449835588831 
+11.349936752725000133 
+11.391280383561522171 
+11.431011905603028822 
+11.470527367822015208 
+11.509124051272877409 
+11.547446193297631112 
+11.584197669247942031 
+11.620039085399966439 
+11.654973926786468041 
+11.689584824494346549 
+11.723828661944807550 
+11.756021380362824402 
+11.788919554736139617 
+11.818776208527722815 
+11.848284945218196640 
+11.876919784390779000 
+11.904686413219224050 
+11.932959041098484931 
+11.959404094087759063 
+11.985396211526392563 
+12.010486962941484990 
+12.034288018183474378 
+12.056850664675167195 
+12.079328062944455269 
+12.100935888899797988 
+12.121344028041079355 
+12.141253059971916173 
+12.160008145045537731 
+12.177956944209867629 
+12.194824437101516423 
+12.211472244129012665 
+12.227829353870134810 
+12.243338068782264827 
+12.257319003088767317 
+12.270333921763409535 
+12.282841681686377910 
+12.294815370382011110 
+12.306047723623606771 
+12.316549939869105401 
+12.326176158489886348 
+12.335118299113730700 
+12.343387425003797375 
+12.351118026523892013 
+12.358288071968345889 
+12.364573554849741299 
+12.370322600502831278 
+12.375515321565316640 
+12.380201735104719774 
+12.384097692323592810 
+12.387521085392251052 
+12.390126198525820200 
+12.392130138704018805 
+12.393593169613595251 
+12.394515923087098486 
+12.394939248012633470 
+12.394874747354606370 
+12.394265539959988587 
+12.393154422454202290 
+12.391574551801923576 
+12.389562722584244625 
+12.387063509572485032 
+12.384120115217257307 
+12.380805212285437733 
+12.376952636949752673 
+12.372754464170824917 
+12.368323108755021167 
+12.363536744954970459 
+12.358132536851343275 
+12.352751339409749676 
+12.346856089397945766 
+12.340749887820450681 
+12.334346995358046684 
+12.327658804648464752 
+12.320574294170924645 
+12.313218178995626317 
+12.305339667870725862 
+12.297467464448502028 
+12.289219802593024156 
+12.281026433068973347 
+12.272187343024839379 
+12.263283173797972836 
+12.254029385169928901 
+12.243176148622595178 
+12.233847016254699724 
+12.224525503377066116 
+12.214407760914411938 
+12.204476893612309141 
+12.193238992859605219 
+12.182883634374320536 
+12.171560029096539779 
+12.160473999828624869 
+12.149472110533835689 
+12.138746534648859665 
+12.128137184915317448 
+12.117656706891878571 
+12.107138009326732231 
+12.096590224671814440 
+12.086022291738387935 
+12.075443038923310723 
+12.064502402296639616 
+12.053747332564967110 
+12.043186018419675065 
+12.032112068356283885 
+12.021783199025023237 
+12.010252176188600970 
+11.998601766294896720 
+11.987194925405233903 
+11.977254310279064953 
+11.967205787647671400 
+11.957230695877612447 
+11.947335209287530233 
+11.937525365769161567 
+11.927640276037919875 
+11.918020751882181685 
+11.908177624515957405 
+11.898933756956964203 
+11.889639886149907966 
+11.879992698272332063 
+11.870791131628635640 
+11.861568977356327537 
+11.852638213925771993 
+11.843996106843974303 
+11.835639448757561354 
+11.827135803902109501 
+11.818924831473154313 
+11.810864516803718516 
+11.802688097620190888 
+11.794811606337262333 
+11.787100279542798376 
+11.780189511119104395 
+11.772307224940092851 
+11.759845310762443660 
+11.751911464230133220 
+11.745219224977816452 
+11.738706529068352324 
+11.732480445025785798 
+11.726430179415402222 
+11.720556526160180510 
+11.714860182765576724 
+11.709061041827325766 
+11.703820206277015359 
+11.698489504497516123 
+11.693433557857105143 
+11.688642753841406829 
+11.683873489448416194 
+11.679443111824895141 
+11.675045258351843813 
+11.670903398131855511 
+11.666941586069739856 
+11.663283755394743935 
+11.659671718396339202 
+11.656178427976755074 
+11.652972199881759252 
+11.649880814836990339 
+11.646958746601796975 
+11.643887769049754866 
+11.641148024633153568 
+11.638709709354273514 
+11.636508332479948535 
+11.634423003544824837 
+11.632521352553382599 
+11.630763561878822543 
+11.629119716206915314 
+11.627642047419158189 
+11.626275919191755293 
+11.625024372075856149 
+11.623925098968484804 
+11.622951914758516523 
+11.622127539532115748 
+11.621401375759475627 
+11.620726915016234670 
+11.620210367515483085 
+11.619589482579968376 
+11.619329099254059656 
+11.619177631224928859 
+11.619128674305002846 
+11.619190443886495245 
+11.619362037588288672 
+11.619598544879806923 
+11.619911457882480477 
+11.620252990126246573 
+11.620628972970777681 
+11.621037020420828867 
+11.621493983993516963 
+11.621980360806759336 
+11.622481340385562021 
+11.623008369876814072 
+11.623546894034063826 
+11.624081637282202450 
+11.624624924682123606 
+11.625161441599857426 
+11.625667518655518506 
+11.626164254365477291 
+11.626636691252883793 
+11.627078814730708700 
+11.627484697926604440 
+11.627877479650820192 
+11.628203020706351367 
+11.628475124435155408 
+11.628666764551624624 
+11.628782975205240291 
+11.628825353116539532 
+11.628784846129377684 
+11.628655210569306178 
+11.628430117599549476 
+11.628096803506934975 
+11.627643254501833781 
+11.627088164977266160 
+11.626399715206801488 
+11.625609389096965174 
+11.624622200941885808 
+11.623539764923080497 
+11.622311788522381448 
+11.620907459841276932 
+11.619340133481983912 
+11.617664210495306065 
+11.615857689396548835 
+11.613851835932194945 
+11.611710458156224490 
+11.609268633894103573 
+11.606582696175280489 
+11.603586954047983681 
+11.600571338885245609 
+11.597347018039926070 
+11.593908673460191494 
+11.590187266563205526 
+11.586369289747807443 
+11.582258100575586468 
+11.577988243985828376 
+11.573566948882501038 
+11.568834661375362316 
+11.563422528417859780 
+11.558184936462723158 
+11.552698592009903678 
+11.546452589147875756 
+11.540328099149576246 
+11.533822462860044311 
+11.527264115983754778 
+11.520316841287595366 
+11.513087595363401761 
+11.505312956159258420 
+11.497364186800012931 
+11.489252818404295908 
+11.480990496701323877 
+11.472589039744775619 
+11.463595931310166520 
+11.453977455242565497 
+11.444692464856032643 
+11.434947321888728311 
+11.425251656690591062 
+11.414548420943091855 
+11.404076499716197191 
+11.393306681748313736 
+11.381251792394181166 
+11.369246149158442449 
+11.357321405210299758 
+11.344011454310802378 
+11.331207757725763940 
+11.318300333816310399 
+11.304843154019550866 
+11.290581728592911759 
+11.276450316992352896 
+11.262234390386382188 
+11.247189443231548012 
+11.232318206609548383 
+11.215268969263192389 
+11.199713760485465741 
+11.180788381758375749 
+11.164244063961731968 
+11.147366688078932384 
+11.129862128072915084 
+11.112614829772354597 
+11.095047546594742016 
+11.077472313683372818 
+11.058956815881757052 
+11.040435654449296976 
+11.020616005356373535 
+11.000782384597982855 
+10.980614533388788345 
+10.959769743864313796 
+10.939283453003397995 
+10.918479842201719521 
+10.896278959060893499 
+10.875197684145319954 
+10.853445427692236080 
+10.831761969671418910 
+10.809402453121805365 
+10.786740887161968772 
+10.763780452942597776 
+10.740524078243851136 
+10.716975230594854906 
+10.693137134008495082 
+10.669013398834081841 
+10.644191569377269957 
+10.619502880330486505 
+10.594539896134335777 
+10.568446384087479828 
+10.542937893758292489 
+10.516728388053081744 
+10.488478287878407968 
+10.461723705106379612 
+10.435617118371595780 
+10.408819054106473345 
+10.381782233428751283 
+10.354511642608557054 
+10.324203070825902273 
+10.295985048986977972 
+10.268017427877950354 
+10.237919016275199624 
+10.210000276899492633 
+10.181400236480030230 
+10.151134352567581232 
+10.122137519807210992 
+10.092459912222238927 
+10.062597009895668521 
+10.033057358878778587 
+10.003350468821523123 
+9.970943879213621130 
+9.940907662867189742 
+9.910209733585446656 
+9.880394968216478446 
+9.850448529137011633 
+9.820376166660665262 
+9.790183811952985593 
+9.759354120331067861 
+9.728412802619402555 
+9.696839573538397872 
+9.665164212027079316 
+9.633923978614433281 
+9.602598405792548419 
+9.571193975041381918 
+9.539717083748868731 
+9.507639364493513767 
+9.476036825515549822 
+9.444918556236032714 
+9.413756294809061842 
+9.277075170362479639 
+9.345813060893050306 
+9.409672232776529199 
+9.457042709025344607 
+9.501853475480359634 
+9.546319563274295206 
+9.591199944510321984 
+9.638840992167203581 
+9.691683784678772895 
+9.740260639802841069 
+9.794119282504496482 
+9.846053399361650804 
+9.893526472064095856 
+9.952985373791207735 
+10.005485279803181697 
+10.054202017089892252 
+10.104132488645262811 
+10.151861323288841277 
+10.200778515267742819 
+10.250892970836588347 
+10.301342501184549860 
+10.356512676656194571 
+10.405868125173185490 
+10.457293689481829801 
+10.509916150717543815 
+10.564640422905284822 
+10.618775889960502923 
+10.673204314636109302 
+10.727000719421752706 
+10.781063414198726491 
+10.842757524728455110 
+10.901051488807212309 
+10.961464699034650039 
+11.018397690227374142 
+11.078358581577106179 
+11.137599231115672183 
+11.192306580824777029 
+11.246224411570736379 
+11.301223315189091068 
+11.356348563319727418 
+11.413495015516147646 
+11.469787104924662913 
+11.527121362994535048 
+11.587402613065108881 
+11.643909264143275095 
+11.699488409330385252 
+11.756049137235748958 
+11.813570395104818544 
+11.873944047621421305 
+11.933323916783521668 
+11.990731592248934589 
+12.045194566904058320 
+12.102432861177717882 
+12.158606928269989567 
+12.214650921561855057 
+12.269591421926179464 
+12.325315015177494615 
+12.379906210602186434 
+12.436163932260157594 
+12.505212810805502954 
+12.575706576809139392 
+12.633778430627060629 
+12.693321843963573770 
+12.750644440809466573 
+12.803056313216742979 
+12.856881500350425540 
+12.910291423613045936 
+12.961495453858944416 
+13.012261255415666028 
+13.063433739228173636 
+13.119225993091276905 
+13.173536864145276581 
+13.227197227834835758 
+13.277705025189547428 
+13.325944894335009394 
+13.373552116982580173 
+13.420508642626998608 
+13.468332891445442101 
+13.513114686686193977 
+13.557936548234437169 
+13.600530184582822812 
+13.646750034233534166 
+13.700574092474283816 
+13.746127656040258103 
+13.800072246492732120 
+13.858902438181516459 
+13.906817223247642801 
+13.953165711909974789 
+13.993786474573468581 
+14.034167670082311474 
+14.067593879861789219 
+14.098301677242204732 
+14.128486482806565050 
+14.158056996277039730 
+14.187421743789130346 
+14.217754638963768343 
+14.245292869551136050 
+14.275041464901065069 
+14.301405126257108691 
+14.323238297643612782 
+14.343046783227748620 
+14.363413552026443654 
+14.380480995863379690 
+14.396467673126224440 
+14.413613271270506289 
+14.426707465038816736 
+14.437939781122906879 
+14.447747895885598268 
+14.456255524500562615 
+14.463136245764388832 
+14.468624515197774372 
+14.472784870348817776 
+14.475216985512417978 
+14.475513611443702189 
+14.473663642684613251 
+14.470044659857109082 
+14.464915861845909717 
+14.458133369274619895 
+14.449528644722292370 
+14.438808390916165081 
+14.427092949425428969 
+14.414700477970370684 
+14.398429860760728616 
+14.379882996692003871 
+14.359975892548902721 
+14.338868317595000690 
+14.316354341718806609 
+14.291222541980815208 
+14.264664760301386082 
+14.236767647781050528 
+14.207615008839312054 
+14.175649435226503670 
+14.142422902792532113 
+14.106805573845349500 
+14.068062713743529457 
+14.029369556201899627 
+13.986094537840472185 
+13.940052699206574971 
+13.895001943547285350 
+13.843332552109174571 
+13.792794007884211283 
+13.740303552241542207 
+13.685011171201679758 
+13.629578001601785786 
+13.568488112946681667 
+13.497396294961703234 
+13.425773396149153882 
+13.364402242512639418 
+13.303526398663876762 
+13.241118293271284756 
+13.177194850308538321 
+13.110596629416917835 
+13.042460953813929336 
+12.972806576682998525 
+12.901659251160566555 
+12.825231736114119485 
+12.749786921684489016 
+12.667591150550563839 
+12.587787587731313010 
+12.502395172695372594 
+12.412644814410626282 
+12.328335283220084762 
+12.245522314229233984 
+12.160023524052164134 
+12.073250012634460404 
+11.986762320072230636 
+11.885424199790918465 
+11.794958409875874850 
+11.704942286917088268 
+11.613900323574540607 
+11.521856968889522932 
+11.427239077645126031 
+11.331688278485913202 
+11.236862580933774325 
+11.129605542114617833 
+11.031405334613722857 
+10.934115634149009111 
+10.832736426720842360 
+10.728964943548589872 
+10.631394723196905261 
+10.528108578964534559 
+10.426015094504748504 
+10.319967501134627241 
+10.218714658057763245 
+10.118871156260269117 
+10.016975067215966533 
+9.913041285317731877 
+9.801853512344550268 
+9.683414780969911817 
+9.568407886276418139 
+9.463965014599963865 
+9.350726858976742051 
+9.249948274672334492 
+9.145794853720957462 
+9.043588416575403244 
+8.939878262048253532 
+8.834731912216724936 
+8.731721657983541718 
+8.629134954338653074 
+8.527059735582398048 
+8.425494220615902918 
+8.324558103779949647 
+8.224255940737876358 
+8.126372621967774990 
+8.025882415075074050 
+7.927901911860857354 
+7.830830022540638424 
+7.687762913484760929 
+7.585149868965629594 
+7.485340285203562871 
+7.379099283753916438 
+7.269836439481878188 
+7.172896446333325571 
+7.071596158811772170 
+6.975005796458390250 
+6.887290011971671788 
+6.801122349390212207 
+6.720715043010642376 
+6.636392786619410344 
+6.557785503160587837 
+6.482098421815493339 
+6.408019532039105570 
+6.335594326855698455 
+6.262416623949690120 
+6.191074410027653130 
+6.121594806714242054 
+6.054002395250975610 
+5.990465368910747657 
+5.928768448734075491 
+5.868874299023815411 
+5.809864073355853975 
+5.749932396148707880 
+5.692150811433307922 
+5.640054592368244357 
+5.589860688886119533 
+5.540759993123344884 
+5.492853680942204164 
+5.448481712926437126 
+5.403147366301851662 
+5.362049517796151576 
+5.323538899885789988 
+5.286916251012826251 
+5.251575820185379939 
+5.218161761490705430 
+5.185590945302038790 
+5.153583519670576152 
+5.125960872571440063 
+5.100605365423177773 
+5.076544218655996588 
+5.054588670345282253 
+5.034281070579680772 
+5.015542948914216481 
+4.997802650232486599 
+4.981637291601529682 
+4.967029499138618576 
+4.954325478017622686 
+4.942757713540729014 
+4.931826957096092201 
+4.922432611925387391 
+4.914442445045210661 
+4.907900041785524081 
+4.902234625287505310 
+4.897434011263797515 
+4.893637124677198358 
+4.890371646910878667 
+4.887885736865868580 
+4.885827148192305458 
+4.884282681163725215 
+4.883092009535275224 
+4.882169305245412261 
+4.881219103070705501 
+4.880463569607314867 
+4.879612948778003556 
+4.878573546742231315 
+4.876911539392864370 
+4.874367655405151822 
+4.871799632932123814 
+4.868475189961344540 
+4.864033566943930964 
+4.853666250218950040 
+4.847135020906605973 
+4.839672020583378753 
+4.830584745926174151 
+4.820989892232518059 
+4.809246455613333637 
+4.796752483120982902 
+4.782829317627971477 
+4.766834983981183882 
+4.749789723351184989 
+4.731099980383177694 
+4.708274218401953704 
+4.680162016247052748 
+4.653069649064150326 
+4.622640541281185733 
+4.585689453024670570 
+4.549874781129005896 
+4.508772215466095190 
+4.466105497402850233 
+4.422028816317293831 
+4.368836696872932635 
+4.319825688680694498 
+4.264668655998505642 
+4.210347506450887067 
+4.153518341622159937 
+4.095222870159062722 
+4.021811003194244449 
+3.958592158115038728 
+3.889871344220068750 
+3.820126307626068751 
+3.750965204493155625 
+3.680247972496289321 
+3.606866232386892079 
+3.531056255764582374 
+3.454285474516083809 
+3.374361764885762227 
+3.296740108020301818 
+3.221842261521771889 
+3.144946536636581413 
+3.061532194811789509 
+2.987323129330022198 
+2.915318254582714985 
+2.846099646277494344 
+2.781263766729736631 
+2.714510219538524893 
+2.654420231920241235 
+2.604805564731549339 
+2.561659166509244301 
+2.526412291469412708 
+2.498708206161424528 
+2.480375511416610834 
+2.472385754683216419 
