4.42622
6.79903
3.98512
3.98512
0.547573
0.547573
0.547573
1.47541
1.47541
1.47541
1.47541
1.47541
1.47541
1.47541
1.47541
1.47541
4.91295
4.91295
1.47541
1.47541
1.47541
1.47541
2.82913
2.82913
0.547573
0.547573
0.547573
0.547573
0.547573
0.547573
0.547573
0.547573
0.471521
0.471521
0.471521
0.471521
0.471521
0.471521
0.471521
0.471521
0.471521
0.471521
0.471521
0.471521
0.471521
0.471521
0.471521
0.471521
0.471521
0.471521
0.471521
0.471521
0.471521
0.471521
0.471521
0.471521
0.471521
0.471521
0.471521
0.471521
0.471521
0.471521
0.471521
0.471521
0.471521
0.471521
0.471521
0.471521
0.471521
0.471521
0.471521
0.471521
0.471521
0.471521
0.471521
1.91651
1.91651
1.91651
1.91651
1.91651
1.91651
1.91651
1.91651
1.91651
1.91651
1.91651
1.91651
1.91651
1.91651
1.91651
1.91651
1.91651
1.91651
1.91651
1.91651
1.91651
1.91651
1.91651
1.91651
1.91651
1.91651
1.91651
1.91651
1.91651
1.91651
1.91651
1.91651
1.91651
1.91651
1.91651
1.91651
1.91651
1.91651
1.91651
1.91651
1.91651
2.85955
2.85955
2.85955
2.85955
2.85955
2.85955
2.85955
2.85955
2.85955
2.85955
2.85955
2.54013
1.91651
1.91651
1.91651
1.91651
1.91651
1.91651
1.91651
1.91651
1.91651
1.91651
1.91651
1.91651
1.91651
1.91651
1.91651
0.471521
0.471521
0.471521
0.471521
0.471521
0.471521
0.471521
0.471521
0.471521
0.471521
0.471521
0.471521
0.471521
0.471521
0.471521
0.471521
0.471521
0.471521
0.471521
0.471521
0.471521
0.471521
0.471521
0.471521
0.471521
0.471521
0.471521
0.471521
0.471521
0.471521
0.471521
0.471521
0.471521
0.471521
0.471521
0.471521
0.471521
0.471521
0.471521
0.471521
0.471521
0.471521
0.471521
0.471521
0.471521
0.471521
0.471521
0.471521
0.471521
0.471521
0.471521
0.471521
0.471521
0.471521
0.471521
0.471521
0.471521
0.471521
0.471521
0.471521
0.471521
0.471521
0.471521
0.471521
0.471521
0.471521
0.471521
0.471521
0.471521
0.471521
0.471521
0.471521
0.471521
0.471521
0.471521
0.471521
0.471521
0.471521
0.471521
0.471521
0.471521
0.471521
0.471521
0.471521
0.471521
0.471521
0.471521
0.471521
0.471521
0.471521
0.471521
0.471521
0.471521
0.471521
0.471521
0.471521
0.471521
0.471521
0.471521
0.471521
0.471521
0.471521
0.471521
0.471521
0.471521
0.471521
0.471521
0.471521
0.471521
0.471521
0.471521
0.471521
0.471521
0.471521
0.471521
0.471521
0.471521
0.471521
0.471521
0.471521
0.471521
0.471521
0.471521
0.471521
0.471521
0.471521
0.471521
0.471521
0.471521
0.471521
0.471521
0.471521
0.471521
0.471521
0.471521
0.471521
0.471521
0.471521
0.471521
0.471521
0.471521
0.471521
0.471521
0.471521
0.471521
0.471521
0.471521
0.471521
0.471521
0.471521
0.471521
0.471521
0.471521
0.471521
0.471521
0.471521
0.471521
0.471521
0.471521
0.471521
0.471521
0.471521
0.471521
0.471521
0.471521
0.471521
0.471521
0.471521
0.471521
0.471521
0.471521
0.471521
0.471521
0.471521
0.471521
0.471521
0.471521
0.471521
0.471521
0.471521
0.471521
0.471521
0.471521
0.471521
0.471521
0.471521
0.471521
0.471521
0.471521
0.471521
0.471521
0.471521
0.471521
0.471521
0.471521
0.471521
0.471521
0.471521
0.471521
0.471521
0.471521
0.471521
0.471521
1.7644
1.7644
1.7644
1.7644
0.471521
0.471521
0.471521
0.471521
0.471521
0.471521
0.471521
0.471521
0.471521
0.471521
0.471521
0.471521
0.471521
0.471521
0.471521
0.471521
0.471521
0.471521
0.471521
0.471521
0.471521
0.471521
0.471521
0.471521
0.471521
0.471521
0.471521
0.471521
0.471521
0.471521
0.471521
0.471521
0.471521
0.471521
0.471521
1.7644
1.7644
0.471521
0.471521
0.471521
0.471521
0.471521
0.471521
0.471521
0.471521
0.471521
0.471521
0.471521
0.471521
0.471521
0.471521
0.471521
0.471521
0.471521
0.471521
0.471521
0.471521
0.471521
0.471521
0.471521
0.471521
0.471521
0.471521
0.471521
0.471521
0.471521
0.471521
0.471521
3.92427
0.471521
0.471521
0.471521
0.471521
0.471521
0.471521
0.471521
0.471521
0.471521
0.471521
0.471521
0.471521
0.471521
0.471521
0.471521
0.471521
0.471521
0.471521
3.90906
0.471521
0.471521
0.471521
0.471521
0.471521
0.471521
3.3767
3.3767
3.3767
3.3767
3.3767
3.3767
3.3767
0.471521
0.471521
0.471521
3.3767
3.3767
0.471521
0.471521
0.471521
2.84434
2.84434
2.84434
0.471521
0.471521
0.471521
0.471521
0.471521
0.471521
0.471521
0.471521
3.90906
3.90906
3.90906
3.92427
3.92427
3.92427
6.7534
6.7534
6.7534
6.7534
6.69256
6.69256
6.7534
4.28932
4.22848
4.16764
5.17152
5.17152
5.35405
5.35405
5.35405
8.59386
8.6547
8.6547
5.21715
8.6547
8.6547
5.35405
8.6547
8.6547
8.6547
8.6547
5.35405
4.82169
4.82169
6.79903
9.12622
12.6702
7.25534
7.25534
7.25534
11.1644
11.1644
14.967
18.8761
11.2405
7.24013
7.24013
7.24013
7.25534
11.1644
10.7537
17.3246
11.4382
11.4534
15.256
15.256
9.30874
9.29353
10.267
10.3278
10.2062
6.79903
9.36958
9.36958
9.36958
9.30874
6.93593
6.84466
11.1796
6.72298
10.6625
10.4799
9.27832
9.18706
13.1265
3.6657
3.6657
6.06894
5.99288
7.87897
7.36182
7.36182
9.3848
6.08415
6.82945
6.93593
8.13754
14.4194
17.8113
17.8874
17.0356
20.2602
24.367
21.0968
17.066
23.6825
23.8194
14.6628
15.9557
13.8262
19.1042
19.6974
19.6518
19.6518
19.5453
11.3621
11.3621
16.5032
15.2104
17.0964
16.6097
13.4612
16.701
12.5333
12.5333
12.5333
9.29353
7.52913
9.27832
12.7159
12.5181
12.579
9.32395
9.26311
7.16408
7.36182
12.2139
20.1842
16.488
9.26311
9.35437
12.6094
12.579
16.4424
16.5337
16.6097
20.0016
20.0016
17.0052
13.3091
13.2786
10.9971
10.9363
12.4117
11.1036
12.9592
10.5712
13.8719
14.5107
12.5181
18.3437
14.389
13.3395
11.6511
8.03107
5.08026
13.0049
15.8796
22.7091
16.2295
14.3434
16.2447
10.4952
16.6706
16.7466
11.0427
11.0123
8.63949
8.53302
18.1764
18.3285
22.2071
22.4657
12.0466
19.1346
17.7353
17.1421
17.3094
19.8343
17.1421
12.6398
18.2068
21.9486
18.7544
18.7544
27.5916
19.013
20.61
13.9935
14.1
20.0168
17.4311
19.2107
12.8375
11.2861
14.7236
22.6787
22.1767
21.2793
21.0055
18.0699
13.8719
12.6702
12.6702
9.47606
9.47606
12.3964
12.8984
16.8835
9.70421
8.70033
9.17185
7.10324
11.1492
5.81036
3.55923
3.55923
5.8712
5.8712
11.4382
10.8146
9.88674
16.3055
17.7657
16.8531
20.1081
19.9408
15.834
18.9217
18.3589
16.8227
14.1608
13.1874
11.3317
17.3246
20.2906
20.6709
27.622
22.055
22.4353
17.2029
10.0693
16.6706
16.2142
17.066
13.3547
13.3851
16.8075
20.7621
16.8531
19.8495
19.7583
17.0508
23.8651
20.321
19.1042
21.3706
18.1764
11.5751
15.545
23.2719
29.9036
31.6984
19.956
19.2411
19.4236
17.7353
21.2641
19.0738
24.1541
30.7706
26.9376
15.5602
20.8686
17.2942
17.355
18.9065
20.0321
30.3143
23.5
21.1424
18.0243
14.6324
6.92072
8.48738
6.98156
8.30486
15.332
12.7615
23.1806
15.5906
19.7126
10.7841
19.6214
23.2871
16.9748
14.0696
11.1644
19.6366
19.1651
27.1961
30.9531
33.3411
19.7431
21.8269
21.7204
10.4495
11.2405
11.9097
11.9097
16.2142
16.0774
12.2443
16.6401
21.6748
21.1576
24.9906
20.899
21.7812
18.4958
18.4198
18.2524
7.20971
12.1379
23.0741
23.0741
19.1651
11.712
12.4117
11.6055
15.621
15.5754
15.6363
14.389
11.7424
8.50259
11.5599
15.4842
14.1152
18.0243
18.3741
18.9825
22.344
14.4498
10.845
10.845
12.7007
18.9217
21.6596
22.9981
26.39
32.6871
26.9071
32.6262
33.5541
33.2651
33.6758
34.0864
34.8622
37.3262
37.235
32.4285
20.9295
20.7165
16.8379
21.7812
30.4207
25.9793
26.5573
28.3825
27.8806
20.9599
20.9903
28.9605
31.3638
16.6401
16.6858
16.5489
16.6401
17.933
16.9596
8.39612
5.09547
9.46085
13.3851
13.3851
11.1948
10.2822
14.1913
13.522
20.6709
16.8227
16.6401
16.6401
17.8265
13.3091
17.3246
12.9744
11.3621
13.6437
17.5071
13.0961
13.0353
18.1916
9.11101
9.17185
9.27832
9.29353
12.5942
9.27832
16.8835
16.8835
20.7317
21.8421
17.9787
14.602
14.6172
14.602
10.6929
10.6929
10.6625
13.9631
14.1456
22.4049
24.3214
17.7809
20.2146
21.7508
21.7965
22.4657
18.1003
19.5149
22.1615
14.4042
10.6625
10.6929
15.8188
16.5793
15.256
15.2864
15.256
18.4806
18.4806
22.3897
14.5715
12.1835
12.0922
12.0922
8.28965
10.6625
11.5142
18.2981
19.6974
16.6249
16.6401
16.6401
13.5981
9.3848
11.4078
16.7618
15.4994
18.3741
18.435
14.4042
18.4958
10.4647
10.5104
10.4495
12.5029
10.1909
11.4534
17.7809
21.0359
17.7657
12.6246
9.32395
9.32395
13.8566
14.8453
12.5029
11.9553
6.40356
6.37314
10.3126
14.1913
7.75729
10.1605
6.98156
6.8903
10.4952
10.556
10.556
8.22881
7.98544
7.98544
5.91683
5.90162
5.84078
6.79903
8.89806
8.91327
6.09936
6.00809
6.00809
6.09936
6.09936
6.09936
9.5369
11.8489
6.09936
6.09936
7.7725
7.7725
7.7725
7.7725
6.09936
6.09936
6.00809
9.47606
9.47606
8.98933
5.68868
5.68868
5.8712
5.8712
5.68868
9.06538
9.06538
9.0958
9.06538
9.99321
10.1605
6.76861
5.84078
5.84078
5.84078
5.84078
5.84078
5.84078
5.84078
5.84078
17.1421
9.65858
8.98933
10.9515
9.27832
5.84078
5.90162
6.52525
9.71942
9.78026
7.57476
7.52913
7.43787
7.43787
12.7463
12.7767
12.8223
12.8223
12.868
12.8223
9.52169
12.7919
12.7767
12.7615
12.7615
18.9369
18.9369
12.7767
9.52169
9.44564
11.8641
11.9401
11.8945
11.8489
11.6359
14.8605
11.6207
9.2479
13.7806
13.7958
16.7162
14.4194
11.3317
17.0812
19.9864
17.1269
11.8489
14.2065
10.2366
10.9515
10.7081
14.1456
12.3812
18.5566
19.591
10.3887
15.2864
15.3929
15.4385
15.4233
15.3168
15.3168
15.4233
12.1227
12.1227
12.1227
13.1874
8.00065
8.00065
5.15631
6.82945
11.5751
11.6359
9.96279
10.5256
20.7926
22.8155
19.9256
16.8531
10.7689
9.17185
13.157
16.6858
16.777
20.4427
21.8725
23.7586
27.4851
27.5003
31.7592
32.2764
25.812
21.8877
19.1803
20.8534
20.8534
20.8078
20.8534
24.1236
22.3592
19.7278
14.4651
13.0353
16.8227
13.4612
17.8265
15.0887
15.0887
17.0812
21.9942
18.146
21.9181
21.5987
14.3738
19.8647
15.1343
18.5719
18.5262
18.4958
18.4958
18.7087
15.1343
15.1039
12.6854
13.1265
11.6664
6.19062
5.46052
6.40356
10.2974
9.67379
6.43398
7.17929
6.98156
10.2974
10.2974
6.40356
17.355
10.3735
10.3735
9.90195
13.6285
14.1608
6.54046
7.90939
7.87897
11.1492
11.9097
11.5903
9.08059
9.08059
14.8301
19.2259
19.6974
21.8117
22.5722
26.0401
26.2683
26.2835
18.8761
19.8039
8.10712
11.8337
11.1948
14.2673
13.9479
9.50648
16.6097
15.8948
12.5333
19.7126
19.6062
18.5262
18.4654
18.4806
13.3243
6.11457
9.32395
8.41133
8.44175
3.16376
7.13366
9.21748
9.21748
9.21748
12.655
12.655
15.8948
9.79548
15.0583
11.0884
11.0884
11.1188
15.043
13.1265
17.1421
14.4042
16.1838
12.2748
12.4725
13.7654
17.6897
14.2977
16.3968
16.3968
13.157
17.0812
11.1188
10.9515
9.36958
8.89806
9.14143
9.23269
10.1301
10.1453
10.1453
10.1453
7.01198
3.60486
10.8906
10.8906
13.0201
9.689
12.1987
12.7311
11.1644
14.7693
14.602
11.6968
8.25923
12.1987
15.5906
18.6631
16.701
13.0201
12.7311
8.73075
14.3586
12.655
13.5372
13.7502
5.61262
10.9363
5.35405
5.12589
5.06505
5.06505
8.30486
7.20971
7.1945
7.27056
7.27056
6.76861
8.30486
12.6094
13.8719
13.2634
13.2634
3.83301
7.71166
6.73819
5.12589
8.3657
8.3657
14.2825
18.222
16.9596
13.7958
6.7534
6.79903
6.79903
6.79903
5.09547
5.12589
12.7615
8.60907
7.31619
10.7385
15.834
15.9253
9.74984
17.2029
23.5913
21.9942
22.557
14.5259
18.4198
6.35793
15.6667
12.1683
9.81069
3.84822
3.84822
4.41101
4.41101
3.84822
3.84822
12.8984
15.1647
15.0887
15.2104
12.2748
8.85243
11.8337
11.8337
8.3657
20.823
23.7434
18.222
18.222
14.389
14.5715
15.3473
9.27832
5.47573
8.79159
10.6929
15.1952
23.3479
12.29
16.1838
16.1838
12.5029
8.97412
17.6136
15.3625
11.423
20.1994
17.933
17.9787
14.9062
13.0353
23.8651
23.8651
18.3893
14.2217
14.2217
14.313
12.3204
12.0466
17.355
22.9829
26.1466
17.4767
19.0738
19.1042
20.8838
25.7512
21.4314
24.3062
20.321
26.5421
26.5117
26.2683
15.7427
17.9634
10.2822
12.5333
15.5146
15.4842
20.2602
18.4654
19.013
16.1382
13.0201
13.446
13.6437
13.5068
9.61295
8.79159
12.7919
24.291
21.1728
21.401
21.401
21.401
18.146
10.845
18.2372
18.3133
19.5453
12.7463
19.5149
19.4236
19.3172
14.2825
17.4463
17.7505
14.4803
17.0508
12.3812
12.2291
13.9935
6.47962
8.22881
8.04628
16.0165
14.0392
18.7544
11.712
11.712
6.37314
6.93593
10.1757
10.0084
19.3628
20.8078
17.568
22.3592
22.3592
20.0929
15.91
23.3175
25.9793
21.8117
23.4544
21.8117
25.3557
21.2185
22.2223
17.9482
12.1075
11.9858
9.94758
9.94758
12.2443
14.1
12.3204
12.3204
9.99321
9.50648
8.38091
8.38091
8.38091
6.51004
6.19062
4.89774
7.97023
9.2479
16.4576
18.7544
18.7544
16.8531
16.5489
20.534
19.9104
15.834
17.6744
17.6744
17.6744
19.3324
16.4272
16.3816
16.3816
15.3625
15.3473
10.4343
11.4534
12.001
13.8566
13.9631
13.446
13.3395
13.3547
17.3702
16.0165
17.1117
13.9327
7.49871
10.8906
7.54434
18.2524
16.9748
16.9596
10.0997
10.0997
13.9023
8.62428
8.62428
8.62428
8.62428
8.62428
15.2864
13.8262
7.43787
4.5479
6.3123
5.278
9.11101
13.9023
15.8644
7.62039
11.5447
3.75696
3.45275
3.45275
3.45275
14.8149
18.5262
16.4728
15.332
11.4078
8.00065
8.00065
8.09191
11.0884
11.3621
15.2864
21.6291
22.344
18.4198
18.6327
20.8382
14.5107
19.4693
22.3136
25.1275
21.0816
17.6288
16.8835
17.9026
17.9026
13.8262
13.8262
12.1075
16.1078
16.1382
16.1382
22.3744
22.1919
22.1919
25.4165
24.0628
25.7968
25.7359
21.9333
22.0246
27.257
20.1233
20.1233
20.0777
19.1803
26.0554
28.5346
31.09
31.3942
31.6528
23.6521
27.6829
27.6829
31.455
31.455
31.2421
32.9457
33.0369
32.9457
26.2987
26.2987
17.4919
24.3366
18.1916
20.6405
17.8418
14.2217
14.2369
9.08059
2.87476
2.87476
2.87476
6.17541
6.17541
6.03852
2.87476
2.87476
2.87476
1.20162
1.20162
1.20162
1.20162
4.65437
4.65437
4.65437
4.65437
8.74596
11.4686
7.37703
3.98512
8.0767
0.547573
0.547573
4.42622
4.36537
9.44564
10.3735
6.66214
6.66214
6.66214
5.73431
4.22848
5.65826
5.65826
7.3314
10.7081
10.7081
7.3314
7.3314
5.03463
8.28965
8.28965
8.28965
8.28965
8.28965
8.28965
8.3657
8.28965
11.6968
15.8492
8.2136
6.49483
6.49483
10.1301
8.19839
8.19839
4.95858
4.95858
4.95858
3.25502
7.13366
5.79515
5.35405
5.84078
5.84078
2.40324
2.40324
8.66991
4.73042
4.73042
8.16797
9.74984
10.0084
12.366
8.16797
8.16797
8.16797
11.4078
14.4651
8.59386
5.35405
5.35405
5.35405
1.91651
5.35405
5.35405
5.35405
11.8337
15.5602
15.5602
11.8337
9.20227
9.30874
8.03107
8.01586
7.97023
7.97023
8.01586
7.62039
11.2861
11.0884
11.3317
14.1456
11.3621
11.3621
14.678
11.4078
11.4078
7.74208
4.42622
8.04628
8.04628
8.04628
8.06149
8.06149
0.547573
0.547573
0.547573
0.547573
0.547573
0.547573
3.95469
7.83334
8.04628
4.42622
4.36537
4.36537
0.547573
0.547573
0.547573
0.547573
3.95469
3.95469
3.95469
4.91295
4.86732
4.86732
1.84045
0.547573
3.98512
3.98512
3.95469
3.98512
3.98512
3.98512
3.95469
0.547573
0
0
