+10.635155091781374637 
+10.441456280933943290 
+10.253327382076495411 
+10.062922360369038088 
+9.878005735084286698 
+9.690865352403555733 
+9.509132516293020032 
+9.325227767025065617 
+9.142946531765868912 
+8.958611198634587325 
+8.779587728214927722 
+8.602165639398863917 
+8.422765862458639674 
+8.248556992536094867 
+8.075927540507926494 
+7.908345568693816219 
+7.738821400688005170 
+7.574267505825637237 
+7.407820413336567711 
+7.242917041069869555 
+7.076232178518465865 
+6.911139679712276163 
+6.744377953786599100 
+6.579257076211443511 
+6.415769076967556828 
+6.253906007415698021 
+6.093659940271186848 
+5.935022969578438001 
+5.781051002792142235 
+5.628610660704731927 
+5.477694552921827942 
+5.328295308660683460 
+5.180405576727123318 
+5.036931102473110933 
+4.894892440239646092 
+4.754282725770464069 
+4.617921506300131540 
+4.480120351514591981 
+4.343727798350955460 
+4.211477999614067436 
+4.075141343541071492 
+3.942933909951575444 
+3.809452435673716053 
+3.680029343754100069 
+3.551974228055409633 
+3.427852428251457084 
+3.302485647854503270 
+3.180984538039354881 
+3.058280032266138981 
+2.936910523097260750 
+2.814433380108359195 
+2.695740997105227521 
+2.575981931035070005 
+2.457585262110697499 
+2.340544056622839264 
+2.224851399929669071 
+2.115048763153952294 
+2.004227627617225949 
+1.896905131202341721 
+1.786406102964086529 
+1.679392855955310182 
+1.571490812667059700 
+1.464890260452385462 
+1.361677905993659010 
+1.257634365598599757 
+1.156914940533926739 
+1.055402035989194687 
+0.957149763441142554 
+0.858141264754806343 
+0.764273826145501545 
+0.669637653892422691 
+0.576194369665357087 
+0.482067287549744705 
+0.389169232723942216 
+0.295672556004234366 
+0.205237141465063999 
+0.116010994981854410 
+0.027987611110150468 
-0.058839497051877743 
-0.144476797886520458 
-0.225575223270874758 
-0.307244209879673491 
-0.386156103209668089 
-0.463994556454114360 
-0.542353287156370101 
-0.619605252324241462 
-0.695756421477577547 
-0.770812747220702477 
-0.846278407876738470 
-0.919140796751609201 
-0.992380055201120825 
-1.063072598010377234 
-1.134109965880096382 
-1.202656614696023141 
-1.270149973135206167 
-1.337941030740124049 
-1.403324044359038680 
-1.468973751008546103 
-1.530988523163699710 
-1.593281504781728586 
-1.653315608480580678 
-1.713597875209124766 
-1.771673256129830065 
-1.829967146455006244 
-1.886105624194829744 
-1.943572620090007419 
-1.998895488910045870 
-2.054338176871944199 
-2.107688673460186735 
-2.161130385142076449 
-2.212531306659766273 
-2.263995235316139443 
-2.313469243467363157 
-2.362978444308323489 
-2.410548065687345698 
-2.457183404307649255 
-2.503813082671587864 
-2.547673093485139262 
-2.591538333450513321 
-2.634491069515236816 
-2.677385372777299821 
-2.718510950838346929 
-2.759552010984117842 
-2.798872357307690351 
-2.838082480070600155 
-2.874862089649136365 
-2.911542104825741717 
-2.948074422054540733 
-2.983003112940401991 
-3.017072935689038005 
-3.050958162317856548 
-3.083960117736440409 
-3.116084337008595995 
-3.146719810019989794 
-3.177122373599456040 
-3.206081174450636340 
-3.234783580240353729 
-3.262086711355498991 
-3.289110323631582844 
-3.314262841643071056 
-3.339146019410375033 
-3.362749061796282746 
-3.385592530903171138 
-3.408133346170997058 
-3.429892560409914637 
-3.450875176943711153 
-3.471490653570459273 
-3.490919427948712794 
-3.509213238467390639 
-3.527139184118064819 
-3.543970304063732257 
-3.560412721522425272 
-3.575799998356863796 
-3.590778067402739637 
-3.605306801189051669 
-3.618809981077863114 
-3.631843806273002073 
-3.643891822706734729 
-3.655226865292089400 
-3.666063253890730067 
-3.675972384560433071 
-3.685001929948544586 
-3.693532780270189164 
-3.701221255856232517 
-3.708392339207689403 
-3.714757822389728403 
-3.720699508385147070 
-3.725844936404795860 
-3.730324462789397444 
-3.734213791281279171 
-3.737362045309238212 
-3.739902533834568388 
-3.741738302754619383 
-3.742931370004338731 
-3.743481316187697416 
-3.743415520619832293 
-3.742740998395422736 
-3.741434080034256482 
-3.739552410258852433 
-3.736963970206852892 
-3.733739022007721786 
-3.729965591371080080 
-3.725494296720782472 
-3.720400542433502267 
-3.714689010623029475 
-3.708496838542599150 
-3.701575857344895581 
-3.694207342382338055 
-3.686431020641499856 
-3.677927137380864409 
-3.669046919081035085 
-3.651155309133832461 
-3.640521556440088347 
-3.629336961040120713 
-3.617360696154953814 
-3.604819794303431024 
-3.591986217983841101 
-3.578340538675131910 
-3.564143528242633252 
-3.549699829451629540 
-3.521816093383826285 
-3.506234828835710360 
-3.489824731546240955 
-3.473259525449671870 
-3.455853013001384255 
-3.437949233789025172 
-3.419171692046694133 
-3.399884905362544174 
-3.380493912376662635 
-3.360211440425008078 
-3.339852858591161322 
-3.319021398325011418 
-3.297281476846428916 
-3.275506717390360478 
-3.252812475556785543 
-3.230110518184309498 
-3.206478326096362963 
-3.182865155017694292 
-3.158806856805146168 
-3.133298005809040276 
-3.107829481512903058 
-3.081909774920264411 
-3.055542955099356917 
-3.028192386875259601 
-3.000934747634905975 
-2.973242191478856711 
-2.946251888360075455 
-2.918293334723729870 
-2.889345279963171365 
-2.860569440517748419 
-2.831394705705433168 
-2.801824778176024822 
-2.771247838276057252 
-2.741514086358071367 
-2.711411687040255813 
-2.680305467895433225 
-2.648822287997498748 
-2.617619608626831962 
-2.584739512898297065 
-2.551478178691690246 
-2.518515858308225219 
-2.485194613638366690 
-2.451517996177010161 
-2.416791446907410545 
-2.382407612124010754 
-2.347679048925355616 
-2.312609254189858632 
-2.248049617670620393 
-2.212037479095073422 
-2.145791118001515230 
-2.109620772553183699 
-2.040980240362875620 
-2.003939932927448098 
-1.965041098091912630 
-1.894223983758841712 
-1.854443424549259589 
-1.782064150256283952 
-1.742245139315739877 
-1.701318044230259119 
-1.660095962116271195 
-1.618582350502972389 
-1.575941703797083093 
-1.533849690488027662 
-1.491476502947630678 
-1.447969712275423149 
-1.405900192371912993 
-1.363570389047705333 
-1.320111686775339521 
-1.277265634823013585 
-1.234168805997670759 
-1.189937183487778327 
-1.146343193550448447 
-1.101610723690654936 
-1.057532207530737622 
-0.975050491381074025 
-0.929392670066238935 
-0.884419259796462853 
-0.838297766027787716 
-0.792876106391345203 
-0.746303463501542197 
-0.699507693125813290 
-0.652491948518273190 
-0.606206125500150961 
-0.558764080809590169 
-0.513021490963422977 
-0.388181949580662433 
-0.340773845043750967 
-0.294150066072983662 
-0.207231260293585962 
-0.159121190820375347 
-0.110832993325049145 
-0.062369478725093686 
-0.012739096637314873 
+0.036070104133573366 
+0.085046207288520748 
+0.135191003694620449 
+0.183488088850108255 
+0.233959408754444098 
+0.283578788212782484 
+0.333351332803289324 
+0.384294728030766919 
+0.476378543862530535 
+0.527745469937134004 
+0.579258288237415542 
+0.629879691896944038 
+0.681673115463707902 
+0.732564162214629278 
+0.784627298102597237 
+0.835777362753434616 
+0.887051727899784481 
+0.939497976643052013 
+0.991015661070637321 
+1.043704887577828089 
+1.095455513767271682 
+1.147317625443582401 
+1.200350468209448351 
+1.251366292662162039 
+1.303547871662622981 
+1.354762982087812873 
+1.407143169786596815 
+1.458548127570852060 
+1.511117334592952943 
+1.563778409094497945 
+1.616528939170013501 
+1.669366524658641993 
+1.723369687985721654 
+1.776375885419719580 
+1.829461959898786461 
+1.883711320429934943 
+1.935864339020200831 
+1.989175972255662117 
+2.042558139680791029 
+2.094917043359322051 
+2.148432047874626605 
+2.202010747563685200 
+2.256746190139773844 
+2.311543186231297398 
+2.366399346286868877 
+2.421312293170977625 
+2.476279662140843385 
+2.531299100823446224 
+2.586368269192377056 
+2.640382058594651582 
+2.695542836408282739 
+2.748537505787455260 
+2.802674838824216863 
+2.856849047137747455 
+2.909951358213731964 
+2.964192281253263950 
+3.018463753718458875 
+3.072763674863081107 
+3.125981005769466137 
+3.180331091907922847 
+3.234703433557519325 
+3.287985734086775302 
+3.342396078597257514 
+3.395711690958907347 
+3.450152065800486056 
+3.503493222175285915 
+3.557955740499847863 
+3.612426473492329926 
+3.665791617165870875 
+3.719160892900910120 
+3.773644378773376218 
+3.827016396467433523 
+3.882610734815145292 
+3.937089742698941741 
+3.990451772080122694 
+4.044918368958158261 
+4.098264596030212203 
+4.152711361877251761 
+4.206034559028445585 
+4.260454157415410670 
+4.315967352415946756 
+4.370351744758418810 
+4.425825194266311158 
+4.481275685819607446 
+4.535593042757832372 
+4.590992422571828158 
+4.645256033370228188 
+4.700596861274503269 
+4.753693624679526941 
+4.807864085813412736 
+4.863104437760494392 
+4.917203303538655312 
+4.971264126183544185 
+5.026387238281766479 
+5.080365984551932890 
+5.135401812061721749 
+5.189291578282197115 
+5.243134776120873752 
+5.298027088436633392 
+5.351771145092371285 
+5.406558868480992430 
+5.460197093175460203 
+5.558572269573202718 
+5.613141557432460793 
+5.666559466214771135 
+5.721004668994879694 
+5.774297762213910445 
+5.828612345861293953 
+5.881774261958180539 
+5.934868924131639467 
+5.988976238446444889 
+6.041930368652619343 
+6.094812660660084980 
+6.147621616859956895 
+6.201431166962668051 
+6.254087426190969801 
+6.307738096315624432 
+6.360235668185089786 
+6.412652506793613760 
+6.463919950935195224 
+6.516172740504504013 
+6.567276752352906755 
+6.619359935837993980 
+6.672415560971403536 
+6.724319990300036132 
+6.777190331253414080 
+6.828910377786740149 
+6.880537106473063602 
+6.933119847405752267 
+6.983505221951634034 
+7.033797191525318127 
+7.085039276995004798 
+7.135138710715454913 
+7.185141016368898903 
+7.237122159005505040 
+7.288995230135235204 
+7.338690449197979859 
+7.389315733332957770 
+7.439833434944324253 
+7.490242309464976600 
+7.539515723669112823 
+7.589705531461358845 
+7.639782859812296323 
+7.688727979789948819 
+7.738579093874131232 
+7.787300325975616389 
+7.836920568083451499 
+7.885413385093427152 
+7.934798169789524458 
+7.983058115134957333 
+8.032202928937969943 
+8.080225616374764996 
+8.129126017437283025 
+8.176907130736573492 
+8.224567127251106058 
+8.273094041159748002 
+8.323465284001027698 
+8.372712673094767410 
+8.421824084173081815 
+8.471776470620923760 
+8.520609779939807282 
+8.568331232364851502 
+8.614948019929094869 
+8.662401502350581595 
+8.708753832131353789 
+8.755935367315194284 
+8.802978037054920435 
+8.848925057094627178 
+8.896642835623399748 
+8.944212963262849314 
+8.991634418193212852 
+9.037962226156956547 
+9.085086331894379086 
+9.132058776424337054 
+9.177943682040826445 
+9.223681069923317821 
+9.268341134111516055 
+9.313783825862758547 
+9.358153488870957659 
+9.403297991174923709 
+9.447373863801420413 
+9.492216750273611225 
+9.535995508725505942 
+9.581440742190439508 
+9.625820158589224462 
+9.670944293631425381 
+9.715007344696749314 
+9.759806952530460933 
+9.804441377190652673 
+9.847134233945510573 
+9.890557926261283939 
+9.933820609181010397 
+9.976921510317698250 
+10.019859865630603935 
+10.062634919404420231 
+10.104377956580437470 
+10.146827543683320627 
+10.188250345342295233 
+10.230371600996175374 
+10.272325929685022672 
+10.313261515433282511 
+10.354883321039249466 
+10.396336118600629561 
+10.437619225895520714 
+10.479569225816220523 
+10.520507441070684251 
+10.561273954675925779 
+10.602694770120629997 
+10.643112402237619563 
+10.682536828650844640 
+10.721794042440302874 
+10.760883462884466510 
+10.800613577443400004 
+10.839362172900205650 
+10.878743189822566606 
+10.917946980851089833 
+10.956178299733506876 
+10.995029556896186662 
+11.032914448175288769 
+11.071410964726696946 
+11.109727462692486455 
+11.148639802857129411 
+11.186590950436618996 
+11.225129384061991900 
+11.262713041060623098 
+11.300114036523083882 
+11.338089506348584479 
+11.375119929949503828 
+11.411966201815557653 
+11.449374114909103284 
+11.485846874251732785 
+11.522872680355288111 
+11.559704778563411054 
+11.595611841139895404 
+11.632059002804217229 
+11.668311063606394029 
+11.703648361331355332 
+11.738081989599608690 
+11.773046279910273526 
+11.807821540344624722 
+11.842407375625759514 
+11.876103338048864089 
+11.910313051815059282 
+11.944332206134010477 
+11.978160434838505566 
+12.011112825155461081 
+12.044562047569487007 
+12.077819296318212494 
+12.110884234013891358 
+12.143087595009268043 
+12.176435862573889324 
+12.209582880455407405 
+12.241871389385428515 
+12.274618972612389101 
+12.306515427375057214 
+12.338217397652748275 
+12.370365577512398403 
+12.401036770783356644 
+12.432153634161288380 
+12.463074934062635890 
+12.493800418165932342 
+12.524329841078788661 
+12.554045884703697311 
+12.584186489781705731 
+12.613521212466800137 
+12.643272118470472165 
+12.673426930832537352 
+12.702779249102396975 
+12.731933984655920966 
+12.761479844465977607 
+12.790234806958640235 
+12.818791630841392504 
+12.847150145564270929 
+12.875882814304262070 
+12.903840170482933303 
+12.931598742837117300 
+12.959158387541865665 
+12.987075272890905353 
+13.014784746629100454 
+13.041738673243946423 
+13.069037090440920323 
+13.095587948914554133 
+13.122474848331242114 
+13.148622213410728676 
+13.174042185818420236 
+13.199793847744899722 
+13.225345498439796899 
+13.250697065867012014 
+13.275848484354881407 
+13.300799694575406562 
+13.325047524213402994 
+13.349602253528438212 
+13.373956635207473909 
+13.397619699370565627 
+13.421577379387306550 
+13.445817382710389509 
+13.469370093242998720 
+13.492722346881107498 
+13.515874140325699670 
+13.539291783852013040 
+13.562038580886348171 
+13.585042987973663386 
+13.606930897227163868 
+13.629076465069500657 
+13.650575822644380963 
+13.672324815125868724 
+13.693435771766784725 
+13.714788366004974307 
+13.735511117894684929 
+13.756467537231571896 
+13.776802325677401484 
+13.797362839359694320 
+13.817309950479870650 
+13.837474873338717174 
+13.857034637748922634 
+13.876402861319931503 
+13.895579641160018980 
+13.914958575753182402 
+13.933748797813592546 
+13.952347901642431438 
+13.971518866744752074 
+13.990482723514967134 
+14.009239617872138339 
+14.027789701848233150 
+14.046133133565067652 
+14.064270077211217469 
+14.082200703018877164 
+14.099572716575195841 
+14.116746923210202525 
+14.133723499911516441 
+14.150502629157012180 
+14.167420851815020200 
+14.184133886956983517 
+14.200641946005665872 
+14.216621185442962272 
+14.232724038484251494 
+14.248622580139283400 
+14.263693181703340329 
+14.278883979528387727 
+14.294183226127904263 
+14.308979192398663116 
+14.323876048216202861 
+14.338278170893643093 
+14.352485739670125753 
+14.366782976250902948 
+14.380878184811336951 
+14.394495756288407051 
+14.408191795649717193 
+14.421418744702895864 
+14.434716775411416734 
+14.447814246311605046 
+14.460455485722144786 
+14.473156775130227913 
+14.485658451772621902 
+14.497716747218554190 
+14.509824165162189757 
+14.521496733606575447 
+14.532746445743052632 
+14.544042363095092796 
+14.555148508502341542 
+14.566286040753384512 
+14.577009808096152099 
+14.587544841495203585 
+14.598100691484784619 
+14.608255488338105721 
+14.618222633006514144 
+14.628002493183544175 
+14.637595441275335517 
+14.647191882399949847 
+14.656222114266514112 
+14.665256607354258733 
+14.674105724691706598 
+14.682769861935959455 
+14.691420552448359871 
+14.699712180379847837 
+14.707820051033149156 
+14.715904397327157938 
+14.723486180907944032 
+14.731045281569540961 
+14.738273573380865855 
+14.745327552433030505 
+14.752349117369407239 
+14.759052095004546956 
+14.765582010736833851 
+14.772200432996248409 
+14.778632010972000188 
+14.785000238045714838 
+14.791055879208766299 
+14.797041677741663790 
+14.802835157866230276 
+14.808436855688910327 
+14.813847312256616107 
+14.818966554687300174 
+14.823806084133579475 
+14.828470572666859084 
+14.832960517110615584 
+14.837362689349653522 
+14.841501516169975261 
+14.845467324340489768 
+14.849260627056109385 
+14.852881941531435928 
+14.856263094428811655 
+14.859545483375399044 
+14.862657448797447657 
+14.865541176017826430 
+14.868372245004394472 
+14.870976153526651586 
+14.873411793957304283 
+14.875724256455956862 
+14.877821604371316511 
+14.879752352694229245 
+14.881517061481019937 
+14.883116294557662940 
+14.884522992193994995 
+14.885796328380534348 
+14.886884880081527882 
+14.887816818480146708 
+14.888607199219636712 
+14.889224322107477150 
+14.889694479986797404 
+14.889999049829789612 
+14.890152750894191769 
+14.890142060531413648 
+14.889967173098161979 
+14.889635701645218546 
+14.889146380269060899 
+14.888484995262240673 
+14.887696648005437794 
+14.886737475871980152 
+14.885647226031101908 
+14.884381088645071145 
+14.882991346486949880 
+14.881420717420702715 
+14.879733918782811486 
+14.877861297552035680 
+14.875879903529163784 
+14.873707815272858568 
+14.871385417881471724 
+14.868861361711282143 
+14.866237277536358263 
+14.863464869529025236 
+14.860544801381418978 
+14.857413620991781755 
+14.854197257013733946 
+14.850765132604935914 
+14.847255220538222886 
+14.843524968904496575 
+14.839724281837607833 
+14.835780709474629901 
+14.831694940282165618 
+14.827467665705665212 
+14.823099580148712207 
+14.818684780956111524 
+14.814136186907452597 
+14.809256507492658983 
+14.804334989815906454 
+14.799276162321746142 
+14.793973290271830834 
+14.788639215246377034 
+14.783169988456059230 
+14.777450574929019922 
+14.771710486415376096 
+14.765837429463571695 
+14.759832132402644689 
+14.753821876898351562 
+14.747686114884650976 
+14.741161982695214050 
+14.734503203240818081 
+14.727573351663496126 
+14.720644990766658111 
+14.713584370456699091 
+14.706392286978021033 
+14.699217269587045109 
+14.691917516806634936 
+14.684646524604513473 
+14.677102081527319655 
+14.669435165794176612 
+14.661806704684433811 
+14.653736975718761215 
+14.645707237017408175 
+14.637390550093208219 
+14.629120369347738517 
+14.620559947230059805 
+14.612052492273583937 
+14.603428776338493122 
+14.594689582318792986 
+14.585653815059082206 
+14.576867902707366653 
+14.567973444088089252 
+14.558782495274050106 
+14.549479999588713852 
+14.540259961786880183 
+14.530934397425014026 
+14.521306484389084446 
+14.511769965803162918 
+14.501928277173581350 
+14.492183891000372853 
+14.482131585548728481 
+14.472182433686972658 
+14.462133106348519007 
+14.451771884902266052 
+14.441522456512700501 
+14.431175168998093383 
+14.420293514731644891 
+14.409528125761072559 
+14.398440458515839424 
+14.387474858750174178 
+14.376184614826930996 
+14.365022179226171417 
+14.353532809908898571 
+14.342176927942791309 
+14.330726558142568905 
+14.318945974444401870 
+14.307307251669609371 
+14.295336216364848525 
+14.283512564771804421 
+14.271598653666528023 
+14.259349435766315750 
+14.247255739472242553 
+14.235074336649141458 
+14.222554804506888360 
+14.210198788678498616 
+14.197757633149834078 
+14.185232190701771771 
+14.172623315549126133 
+14.159672000278355597 
+14.146897169169479369 
+14.133778297459741680 
+14.120576161694600614 
+14.107291676819221138 
+14.093925759195798264 
+14.080749038338115753 
+14.067495855942574678 
+14.054167078317107098 
+14.040763572992771557 
+14.027010397506920469 
+14.013458563661393086 
+13.999834629631278560 
+13.986139467655435809 
+13.972373951092068367 
+13.958538954396523479 
+13.944350897947931145 
+13.930378195572604483 
+13.916051449891051917 
+13.901944624404158901 
+13.887772742725514874 
+13.873536685499356480 
+13.858944857977311571 
+13.844581830865411831 
+13.830157293800352747 
+13.815672131123619693 
+13.800829777462421788 
+13.786523470616254272 
+13.771861745721629688 
+13.757142941045117368 
+13.742367945056425782 
+13.727537646987848063 
+13.712652936814130555 
+13.697714705231234689 
+13.683030299784713080 
+13.668296229127374630 
+13.652896331204395608 
+13.637753945134534206 
+13.622562482976171339 
+13.607322839304213602 
+13.591723445023808026 
+13.576389186913049301 
+13.561009452680291787 
+13.545585139089235227 
+13.529801021475893918 
+13.514606363325516014 
+13.499371511170419780 
+13.483778684806097203 
+13.468465185939688666 
+13.452793836276736528 
+13.437405143272755481 
+13.421658796240029332 
+13.405875905225084210 
+13.389734178915041696 
+13.373880202764265590 
+13.357992404046758139 
+13.342071684287930111 
+13.325793052061049693 
+13.309808570007810147 
+13.293466752877936443 
+13.277422191057270950 
+13.261020947373220125 
+13.244919989535645755 
+13.228792481649772839 
+13.212309409490927692 
+13.196131014137248982 
+13.179928795466501867 
+13.163703656299636791 
+13.147124701894684407 
+13.130856008625713116 
+13.114567121609074007 
+13.097925929005999279 
+13.081598996497415754 
+13.065254596333174320 
+13.048893630827862467 
+13.032517002140036055 
+13.016125612252057664 
+12.999720362948405494 
+12.983637344826862048 
+12.967542739616984449 
+12.951101758177802736 
+12.934314644204420119 
+12.917517771215909050 
+12.900712095622319353 
+12.883898573461847192 
+12.867078160376999918 
+12.850251811592237061 
+12.833757151124132179 
+12.817258605186459874 
+12.800420280721880317 
+12.783916623308613225 
+12.767411790547557260 
+12.751243514605343776 
+12.734738997887108169 
+12.718235974744155570 
+12.701398623279882116 
+12.684901346837186509 
+12.668071720653220069 
+12.651920268264806424 
+12.635438250992274689 
+12.618963103849377916 
+12.602831703217091786 
+12.586372782335701004 
+12.569923383422827001 
+12.553819774632176021 
+12.537391844965862120 
+12.520641199681366018 
+12.504238765831484415 
+12.487515981275635113 
+12.471142656878777544 
+12.454451416790503160 
+12.438110808252176298 
+12.421787724326849300 
+12.405483045692767163 
+12.388865504049103805 
+12.372600694770801155 
+12.356356944807572518 
+12.340135130805709451 
+12.323605780125710396 
+12.307430956232645158 
+12.291280709640226121 
+12.275155912627180754 
+12.259057436333007374 
+12.243313858631651669 
+12.227270051215169744 
+12.210928625639718703 
+12.194944120111324892 
+12.178665009763021132 
+12.162418739988030580 
+12.146206227224981333 
+12.130028386495990134 
+12.113886131383921452 
+12.097780374008966220 
+12.082033019501228210 
+12.066642698279565593 
+12.050968986769314384 
+12.035652443977207682 
+12.020055717621401570 
+12.004816221685787880 
+11.989299811285558661 
+11.974140619352859005 
+11.958707844033913403 
+11.943004967602435684 
+11.927660961828063790 
+11.912362162966275037 
+11.897109410111372796 
+11.881903540717729584 
+11.866436543296046580 
+11.851327946080587594 
+11.836268751608892913 
+11.821259790530552536 
+11.806301891749214406 
+11.791092224212052386 
+11.776240014047406390 
+11.761441359002763107 
+11.746697080756232978 
+11.732007999136842002 
+11.717374932102982754 
+11.702798695721732258 
+11.687984412276222201 
+11.673525479175957287 
+11.659125829888598247 
+11.644494259998207752 
+11.630216852303938424 
+11.615711695734910691 
+11.601559812390950910 
+11.587471266572000772 
+11.573161317186674069 
+11.559203171657406628 
+11.545310767444679101 
+11.531484896118616490 
+11.517446266875754901 
+11.503757225527170505 
+11.490137094705648479 
+11.476310848758886962 
+11.462832331325028434 
+11.449152211913521171 
+11.435818484416675034 
+11.422557590005236960 
+11.409370299879851629 
+11.395990552113907768 
+11.382954316155817764 
+11.369993999453823719 
+11.357110363622288318 
+11.344304167839613484 
+11.331835137287098902 
+11.319184470517694052 
+11.306869240296260060 
+11.294377048639624661 
+11.281966025216606297 
+11.269636914252467719 
+11.257390457391547756 
+11.245227393674900540 
+11.233394122591349173 
+11.221398312551208676 
+11.209730287741926702 
+11.197904596629614460 
+11.186165924533241878 
+11.174514994553149450 
+11.162952527041859696 
+11.151246024449314120 
+11.139864473850984439 
+11.128344066015102953 
+11.117146338430082153 
+11.106040661901682043 
+11.095027739741961881 
+11.083886404073288290 
+11.073063017704830813 
+11.062334492335036629 
+11.051701519512636906 
+11.041378856611604675 
+11.030724982793246980 
+11.020172742909805308 
+11.009722858896754616 
+10.999376049370136244 
+10.989133029603026515 
+10.978994511503003650 
+10.969160834120744497 
+10.959231316304826720 
+10.949603810519150215 
+10.939886044069950799 
+10.930467392791197057 
+10.921153098361894962 
+10.911943808273976586 
+10.902655482692056310 
+10.893660306475128507 
+10.884772070333795568 
+10.875991408474765976 
+10.867318951748950795 
+10.858755327629355136 
+10.850129770217709080 
+10.841787933029319646 
+10.833556802952156062 
+10.825272446670066273 
+10.817104649530660865 
+10.809213915149973317 
+10.801278802810111657 
+10.793617326688822899 
+10.785917396041059035 
+10.778487610425862897 
+10.771173390631368250 
+10.763829635717254263 
+10.756750687063126648 
+10.749789059841665662 
+10.742945327908218545 
+10.736220061404221582 
+10.729480248971139389 
+10.722864974145672079 
+10.716374830599949775 
+10.710010407888201911 
+10.703895812186459580 
+10.697782039802563148 
+10.691795720481085397 
+10.686053334686647531 
+10.680321058633133191 
+10.674717930490155382 
+10.669352704172231583 
+10.664006937621117288 
+10.658894989639662754 
+10.653808747620189479 
+10.648952181124151650 
+10.644127592747659961 
+10.639528477560267206 
+10.635057543177540040 
+10.630715284296364587 
+10.626417558330318869 
+10.622336768985880084 
+10.618306857198703597 
+10.614412963879660268 
+10.610655592217215215 
+10.607035240802257903 
+10.603689070666272087 
+10.600470066668627567 
+10.597378657853280259 
+10.594354896370663965 
+10.591522629416811441 
+10.588819229458808380 
+10.586192859572678415 
+10.583701647270073565 
+10.581392738861904235 
+10.579170348694002968 
+10.577125589841935849 
+10.575173674166698845 
+10.573359007042084201 
+10.571714842723315186 
+10.570203153376379390 
+10.568797003827375747 
+10.567554165419597467 
+10.566444922741045076 
+10.565450746863465525 
+10.564612580765519567 
+10.563909092220614028 
+10.563330226048957883 
+10.562899960524344323 
+10.562596092484438870 
+10.562441545035690993 
+10.562429149155462937 
+10.562563394205536582 
+10.562839259391276769 
+10.563268357943153219 
+10.563833864957260289 
+10.564559205493875282 
+10.565415694914408462 
+10.566438624737465091 
+10.567587396610782946 
+10.568909221485771610 
+10.570382486451338266 
+10.572007508465784298 
+10.573784599034631526 
+10.575714064185671504 
+10.577796204446736184 
+10.580031314822543109 
+10.582419684771236845 
+10.584909253379326088 
+10.587491246469285855 
+10.590273499594436757 
+10.593265332076290619 
+10.596347321261209373 
+10.599578031524256261 
+10.603028224160757631 
+10.606560125944529460 
+10.610241445117910786 
+10.614072401540123991 
+10.618053209723168351 
+10.622184078812699326 
+10.626376339151724082 
+10.630896809333263420 
+10.635574147396257061 
+10.640408552464229786 
+10.645501656382499789 
+10.650653919893869670 
+10.655963815657068849 
+10.661320617128630772 
+10.666943135629171735 
+10.672606626628587279 
+10.678542407590150276 
+10.684513191957099920 
+10.690762827892655196 
+10.697041463027483488 
+10.703339885864306069 
+10.709920648111546981 
+10.716654203565472159 
+10.723398591268381352 
+10.730434927968858005 
+10.737772680661604952 
+10.744966986399779429 
+10.752462883884701839 
+10.760269838753181659 
+10.768075647243398052 
+10.776198984030402883 
+10.784314977947065728 
+10.792584584492582067 
+10.801007852976859169 
+10.809761467717859063 
+10.818495322039055395 
+10.827200033409585700 
+10.836238322931274425 
+10.845241299214487540 
+10.854584099254831031 
+10.863885391132260594 
+10.873532729768054850 
+10.883333903074786875 
+10.893288899924014501 
+10.903189863622056777 
+10.913449311267767072 
+10.923862512555860604 
+10.934212243947319720 
+10.944929702903023028 
+10.955800790157489644 
+10.966825451121563262 
+10.977773964826321063 
+10.989102453279684823 
+11.000820235326328245 
+11.012697629868068105 
+11.024492244018864184 
+11.036685393429849000 
+11.048789250902732562 
+11.061297740618803331 
+11.073710408441595376 
+11.086533769321686549 
+11.099254760863171754 
+11.111863915454781804 
+11.124886477941458907 
+11.138061166861049855 
+11.151387830109273480 
+11.164589721499535102 
+11.178216757299880513 
+11.192278045030214173 
+11.206210951400297660 
+11.220583972624778468 
+11.234821992232607357 
+11.249505945775686300 
+11.264048265562625062 
+11.278740880529888102 
+11.293583570936538862 
+11.308576110191395969 
+11.324028844565424023 
+11.339323420151034227 
+11.354767118375683310 
+11.370359684892205721 
+11.386100858398611635 
+11.402316189007965619 
+11.418685682173350671 
+11.434877064748061315 
+11.451550906879372604 
+11.468377994543450527 
+11.485016908044462625 
+11.501802377236094443 
+11.519081149270407494 
+11.536161742208301817 
+11.553387907671053725 
+11.570759305733007594 
+11.588634570554997794 
+11.606298331054311745 
+11.624106253584129078 
+11.642425825246945692 
+11.660153101312941359 
+11.678391266549812855 
+11.696395532122673799 
+11.714915684259306516 
+11.733195410513147294 
+11.751995960266944152 
+11.770937531757764916 
+11.790410590161551241 
+11.810029577345400043 
+11.829794022827906375 
+11.849703447995683092 
+11.869757366080893490 
+11.889955282138039649 
+11.910296693021049208 
+11.930781087359481063 
+11.950994015627895095 
+11.971343269428249556 
+11.992247817736179982 
+12.012870957712054931 
+12.033628876260451079 
+12.054948810668690840 
+12.075546930772874887 
+12.096705988231923001 
+12.117561821162400548 
+12.138982873445753441 
+12.160094274753632249 
+12.181775102420491663 
+12.204032773377164744 
+12.226425556534987749 
+12.248952816629911311 
+12.270704904644263777 
+12.293036783507812260 
+12.315495972484830745 
+12.338081841783248294 
+12.360328989548975187 
+12.383163745470913142 
+12.405653453493140859 
+12.429206864343365524 
+12.452413895674078859 
+12.475743673689176916 
+12.499675387332503718 
+12.523251061880388946 
+12.546947385959212440 
+12.571250938797202679 
+12.595188846941210770 
+12.619245232734519035 
+12.643913930858575512 
+12.668207436690632761 
+12.692617172991122132 
+12.717142379068974378 
+12.741782285897286897 
+12.766029802289631689 
+12.790385901034412086 
+12.815360642459348028 
+12.839933882093378159 
+12.864613425982486916 
+12.890433494745808574 
+12.915847414717980257 
+12.941891615304381702 
+12.967523469489314891 
+12.993788283935128192 
+13.019634589489516685 
+13.046116427825920070 
+13.072706486823935990 
+13.099403822960207222 
+13.125670374357959247 
+13.152577298918973980 
+13.179588633212468096 
+13.206160093779022446 
+13.233375256105841089 
+13.260144556663508553 
+13.287010348087964218 
+13.314522890785081444 
+13.341580698980394004 
+13.368732075645173296 
+13.396532991672119195 
+13.424429251828788878 
+13.452419790025102131 
+13.479940949309456855 
+13.507550598550897902 
+13.535813857741903377 
+13.563599139177110686 
+13.592039440261325822 
+13.619996073078670662 
+13.647462843342704986 
+13.675583142105617540 
+13.703208164438370531 
+13.731487877514535256 
+13.759266952424944463 
+13.787120684959372596 
+13.816213241981884607 
+13.844800275823196500 
+13.873461719381163348 
+13.902783601123653412 
+13.931591867865579459 
+13.960471046252859395 
+13.990011471419823152 
+14.019030319873778012 
+14.048710785120837485 
+14.079055753743203283 
+14.108276898272785971 
+14.138758282497837726 
+14.168107933284439071 
+14.198720383713077098 
+14.228193360980487370 
+14.257724852944019034 
+14.287313587084604194 
+14.316958281349698723 
+14.347264313695932358 
+14.377018119328958790 
+14.406823954670635146 
+14.436680499130302380 
+14.466586422480231633 
+14.495928608174612151 
+14.525928320673429539 
+14.555973391178907761 
+14.586062450903007459 
+14.615578772475796399 
+14.645750837948423140 
+14.675345797508970946 
+14.705595390732485228 
+14.735263584828526717 
+14.765585151672365072 
+14.795940940564928923 
+14.826950010655281176 
+14.857370517557455969 
+14.887199122970487863 
+14.917677233876634801 
+14.947559424099285508 
+15.004276884377294010 
+15.034225828515689116 
+15.065444179677886183 
+15.096057932245663835 
+15.127315012791125781 
+15.157963556259336002 
+15.189252887889999499 
+15.220556018706488999 
+15.251244850790087071 
+15.282570321485287934 
+15.313277777749981112 
+15.344618895507217360 
+15.375338374770901595 
+15.406061336576069465 
+15.436786132749826805 
+15.467511104799267940 
+15.498234583886237203 
+15.528954890808151390 
+15.559043549950533958 
+15.589752584349362508 
+15.619826928379364261 
+15.650517988301238859 
+15.680571412344558979 
+15.711237714711653979 
+15.742514270972572277 
+15.774398207227839919 
+15.805637257512243465 
+15.836854884047079750 
+15.868672814553839601 
+15.899841336260804425 
+15.930360092973126385 
+15.961472838692264631 
+15.991933193826454840 
+16.021741191930441772 
+16.052137004634310813 
+16.081878197642083705 
+16.111583666770084022 
+16.141869304917719319 
+16.171497144192709783 
+16.201699797254235591 
+16.231242662842895186 
+16.261354791923039897 
+16.291418299577188122 
+16.320819239335762063 
+16.350780716640105794 
+16.380077922409071789 
+16.409929618508126481 
+16.439115455933702492 
+16.468849534799144152 
+16.497916285938860170 
+16.527524826051674722 
+16.556464689059726680 
+16.585939683089030439 
+16.614744771902167031 
+16.644078126385903005 
+16.673336826689631351 
+16.701924005435934362 
+16.731028721192082287 
+16.760052496964885194 
+16.788403418684797686 
+16.817260667960884035 
+16.845444337542375024 
+16.874126618230611996 
+16.902717275472404879 
+16.930633505210302303 
+16.958457646203065394 
+16.986764312179374770 
+17.014970625431949713 
+17.043074352868959664 
+17.071073249955716733 
+17.099533150419851779 
+17.127313351916964024 
+17.154981873954852745 
+17.206062157194338624 
+17.233955578923961127 
+17.262277458642984129 
+17.289914611029956859 
+17.317969918002429353 
+17.345340622152576771 
+17.371488859591682541 
+17.398050524637927339 
+17.424477129484301940 
+17.450766267190914505 
+17.476915519061048343 
+17.502922454620584602 
+17.528258295216474494 
+17.553976288465737099 
+17.580064881590399040 
+17.605478010883405915 
+17.631250345604449592 
+17.656858999703704427 
+17.682301302242613872 
+17.707070777959859953 
+17.732175773897449034 
+17.757106381989363086 
+17.781859879616522591 
+17.806433531119601810 
+17.830338573910530897 
+17.854065653375627676 
+17.877612158146618526 
+17.901450340938289685 
+17.924623993690296686 
+17.947609110718055092 
+17.970403031823583007 
+17.992543814609462061 
+18.014951352670514950 
+18.037159696110741436 
+18.058719061168783782 
+18.080525079791769372 
+18.101685096366040284 
+18.123078079357654246 
+18.143828208402563718 
+18.164371579686495295 
+18.185126957878011922 
+18.205244512249823430 
+18.225147374191163152 
+18.245240678849874882 
+18.264701583683731201 
+18.283939756840990043 
+18.303346196738317531 
+18.322514862256401358 
+18.341059011438908044 
+18.359748473088806975 
+18.378191540143831162 
+18.396753979103163346 
+18.415053711362393329 
+18.433087609159777287 
+18.450499888909966728 
+18.467650874610974654 
+18.484537583969686381 
+18.501493390169382991 
+18.517837001680028663 
+18.533582039858991664 
+18.549701106544045359 
+18.565215519820142731 
+18.580755324562719721 
+18.595695803833521609 
+18.610643549454220391 
+18.624997500356581526 
+18.638772508954748020 
+18.652539462649411206 
+18.665733444684711628 
+18.678901107766421319 
+18.691761330858078338 
+18.704057949600251476 
+18.716300188397632098 
+18.727985301960227815 
+18.749292690536186967 
+18.760301372453316304 
+18.770980707737358273 
+18.781535102613531762 
+18.791539046812363978 
+18.801203741970340388 
+18.810712540759382705 
+18.819861135104339667 
+18.828473875473100918 
+18.836898806817384155 
+18.844795515627044580 
+18.852482792938545231 
+18.859649703970553958 
+18.866450275063495923 
+18.872881093426432386 
+18.878938732844574133 
+18.884507601830392787 
+18.889816342088426637 
+18.894644955128484298 
+18.899102321800398840 
+18.903266211555759924 
+18.907036297137985059 
+18.910409058616927780 
+18.913380962473894442 
+18.915996623779886221 
+18.918147794378029403 
+18.919918542153983054 
+18.921234387416848932 
+18.922145274254226877 
+18.922611089252470151 
+18.922654182796136979 
+18.922272768483217931 
+18.921457930396826441 
+18.920205997421447819 
+18.918513284621113257 
+18.916424176772004273 
+18.913847978098960567 
+18.910819937863585949 
+18.907260451638187249 
+18.903308080564919180 
+18.898892528690531378 
+18.894010013763594458 
+18.888542560658883929 
+18.882704992047720793 
+18.876388951440475239 
+18.869446809402333542 
+18.862152333004189586 
+18.854203748042543509 
+18.845915050329331564 
+18.837128387409293850 
+18.827645034365453114 
+18.817840334254718471 
+18.807309980215823231 
+18.796471166152805665 
+18.784877346437419021 
+18.772988224322347151 
+18.760314354340685838 
+18.747088663079807702 
+18.733587987285133636 
+18.719257058286867590 
+18.704361518050397706 
+18.689211936717043727 
+18.673185697643987169 
+18.656581918873275328 
+18.639745675663384361 
+18.621985462121038779 
+18.604007474217887363 
+18.585073573624452337 
+18.565936873951624619 
+18.546220356402088214 
+18.526339982693968977 
+18.505895222850522686 
+18.484438255637606119 
+18.462840816925908172 
+18.440198827333375675 
+18.417432363223035452 
+18.393095626870525905 
+18.368625826375275523 
+18.343019683862898717 
+18.317297039239129219 
+18.290403446949550670 
+18.263410214491852201 
+18.235781503148029259 
+18.207512921384303439 
+18.179196590357214802 
+18.149648316686899818 
+18.120069909853167900 
+18.089860658591874198 
+18.058366993021923719 
+18.026207069670167726 
+17.993376393417989334 
+17.959870454130495432 
+17.924979948748521963 
+17.890095879582361249 
+17.854522833589619779 
+17.818256240073608865 
+17.780529829615730364 
+17.742847978962302591 
+17.704458683564098465 
+17.665357311826689113 
+17.624719107358195913 
+17.584164856553869072 
+17.542034396541978936 
+17.500008172598359835 
+17.456365909072030007 
+17.412848491951585572 
+17.367674748227063475 
+17.323573258454956658 
+17.278747520446188446 
+17.233193035926916536 
+17.185933134805988942 
+17.138892186903682102 
+17.090105403575559961 
+17.040540096169458195 
+16.990191402906873464 
+16.939054446502034068 
+16.887124334131854653 
+16.834396157421497975 
+16.780864992421097526 
+16.725408491374711417 
+16.671373923746635626 
+16.615404094111070776 
+16.559778716239392793 
+16.502175148798308157 
+16.444939759032152438 
+16.385682791202285102 
+16.326818068503570203 
+16.265887915672486486 
+16.205374419306295408 
+16.142751174509271550 
+16.080569343730861220 
+16.016232977329750042 
+15.952363131070496749 
+15.886293490437001452 
+15.819340577768212341 
+15.752892636184043340 
+15.685587232886259557 
+15.615990092338481787 
+15.546936905266113271 
+15.477011384698297292 
+15.403239349323154528 
+15.330013793899212260 
+15.254340381473305399 
+15.179240640440514909 
+15.103205225670087941 
+15.026228787447140078 
+14.948305959902675966 
+14.869431360991960389 
+14.787960368402643496 
+14.707146314750916716 
+14.623684992650227699 
+14.539209838344010706 
+14.453715046355227969 
+14.367194793532128472 
+14.281404414736790898 
+14.192836500710999559 
+14.105028143174930477 
+14.014389531820272694 
+13.924540552563694717 
+13.833673149920834078 
+13.739895690391916716 
+13.646953563286301048 
+13.552976058561339912 
+13.459907126699372171 
+13.365833904991305303 
+13.268759388017405954 
+13.172640353876682084 
+13.075500857084900730 
+12.975279454635519016 
+12.871904771182435923 
+12.769505934303547079 
+12.666020659625932154 
+12.563588343152943594 
+12.457935258658935140 
+12.353368202975911316 
+12.245524469813156898 
+12.134330087383194297 
+12.024226852391116438 
+11.912996383779427489 
+11.800632769492478857 
+11.684801797119812150 
+11.567778465332786197 
+11.449556438301158323 
+11.332529754043450865 
+11.214339742742817307 
+11.094980389798761777 
+10.971973490489999037 
+10.850233168719123356 
+10.727305235502402780 
+10.598091975382832430 
+10.470150331812465794 
+10.340952662674450124 
+10.210492449048540919 
+10.081410218724618844 
+9.951102991737943881 
+9.822261385510067555 
+9.689510900280911443 
+9.555516931227726829 
+9.423045848067243213 
+9.286571872326193855 
+9.151659370763290724 
+9.012680805478797907 
+8.872427646919572197 
+8.733794866570226745 
+8.590999864102986550 
+8.446911372078725222 
+8.301523013984057897 
+8.151820982014857719 
+8.006821106336584393 
+7.860555421858855141 
+7.709930601911965553 
+7.557973903528806048 
+7.407820737079171991 
+7.253208332266156688 
+7.097244686328153307 
+6.939923265845761691 
+6.781237519778374079 
+6.621180879451113555 
+6.463055145021596282 
+6.303601372325839058 
+6.139449353836088363 
+5.973900260924793315 
+5.806947437141529278 
+5.635133491507087200 
+5.465324175390939843 
+5.290581485209203905 
+5.117888285507064872 
+4.943757530103043862 
+4.764584203872755275 
+4.587528341909357543 
+4.409014439393945217 
+4.232723401650511974 
+4.051303048628698278 
+3.872151737769185864 
