+8.477706316302056067 
+8.328649880007070294 
+8.177885149762504469 
+8.031436727480393500 
+7.883320991701995517 
+7.736533852868378247 
+7.593965480681753810 
+7.449790670923185587 
+7.309770506208550067 
+7.171002815562180999 
+7.030688208152220398 
+6.894433404549720201 
+6.759413661510515148 
+6.625623243803925533 
+6.493056431119734739 
+6.364375971748915894 
+6.231570814076167864 
+6.102640643542944332 
+5.972317089547554581 
+5.845807352024425363 
+5.720487095255874621 
+5.593829594920146420 
+5.470895454267580504 
+5.349133876691926304 
+5.226090288847068166 
+5.106680782785467443 
+4.990828881499961511 
+4.873701988883454739 
+4.760075522116764546 
+4.642877264429205120 
+4.526859631117237548 
+4.412016811927634841 
+4.300605069443208528 
+4.188071302775218108 
+4.076695129519383620 
+3.966470802342074720 
+3.857392589670937788 
+3.749454775675767237 
+3.642651660249359047 
+3.536977558988365189 
+3.434506846094834032 
+3.333109673363183312 
+3.230744290772495475 
+3.131499931501475764 
+3.031320291500120057 
+2.932236222948978011 
+2.836191385397395237 
+2.741188145934285281 
+2.643407841896711297 
+2.552399652546964326 
+2.462375895435220841 
+2.371486999166013021 
+2.283437777571208471 
+2.194554452292063473 
+2.108460004065861426 
+2.021562131087797809 
+1.937402802106710453 
+1.854193821815550258 
+1.770226616788377783 
+1.688923576735987808 
+1.606892110586598754 
+1.525830982474579045 
+1.447360162832244335 
+1.368205111033571342 
+1.291591869185353403 
+1.214323323066638594 
+1.139548541109145496 
+1.064147038851026572 
+0.991191705344051321 
+0.919129718592549771 
+0.846483103381739710 
+0.776212343874502331 
+0.705384690939134806 
+0.636886411710461786 
+0.567858637432442137 
+0.501114197070195999 
+0.433867325451176455 
+0.366167992058011649 
+0.300719287278448988 
+0.236153347789999302 
+0.171174754853600675 
+0.108377811564071891 
+0.046449258365690582 
-0.015852899241512119 
-0.076041373411081636 
-0.136577751576709261 
-0.195045348954383968 
-0.252668268650181105 
-0.309451173481450681 
-0.365398712644468660 
-0.420515521731751107 
-0.475905626870558152 
-0.530440457362530537 
-0.583059508353557021 
-0.635915282436158691 
-0.686898193780601574 
-0.738093935254344302 
-0.787459294610773242 
-0.837013913746009308 
-0.884780197657583756 
-0.931761821498417575 
-0.978898065671465645 
-1.024308028972239271 
-1.068043522893942665 
-1.111931229846563340 
-1.154184053876408100 
-1.198280746686156917 
-1.240720403937421779 
-1.282380209676901472 
-1.324074632817456632 
-1.364173312977264629 
-1.403506146700532753 
-1.441313741069752297 
-1.477645051577235691 
-1.513283007538618108 
-1.548952445064413652 
-1.583201567210041460 
-1.618153443970177463 
-1.651693536538230589 
-1.685195264632220358 
-1.717322864130398585 
-1.748757729953087647 
-1.779504068580212817 
-1.810172487596108937 
-1.839540501930683192 
-1.868232615319785239 
-1.896252981966757289 
-1.923605743115578193 
-1.950832826870955827 
-1.977373448724391025 
-2.003231967058560770 
-2.028412726281828782 
-2.052920056847392871 
-2.076758275272421628 
-2.099474703350761473 
-2.121112347586342040 
-2.142576732285851548 
-2.162995596536989140 
-2.183223657284315777 
-2.202439091661528181 
-2.221064661927300676 
-2.239473706691869737 
-2.257275882169784254 
-2.274819878617675428 
-2.291740248863680662 
-2.307721173299707829 
-2.323419006602996717 
-2.338505553260214143 
-2.352417358168864325 
-2.365773220095862328 
-2.378837647981093539 
-2.391081067093256962 
-2.402779431489951989 
-2.414163025345830604 
-2.425201217383317953 
-2.435659848180709020 
-2.445542925484936347 
-2.455034871377092642 
-2.463767499954508722 
-2.471936596650976981 
-2.479399383106308363 
-2.486464337814169312 
-2.492852621875833563 
-2.498714651015504273 
-2.504054096631488591 
-2.508967618189775095 
-2.513262383793431809 
-2.517045580394261961 
-2.520320830051117511 
-2.523091742594036901 
-2.525403057003059004 
-2.527165967225188936 
-2.528435369420341416 
-2.529225655088140456 
-2.529507880946981757 
-2.529326752469780004 
-2.528667356868758986 
-2.527559967736872082 
-2.525924376311255770 
-2.523800542868176677 
-2.521192160949736305 
-2.518102911065463800 
-2.514612442624379440 
-2.510667110603259644 
-2.506175936262740933 
-2.501322040572111050 
-2.496023598033431767 
-2.490284000344509252 
-2.484106627304484505 
-2.477494846831122643 
-2.470303818938571538 
-2.462824585933034882 
-2.454921046016892205 
-2.446596519514546486 
-2.437671576755263914 
-2.428697729093620694 
-2.419130046920509258 
-2.409362178425871193 
-2.399206028891612164 
-2.388440967007023019 
-2.377277699589875226 
-2.365479480917075605 
-2.353521509791464794 
-2.341430875165260161 
-2.328706938425245454 
-2.315872085681331072 
-2.302394646665026912 
-2.288827740758557994 
-2.274609172977951843 
-2.260020896133934087 
-2.244757036881512846 
-2.229431314214572524 
-2.213421427337666003 
-2.197039653977242324 
-2.180627862180848808 
-2.163519385424660157 
-2.146401668466308976 
-2.128579207433094922 
-2.110767983052589614 
-2.092244161023538496 
-2.073751753184010838 
-2.054539097896912025 
-2.035377737073144289 
-2.015889774434731052 
-1.996485706015791450 
-1.976359929892563372 
-1.956336717935196035 
-1.935584648715289902 
-1.914953535854461819 
-1.893147348240635353 
-1.871913397836690862 
-1.849936792872256319 
-1.827659665195122685 
-1.805084876844547992 
-1.781745502543175874 
-1.758578005493722785 
-1.735121424958279590 
-1.710891069560441125 
-1.686859007800780574 
-1.663045302368223233 
-1.638460452725830407 
-1.614110574692427136 
-1.588983805853207087 
-1.564108360436510026 
-1.538450456100353136 
-1.513059965396431394 
-1.486881624542917280 
-1.460986527786655387 
-1.434845564691126896 
-1.407909018766133613 
-1.381278900713914126 
-1.353848242964252435 
-1.326171943218525939 
-1.298252645852954856 
-1.270092984485597043 
-1.241695581993608855 
-1.212476283174515501 
-1.183606505740298687 
-1.154506844302192192 
-1.125179878729273497 
-1.095628178236598416 
-1.066464135556158155 
-1.037089287680917238 
-1.006887502763117226 
-0.976471050665130846 
-0.945215183109780810 
-0.914372683568950961 
-0.883323085939068164 
-0.851428920870032968 
-0.819968471429397994 
-0.788308397055223153 
-0.756451150910301351 
-0.724399175711067045 
-0.692154903744834016 
-0.659056875411073051 
-0.626431464395418303 
-0.593621039967384689 
-0.560627992659702201 
-0.527454702662858210 
-0.494785938225037469 
-0.461262820524472872 
-0.428255887129617818 
-0.395084938646649064 
-0.361056026659101192 
-0.326860795252269298 
-0.292501553330760444 
-0.257980599594292315 
-0.222590815784606377 
-0.187750110395985104 
-0.152754574419303069 
-0.117606465701115326 
-0.082308031969970941 
-0.046861510853680954 
-0.010541251601646096 
+0.024466893422761871 
+0.059610759399959079 
+0.095624635503668287 
+0.131036475388881968 
+0.167319631575956862 
+0.202991085607763466 
+0.239535026666221285 
+0.276207499330894279 
+0.312254118801643443 
+0.349174735236282174 
+0.386217541588759872 
+0.423380429160534533 
+0.459899299495260649 
+0.497293718477715530 
+0.535568640001258700 
+0.572422056523651968 
+0.610151846252787067 
+0.647216057144517798 
+0.685157025536503816 
+0.722424198303107445 
+0.759788931650955845 
+0.798812233134526650 
+0.837153733532174371 
+0.875590896543422481 
+0.914121739708516401 
+0.952744290203750843 
+0.990665653829567283 
+1.028671299390349070 
+1.067553765027869694 
+1.105724160836679459 
+1.144771027196750168 
+1.183898082326631851 
+1.223904330499161475 
+1.263187592554109173 
+1.302545314122927955 
+1.341975617404822962 
+1.478500835995141038 
+1.566966334081348222 
+1.606833626835468820 
+1.648390245045021629 
+1.690008195329051333 
+1.730867704547844887 
+1.772601182067806924 
+1.814390020089683198 
+1.855411300455969581 
+1.895660141748581218 
+1.935131949428599896 
+1.975469681498465135 
+2.015849748944841480 
+2.055445133163778415 
+2.095903967995636386 
+2.135573252615854400 
+2.175276710323749363 
+2.215840935788704336 
+2.255608652243386913 
+2.296235218153006130 
+2.336060829364360991 
+2.378404341065737171 
+2.419944655025640934 
+2.461510033751593163 
+2.503098764062603010 
+2.543876733729899975 
+2.585506683901674485 
+2.626321804222855327 
+2.667986370990732325 
+2.709665934974662349 
+2.749690888825412571 
+2.789726681707542788 
+2.830606229431706922 
+2.870659513744799440 
+2.910719286537173822 
+2.951618851700996693 
+2.992522188564030294 
+3.033427799753559917 
+3.075169018833116219 
+3.116074691912987582 
+3.156978169532136391 
+3.197043345248987478 
+3.237938172164843031 
+3.278826471739497705 
+3.319706807294973139 
+3.361411743879378022 
+3.402271640386414830 
+3.443952773677566803 
+3.485619660906136730 
+3.527270821599632455 
+3.568072283267524902 
+3.608855852023070021 
+3.650451874770831218 
+3.691195128281167470 
+3.731916383790847114 
+3.772614299145596206 
+3.813287540600511782 
+3.853105515832601746 
+3.893726012387476842 
+3.933489799080819971 
+3.974052421850478467 
+4.015410719205500634 
+4.055909053421519417 
+4.096373637478154528 
+4.136803204114184673 
+4.177196494322358511 
+4.218375444859553625 
+4.258691634020306260 
+4.299789331016884653 
+4.340023381121569379 
+4.381034718190976562 
+4.421181658658783320 
+4.462101598071320119 
+4.502156525460966563 
+4.542980097849508070 
+4.583753132963781951 
+4.623660479636860998 
+4.664329796802098471 
+4.704133139881863102 
+4.743883274460105604 
+4.784388608787706332 
+4.824027782151957489 
+4.864417549729859402 
+4.904747185639255491 
+4.944210758673474260 
+4.983614358815040113 
+5.022956898002889581 
+5.063038282255070577 
+5.102254165632693628 
+5.141405749380218992 
+5.181288967208455887 
+5.220307423851049400 
+5.260052621916641691 
+5.298933702904215615 
+5.338536578626973395 
+5.377276099380621233 
+5.415944026436807945 
+5.455326254933508423 
+5.493846484695779964 
+5.532292118275135451 
+5.570662176993277370 
+5.609736386268735941 
+5.647950797913468435 
+5.686086724919603874 
+5.724143219162912466 
+5.762893519521979258 
+5.800786665098988770 
+5.838597559999246123 
+5.876325286372889423 
+5.913968933856791566 
+5.952293211788738603 
+5.989764238396398710 
+6.027910515665962699 
+6.065205297111011973 
+6.103169906676804146 
+6.141041390920507936 
+6.178818838322601259 
+6.215748631410400904 
+6.251835534872070888 
+6.287833346617349051 
+6.325235490186450704 
+6.361794139959267014 
+6.398257483365340725 
+6.434624713630081594 
+6.470895031204637604 
+6.507067643748733587 
+6.543876941712353457 
+6.579849761991166446 
+6.615722527640153672 
+6.651494475125523387 
+6.687891751934857076 
+6.723457704966326887 
+6.759643230417328397 
+6.795000159785113958 
+6.830970872593944421 
+6.866115807319641107 
+6.901154734093542409 
+6.936798732523423716 
+6.971621331162562996 
+7.005628435428801204 
+7.040236333961630066 
+7.074031810274449050 
+7.108422348645307309 
+7.142702092268468306 
+7.176870382898745682 
+7.211620421562562555 
+7.246253048756622128 
+7.280078457991870700 
+7.314476619310299910 
+7.348070971842595611 
+7.381550027818824411 
+7.414233459052431030 
+7.447482481905066898 
+7.479939422581662001 
+7.512956073402520474 
+7.545184257823797758 
+7.578634028673355338 
+7.611294185948644042 
+7.644497208393187471 
+7.676914408660597822 
+7.709868362835591959 
+7.742040359849646336 
+7.774090179307072468 
+7.806667583114009545 
+7.838468942334889888 
+7.870146541776588123 
+7.902342518672976546 
+7.933768521122657624 
+7.965069240838847264 
+7.996244186578270963 
+8.027292873524677574 
+8.058214823271683258 
+8.089009563805388936 
+8.119676629487111441 
+8.150215561036118217 
+8.181245182753709599 
+8.211523855593364729 
+8.242286983830101832 
+8.272303601096298920 
+8.302189865262754154 
+8.366996560267295990 
+8.397065071435834582 
+8.426398785232464661 
+8.455600021768528762 
+8.485260237971045783 
+8.513603513293437786 
+8.542405008747348205 
+8.570488798654416485 
+8.598443662915631336 
+8.626847587543711171 
+8.655116454791212277 
+8.682677121512499596 
+8.710677613988995205 
+8.738542034216310483 
+8.765705541166511239 
+8.793299630346734119 
+8.820756685600676050 
+8.848632508897523508 
+8.875811757168328597 
+8.903403475113433885 
+8.929756095761790746 
+8.955975777950859751 
+8.982062257147335416 
+9.008554541025830531 
+9.034371053708214916 
+9.060587223503389964 
+9.086132755464225497 
+9.111543832269990872 
+9.137870478230775362 
+9.163528553990690995 
+9.189045789938054654 
+9.214938366649448653 
+9.240170353047409080 
+9.265260822497605631 
+9.290717242940894849 
+9.315521146896232452 
+9.340182908280226570 
+9.364702331229521448 
+9.389575227734269447 
+9.413806494110486867 
+9.438384974536615957 
+9.461840164620163307 
+9.485157903651176170 
+9.508819493955959601 
+9.531859006002571633 
+9.554760620622968048 
+9.577996972601463099 
+9.600619504465290888 
+9.623570688263328066 
+9.646377621123676249 
+9.669040178004520314 
+9.691100132065416872 
+9.713476535589226302 
+9.735708222228879549 
+9.757795088142700024 
+9.779737034773177129 
+9.801977293673600045 
+9.823626164997801169 
+9.845129851262294451 
+9.866488274979333895 
+9.888132770286235385 
+9.909197489167901551 
+9.930116742942900032 
+9.950890474913666850 
+9.971518633510399354 
+9.992001172273697662 
+10.012338049837229192 
+10.032529229910593926 
+10.052982254538155971 
+10.072878976149031161 
+10.092629921300463991 
+10.112235073934289886 
+10.131694422981176729 
+10.150615265984528790 
+10.169785970229343164 
+10.188424061523619457 
+10.207306135422873794 
+10.225661507864655775 
+10.244255003977329466 
+10.262327727617959638 
+10.280632736339772038 
+10.299161142416153325 
+10.317537896958885568 
+10.335763045041558073 
+10.353836636922395087 
+10.371758728024813578 
+10.389529378918631153 
+10.406446789764522975 
+10.423572815020495597 
+10.440208501335511926 
+10.456704883012006846 
+10.473401329673814431 
+10.489616434979332382 
+10.506025916360339778 
+10.522620998396998715 
+10.538737978255642957 
+10.554710338412016668 
+10.570859700196187703 
+10.586540203582915254 
+10.602391991462210896 
+10.617781116039118672 
+10.633335836681485631 
+10.648127407192989224 
+10.663084839512865898 
+10.677898647559771916 
+10.692568975283899491 
+10.707390948980846090 
+10.721771845089737241 
+10.736298803199394669 
+10.750390909325139077 
+10.764623524869680438 
+10.778427518431996646 
+10.792366500804710938 
+10.805883094722650739 
+10.819257714929797487 
+10.832759131797196517 
+10.845581788521228006 
+10.858268759219372512 
+10.871340272353094747 
+10.884007921078262981 
+10.896534784260605733 
+10.908921074516998218 
+10.921415465715130111 
+10.933518406864584094 
+10.945481442234994418 
+10.957544641213271319 
+10.968988716028826857 
+10.980533424761372174 
+10.991707785484914339 
+11.003206191831106153 
+11.014334744533188726 
+11.025325079544977314 
+11.036397496316746825 
+11.047109363695939876 
+11.057683801876013518 
+11.068332659187300138 
+11.078630258825544530 
+11.088997200120374487 
+11.098815923194340627 
+11.108504102072139119 
+11.118457430634309802 
+11.128074848397519148 
+11.137557101969177253 
+11.146904490885567895 
+11.156303936360995266 
+11.165379772857047413 
+11.174321672059106092 
+11.183129948436313583 
+11.191980574605420173 
+11.200519852846070989 
+11.209096665228425849 
+11.217535707001486500 
+11.225672643679674323 
+11.233677941532247857 
+11.241711269713835719 
+11.249451644568988939 
+11.257061418406561160 
+11.264692231517129173 
+11.272039211642308487 
+11.279256660613118157 
+11.286344939622756200 
+11.293445104795678091 
+11.300135449734817428 
+11.306702902713618997 
+11.313280784601984053 
+11.319600972110539061 
+11.325799341513635099 
+11.332001567933110309 
+11.338077612607195377 
+11.344147993654253526 
+11.349970297261027241 
+11.355667611226499147 
+11.361127850408637485 
+11.366468914730917916 
+11.371798724265079983 
+11.377110123496164462 
+11.382293493084105762 
+11.387249408125594385 
+11.391985778472147217 
+11.396700369229332495 
+11.401201156122386493 
+11.405676094327946046 
+11.409942947159731119 
+11.414179928523115137 
+11.418380144499554518 
+11.422376035824328255 
+11.426331164926239126 
+11.430087782189129797 
+11.433799690059100129 
+11.437318873871134883 
+11.440721228575153390 
+11.444007213969268122 
+11.447177292760001066 
+11.450170741842804034 
+11.453053854051965743 
+11.455883682354263797 
+11.458545176939127330 
+11.461097680769002594 
+11.463541644670808495 
+11.465925040055315876 
+11.468151049401299701 
+11.470312902632896268 
+11.472363572240841023 
+11.474341993792309680 
+11.476169534851379694 
+11.477887390261907186 
+11.479527758051073505 
+11.481054975069941548 
+11.482469579681113814 
+11.483772113082714839 
+11.484963119289227862 
+11.486022628653678623 
+11.486994426895950738 
+11.487840170777520399 
+11.488594926250895512 
+11.489229036964349717 
+11.489759195182866591 
+11.490185930803711756 
+11.490509776182282309 
+11.490734724321896465 
+11.490852323715168737 
+11.490868655544776544 
+11.490786987441898859 
+11.490604451757949533 
+11.490329021833261436 
+11.489949761174660381 
+11.489461170564142733 
+11.488883356756065979 
+11.488193316430056257 
+11.487419219006532956 
+11.486530054357396935 
+11.485561961481955962 
+11.484476016764844530 
+11.483316234942055445 
+11.482062435656917643 
+11.480715190535235593 
+11.479244720221892351 
+11.477710429284917026 
+11.476084432010214442 
+11.474367308544241695 
+11.472521811257252011 
+11.470582657435921092 
+11.468633536004583462 
+11.466599227989348719 
+11.464435247814783736 
+11.462230487721075889 
+11.459893666933176348 
+11.457520736127966288 
+11.455065435169519361 
+11.452420848344356585 
+11.449743649497653664 
+11.446925196125217639 
+11.444019889304536619 
+11.441089045562744531 
+11.438013675424913984 
+11.434853381518090387 
+11.431608815291522063 
+11.428280630125540185 
+11.424869481312251551 
+11.421376026036497819 
+11.417873221283075580 
+11.414292624385604213 
+11.410559411673746766 
+11.406823547750352787 
+11.403011780672740016 
+11.399044632429768953 
+11.395081430086378305 
+11.391044228548565798 
+11.386849012817158666 
+11.382750363788947112 
+11.378582533579644220 
+11.374257138596954420 
+11.369951337418125803 
+11.365486352020033323 
+11.361045041376604203 
+11.356348351409170760 
+11.351676625964492118 
+11.346937279339940119 
+11.342032179057943253 
+11.337158190099822619 
+11.332117054615412854 
+11.327008246966865812 
+11.321832462039033373 
+11.316590396157469200 
+11.311282747069046906 
+11.305910213923080931 
+11.300473497251992683 
+11.295194516914619953 
+11.289745858375297871 
+11.284350550024432991 
+11.278784440361512509 
+11.273275353968056578 
+11.267594400889425543 
+11.261856428369398486 
+11.255943271755768365 
+11.250212101658721764 
+11.244186010043257795 
+11.238225557791759357 
+11.232088164615372960 
+11.226020012100894618 
+11.219774126230028344 
+11.213601030402791991 
+11.207377015470154191 
+11.201231303588041754 
+11.194908491279411678 
+11.188406244882521889 
+11.181985347119869800 
+11.175516931736128257 
+11.168868234633537284 
+11.162305899310695168 
+11.155562790860164668 
+11.148909330983052257 
+11.142211805366729394 
+11.135332884988597968 
+11.128548426506602809 
+11.121721980588926471 
+11.114854236863616066 
+11.108087273803235462 
+11.101281993458350428 
+11.094296088821282709 
+11.087415361116734758 
+11.080498282408555610 
+11.073400280363312476 
+11.066265770882541375 
+11.059242135450148226 
+11.052037406398747876 
+11.044946320119713334 
+11.037674099612674539 
+11.030518237078851485 
+11.023181257559851787 
+11.015812604813074671 
+11.008261647233505087 
+11.000831134358039165 
+10.993218511088306499 
+10.985728994522464319 
+10.978057622170400265 
+10.970511961955438096 
+10.962939572608062733 
+10.955496481220237115 
+10.948029074094561608 
+10.940381700998571546 
+10.932867171810112694 
+10.925173072382717621 
+10.917298704066553228 
+10.909401597181412669 
+10.901482499682025207 
+10.893542159781276268 
+10.885581325930088425 
+10.877600746799444664 
+10.869921509617194388 
+10.862064918651554990 
+10.854352325490655318 
+10.846624227582308819 
+10.838719823694447086 
+10.830962417290997735 
+10.823191509457839032 
+10.815245470363903380 
+10.807449303052552025 
+10.799641638172634117 
+10.791660143265362493 
+10.783668063778325319 
+10.775829504778080548 
+10.767818553351009569 
+10.759799119915648191 
+10.751771910008539379 
+10.743737629076580475 
+10.735696982459700166 
+10.727486411030712432 
+10.719435054759488324 
+10.711543899931733392 
+10.703484841230753943 
+10.695587493658742062 
+10.687688081765658765 
+10.679622656958770222 
+10.671721093436973504 
+10.663490238112514064 
+10.655260058887588315 
+10.646866747241016782 
+10.638640211756744236 
+10.630745485683075202 
+10.622689757619614426 
+10.614638233692296865 
+10.606755778216715669 
+10.598714644548500985 
+10.590843712145240119 
+10.582815713659352141 
+10.574958991577954492 
+10.566946869752582572 
+10.558943809150182602 
+10.550787485811152777 
+10.542804862181073489 
+10.534670845202487754 
+10.526711503941010406 
+10.518602694446892443 
+10.510507717071384093 
+10.502588770499288628 
+10.494523357608745329 
+10.486634800166831027 
+10.478762330332068942 
+10.470746499525780848 
+10.462908644146077464 
+10.455088964546392916 
+10.447288150634728154 
+10.439348298805358084 
+10.431587703272438006 
+10.423848052616316195 
+10.416130033630818019 
+10.408277514347046733 
+10.400605292367515631 
+10.392956771418695894 
+10.385177298964132220 
+10.377578748059677949 
+10.370005959606583446 
+10.362305887325884868 
+10.354787225432646736 
+10.347296378994801813 
+10.339834025787276062 
+10.332249453444550369 
+10.324695971858888655 
+10.317174297902868219 
+10.309834606975039506 
+10.302378022591270224 
+10.294955375325368863 
+10.287714793221226728 
+10.280361441566595815 
+10.273190133930761192 
+10.266054121453919379 
+10.258954069902229023 
+10.251746878315607603 
+10.244721509052798325 
+10.237734104337043561 
+10.230785325066912961 
+10.223735234469806699 
+10.216866505771800888 
+10.210038391017548065 
+10.203251545958556434 
+10.196369414684552268 
+10.189667946671750798 
+10.183009720883532623 
+10.176260862828804932 
+10.169424825194298023 
+10.162770387316353293 
+10.156163729289284348 
+10.149866924537475299 
+10.143615389281901429 
+10.137280934105341146 
+10.131122720409031501 
+10.124884783755746298 
+10.118822343130027264 
+10.112683421640356940 
+10.106719193885941976 
+10.100559100947577917 
+10.094574965006197331 
+10.088643684823589197 
+10.082765887975595476 
+10.076823917401807051 
+10.071056086820185271 
+10.065227625021691438 
+10.059572301886857915 
+10.053859934728750503 
+10.048319646083523793 
+10.042725944857433973 
+10.037303203319153155 
+10.031830724449271486 
+10.026528027920399211 
+10.021179312669392658 
+10.015999144050208969 
+10.010880534443794332 
+10.005721545124680816 
+10.000729146633510425 
+9.995700193230895536 
+9.990737860383266167 
+9.985940018543969288 
+9.981111456865715326 
+9.976351392790069994 
+9.971660451903257893 
+9.967039257601101099 
+9.962488431069591144 
+9.958008591266453990 
+9.953600354901615432 
+9.949264336417805055 
+9.945001147971858302 
+9.940894470742245304 
+9.936858897011727976 
+9.932894996440740698 
+9.928924671041409411 
+9.925107308746001777 
+9.921363326919866665 
+9.917619161394448213 
+9.914025146854410053 
+9.910506199742238564 
+9.907062874012213527 
+9.903627800910927093 
+9.900338942055279645 
+9.897062629789749266 
+9.893930470480778894 
+9.890815187388293239 
+9.887841940823488329 
+9.884889935221506718 
+9.882021241065858774 
+9.879236424026132113 
+9.876536047106812433 
+9.874023646675549770 
+9.871590076059840513 
+9.869187626449997808 
+9.866914854264123846 
+9.864677569295750459 
+9.862481426165169651 
+9.860414791602613249 
+9.858433391359204379 
+9.856499941848761992 
+9.854692294028303934 
+9.852971403894457580 
+9.851305343043156526 
+9.849761258695556521 
+9.848305431082737371 
+9.846938351070303241 
+9.845660506789117861 
+9.844495731003647165 
+9.843395965851268414 
+9.842406558662720073 
+9.841504610535988462 
+9.840674546057455174 
+9.839950696382882001 
+9.839315644725477483 
+9.838759409898131025 
+9.838305138207037004 
+9.837934354024282513 
+9.837662628722638303 
+9.837481882138190414 
+9.837391652295844224 
+9.837397122172149011 
+9.837501815263296479 
+9.837944037453802082 
+9.838322781185841137 
+9.838799360219915968 
+9.839386963005802400 
+9.840062520344922348 
+9.840837204526467374 
+9.841730317833182085 
+9.842706561035104329 
+9.843783194080833354 
+9.844960628755814014 
+9.846266425123790356 
+9.847648763591076104 
+9.849133127961032130 
+9.850753369767303980 
+9.852445081614639832 
+9.854240013987061175 
+9.856138555786399635 
+9.858183046209221700 
+9.860292094376180927 
+9.862505906385621302 
+9.864873280583708492 
+9.867299900381697242 
+9.869885196599447852 
+9.872526128748424057 
+9.875273682618235682 
+9.878187588592536983 
+9.881151651166286243 
+9.884223406712919768 
+9.887403202868236818 
+9.890691383739822484 
+9.894088289888554044 
+9.897521615562794750 
+9.901134743804693272 
+9.904857590863391792 
+9.908690483016613371 
+9.912552162890465368 
+9.916520051574881478 
+9.920680463448757536 
+9.924863883985299395 
+9.929244925288159607 
+9.933645060525014614 
+9.938152864812956011 
+9.942865928795189490 
+9.947592163075471561 
+9.952630705372451203 
+9.957787283552754332 
+9.962955537255245630 
+9.968346706102789057 
+9.973745422151067075 
+9.979372323490949270 
+9.985002604901371370 
+9.990866347888641030 
+9.996729265516719920 
+10.002707712526987649 
+10.008801939346458454 
+10.015140142094363540 
+10.021599412736950541 
+10.027914448313101303 
+10.034476603721635968 
+10.041018256128031894 
+10.047672371991962947 
+10.054581334595660280 
+10.061607931361498558 
+10.068899409931272970 
+10.076164324659497851 
+10.083699417622382200 
+10.091203490050682845 
+10.098983036741836727 
+10.106727072158536274 
+10.114751876613722104 
+10.122736645568483738 
+10.131007476229379805 
+10.139233714246023155 
+10.147579728514662278 
+10.156219710953843460 
+10.164808227908061156 
+10.173695996669458452 
+10.182346220348502897 
+10.191295999683593010 
+10.200180176563229395 
+10.209369063610113315 
+10.218487734844927672 
+10.227916264851872441 
+10.237466044135302923 
+10.247137195985255076 
+10.256929839193393406 
+10.267047686620520253 
+10.277086135940665557 
+10.287246407932931547 
+10.297528603131233638 
+10.307932817484012133 
+10.318243098205218899 
+10.328889125629840962 
+10.339657430743891098 
+10.350324609173592094 
+10.361335198360080767 
+10.372239851791798415 
+10.383262111168884090 
+10.394635365168406693 
+10.405895451268394325 
+10.417273297473442994 
+10.429009691628163381 
+10.440625635654042114 
+10.452605162029387387 
+10.464459339792709258 
+10.476682118422642631 
+10.488774629110954706 
+10.500985103059761627 
+10.513571648213417831 
+10.526281140679730086 
+10.539113582084622678 
+10.551803344558276621 
+10.564879160112893075 
+10.578077900067260231 
+10.591399546266920595 
+10.604844075544036741 
+10.618133346482764523 
+10.631821046072525760 
+10.645914654595607374 
+10.659850383627887283 
+10.674196987766034539 
+10.688380548263841874 
+10.702979924466488271 
+10.717411076175167750 
+10.732262957603751374 
+10.746941417703100186 
+10.761742165158580065 
+10.776359344045953748 
+10.791093703575530327 
+10.806255803791671610 
+10.821226687290177892 
+10.836630036883798667 
+10.851837038222653220 
+10.867481202017005515 
+10.883246835657310214 
+10.899133812181860392 
+10.915469958074561774 
+10.931601687359599140 
+10.947854343336981486 
+10.964563185546609247 
+10.981059703482880963 
+10.997336357347409219 
+11.014071178719381905 
+11.030580950530591622 
+11.047553406891895023 
+11.064295620889817329 
+11.081505000943135286 
+11.098478939260841614 
+11.115924488592513697 
+11.133129390996678865 
+11.150810311810571918 
+11.168609814477752806 
+11.186160826292518067 
+11.204194417260383787 
+11.222717581548359078 
+11.240989151160013293 
+11.259378143912700310 
+11.277884310916888921 
+11.296888676107773364 
+11.315630799952080210 
+11.334489311279753565 
+11.353463937954877849 
+11.372554402015184749 
+11.392153580359940079 
+11.411477211183198577 
+11.430915804285657345 
+11.450469058109501219 
+11.470539233416683800 
+11.490323204380603173 
+11.509813679537609588 
+11.530231962646078969 
+11.550767964469113025 
+11.571007111425554825 
+11.591775132184293895 
+11.612659783876591035 
+11.632818425008002450 
+11.653083864639803835 
+11.673881300880035283 
+11.694361501181285590 
+11.715377433700339793 
+11.736070936070037263 
+11.757303852072407579 
+11.778645788002970463 
+11.799657490077171573 
+11.821214042269707178 
+11.842435186747193754 
+11.863759375334035795 
+11.885633685540048177 
+11.907614522539464730 
+11.929701444795480114 
+11.952348010600799100 
+11.974647895328121905 
+11.997052493311613830 
+12.019561337542899793 
+12.042173954634595390 
+12.064889864803703290 
+12.087241869347838730 
+12.110160817570456260 
+12.132710765005032982 
+12.155830796010665296 
+12.178576746403704689 
+12.201895854702099697 
+12.224835818797458842 
+12.248351948413805701 
+12.271483887370337129 
+12.294710054792281184 
+12.318516756710934601 
+12.341931758215530124 
+12.365930130285722299 
+12.389531802191010357 
+12.413719609913876241 
+12.437505738043430625 
+12.462379120541013933 
+12.486849636594600454 
+12.511413190715444443 
+12.536573314043238270 
+12.561322974042713696 
+12.586163808302826439 
+12.610585481629543736 
+12.635604937101266643 
+12.660200356342233619 
+12.685395908543810606 
+12.710162574735917929 
+12.735013041379129817 
+12.760987374422509077 
+12.786529081603553948 
+12.812156082343022945 
+12.837867684463295959 
+12.864190496364440008 
+12.890070887316865011 
+12.916033746637243240 
+12.942078354044671329 
+12.968737996789434064 
+12.994945542183714338 
+13.021769911125867125 
+13.048676293535850235 
+13.075123343715365110 
+13.102189735699372619 
+13.129335724768321114 
+13.157105777586387774 
+13.184956898330938202 
+13.212339756020366366 
+13.239248902075729575 
+13.267333246805431912 
+13.293836380798829566 
+13.320961668760601171 
+13.347601163000996749 
+13.374864020161176370 
+13.401636663650418058 
+13.429593604501754101 
+13.457058622288791128 
+13.484589305293877004 
+13.512184780397561212 
+13.540409303614499237 
+13.568132990839854912 
+13.595918787986104093 
+13.624334729219775397 
+13.652243250820674803 
+13.680782516863501996 
+13.708810015232499424 
+13.737468750335635193 
+13.766186337817419627 
+13.794385700856647503 
+13.823216834734012082 
+13.851525513719961324 
+13.879886835169145343 
+13.908880207710184962 
+13.940252261422688917 
+13.968771619059882738 
+13.997339533057488126 
+14.027123965730000421 
+14.055202394769509056 
+14.084497151808790250 
+14.113250898343920881 
+14.142048026947282580 
+14.171476481489868604 
+14.199768222856977928 
+14.228689166888283779 
+14.257057840297971296 
+14.286055208297284480 
+14.315682479045721109 
+14.344753446060932944 
+14.373859176295813000 
+14.402998556917619766 
+14.432766143066922737 
+14.461970083207162929 
+14.491204264238035648 
+14.521065045915612757 
+14.550356824327421279 
+14.579675361207314666 
+14.609618605363667854 
+14.639587243148211471 
+14.668979931220281543 
+14.698394603974223926 
+14.727229136246915431 
+14.756082474518766645 
+14.785555132722349114 
+14.815044969740183589 
+14.846960052644384120 
+14.877084307371353233 
+14.906016660538075058 
+14.935563729198925387 
+14.964518298127483575 
+14.994085553429691515 
+15.023057440256600614 
+15.052639850144771572 
+15.081624093949436372 
+15.111820526789863095 
+15.142020183042287584 
+15.171617616118277638 
+15.200611425215701189 
+15.230208365947433435 
+15.259199107962100328 
+15.288186406421623076 
+15.317772719853373076 
+15.346749127725235695 
+15.376321619518046546 
+15.405281822747975085 
+15.434835035118258162 
+15.463773654894989562 
+15.493302063821516867 
+15.522815822016038823 
+15.552313494286533313 
+15.581793636826233751 
+15.611855837487052412 
+15.641296122111144840 
+15.670714463630357471 
+15.699509731016796366 
+15.728880265034337782 
+15.758224424578118672 
+15.786942702250112092 
+15.816230205317420854 
+15.845486824977308871 
+15.874114952281075830 
+15.903305912488594487 
+15.931866757144636182 
+15.960985990878672425 
+15.989473576094290763 
+16.017922677934993914 
+16.046923229301476965 
+16.075290011611798491 
+16.104203400396290391 
+16.133070364826970433 
+16.161889286245862962 
+16.190658537017807106 
+16.218790923732615994 
+16.247457011492766554 
+16.276651854086214399 
+16.305788105120299747 
+16.334283072716385021 
+16.363298059298028164 
+16.391670745285352950 
+16.420557422790444946 
+16.448800885846381448 
+16.476977798862211699 
+16.504513482082611375 
+16.532553547887570033 
+16.559951833640489838 
+16.588416745581671563 
+16.616236357221250586 
+16.644544309357005574 
+16.671642736076186964 
+16.699225927463714925 
+16.726166315661096462 
+16.753584636424491805 
+16.780360033640462802 
+16.807051192564699704 
+16.834763043157764173 
+16.862930997215805462 
+16.889899039538619263 
+16.917319227389626235 
+16.944638219337079477 
+16.971310719354100627 
+16.998423419603643225 
+17.025428919968597086 
+17.051788343600605913 
+17.078575573803533416 
+17.105249508530665281 
+17.131808081665887755 
+17.157721558372539761 
+17.184045579402759785 
+17.210248020107950850 
+17.236326772896575221 
+17.261761907421888651 
+17.286558877971721415 
+17.311748912880677409 
+17.336301913156418664 
+17.360731305268942037 
+17.385540151945214404 
+17.410216135159160444 
+17.434757193834670375 
+17.459161257101023068 
+17.482932444411073192 
+17.506568209295323868 
+17.530554651790943410 
+17.553910715593602276 
+17.577607486336695786 
+17.601633745535259834 
+17.625502070888252604 
+17.649210178551360428 
+17.672755773893737086 
+17.696136551480364574 
+17.719350195051919883 
+17.741475893151864796 
+17.763443347659666927 
+17.785703076587644489 
+17.807344396304664258 
+17.829266836215509784 
+17.850573460504907786 
+17.872149833287984677 
+17.893113124790914981 
+17.914334573881710355 
+17.934945818255378924 
+17.955379606916242352 
+17.976473771457222028 
+17.996954597046268987 
+18.017243564435236891 
+18.037746401834247933 
+18.057640614461050177 
+18.077735753841771782 
+18.097225611977140858 
+18.116511757391482007 
+18.135591807248047758 
+18.154846314576964517 
+18.173502654387128530 
+18.191945638614001268 
+18.210542562646406139 
+18.228912222088407447 
+18.247052018417520003 
+18.264959341782784463 
+18.282631570980555580 
+18.300066073438657099 
+18.317260205196213008 
+18.333874687656205538 
+18.350253258056998362 
+18.366720286184545330 
+18.382614516594607323 
+18.398265189977205836 
+18.413669753923933570 
+18.429132342020523083 
+18.444031833004430609 
+18.458677440647488055 
+18.473066569714116980 
+18.487482266523514340 
+18.501345241764383331 
+18.514943834740609674 
+18.528275407107486217 
+18.541337309754872820 
+18.553868610854124199 
+18.566388822600472963 
+18.578384351544634967 
+18.590352364974592092 
+18.601801787619208994 
+18.613207011201108543 
+18.624099910870924646 
+18.634931668692004791 
+18.645681634820210348 
+18.656328437049978675 
+18.666451563314506501 
+18.676259919576075674 
+18.685937091807552690 
+18.695100556060786801 
+18.703592924904370420 
+18.711951693163584309 
+18.719832974784804236 
+18.727562358293809552 
+18.734969553630890005 
+18.742051692281322062 
+18.748940300633307743 
+18.755356894083082153 
+18.761439699118668045 
+18.767185802375081494 
+18.772699058683869566 
+18.777656194078559793 
+18.782281778882698120 
+18.786658858353113999 
+18.790605936329505710 
+18.794213031964432048 
+18.797541674062067329 
+18.800510087041921281 
+18.803164620142737817 
+18.805396014817599593 
+18.807258041938631266 
+18.808774154143065971 
+18.809880594734657677 
+18.810608425435532354 
+18.810954563306935938 
+18.810911096899509687 
+18.810463677302678320 
+18.809630098390613284 
+18.808373066850389677 
+18.806739669316122843 
+18.804659942460460798 
+18.802213856985630969 
+18.799360741508969852 
+18.796026516025001740 
+18.792341295549853442 
+18.788239381651361981 
+18.783620874344570950 
+18.778772570828543564 
+18.773401193335946147 
+18.767722865965531298 
+18.761629168699734294 
+18.754976875738620379 
+18.748034360226995432 
+18.740509102438544176 
+18.732370584800769109 
+18.723940963388237435 
+18.715058690029238164 
+18.705525064431721916 
+18.695718010617241589 
+18.685448145494149230 
+18.674712081606408276 
+18.663272819100072297 
+18.651584458805345434 
+18.639419595865909685 
+18.626511716248302264 
+18.613373628721426201 
+18.599465470001590006 
+18.585340035351492816 
+18.570417136223525745 
+18.555290132753697208 
+18.539337930580991554 
+18.523195037148173725 
+18.506544000533367011 
+18.489381275866580978 
+18.471703306140497602 
+18.453883094715830993 
+18.435174612232565039 
+18.415143913557209032 
+18.394948976136276997 
+18.374198686031682826 
+18.352457265049132218 
+18.331016603776689067 
+18.308577056384351067 
+18.286032473730180925 
+18.262458822868488539 
+18.238795293479277859 
+18.214072155276287646 
+18.189274552044476962 
+18.163386438649805399 
+18.136904034503203320 
+18.110370851716382390 
+18.082699965722852653 
+18.054422857101538824 
+18.026702757029937629 
+17.997821331722814620 
+17.967738531905411037 
+17.937653772818187292 
+17.906967625510773701 
+17.875031304478110172 
+17.843118327238045140 
+17.809922067232818677 
+17.776083315359585413 
+17.741597919870617517 
+17.706461715312357796 
+17.670670522503360900 
+17.604582412441740047 
+17.567694414034875194 
+17.530934506995613731 
+17.492767101042097977 
+17.454746216411791693 
+17.415283697237292415 
+17.375160943333213481 
+17.334373908781749662 
+17.292918534833503941 
+17.249923969192579420 
+17.207105840139952591 
+17.162712187568857303 
+17.118514576744530586 
+17.073627971130797221 
+17.028048234097298064 
+16.980819497636726823 
+16.933826677437750163 
+16.886128152791471280 
+16.836724386905544293 
+16.787587256693552007 
+16.736706760834653807 
+16.685073754779487842 
+16.633738980265860619 
+16.581672911863407194 
+16.529956246626507976 
+16.477529711895670061 
+16.423274558416537161 
+16.369401163105287367 
+16.313660554371850253 
+16.258323714991671949 
+16.202256532702559610 
+16.144263703561204437 
+16.084293859857929476 
+16.023517885101480118 
+15.961931105306994993 
+15.899528832070807027 
+15.836306362553232319 
+15.772258979452502103 
+15.709993020813922016 
+15.646958262161767550 
+15.581812913501789097 
+15.517211671283160257 
+15.450458386865534521 
+15.384273361301861627 
+15.315894428809649241 
+15.245266487020838753 
+15.175210015610028691 
+15.102860787878924498 
+15.032580893193443927 
+14.961488806818238118 
+14.888073381269332884 
+14.815326738576343857 
+14.737129011319872518 
+14.659555012251624717 
+14.584232095289511477 
+14.506474564561631979 
+14.429451705444167331 
+14.351580957458502041 
+14.271208721477044890 
+14.191610966772429947 
+14.109466450444841712 
+14.026419567998058113 
+13.942465541813866992 
+13.855858093055790192 
+13.770056632273144359 
+13.683333513636229739 
+13.595683904006225617 
+13.505285450491864907 
+13.415749147222985727 
+13.327127589877873604 
+13.235723407574990773 
+13.145262694421070648 
+13.051971420932030554 
+12.959652678937924719 
+12.866407487007208488 
+12.770259243920957459 
+12.671143415872350602 
+12.571006794553447605 
+12.469844067460908121 
+12.367649906850990860 
+12.264418969711616825 
+12.160145897753684707 
+12.056942029405643524 
+11.954864038539344762 
+11.847495910050495738 
+11.739064385989026462 
+11.631764549117022511 
+11.521211455410682589 
+11.409578727182852376 
+11.296860884435918848 
+11.185339324368893443 
+11.072765155844630058 
+10.959133177883463972 
+10.842086355650367935 
+10.726301242979381811 
+10.607046437484029866 
+10.489086782843198620 
+10.367602089527549580 
+10.247446367171342274 
+10.123709760428189597 
+10.001336325839011110 
+9.877857191424164185 
+9.750712748316059830 
+9.624983322079842196 
+9.498132004745690082 
+9.370153406536188001 
+9.238395367125425750 
+9.108122696546828934 
+8.976706377460283548 
+8.841423541850536694 
+8.707679946796682557 
+8.572776202552725877 
+8.433917714778070618 
+8.296653221673862433 
+8.161049076773824851 
+8.021449664524167744 
+7.880662494063428447 
+7.738681999487817542 
+7.595502600152492789 
+7.448159509497165764 
+7.299556292815397640 
+7.152696806133516105 
+7.001580891361296466 
+6.849186991976690564 
+6.695509083163402764 
+6.543653164817065715 
+6.387415079831777476 
+6.229874935829949223 
+6.074216468903671284 
+5.914080268491654024 
+5.752623815874082780 
+5.593109668920870803 
+5.429020994822597146 
+5.263593731217627081 
+5.096821692270184556 
+4.925322392858806353 
+4.759218463458413595 
+4.588374820321829972 
+4.419619225158363029 
+4.246057531142734653 
+4.074626190955192406 
+3.898321811738715503 
+3.724190522443009854 
+3.545118696183917173 
+3.368263128583871335 
+3.186398965628107760 
+3.006794665124770560 
+2.822113147710767933 
+2.643471317601077786 
+2.459740181661297598 
+2.278413167042891985 
+2.095748772452059150 
+1.907893452988407290 
