42
91
141
190
240
289
339
388
438
486
535
583
632
680
770
819
867
916
965
1014
1062
1111
1159
1208
1256
1305
1353
1402
1450
1499
1548
1598
1647
1696
1746
1795
1844
1894
1943
1993
2042
2092
2142
2191
2240
2290
2339
2389
2438
2487
2535
2584
2632
2681
2729
2778
2867
2916
3005
3054
3102
3151
3201
3250
3300
3350
3440
3489
3539
3588
3638
3687
3737
3786
3835
3883
3973
4021
4110
4160
4209
4259
4308
4357
4407
4457
4507
4557
4607
4656
4747
4795
4844
4894
4944
4994
5043
5093
5143
5192
5240
5289
5337
5386
5434
5483
5532
5621
5669
5759
5807
5856
5904
5955
6006
6057
6108
6157
6207
6256
6305
6354
6403
6452
6501
6550
6600
6649
6699
6750
6800
6851
6901
6952
7001
7051
7100
7150
7199
7249
7298
7347
7397
7446
7496
7547
7597
7648
7698
7748
7797
7847
7896
7945
7994
8044
8094
8143
8192
8241
8291
8340
8389
8439
8489
8538
8588
8638
8688
8737
8787
8836
8886
8935
8985
9034
9083
9131
9180
9228
9276
9325
9375
9424
9474
9524
9573
9623
9672
9722
9771
9821
9870
9919
9969
10019
10069
10119
10169
10219
10269
10359
10449
10497
10546
10594
10642
10691
10739
10788
10836
10886
10935
10984
11034
11083
11133
11182
11232
11281
11331
11380
11428
11477
11525
11574
11622
11670
11720
11770
11819
11869
11918
11968
12017
12067
12116
12165
12214
12304
12354
12403
12452
12502
12550
12599
12647
12696
12744
12793
12841
12891
12940
13030
13079
13127
13176
13224
13274
13324
13374
13423
13473
13523
13571
13621
13670
13761
13811
13860
13909
13959
14008
14057
14106
14155
14204
14252
14301
14390
14438
14487
14535
14584
14634
14683
14731
14779
14828
14876
14924
14973
15023
15073
15123
15173
15223
15273
15323
15372
15421
15470
15519
15569
15618
15667
15716
15766
15815
15864
15913
15962
16010
16059
16107
16155
16204
16252
16301
16350
16398
16447
16496
16545
16593
16641
16690
16738
16786
16835
16883
16932
16980
17028
17077
17125
17174
17223
17272
17321
17370
17418
17468
17517
17567
17615
17664
17712
17761
17826
17876
17926
17975
18023
18072
18121
18170
18218
18267
18315
18363
18412
18460
18509
18557
18607
18656
18706
18756
18807
18857
18908
18959
19009
19059
19109
19159
19209
19259
19307
19356
19405
19454
19503
19552
19602
19651
19700
19749
19798
19848
19898
19948
19998
20048
20098
20148
20198
20248
20298
20348
20398
20448
20496
20545
20595
20644
20693
20743
20792
20842
20891
20941
20990
21040
21089
21139
21188
21238
21288
21337
21387
21437
21486
21536
21585
21633
21682
21731
21779
21828
21877
21927
21975
22024
22072
22121
22169
22218
22266
22315
22364
22412
22460
22509
22557
22607
22656
22706
22755
22804
22853
22902
22951
23001
23050
23099
23149
23199
23249
23299
23349
23398
23448
23496
23545
23593
23642
23690
23739
23788
23838
23887
23937
23987
24036
24086
24136
24185
24233
24282
24330
24379
24427
24475
24524
24572
24621
24669
24718
24766
24815
24865
24915
24964
25014
25063
25112
25162
25211
25260
25309
25358
25406
25455
25503
25552
25600
25649
25698
25747
25796
25846
25896
25946
25996
26046
26096
26146
26195
26245
26294
26344
26393
26441
26490
26538
26586
26635
26683
26732
26781
26829
26877
26926
26974
27023
27072
27120
27169
27217
27266
27315
27364
27412
27461
27509
27557
27606
27654
27702
27751
27800
27850
27899
27948
27998
28047
28097
28146
28196
28245
28294
28343
28393
28442
28491
28539
28588
28637
28686
28736
28785
28835
28884
28933
28982
29030
29079
29128
29177
29226
29276
29325
29374
29423
29472
29522
29571
29620
29668
29717
29765
29814
29862
29911
29959
30009
30058
30108
30158
30207
30257
30305
30354
30402
30450
30499
30547
30597
30647
30696
30745
30794
30885
30934
30984
31033
31083
31132
31182
31231
31281
31330
31380
31428
31476
31525
31573
31622
31670
31718
31807
31856
31905
31953
32002
32051
32100
32149
32198
32247
32296
32346
32395
32444
32493
32542
32592
32641
32690
32738
32787
32836
32885
32934
32983
33032
33082
33131
33180
33229
33279
33328
33377
33426
33476
33525
33574
33623
33672
33761
33810
33859
33908
33957
34007
34056
34105
34154
34204
34253
34302
34350
34399
34447
34496
34544
34594
34643
34693
34742
34792
34841
34891
34940
34989
35078
35127
35176
35225
35275
35324
35373
35423
35472
35521
35570
35661
35710
35759
35808
35857
35906
35955
36005
36054
36103
36152
36201
36249
36298
36347
36397
36447
36497
36547
36596
36644
36693
36741
36789
36838
36887
36936
36985
37035
37085
37135
37185
37235
37284
37332
37421
37470
37518
37567
37656
37704
37752
37801
37849
37898
37946
38035
38084
38132
38222
38311
38361
38410
38459
38509
38558
38607
38656
38705
38754
38803
38852
38942
38992
39041
39091
39141
39313
39362
39410
39459
39507
39557
39606
39655
39704
39753
39803
39852
39901
39951
40001
40051
40100
40150
40200
40248
40296
40345
40393
40441
40490
40539
40587
40636
40684
40733
40781
40830
40879
40929
40978
41028
41077
41126
41216
41264
41313
41361
41410
41459
41509
41559
41608
41656
41704
41753
41801
41850
41899
41949
41997
42046
42094
42143
42191
42280
42328
42378
42427
42477
42526
42575
42625
42674
42723
42772
42821
42870
42920
42969
43018
43068
43118
43168
43218
43266
43315
43363
43411
43460
43508
43556
43606
43656
43705
43755
43805
43855
43903
43952
44000
44049
44138
44186
44235
44283
44333
44382
44472
44521
44570
44620
44669
44718
44768
44817
44867
44916
44966
45014
45064
45114
45164
45214
45264
45312
45361
45409
45458
45507
45557
45606
45655
45704
45754
45804
45854
45904
45954
46004
46054
46103
46153
46203
46253
46303
46353
46403
46452
46500
46549
46639
46688
46738
46787
46836
46886
46936
46985
47035
47085
47134
47183
47231
47281
47331
47380
47430
47480
47529
47579
47628
47758
47806
47895
47944
47994
48044
48093
48143
48193
48242
48292
48341
48389
48438
48486
48575
48624
48673
48722
48772
48821
48870
48919
48968
49018
49067
49116
49164
49213
49262
49311
49359
49409
49458
49507
49638
49687
49737
49785
49834
49884
49933
49983
50032
50082
50131
50180
50229
50279
50327
50376
50424
50473
50521
50569
50617
50666
50714
50764
50813
50863
50912
51003
51052
51102
51151
51201
51289
51338
51386
51435
51524
51573
51623
51672
51722
51771
51821
51870
51920
51968
52017
52065
52113
52162
52210
52260
52308
52357
52405
52454
52502
52551
52640
52689
52737
52786
52875
52923
52973
53023
53074
53124
53174
53223
53273
53322
53372
53421
53470
53520
53569
53659
53709
53758
53807
53857
53906
53955
54004
54053
54102
54152
54242
54291
54340
54389
54437
54486
54534
54582
54631
54679
54729
54778
54827
54876
54925
54974
55022
55070
55119
55167
55215
55264
55314
55363
55412
55461
55511
55561
55611
55660
55751
55801
55850
55899
55949
55998
56048
56097
56146
56196
56244
56293
56341
56390
56438
56487
56535
56584
56633
56682
56731
56779
56828
56876
56924
56973
57021
57069
57118
57166
57215
57264
57313
57361
57410
57458
57507
57556
57605
57654
57703
57752
57801
57851
57900
57949
57998
58047
58136
58184
58233
58282
58332
58380
58469
58518
58567
58616
58706
58796
58846
58895
58945
58994
59042
59090
59139
59187
59236
59286
59335
59384
59475
59524
59573
59621
59670
59720
59769
59818
59867
59916
59964
60013
60104
60194
60243
60292
60340
60429
60478
60567
60615
60665
60714
60763
60813
60862
60911
60960
61049
61139
61187
61236
61285
61334
61383
61431
61480
61528
61577
61625
61673
61723
61773
61822
61870
61919
61968
62016
62065
62114
62163
62213
62262
62311
62361
62410
62459
62507
62555
62644
62693
62741
62790
62838
62888
62938
62988
63038
63088
63138
63187
63237
63286
63335
63384
63434
63483
63533
63583
63633
63682
63731
63781
63830
63879
63929
63977
64026
64117
64166
64215
64264
64313
64363
64412
64462
64512
64560
64609
64658
64708
64757
64806
64855
64905
64955
65005
65054
65104
65153
65202
65252
65301
65350
65398
65448
65497
65546
65596
65645
65694
65744
65793
65843
65892
65942
65991
66041
66091
66140
66190
66240
66290
66340
66390
66439
66488
66538
66587
66636
66686
66736
66786
66835
66885
66934
66983
67032
67082
67130
67180
67229
67278
67328
67377
67427
67476
67525
67575
67624
67673
67763
67813
67862
67912
67961
68011
68060
68110
68160
68210
68260
68310
68360
68409
68458
68506
68555
68604
68652
68701
68749
68799
68848
68897
68946
68996
69045
69094
69142
69191
69280
69369
69418
69467
69557
69606
69655
69705
69753
69802
69850
69899
69949
69999
70048
70098
70148
70197
70247
70296
70344
70393
70442
70490
70539
70588
70636
70685
70734
70782
70831
70881
70930
70980
71029
71079
71128
71217
71266
71315
71364
71412
71461
71510
71559
71608
71658
71707
71756
71805
71853
71902
71951
72001
72050
72099
72149
72198
72248
72297
72347
72396
72446
72494
72543
72591
72640
72688
72777
72826
72874
72922
72971
73019
73068
73116
73166
73215
73265
73314
73363
73413
73462
73512
73561
73609
73658
73706
73755
73803
73852
73901
73950
73999
74049
74098
74147
74195
74244
74292
74381
74429
74479
74529
74579
74629
74679
74728
74777
74826
74876
74925
74974
75023
75072
75122
75171
75219
75268
75316
75366
75415
75464
75514
75564
75613
75663
75712
75761
75811
75860
75909
75959
76008
76057
76106
76156
76205
76254
76303
76352
76402
76451
76500
76549
76599
76649
76698
76748
76797
76846
76896
76945
76994
77042
77131
77180
77229
77279
77328
77378
77427
77477
77526
77575
77624
77674
77723
77772
77821
77871
77920
77969
78059
78108
78157
78205
78295
78344
78394
78484
78534
78584
78632
78682
78732
78781
78831
78881
78931
78981
79031
79081
79131
79181
79231
79280
79328
79378
79428
79478
79528
79576
79625
79673
79722
79771
79819
79867
79916
79964
80014
80064
80115
80165
80215
80306
80355
80405
80454
80504
80553
80603
80651
80699
80748
80797
80847
80896
80946
80995
81044
81133
81182
81230
81319
81368
81417
81466
81514
81563
81611
81660
81749
81797
81846
81894
81943
81993
82042
82091
82140
82189
82239
82287
82336
82386
82435
82485
82534
82584
82633
82682
82772
82821
82871
82920
82970
83019
83069
83118
83168
83217
83266
83315
83365
83414
83463
83512
83562
83611
83660
83710
83759
83808
83857
83907
83957
84007
84057
84107
84157
84207
84257
84307
84357
84407
84457
84506
84556
84605
84654
84703
84753
84802
84851
84900
84990
85039
85089
85138
85188
85237
85286
85336
85385
85434
85483
85532
85581
85631
85680
85729
85778
85828
85877
85967
86017
86066
86115
86164
86213
86263
86312
86361
