+7.483294223242261012 
+7.362049831423718160 
+7.241866559483136179 
+7.120319308800829639 
+7.002265001139135414 
+6.885257059098754517 
+6.769290623534179652 
+6.654360848064370337 
+6.542777064849023994 
+6.429885210216088609 
+6.320288516157313907 
+6.209415739120886180 
+6.101787723807786001 
+5.992915279628100222 
+5.887237629027142205 
+5.780346871234286255 
+5.674450113855908029 
+5.567411935040711413 
+5.463509073685786532 
+5.358495690969952818 
+5.254497513130244712 
+5.153559469082130917 
+5.053587005842105739 
+4.954575478961751323 
+4.854529054453747605 
+4.757444891100576001 
+4.661307711867935133 
+4.566112922508857253 
+4.469942062064375499 
+4.378532198653182661 
+4.286137137847239487 
+4.196523760199721842 
+4.105953719461435725 
+4.018119429012278587 
+3.929356695302512748 
+3.841500227621263530 
+3.756311143562955479 
+3.670235502625009083 
+3.586782331775418164 
+3.504181850171556256 
+3.420735716355946643 
+3.339845665201122138 
+3.258136942147201509 
+3.178940390501908020 
+3.100575625744785846 
+3.021431951733482002 
+2.943146436124993492 
+2.864143349578605502 
+2.786024667422423384 
+2.708785793941732578 
+2.632422146562144682 
+2.556929155832979639 
+2.482302265410638142 
+2.408536932041986489 
+2.335628625547728987 
+2.263572828805787474 
+2.193780912170149477 
+2.124799193069675241 
+2.055240477528072596 
+1.987882839429282456 
+1.919972608604106235 
+1.854221944124544663 
+1.787942791797058284 
+1.723782092068074867 
+1.659116712416087935 
+1.596529066832465205 
+1.535967620764084884 
+1.474904943264808921 
+1.415829471856790533 
+1.356275714244538300 
+1.298670541770245102 
+1.240609747575907029 
+1.182135209254432162 
+1.125581802862930303 
+1.068637020942427185 
+1.013574573437826309 
+0.958142833125904758 
+0.905641392343550677 
+0.852762691949134677 
+0.801661253267103469 
+0.751246979191655839 
+0.700487345842526032 
+0.651450414987993831 
+0.601089062120509610 
+0.551457064750647596 
+0.501579516159270433 
+0.453408202343400291 
+0.405953779748833732 
+0.359212146314068725 
+0.314092952290057958 
+0.270550803670925433 
+0.226767683020753452 
+0.184527008113657409 
+0.142065011921301831 
+0.100264733018105900 
+0.059955478745996160 
+0.020274037498867692 
-0.020397009368428698 
-0.059601270247805260 
-0.098942821724834928 
-0.136851789012975900 
-0.174879355594900865 
-0.211508182771581232 
-0.247508982708065872 
-0.283600926618277072 
-0.317641201685505692 
-0.351779942929409728 
-0.384627217672332655 
-0.416889305359994466 
-0.449223455010395512 
-0.480313358962602521 
-0.511457968794992723 
-0.542624303373729688 
-0.573174333276160297 
-0.603111847471751616 
-0.632440622852485035 
-0.661164424249463423 
-0.689287004449543161 
-0.716812104211951961 
-0.742677551732382923 
-0.768520858001071616 
-0.793800839662544888 
-0.818022053905893998 
-0.842197124823441001 
-0.865819197011051145 
-0.888891714117834297 
-0.911418108819200157 
-0.933401802831891558 
-0.955278256425106775 
-0.976175869242762673 
-0.996130733840697502 
-1.015977623618473658 
-1.034909681797527625 
-1.053719043677855183 
-1.071641179995017623 
-1.089426124863868139 
-1.106698538381371222 
-1.123461733944790097 
-1.139719014157378751 
-1.155789983994660375 
-1.171035141639951149 
-1.185784293759621022 
-1.200040699712239700 
-1.213531522384471373 
-1.226822062589194573 
-1.239372936059611519 
-1.251463252488912659 
-1.263333531621729122 
-1.274502328863844625 
-1.285219644329393063 
-1.295697648437879934 
-1.305711437759546456 
-1.315264166222601006 
-1.324358977185395858 
-1.332999003451453390 
-1.341349795731753503 
-1.349080487101637971 
-1.356365792187693486 
-1.363208801510356949 
-1.369612595110664799 
-1.375697511461742906 
-1.381223265166863001 
-1.386319042656296574 
-1.390987881991270214 
-1.395232810829044823 
-1.399130526605841141 
-1.402528178823828853 
-1.405511002288898581 
-1.408081982981761016 
-1.410244096554604809 
-1.412031943760064578 
-1.413377016104259809 
-1.414306836462447592 
-1.414855630818376397 
-1.415025697704516361 
-1.414812882773549774 
-1.414211173634940977 
-1.413247897661181085 
-1.411917358942936573 
-1.410143758157490268 
-1.407977625757729001 
-1.405366928649200986 
-1.402417118245427474 
-1.399083898426699335 
-1.395370267750486448 
-1.391364714392395285 
-1.386999485542336430 
-1.382177306779043491 
-1.377093894299530774 
-1.371659207754088783 
-1.365876008549886222 
-1.359747048097345257 
-1.353410559791569767 
-1.346605208584538360 
-1.339611366971285022 
-1.332140290830087892 
-1.324499506302679208 
-1.316373294017912698 
-1.307744238918184365 
-1.298960221324284348 
-1.289665491825260801 
-1.280234537467526579 
-1.270285182486738051 
-1.260218078760605209 
-1.249840079254138203 
-1.239153797000959401 
-1.228389199411889621 
-1.217100311263848766 
-1.205750374814956061 
-1.193869006779777919 
-1.181943613867638021 
-1.169222420760302583 
-1.156462303146698289 
-1.143145089290547034 
-1.129806036806854763 
-1.115903323605785147 
-1.101995607489559603 
-1.087517835313059678 
-1.073051647513322493 
-1.058312790744148302 
-1.042994629379544236 
-1.027712390053718394 
-1.012164906549587684 
-0.996354617926931141 
-0.979953286877831786 
-0.963619427945841878 
-0.947030073230504144 
-0.930187623687743326 
-0.912743037294596604 
-0.895396520177373034 
-0.878165574146112959 
-0.860334566280604562 
-0.842633544106552890 
-0.824703240321134956 
-0.806165172270413066 
-0.787778220617212810 
-0.768778540144763767 
-0.749943835207128373 
-0.730491586106053248 
-0.711217951808736260 
-0.691730357286484576 
-0.671618295692068656 
-0.651704830946780334 
-0.630740981706592763 
-0.610406038908745785 
-0.589437831912620780 
-0.568694334356644404 
-0.547313412715523029 
-0.525727299326813835 
-0.503938192428364573 
-0.482399047658848446 
-0.460669260349284571 
-0.437833542418561983 
-0.415258205432349925 
-0.392490685904410164 
-0.369533127811515705 
-0.345913368156565149 
-0.322578359483455479 
-0.298577864158526829 
-0.274874045691015034 
-0.250501594052819243 
-0.225944598477997971 
-0.201701828659907711 
-0.176785948181136909 
-0.152195689984062632 
-0.127943511632109264 
-0.103531194878225818 
-0.078447098546436500 
-0.053717002243240941 
-0.028312469686663455 
-0.002749065860858657 
+0.022971208164155321 
+0.049376023139886982 
+0.075407169163899113 
+0.101589194592086152 
+0.127920133566113314 
+0.154398028948156352 
+0.180476171080695025 
+0.207239242244469324 
+0.233593025138692845 
+0.260633703944752604 
+0.287255746821014846 
+0.315125292907895371 
+0.343133923361161663 
+0.371279632025079742 
+0.399560422052115172 
+0.427404736701146426 
+0.455375012583814964 
+0.483469396210674418 
+0.512263152691455836 
+0.540602664040706671 
+0.569060736537973177 
+0.598219913193855923 
+0.626911985264799299 
+0.656306174691182242 
+0.685224889565391848 
+0.714253080845590027 
+0.743388971739398663 
+0.773228656357012767 
+0.802576757315953238 
+0.831425199919712199 
+0.860974288893607387 
+0.890016279613124794 
+0.919759557501810043 
+0.948988467583116169 
+0.978919199722893651 
+1.008328463420460785 
+1.038439979353356968 
+1.068640303482420784 
+1.099546765017327843 
+1.129921407661583999 
+1.160379816430984867 
+1.190920338452981397 
+1.222167073568555473 
+1.252868487951645626 
+1.284275999277006974 
+1.315131659368582895 
+1.346693198766607757 
+1.377696524808116330 
+1.408770524289280068 
+1.440549891149683681 
+1.471761844381537898 
+1.503039700714452920 
+1.534381896906647391 
+1.565786877713780889 
+1.597253095873980122 
+1.628779012092770095 
+1.660363095028056790 
+1.691357535980113624 
+1.723052280095149769 
+1.754800675152387690 
+1.786601221308119491 
+1.818452426596183891 
+1.850352806912976433 
+1.881648417298007914 
+1.914295195440896435 
+1.945679977948167938 
+1.977761504520183067 
+2.009228942921313710 
+2.041392023283893131 
+2.072936599348151887 
+2.104517323786400773 
+2.136791884793149521 
+2.168441607750529521 
+2.200783855502240982 
+2.233819244387354352 
+2.266224951256225140 
+2.298659984863805406 
+2.331122976618702047 
+2.364275885823491130 
+2.396791219718845234 
+2.429994728834372175 
+2.462556912001806708 
+2.495805447946951361 
+2.528409049953523002 
+2.561031162281190099 
+2.593670477364551807 
+2.626992284663430155 
+2.659662397315221583 
+2.693012946730244828 
+2.725708611699847239 
+2.759082582311449983 
+2.791798615784737869 
+2.824522831658526023 
+2.857253982417007343 
+2.889990827925504213 
+2.923400363218100040 
+2.956144960616263084 
+2.988891551714298878 
+3.021638925901014794 
+3.055054172279084490 
+3.087799464630646362 
+3.120541927826919526 
+3.153948462221185522 
+3.186681612378511552 
+3.219408387371313296 
+3.252127627706874691 
+3.285505644912642076 
+3.318206153712750961 
+3.350895669367899288 
+3.383573061240625179 
+3.416903675252986439 
+3.449553151481376645 
+3.482852962750625281 
+3.515469995840010853 
+3.548734414324207442 
+3.581979232054129714 
+3.615203301045363471 
+3.648405480938575085 
+3.680921288726060059 
+3.713413927243591761 
+3.746544705633852779 
+3.778987329884742508 
+3.811403628429292922 
+3.844453276976952605 
+3.876813248035077653 
+3.908484293833057954 
+3.940785048135253987 
+3.972396153109435168 
+4.003976178339987868 
+4.036181096564935622 
+4.068351673692575332 
+4.100486933378764576 
+4.132585906086768013 
+4.165301555377899589 
+4.197324283059428396 
+4.229960147612718657 
+4.261902756114438695 
+4.294454911102182137 
+4.326313581852735624 
+4.357480446623500647 
+4.389901186222132878 
+4.421628296093128796 
+4.453309739693496638 
+4.484944621782316787 
+4.516532053744919395 
+4.548714299276344519 
+4.580203178267614916 
+4.611641963232594676 
+4.643669823396745500 
+4.675004774235705263 
+4.706287047046890493 
+4.738152557776652785 
+4.768690195545879362 
+4.799809405962005115 
+4.830239230131613937 
+4.861878984535658255 
+4.892827726228290430 
+4.924347829539758692 
+4.955177679627142062 
+4.986574811628512904 
+5.017282542689070368 
+5.048553436959122287 
+5.079759350354263958 
+5.110277317824870380 
+5.140110472238887951 
+5.170501122209190115 
+5.200208119566808840 
+5.229851635361573159 
+5.260046529013986394 
+5.289559660138042574 
+5.319007243962076359 
+5.349000011000775601 
+5.378313088537349351 
+5.407558605302336119 
+5.437343036606444358 
+5.467661317841054469 
+5.497300021493652267 
+5.527468181768085742 
+5.556958388572140528 
+5.586973627907104500 
+5.616312619037811871 
+5.646172188726493957 
+5.675357295480925934 
+5.705058497833572773 
+5.734087101380310969 
+5.763627289468667314 
+5.793085167259939716 
+5.821873397999317135 
+5.851166372894251566 
+5.879791757414443154 
+5.908917308523446543 
+5.937377400818469653 
+5.966333057118048622 
+5.994625459925448041 
+6.023408800002740371 
+6.050958086630310540 
+6.078425804337339144 
+6.106950707125645472 
+6.134818124022645591 
+6.162598881752817448 
+6.190856702792019384 
+6.218460730526152780 
+6.245976484238685345 
+6.273962246419331201 
+6.301298060431146375 
+6.328544037900918795 
+6.356252925410630361 
+6.383315858793565667 
+6.410836930996365979 
+6.438262370337514362 
+6.465591663681977685 
+6.492280601626656988 
+6.519418035857974303 
+6.545917995120437816 
+6.572861629458351729 
+6.599170731041284377 
+6.625384686639076648 
+6.652035082166358748 
+6.678055456315144411 
+6.703979361502423018 
+6.729806370749421340 
+6.756060142063762264 
+6.782212141264882810 
+6.808261932239173753 
+6.833691150308377260 
+6.859537305345624780 
+6.885279987306448746 
+6.910918783357230311 
+6.935433913823960239 
+6.960867918166762536 
+6.985185713699761934 
+7.009909888273929468 
+7.034030945816443392 
+7.058553579793976240 
+7.082476530266650805 
+7.106796246475526324 
+7.130519760768476267 
+7.154635222723424448 
+7.178647009457821859 
+7.202554795445657021 
+7.225873520204767253 
+7.249574487367658193 
+7.272690013897374683 
+7.296182946836998973 
+7.319570340899892891 
+7.342377827125783796 
+7.365555432492753241 
+7.388156859873647342 
+7.411123560319788695 
+7.433517854631126021 
+7.456272573114912205 
+7.478458698402711491 
+7.501000396835202366 
+7.523434104854137772 
+7.545759572412603866 
+7.567524232617706126 
+7.590084810715613806 
+7.612084106076553169 
+7.633974210179671260 
+7.655754897598183284 
+7.677425947784180416 
+7.699426024176398542 
+7.720874909333975467 
+7.742647852820717880 
+7.764305761917624338 
+7.785848428235828678 
+7.806848236830346899 
+7.828162127958536054 
+7.848937361252851019 
+7.869180576122250415 
+7.889735070617475365 
+7.910177806070398887 
+7.930094824930608688 
+7.950315847507733125 
+7.970424639790692822 
+7.990421052897129783 
+8.010709563631641217 
+8.030478489606325709 
+8.050134614815632972 
+8.069677808931089658 
+8.089107946201529842 
+8.108817949823198035 
+8.127628569998295305 
+8.146330364988370931 
+8.165309426050523456 
+8.183790998947321427 
+8.202545052147925730 
+8.220806023891158887 
+8.239711649346052269 
+8.258124018074079586 
+8.276422324097699956 
+8.294606490843586144 
+8.313044031043693494 
+8.330632122181393484 
+8.348110490057257138 
+8.365839756975240959 
+8.383096226953524521 
+8.400242817975239973 
+8.417633247916484152 
+8.434909085478933477 
+8.452070292864553025 
+8.469116836538582049 
+8.486393040783347885 
+8.502865819838685724 
+8.519568213575999138 
+8.536155851794239524 
+8.552293688286924933 
+8.568654124735131106 
+8.584569384208039722 
+8.600374500377306219 
+8.617046756162304533 
+8.632624717724997510 
+8.648413635119235110 
+8.663769078312649086 
+8.679330877406771450 
+8.694777980905065817 
+8.710110417171094355 
+8.725328218592242280 
+8.740431421564519354 
+8.755724764678411987 
+8.770596559376519608 
+8.785653868271124267 
+8.800294452302495074 
+8.814820681847677974 
+8.828939638118495026 
+8.842948977956591960 
+8.856848765249660360 
+8.870925201687780870 
+8.884603811128084061 
+8.898454613668787871 
+8.911912349977313852 
+8.925537844541578281 
+8.939049657024678908 
+8.952720133051471407 
+8.966002553559455635 
+8.979171588876937449 
+8.992492610094203087 
+9.005432887826849253 
+9.018260111368810783 
+9.030716050631765413 
+9.043575867690316628 
+9.056064645555695236 
+9.068692264027454542 
+9.081202817051940102 
+9.093596448473638461 
+9.105628912300822719 
+9.117791478590463683 
+9.129597793483332779 
+9.141529903992712036 
+9.153345863776326752 
+9.165045839712201214 
+9.176630002485429927 
+9.188098526571199187 
+9.199451590218435726 
+9.210689375433037895 
+9.221369367675093187 
+9.232162626680167961 
+9.242628784988351498 
+9.252989389639559192 
+9.263457148998670121 
+9.273815286995583662 
+9.284272018049428254 
+9.294409274721198599 
+9.304437509309842369 
+9.314356926909526990 
+9.324167735914667077 
+9.334067029252130610 
+9.343659053842092277 
+9.352950644491709653 
+9.362519446708983395 
+9.371788261231179362 
+9.381135645184979666 
+9.390004266160524082 
+9.398951922025553074 
+9.407613629466533567 
+9.416350529485733034 
+9.424806246998043591 
+9.433506268097499259 
+9.442096328775967606 
+9.450576697893495748 
+9.458947647643219270 
+9.467209453534826125 
+9.475362394377956576 
+9.483406752265427286 
+9.491185150805941717 
+9.499015359440921458 
+9.506584449134024339 
+9.514050359253337419 
+9.521562566466148070 
+9.528820870862599435 
+9.535976852066784915 
+9.543173697220069585 
+9.550123829824807231 
+9.556972522138639903 
+9.563993338416375778 
+9.570904926871925511 
+9.577707630196812261 
+9.584401794386591789 
+9.590859669625931616 
+9.597087817625700623 
+9.603340778100342590 
+9.609246722920547157 
+9.615178119353263497 
+9.621011242283902476 
+9.626746418082737122 
+9.632269897205405940 
+9.637812150711987158 
+9.643257445447444454 
+9.648606118412027755 
+9.653858509239846342 
+9.659119197332632467 
+9.664178105938852070 
+9.669141774080184604 
+9.674010551827658233 
+9.678784791810768340 
+9.683464849202170655 
+9.688143703870503387 
+9.692634568020340069 
+9.697032337634079013 
+9.701424272970138318 
+9.705635070633627848 
+9.709836986736000597 
+9.713862323675996890 
+9.717796432196825762 
+9.721717180351690857 
+9.725468124651850843 
+9.729202764361748024 
+9.732772105199025248 
+9.736322239011451884 
+9.739711556558807715 
+9.743012362180319741 
+9.746289700299854530 
+9.749412880573599338 
+9.752448746231850762 
+9.755397698236045301 
+9.758317659026831237 
+9.761147973087480167 
+9.763889073598109647 
+9.766541396118478602 
+9.769105378571268261 
+9.771581461225792964 
+9.773970086680972003 
+9.776181300355998971 
+9.778356278002870994 
+9.780448524267487898 
+9.782418264911717287 
+9.784386524871015567 
+9.786233135489082358 
+9.788033919177998143 
+9.789717285249981416 
+9.791320509866537236 
+9.792844030320871695 
+9.794316938251371951 
+9.795680766140179685 
+9.796966222649405864 
+9.798173752953733384 
+9.799326062826997585 
+9.800377516566184610 
+9.801352400321437841 
+9.802268719709363864 
+9.803090284413174871 
+9.803836652480047320 
+9.804508282302114353 
+9.805117054770345675 
+9.805639088904666067 
+9.806096176855328750 
+9.806470508678508224 
+9.806777851582092254 
+9.807002440800433263 
+9.807160981102232000 
+9.807248533761743658 
+9.807265573050624852 
+9.807214353450996569 
+9.807090016993260662 
+9.806898378535260363 
+9.806638140453149077 
+9.806309785273416679 
+9.805913797128404497 
+9.805440514253941586 
+9.804920866411034552 
+9.804337720780585741 
+9.803677409199330839 
+9.802967353620744007 
+9.802178453444646777 
+9.801343381994865211 
+9.800447151062465778 
+9.799469650691763789 
+9.798451256338651660 
+9.797350027098804759 
+9.796211391301682170 
+9.794988400745431534 
+9.793731456268792712 
+9.792416685398086074 
+9.791015373016676904 
+9.789585202275754128 
+9.788098650256237931 
+9.786523472406452484 
+9.784890553515996459 
+9.783200407707717261 
+9.781417313355436960 
+9.779613119733518545 
+9.777753259755318282 
+9.775838252592158995 
+9.773868618633315464 
+9.771886717650787091 
+9.769810484350788471 
+9.767681181876231022 
+9.765454264415561525 
+9.763219343895798374 
+9.760932943652473881 
+9.758595592180084211 
+9.756207819070944254 
+9.753820398442670125 
+9.751334377161617439 
+9.748851735031582422 
+9.746322730392387612 
+9.743693738907509783 
+9.741072578795392900 
+9.738350562745194949 
+9.735582355572523383 
+9.732826374477037135 
+9.729968317429953828 
+9.727125356835738756 
+9.724240123223754750 
+9.721190269458450217 
+9.718220312400511318 
+9.715083314651465685 
+9.711966747868043370 
+9.708808849021085763 
+9.705610164793128547 
+9.702304727102987414 
+9.699092630979926355 
+9.695774878770233585 
+9.692487414809416890 
+9.689163436811398356 
+9.685733084519895897 
+9.682265773032215250 
+9.678690175450860522 
+9.675149878577613549 
+9.671574294131239924 
+9.667889939211498529 
+9.664244752954314066 
+9.660565956806385302 
+9.656854107480878469 
+9.653109762294818097 
+9.649256083517776972 
+9.645447786322931094 
+9.641608680105530738 
+9.637739324458388879 
+9.633760401952246255 
+9.629831639700578094 
+9.625874321364213060 
+9.621807388108372550 
+9.617794088959829679 
+9.613753931477960535 
+9.609687478656152138 
+9.605679061378340933 
+9.601562216527721461 
+9.597505518199060504 
+9.593340492314817780 
+9.589237680244009354 
+9.584940513630098025 
+9.580706691741575298 
+9.576363996841486426 
+9.572086712641805661 
+9.567700848057436147 
+9.563382414163227097 
+9.558955740853971150 
+9.554598472066780701 
+9.550312317419976438 
+9.545919245276664356 
+9.541508932937517784 
+9.537172458059428592 
+9.532729692862563553 
+9.528180236900020361 
+9.523706646708030021 
+9.519126920984426476 
+9.514532807944082293 
+9.509924912047615919 
+9.505396384559487544 
+9.500762982195158912 
+9.496303636485484034 
+9.491740554128975660 
+9.487260527718806458 
+9.482677448994952130 
+9.478178926716799069 
+9.473484100576312628 
+9.468874969046858325 
+9.464163998829276281 
+9.459540207374883991 
+9.454815462848284113 
+9.450179333474125087 
+9.445443183592191261 
+9.440797037380182388 
+9.436241731903672658 
+9.431588021305133296 
+9.427026396176573897 
+9.422367346977354785 
+9.417801581819027490 
+9.413234573640133718 
+9.408571691023244199 
+9.403908635479682587 
+9.399245973615155236 
+9.394584271751382332 
+9.389829010139006726 
+9.385170974608051608 
+9.380515607724541738 
+9.375768570653271183 
+9.371215139654635706 
+9.366665895047431079 
+9.362026743195235312 
+9.357487576177561550 
+9.352859815592811543 
+9.348332887763504573 
+9.343812814902532793 
+9.339206192998117828 
+9.334607826254709195 
+9.330018275472435008 
+9.325438100942541553 
+9.320774699638917582 
+9.316215176387173003 
+9.311666718457075831 
+9.307129883944607940 
+9.302513021230740975 
+9.297909433402217871 
+9.293319711496845770 
+9.288835805696031400 
+9.284275279311543727 
+9.279730376030814298 
+9.275382513125812523 
+9.270960020084237030 
+9.266643934992860210 
+9.262254963161064225 
+9.257972773085676010 
+9.253619480923148899 
+9.249373297423318263 
+9.245057837513989796 
+9.240849766280916811 
+9.236574285102333803 
+9.232319813384277651 
+9.228086896414929186 
+9.223876078628116204 
+9.219602670199126493 
+9.215438159402722818 
+9.211297386861602376 
+9.207097139942899133 
+9.202922746862711278 
+9.198774780239366677 
+9.194653811650422170 
+9.190560411614965730 
+9.186657212677097561 
+9.182699967366094285 
+9.178850706561608064 
+9.174949568285168056 
+9.171156291357645429 
+9.167313344402678865 
+9.163578089053018516 
+9.159795409380610209 
+9.156043960512450397 
+9.152324268889367787 
+9.148636859812507183 
+9.144982257426981676 
+9.141287431883629466 
+9.137700706891397573 
+9.134148364555946031 
+9.130630924225789258 
+9.127078214814439150 
+9.123562935146974695 
+9.120154803336246729 
+9.116715249307107527 
+9.110622843691926320 
+9.107426398568494008 
+9.104201915784347676 
+9.101081492636009074 
+9.097935609458994932 
+9.094893152805781256 
+9.091889993476607756 
+9.088803999200653294 
+9.085822104638289431 
+9.082882664775308257 
+9.079986177702602745 
+9.077133140042494830 
+9.074267179531812388 
+9.071503436644388074 
+9.068784634100680364 
+9.066111262466124643 
+9.063483810762027915 
+9.060850578695568203 
+9.058317389717737811 
+9.055831588185579761 
+9.053393656760079011 
+9.051004076482970007 
+9.048663326760895131 
+9.046371885351378594 
+9.044130228346499933 
+9.041983047071564528 
+9.039841340368196754 
+9.037750826613322630 
+9.035670907117577144 
+9.033685254206364590 
+9.031752206453894871 
+9.029872227878909641 
+9.028045780715073576 
+9.026237718238670382 
+9.024520829379929054 
+9.022858857076736072 
+9.021220048188762775 
+9.019608358031639739 
+9.018087477439557631 
+9.016625698828246271 
+9.015223497338485714 
+9.013855118750583983 
+9.012599715850043935 
+9.011379075647207415 
+9.010242470510961610 
+9.009143965260037135 
+9.008127942774089902 
+9.007172257870044163 
+9.006259713884444906 
+9.005427249014351432 
+9.004656417797971102 
+9.003947645191249904 
+9.003301354060958772 
+9.002717965169674486 
+9.002197897160908013 
+9.001732920238300295 
+9.001334748998987223 
+9.001003821323212861 
+9.000745171639062292 
+9.000548668786876760 
+9.000422585259054031 
+9.000362725350138149 
+9.000370324597767535 
+9.000445484526743201 
+9.000591687058834722 
+9.000798481896099545 
+9.001077105249368771 
+9.001416557246912475 
+9.001849764003974741 
+9.002347440054302652 
+9.002917766229288077 
+9.003561146223383105 
+9.004293069817043360 
+9.005068669462334086 
+9.005915578119886078 
+9.006834165911365986 
+9.007845770277679520 
+9.008910298454985366 
+9.010047608728491753 
+9.011283528472436188 
+9.012542013721439815 
+9.013871370291163032 
+9.015301867468279440 
+9.016806915177632220 
+9.018353866183527856 
+9.019973013614899671 
+9.021736743869899655 
+9.023541889910328351 
+9.025423291110811874 
+9.027381281936547097 
+9.029416194189286315 
+9.031528356992875928 
+9.033718096777823447 
+9.035938678084665554 
+9.038282940724172931 
+9.040655504946585097 
+9.043155537841174763 
+9.045734726235625800 
+9.048448468025029001 
+9.051188526027441839 
+9.054008667514771957 
+9.056909194060466461 
+9.059952087607962667 
+9.063015933310117234 
+9.066096057045770706 
+9.069321082472095341 
+9.072559650584599567 
+9.075946981225053278 
+9.079345085147457084 
+9.082895823796338419 
+9.086454532615862334 
+9.090093104500940768 
+9.093890119373027048 
+9.097690852116430804 
+9.101653925847390525 
+9.105701274867959327 
+9.109747986055268143 
+9.113962922688266133 
+9.118174287144608314 
+9.122557797244143174 
+9.127026830166910187 
+9.131581628216823177 
+9.136222430555962504 
+9.141046843048600934 
+9.145862125971811807 
+9.150865061364154229 
+9.155855762022612865 
+9.161038163117527944 
+9.166205192191426931 
+9.171567974653315858 
+9.176912216102156350 
+9.182344487469027428 
+9.187978579012732183 
+9.193473943255442649 
+9.199054366404169514 
+9.204720033375458854 
+9.210591850103615030 
+9.216430332411089665 
+9.222354598338785792 
+9.228490948512972025 
+9.234589091857451137 
+9.240773530073374431 
+9.247175990228907239 
+9.253535309875964288 
+9.259981406724293151 
+9.266651464212372957 
+9.273551193175075369 
+9.280263984614279593 
+9.287064155650098130 
+9.294096271531770981 
+9.301073446243801612 
+9.308138413603575856 
+9.315441258117569845 
+9.322684033460381769 
+9.330322355934463019 
+9.337900868040884816 
+9.345729026296055508 
+9.353493826653904719 
+9.361512321479480647 
+9.369463885685480165 
+9.377673186833140662 
+9.385811959941339211 
+9.394212505869250052 
+9.402538902141277077 
+9.410785551261383830 
+9.419121535335946760 
+9.427899935552076727 
+9.436596983819196538 
+9.445387375743608871 
+9.454271186203401456 
+9.463248486214704158 
+9.472505437035435349 
+9.481671824920233860 
+9.490931893257140928 
+9.500285697385809414 
+9.509733288709433907 
+9.519274714679287541 
+9.529107635412012556 
+9.539038347047860356 
+9.548865357435843748 
+9.558989801774533390 
+9.569006730016230478 
+9.579325020589777751 
+9.589531961274587957 
+9.599832973209670328 
+9.610441191713221087 
+9.620932294887795777 
+9.631517489617614558 
+9.642196774336284193 
+9.652970143328200692 
+9.664060350714894554 
+9.675023773859052767 
+9.686081238670320559 
+9.697232722601789590 
+9.708478198882216859 
+9.719817636500660996 
+9.731485311864798149 
+9.743014477705935761 
+9.754637485328904845 
+9.766594381168175687 
+9.778406835927837548 
+9.790312973687335329 
+9.802312733162679592 
+9.814406048709949815 
+9.826592850310488458 
+9.839124652239199520 
+9.851500102212916943 
+9.863968800037401508 
+9.876787991773197106 
+9.889444815919651077 
+9.902455776436376311 
+9.915300331878237117 
+9.928237647305142133 
+9.941000769354243261 
+9.954121381894976750 
+9.967334412265854482 
+9.980639736588431177 
+9.994311603305412461 
+10.007803002392936520 
+10.021386293453096172 
+10.035061334139047773 
+10.048827977471720629 
+10.062686071826085765 
+10.076349867992135501 
+10.090101119353120041 
+10.104228900649580680 
+10.118156404996854647 
+10.132463773195730994 
+10.147156369051909763 
+10.161646301255276015 
+10.176226310223842830 
+10.190896202033556506 
+10.205655777963862363 
+10.220808806701789706 
+10.236054784120014460 
+10.251393483540235607 
+10.266515144353144606 
+10.282036743967656989 
+10.297337186341412263 
+10.312725767026030610 
+10.328202247989381135 
+10.344084932728167203 
+10.359738261655882852 
+10.375478741897493862 
+10.391630026049931246 
+10.407220119511650935 
+10.422893086417230890 
+10.438977788198615215 
+10.454817440618279889 
+10.471071751070603284 
+10.487077002934846348 
+10.503499793705906029 
+10.520345017963558476 
+10.536938558389453036 
+10.553957380168981217 
+10.570720411530292182 
+10.587911524784324513 
+10.604496382469028148 
+10.621508668999219083 
+10.638953106354062328 
+10.656483004774280232 
+10.674097997775378488 
+10.691797713182388918 
+10.709581773113626468 
+10.727449793963065972 
+10.745041538080840837 
+10.762351730847910858 
+10.780101259598966479 
+10.797565288073039724 
+10.815104893547434983 
+10.833087478997121877 
+10.851148040103588244 
+10.869286173208642765 
+10.887501469240053353 
+10.905419442261893082 
+10.923786261705156875 
+10.941851854716485803 
+10.959989887853486934 
+10.978580090486730114 
+10.997244914280642547 
+11.015983912180017157 
+11.035181329055491872 
+11.054068802213178557 
+11.073416764310765714 
+11.092450819397052797 
+11.111947371271742924 
+11.131126068881435742 
+11.150769207944442485 
+11.170090562346587149 
+11.189878238610907246 
+11.209738119223132458 
+11.229270333322144637 
+11.249271575886385932 
+11.269343391719367276 
+11.288678210777240096 
+11.308481873576472054 
+11.328351717572880730 
+11.347879699733420367 
+11.367878945565061954 
+11.387942734614657780 
+11.408070505587708965 
+11.428261691352117779 
+11.448101747076913526 
+11.468416772764594924 
+11.488793488677210064 
+11.509649034605519802 
+11.530148582051648276 
+11.550708018106421449 
+11.571326734366152778 
+11.592426710369668541 
+11.613163316090712840 
+11.633957328165408285 
+11.654808114152357845 
+11.675287806848457350 
+11.696249093270584041 
+11.716835788650286077 
+11.737905026668919106 
+11.758596204880898739 
+11.779770798579329849 
+11.800563893541562877 
+11.821406458166670461 
+11.842297847071154848 
+11.863674157650425656 
+11.884662219198773414 
+11.905697120980097026 
+11.927657564894422748 
+11.949226672506050306 
+11.970400841126133784 
+11.992061610584817899 
+12.013767590386416728 
+12.035073712249037214 
+12.056866995690615596 
+12.078257197361534026 
+12.100134827831917406 
+12.122053927027465647 
+12.144013721621405466 
+12.166013431928938360 
+12.188502446019310099 
+12.210580397282420506 
+12.233147591771288631 
+12.255300522484450454 
+12.277942542292453965 
+12.300621060327658896 
+12.322880573773851154 
+12.345628765278007677 
+12.367954854676600718 
+12.390769228273367020 
+12.413158445226581961 
+12.435577614784573797 
+12.458484296907744948 
+12.480961338272690497 
+12.503465700961161389 
+12.525996500555407920 
+12.549013439310748197 
+12.571594926613036236 
+12.594200139283699968 
+12.616828166211565332 
+12.639940554466184253 
+12.662611868181127051 
+12.685303203626348889 
+12.707549960276152134 
+12.730278157611516932 
+12.753023561797023788 
+12.775320535074058625 
+12.798097169459520472 
+12.820422877159662889 
+12.843226934216771085 
+12.866043379678988146 
+12.888871221598265038 
+12.911243277338323665 
+12.934090727314325520 
+12.956480054263522561 
+12.979343144819598166 
+13.001745830248157887 
+13.025087419698369473 
+13.047966531015386948 
+13.071315911589040937 
+13.094200514214655584 
+13.117086235952749362 
+13.140439058342284540 
+13.162856757528450302 
+13.185739400176803571 
+13.208151959190434610 
+13.231027213603050896 
+13.253430424484912820 
+13.276293967567500687 
+13.299149933630211251 
+13.322463370499427526 
+13.345300589804892866 
+13.368126814266311442 
+13.390940897909910490 
+13.413741687576013817 
+13.436992891475979306 
+13.459763273863330824 
+13.482516835471482608 
+13.505252394096661561 
+13.528432151362849822 
+13.551127699724572651 
+13.573801630207114499 
+13.596452731317585361 
+13.619079784240868847 
+13.641681562824249596 
+13.664717268675683925 
+13.686804355580992620 
+13.708863617009177105 
+13.731352519427378667 
+13.753809932003253635 
+13.776234584394993377 
+13.798625198817777715 
+13.820980490030379428 
+13.843754258125738232 
+13.866034229898041019 
+13.888274951073668717 
+13.910927739018591254 
+13.933085136639320467 
+13.955199287692277466 
+13.977718779662255955 
+13.999741464058725882 
+14.021716836919544846 
+14.044090504431679278 
+14.065966127711355682 
+14.087790305073003339 
+14.109117876375144363 
+14.130836122222339313 
+14.152498775225238248 
+14.174104428307046533 
+14.196090788041985320 
+14.217576953150132368 
+14.239001821496628963 
+14.260363954901873029 
+14.282095881050162589 
+14.302894225282017260 
+14.323628184027608512 
+14.344726254194569037 
+14.365325877413706479 
+14.386283911657674395 
+14.406743499435162192 
+14.427555648590423942 
+14.448714246824973628 
+14.469371408123318901 
+14.490368689375326738 
+14.510864640946962822 
+14.531278479833783734 
+14.552022677400055173 
+14.572265882878561172 
+14.592422275028637202 
+14.612490281465801090 
+14.632061516417390834 
+14.651949886532692702 
+14.671342094842909631 
+14.690643438594854331 
+14.710251595733211616 
+14.729364683660726598 
+14.748382305983014362 
+14.768089155746785934 
+14.787298065495324551 
+14.806402556849675989 
+14.825400968939810298 
+14.844676022795546544 
+14.863455010265028022 
+14.882122852158662596 
+14.900677854574610137 
+14.919493446666193037 
+14.937815265030932821 
+14.956019077465384726 
+14.974103156791747082 
+14.992065767517640751 
+15.010267939973264362 
+15.027979805086360443 
+15.045207308133374369 
+15.062666522715865369 
+15.079995465992547921 
+15.097192352267327919 
+15.113908512048391586 
+15.131182768920362847 
+15.147972685749849120 
+15.164623318450932032 
+15.181132839080547114 
+15.197499411199387964 
+15.214050725947895870 
+15.230122845523313302 
+15.246046418065306582 
+15.261499187645441111 
+15.277123172267398132 
+15.292278852846504122 
+15.307595851956808275 
+15.322447164238209183 
+15.337145148824156138 
+15.351989312637094542 
+15.366669880628851530 
+15.381184913783229717 
+15.395823513962458406 
+15.410285647043917123 
+15.424285316667518231 
+15.438391875164043654 
+15.452039043272041141 
+15.465508737237934511 
+15.479068302503200982 
+15.492173312560652221 
+15.505094778710674319 
+15.518088643379513769 
+15.530633080972084059 
+15.542987824376137240 
+15.555150819537491458 
+15.567362240037855514 
+15.579131521743704525 
+15.590702797111507749 
+15.602303942980357832 
+15.613468778765891898 
+15.624429268635497081 
+15.635183295651648550 
+15.645941760057352710 
+15.656272151789373481 
+15.666389631990758957 
+15.676491883122542603 
+15.686172615888933635 
+15.695824693372639302 
+15.705059814576133093 
+15.714252635165530947 
+15.723033205707285020 
+15.731757609525935493 
+15.740074615086601995 
+15.748158821223452009 
+15.756007991995927497 
+15.763466924243125789 
+15.770844190751294178 
+15.777836513908463090 
+15.784733006500339059 
+15.791249996845998282 
+15.797656774183762352 
+15.803689637658978384 
+15.809479658944875169 
+15.815137558470761192 
+15.820537793385380354 
+15.825575738467117404 
+15.830459001685301956 
+15.834986013440785158 
+15.839429197756746959 
+15.843591879969693537 
+15.847471527432478666 
+15.851065597276814856 
+15.854308257859111464 
+15.857329341964517155 
+15.860005542782316112 
+15.862397707177084527 
+15.864503393973729217 
+15.866320152476088623 
+15.867873601120722427 
+15.869099089909669331 
+15.870044048062185382 
+15.870677752168361963 
+15.870994244716156274 
+15.871003822554021312 
+15.870694203252377008 
+15.870094174630139605 
+15.869173185231842282 
+15.867938025436934879 
+15.866351151034200129 
+15.864473426184874327 
+15.862273777587004631 
+15.859694708171238275 
+15.856836740003657837 
+15.853580498213215577 
+15.850128890054110187 
+15.846355808504256402 
+15.842169958717764899 
+15.837739661802926250 
+15.832877712059175934 
+15.827780007874983070 
+15.822348247702194612 
+15.816456137459404374 
+15.810341594936767606 
+15.803885346585364147 
+15.796939485469778219 
+15.789784911533073952 
+15.781960609960426822 
+15.773922119052214086 
+15.765338460442551494 
+15.756733264782276649 
+15.747577364954482348 
+15.738043442315454712 
+15.727922377118977337 
+15.717616160624556798 
+15.706923453659014100 
+15.695611195259772330 
+15.684128993415439979 
+15.672251741393282032 
+15.659976584880231698 
+15.647300659416490731 
+15.633949937311996337 
+15.620455513277175186 
+15.606839472129191648 
+15.592531622711776507 
+15.577808529253447389 
+15.562667266076697814 
+15.547104897245588973 
+15.530787786991240296 
+15.514365612639483771 
+15.497513402492803181 
+15.480585286907789566 
+15.462872990794181760 
+15.445096597920219494 
+15.426512468160627378 
+15.407483435973940544 
+15.388006472663480650 
+15.368078539123917636 
+15.347275878759980117 
+15.326427485664392947 
+15.305118879676207655 
+15.283346979705406454 
+15.260649973726138739 
+15.237932586830197579 
+15.214742536105909210 
+15.191076698235443487 
+15.166931939358644144 
+15.142305115059986775 
+15.116675505189249407 
+15.091065074402461477 
+15.064425180154872308 
+15.037818176677543391 
+15.010154722560152152 
+14.981969245080950515 
+14.953837713546054289 
+14.924608527035779559 
+14.895447556583796711 
+14.865161160766625414 
+14.834957476969766077 
+14.804232764472246231 
+14.772340521319231144 
+14.740553085754310558 
+14.708899557588312135 
+14.676057779196323594 
+14.642678442603196842 
+14.609455887922502271 
+14.575002549708033328 
+14.540721473329043079 
+14.504449891462332545 
+14.468343819182718946 
+14.430925994647250121 
+14.392923877352943762 
+14.354333839286352870 
+14.315152240561307195 
+14.276176822385995280 
+14.235813148622973756 
+14.195672247933678989 
+14.154112090239202359 
+14.112791540917584143 
+14.070881856186581160 
+14.027505942613256451 
+13.984395261849641656 
+13.940684829315154403 
+13.895460439672142172 
+13.850527459510821870 
+13.804048170364829673 
+13.757878111915779584 
+13.712051408284898102 
+13.664655081104104539 
+13.617620227153283352 
+13.568983506672914530 
+13.520726623511123421 
+13.471859865398926104 
+13.420304772912512448 
+13.368080313489908661 
+13.315182586292486633 
+13.262685838136398786 
+13.208443484538740620 
+13.154621450526438053 
+13.100137858905220867 
+13.044988981026016006 
+12.989171076866835364 
+12.931520492413167034 
+12.874339423859078479 
+12.815290006313892590 
+12.756730365816128625 
+12.697482672600770570 
+12.636312630742175145 
+12.576907880387178551 
+12.516831876050879657 
+12.454808159474183071 
+12.393364624173528910 
+12.331238888653576424 
+12.267111414139982628 
+12.203595929127939002 
+12.139387200581978732 
+12.073121913079454259 
+12.007501019966770883 
+11.941175742559618556 
+11.872738286509392225 
+11.804978232157626650 
+11.735068341830434235 
+11.665858273115215837 
+11.594460348319454823 
+11.522304776490708278 
+11.447891476115845677 
+11.374192882785969516 
+11.299724477277628409 
+11.222938565585311110 
+11.146902451579530080 
+11.068508362513552967 
+10.989295598637069062 
+10.909259804663721027 
+10.830022013121446633 
+10.748343720288429992 
+10.665829342344181896 
+10.582474472765014184 
+10.499966996499175309 
+10.418352547942451025 
+10.334226412514109228 
+10.249276359653256563 
+10.163498182138500425 
+10.076887660759188847 
+9.989440564303448511 
+9.901152649539891826 
+9.810191791539462969 
+9.720192084315637970 
+9.629338669372559778 
+9.535746629562021681 
+9.443155269065277579 
+9.347780838968542838 
+9.253433914168159191 
+9.158211524653811608 
+9.060138856545059127 
+8.963134376916867652 
+8.863234145532263852 
+8.762403959436163348 
+8.662683627434542899 
+8.559998319361643127 
+8.460532431417993493 
+8.360192442820029157 
+8.256856085888257368 
+8.154736902313150182 
+8.051730943707998023 
+7.945659966972605126 
+7.840849096068795099 
+7.732926775735082359 
+7.626293671582263123 
+7.518752408545912758 
+7.405759942329742884 
+7.291772574890523551 
+7.176785446669713409 
+7.063123396856205716 
+6.946142352810904086 
+6.828146986451538503 
+6.711522696837576518 
+6.593914896329915010 
+6.475318935395310227 
+6.353279194198441004 
+6.232672507821458652 
+6.111063541383506603 
+5.988447594879318103 
+5.864819955717071487 
+5.742729846133588723 
+5.617085520784731223 
+5.493010776367444947 
+5.365331149812984535 
+5.239253487374141649 
+5.112177898437256118 
+4.978741465116146792 
+4.844212202307154769 
+4.714031216545506275 
+4.582833805291838480 
+4.447849968862746195 
+4.314584599829538902 
+4.177480180609702387 
+4.042128133955166014 
+3.902883972458411677 
+3.762551594832666879 
+3.618228421800289585 
+3.475682355563582959 
+3.329090013842523454 
+3.184310039115610280 
+3.038416879198694076 
+2.888393632467587402 
+2.740236137910427416 
+2.590950339776746603 
+2.440531206609533932 
+2.288973693973648693 
+2.133144457155240481 
+1.979271508464572449 
+1.821069007668953077 
+1.661659826676213925 
+1.501038535954216435 
+1.345696691010419777 
+1.189227920368966629 
+1.028331969323227568 
+0.869571082137787776 
+0.706325134034841540 
+0.545252262650542718 
+0.383027937649702999 
+0.212814562008155406 
+0.044782766131743479 
-0.124464643643611872 
-0.294932921487591315 
-0.470144106355894209 
-0.643095121821762206 
-0.817282955517331544 
-0.992712914917845524 
-1.173009008343193216 
-1.350964817362514836 
-1.530178863619941154 
-1.714352920037645944 
-1.896125490652135426 
-2.082921493711625160 
-2.271050256368697617 
-2.456715031975072350 
-2.643670744372739634 
-2.835778251748035217 
-3.025358802768746358 
-3.216246769332240518 
-3.412383809796374123 
-3.609893723176000435 
-3.804791041774581828 
-4.005036529865295236 
-4.202626000117657412 
-4.405630129142590334 
-4.605934411840975073 
-4.807590807670012012 
-5.014762230070694216 
