35
85
134
184
233
283
332
382
431
481
530
579
628
677
726
774
822
871
919
969
1019
1069
1119
1168
1218
1268
1317
1367
1416
1465
1514
1564
1654
1703
1753
1802
1851
1901
1950
1999
2048
2097
2147
2196
2245
2294
2343
2392
2441
2490
2539
2588
2637
2687
2735
2784
2832
2881
2929
2978
3028
3077
3126
3176
3225
3274
3323
3372
3420
3469
3519
3568
3617
3666
3716
3765
3814
3863
3913
3962
4011
4060
4109
4158
4208
4258
4308
4358
4408
4457
4505
4553
4602
4650
4699
4747
4795
4844
4892
4941
4989
5038
5086
5135
5185
5236
5286
5336
5387
5437
5486
5534
5584
5634
5684
5733
5783
5833
5882
5931
5979
6028
6076
6125
6173
6222
6270
6318
6367
6416
6465
6515
6564
6613
6662
6710
6759
6807
6856
6904
6954
7003
7053
7101
7149
7198
7246
7295
7343
7393
7442
7492
7542
7592
7641
7690
7738
7787
7837
7886
7935
7984
8034
8083
8133
8182
8232
8281
8331
8380
8429
8478
8527
8576
8626
8675
8724
8773
8823
8872
8920
8969
9017
9066
9115
9165
9214
9263
9312
9362
9411
9460
9509
9558
9607
9657
9706
9756
9805
9855
9904
9955
10006
10055
10104
10154
10203
10252
10302
10350
10399
10447
10495
10544
10592
10642
10691
10741
10790
10840
10889
10939
10988
11037
11087
11135
11184
11232
11281
11331
11380
11430
11480
11529
11578
11628
11677
11726
11775
11825
11874
11923
11972
12021
12071
12120
12169
12218
12266
12315
12364
12413
12463
12514
12563
12613
12663
12711
12759
12808
12856
12905
12953
13003
13052
13102
13151
13201
13249
13298
13347
13396
13446
13495
13545
13594
13643
13691
13740
13788
13837
13885
13934
13985
14035
14085
14134
14183
14233
14282
14331
14380
14428
14477
14525
14574
14622
14670
14719
14768
14816
14865
14913
14961
15010
15058
15108
15157
15206
15255
15305
15354
15403
15452
15502
15552
15602
15652
15702
15752
15802
15852
15901
15950
16000
16049
16098
16148
16196
16246
16295
16345
16394
16444
16493
16543
16591
16640
16688
16737
16785
16834
16882
16931
16980
17028
17077
17126
17175
17225
17275
17325
17374
17423
17473
17522
17571
17620
17668
17717
17765
17814
17862
17911
17959
18008
18057
18107
18156
18206
18255
18304
18354
18403
18453
18502
18552
18601
18651
18700
18749
18799
18848
18897
18947
18995
19044
19092
19141
19189
19238
19286
19334
19383
19431
19480
19528
19577
19625
19673
19722
19772
19821
19871
19919
19968
20016
20064
20113
20161
20210
20258
20306
20355
20403
20452
20502
20551
20600
20648
20697
20745
20794
20842
20892
20941
20990
21039
21089
21138
21187
21236
21285
21334
21383
21431
21479
21528
21576
21625
21673
21721
21770
21818
21867
21915
21965
22014
22063
22111
22160
22209
22258
22307
22357
22407
22456
22506
22556
22606
22655
22705
22755
22805
22855
22905
22955
23005
23054
23103
23152
23201
23249
23298
23348
23397
23446
23495
23544
23594
23643
23692
23740
23790
23839
23889
23938
23988
24037
24086
24134
24183
24232
24282
24332
24382
24431
24481
24530
24579
24628
24677
24726
24776
24825
24874
24923
24972
25020
25069
25117
25166
25214
25263
25311
25360
25408
25457
25505
25554
25602
25651
25701
25750
25799
25848
25898
25947
25996
26045
26094
26143
26192
26241
26290
26339
26388
26438
26488
26538
26587
26637
26687
26736
26786
26836
26886
26935
26985
27035
27084
27134
27183
27232
27281
27331
27380
27429
27479
27528
27577
27626
27676
27725
27774
27823
27873
27922
27972
28021
28071
28120
28169
28218
28266
28315
28363
28412
28461
28509
28558
28606
28655
28704
28753
28802
28851
28901
28950
28999
29048
29097
29147
29196
29246
29295
29345
29394
29444
29492
29541
29590
29639
29688
29737
29785
29835
29884
29933
29982
30032
30081
30130
30179
30229
30278
30327
30375
30424
30472
30522
30572
30621
30670
30720
30769
30818
30867
30915
30964
31014
31064
31113
31163
31212
31261
31310
31359
31409
31458
31507
31556
31605
31654
31703
31751
31799
31848
31898
31947
31997
32047
32097
32146
32196
32246
32295
32344
32392
32441
32489
32538
32586
32636
32685
32735
32784
32834
32883
32933
32982
33032
33080
33129
33177
33225
33274
33322
33370
33419
33467
33515
33564
33612
33662
33711
33760
33810
33859
33908
33957
34007
34056
34106
34155
34204
34254
34303
34353
34402
34452
34501
34551
34600
34649
34697
34745
34794
34842
34891
34939
34988
35037
35086
35136
35186
35235
35285
35334
35383
35433
35482
35531
35579
35628
35676
35724
35773
35821
35870
35920
35969
36019
36068
36118
36167
36217
36266
36314
36363
36411
36460
36508
36558
36648
36698
36747
36796
36846
36895
36945
36994
37044
37093
37143
37192
37242
37292
37341
37391
37440
37490
37539
37588
37637
37686
37736
37785
37834
37884
37933
37983
38032
38081
38130
38178
38227
38276
38326
38375
38424
38473
38523
38572
38621
38670
38720
38769
38819
38868
38917
38967
39016
39065
39114
39163
39214
39265
39316
39367
39418
39469
39518
39568
39616
39665
39714
39762
39811
39859
39909
39959
40009
40058
40108
40158
40207
40255
40304
40352
40401
40449
40498
40546
40595
40643
40692
40740
40788
40837
40886
40935
40985
41034
41083
41132
41181
41270
41319
41368
41416
41465
41515
41565
41615
41664
41714
41764
41813
41863
41912
41961
42010
42060
42109
42158
42207
42257
42306
42355
42404
42452
42502
42551
42600
42650
42699
42748
42797
42847
42896
42945
42995
43045
43094
43144
43193
43242
43291
43341
43390
43439
43489
43538
43588
43637
43686
43735
43785
43834
43882
43931
43979
44028
44078
44127
44176
44225
44275
44324
44373
44422
44471
44521
44570
44619
44668
44717
44765
44814
44862
44911
44959
45008
45057
45107
45156
45206
45255
45304
45352
45401
45450
45500
45549
45598
45647
45697
45745
45794
45843
45893
45942
45991
46040
46089
46137
46186
46235
46285
46334
46383
46433
46482
46531
46580
46630
46679
46728
46777
46827
46876
46925
46975
47024
47073
47123
47172
47222
47270
47319
47367
47415
47464
47512
47562
47611
47661
47711
47761
47810
47858
47907
47955
48004
48052
48101
48149
48198
48246
48295
48343
48392
48440
48489
48537
48586
48635
48683
48732
48781
48830
48880
48929
48978
49027
49077
49126
49175
49224
49273
49322
49370
49418
49467
49515
49564
49613
49663
49712
49761
49810
49859
49909
49958
50007
50056
50106
50155
50204
50254
50303
50353
50403
50452
50502
50550
50598
50647
50695
50743
50792
50840
50889
50937
50986
51034
51082
51131
51179
51229
51278
51326
51375
51423
51471
51520
51568
51617
51665
51714
51763
51812
51860
51909
51957
52006
52054
52103
52151
52199
52248
52297
52347
52397
52446
52496
52546
52595
52643
52691
52740
52788
52837
52885
52934
52982
53031
53079
53129
53178
53227
53277
53326
53375
53424
53473
53522
53571
53620
53670
53719
53768
53816
53865
53914
53962
54011
54059
54108
54156
54204
54254
54303
54352
54401
54450
54500
54548
54597
54645
54694
54742
54791
54839
54889
54938
54987
55037
55086
55136
55185
55234
55284
55333
55383
55432
55481
55572
55622
55671
55720
55770
55819
55868
55918
55967
56016
56065
56113
56162
56211
56260
56309
56359
56408
56457
56507
56556
56606
56655
56705
56754
56802
56851
56899
56948
56997
57045
57094
57144
57193
57242
57291
57341
57390
57439
57489
57538
57587
57635
57684
57732
57781
57830
57880
57928
57977
58025
58074
58122
58171
58219
58267
58316
58364
58413
58461
58510
58559
58609
58658
58708
58758
58807
58857
58906
58955
59005
59054
59104
59153
59203
59251
59299
59347
59398
59448
59498
59548
59598
59648
59698
59746
59795
59843
59893
59943
59993
60042
60092
60142
60193
60243
60293
60343
60393
60443
60493
60543
60593
60643
60691
60741
60790
60840
60889
60939
60988
61036
61085
61133
61182
61230
61279
61328
61376
61425
61473
61522
61572
61621
61671
61720
61770
61819
61867
61916
61964
62012
62061
62109
62157
62206
62255
62304
62353
62403
62452
62500
62550
62600
62650
62699
62749
62799
62848
62897
62946
62996
63045
63094
63143
63193
63242
63291
63341
63390
63439
63488
63537
63587
63636
63684
63733
63781
63829
63878
63926
63975
64023
64072
64120
64169
64217
64266
64314
64363
64412
64461
64511
64559
64608
64656
64705
64754
64803
64852
64902
64952
65001
65051
65100
65148
65198
65247
65296
65345
65394
65444
65492
65541
65591
65640
65690
65740
65790
65839
65889
65938
65987
66036
66084
66133
66182
66230
66279
66327
66376
66424
66473
66521
66569
66619
66668
66717
66766
66815
66864
66912
66961
67010
67060
67108
67156
67205
67253
67302
67350
67399
67447
67496
67544
67594
67643
67693
67742
67792
67841
67891
67940
67990
68040
68089
68138
68186
68235
68284
68333
68381
68431
68481
68531
68580
68630
68680
68729
68778
68826
68875
68923
68972
69020
69070
69121
69170
69219
69269
69318
69367
69416
69464
69513
69562
69610
69659
69708
69758
69808
69857
69906
69955
70004
70054
70103
70151
70200
70248
70298
70347
70397
70446
70496
70545
70594
70644
70693
70742
70792
70841
70890
70939
70988
71037
71085
71134
71182
71231
71279
71329
71378
71427
71476
71524
71573
71621
71669
71718
71768
71817
71867
71917
71966
72016
72065
72113
72162
72210
72258
72307
72356
72405
72454
72504
72553
72603
72653
72703
72752
72801
72851
72900
72948
72997
73045
73094
73144
73193
73243
73292
73341
73390
73440
73489
73538
73587
73637
73686
73735
73784
73834
73883
73932
73981
74030
74080
74130
74180
74230
74280
74330
74379
74427
74475
74524
74572
74621
74670
74720
74769
74818
74868
74917
74965
75015
75064
75113
75162
75212
75261
75310
75361
75411
75459
75508
75556
75605
75653
75701
75750
75799
75848
75898
75947
75996
76045
76094
76142
76191
76239
76288
76336
76385
76433
76482
76530
76578
76627
76675
76725
76774
76823
76873
76921
76970
77018
77067
77115
77164
77213
77263
77311
77360
77408
77457
77506
77554
77604
77653
77703
77752
77801
77851
77901
77950
78000
78049
78098
78147
78197
78246
78296
78345
78394
78444
78493
78543
78594
78645
78695
78745
78794
78843
78892
78942
78991
79040
79089
79139
79188
79237
79286
79335
79384
79433
79482
79532
79581
79630
79679
79728
79778
79827
79876
79925
79975
80023
80072
80121
80170
80219
80268
80317
80365
80415
80464
80513
80563
80612
80662
80711
80761
80811
80861
80911
80961
81011
81060
81110
81159
81209
81258
81307
81356
81406
81455
81504
81553
81602
81652
81701
81750
81800
81849
81898
81947
81997
82046
82096
82145
82195
82245
82296
82345
82394
82444
82493
82543
82592
82642
82690
82739
82787
82836
82885
82933
82982
83031
83081
83130
83180
83229
83278
83328
83377
83426
83476
83526
83576
83626
83676
83726
83775
83825
83874
83924
83973
84023
84071
84120
84169
84219
84268
84318
84367
84417
84466
84515
84564
84614
84663
84712
84760
84809
84857
84905
84954
85002
85051
85101
85149
85198
85246
85295
85343
85392
85441
85490
85539
85589
85638
85687
85736
85785
85834
85884
85933
85982
86032
86081
86130
86180
86230
86279
86329
86378
