18
67
117
166
216
266
315
365
414
463
513
562
611
660
709
757
807
856
906
955
1004
1054
1103
1152
1202
1251
1299
1348
1396
1446
1496
1546
1595
1645
1695
1745
1795
1845
1895
1945
1994
2043
2093
2142
2192
2242
2291
2340
2391
2439
2487
2536
2584
2633
2681
2730
2778
2826
2875
2923
2972
3021
3069
3118
3166
3215
3263
3312
3360
3408
3457
3505
3554
3602
3651
3699
3748
3798
3847
3896
3946
3995
4044
4094
4143
4193
4242
4291
4340
4389
4438
4488
4538
4587
4637
4686
4736
4785
4835
4884
4933
4983
5032
5080
5129
5177
5228
5278
5328
5379
5429
5479
5528
5576
5624
5673
5721
5771
5820
5870
5919
5968
6017
6067
6116
6165
6214
6263
6313
6363
6413
6463
6513
6563
6612
6660
6709
6757
6806
6854
6902
6951
7000
7050
7100
7149
7199
7249
7297
7345
7394
7442
7490
7539
7589
7639
7689
7740
7790
7840
7889
7939
7988
8037
8086
8136
8185
8234
8283
8332
8382
8431
8480
8530
8578
8626
8675
8723
8773
8823
8873
8923
8972
9021
9071
9120
9169
9218
9267
9316
9366
9415
9464
9513
9563
9611
9660
9708
9756
9805
9854
9904
9953
10001
10050
10098
10147
10195
10244
10293
10343
10392
10442
10492
10541
10591
10640
10690
10739
10789
10838
10888
10937
10986
11034
11083
11131
11180
11228
11278
11326
11375
11424
11473
11523
11572
11621
11671
11720
11768
11817
11865
11914
11962
12011
12059
12108
12156
12204
12253
12301
12350
12399
12448
12497
12546
12596
12645
12694
12743
12792
12840
12888
12937
12986
13036
13085
13134
13184
13233
13282
13331
13380
13429
13479
13528
13577
13626
13675
13723
13772
13820
13868
13917
13966
14015
14064
14114
14163
14212
14261
14310
14359
14409
14457
14505
14554
14602
14651
14699
14748
14797
14845
14894
14943
14992
15040
15089
15139
15187
15236
15284
15333
15381
15429
15479
15528
15577
15626
15675
15723
15771
15820
15868
15917
15966
16016
16065
16114
16163
16332
16441
16490
16541
16592
16642
16693
16744
16794
16843
16891
16940
16989
17037
17086
17134
17182
17231
17279
17328
17376
17427
17477
17527
17577
17626
17676
17725
17775
17825
17873
17921
17970
18018
18066
18115
18164
18213
18263
18312
18361
18409
18458
18507
18556
18606
18655
18705
18755
18805
18854
18903
18953
19002
19051
19100
19149
19197
19246
19294
19343
19393
19442
19491
19540
19589
19639
19688
19738
19787
19837
19886
19936
19985
20035
20085
20134
20184
20233
20282
20332
20381
20431
20481
20530
20579
20628
20678
20727
20776
20826
20875
20925
20974
21024
21073
21122
21172
21221
21270
21319
21369
21418
21467
21516
21566
21615
21664
21713
21762
21812
21861
21911
21960
22010
22060
22110
22159
22207
22255
22305
22354
22403
22452
22501
22550
22600
22649
22698
22747
22797
22846
22896
22945
22995
23044
23093
23143
23192
23240
23289
23337
23386
23435
23484
23534
23584
23633
23683
23732
23781
23829
23878
23926
23975
24023
24073
24122
24172
24221
24271
24320
24369
24419
24468
24517
24567
24616
24665
24714
24763
24812
24861
24910
24959
25009
25058
25108
25157
25206
25313
25363
25412
25461
25511
25559
25608
25656
25704
25753
25802
25850
25899
25948
25996
26045
26094
26144
26193
26243
26291
26339
26387
26436
26484
26533
26581
26629
26679
26728
26777
26827
26876
26925
26975
27024
27073
27122
27172
27221
27271
27319
27367
27416
27464
27512
27561
27609
27658
27707
27756
27804
27853
27902
27951
28000
28050
28099
28148
28197
28247
28296
28345
28394
28443
28492
28541
28590
28640
28689
28738
28787
28836
28884
28933
28981
29030
29078
29127
29175
29224
29274
29324
29374
29424
29474
29524
29572
29621
29669
29717
29766
29814
29863
29913
29962
30011
30061
30110
30160
30209
30259
30307
30356
30405
30454
30504
30553
30603
30652
30702
30751
30801
30850
30899
30949
30997
31045
31095
31144
31193
31242
31292
31341
31390
31440
31488
31537
31585
31635
31684
31733
31783
31832
31881
31931
31980
32030
32078
32126
32176
32225
32274
32323
32373
32422
32471
32520
32570
32619
32669
32719
32768
32817
32867
32916
32965
33015
33064
33113
33162
33212
33260
33308
33357
33405
33453
33502
33551
33601
33650
33699
33747
33795
33844
33894
33944
33993
34041
34090
34138
34187
34235
34284
34334
34383
34433
34482
34532
34581
34630
34679
34728
34776
34824
34873
34921
34969
35017
35066
35114
35163
35212
35262
35311
35360
35410
35460
35510
35560
35610
35659
35709
35758
35808
35857
35906
35955
36004
36054
36103
36152
36200
36249
36297
36346
36396
36445
36495
36544
36594
36643
36693
36742
36791
36840
36890
36939
36988
37037
37087
37137
37185
37233
37282
37330
37379
37427
37475
37525
37574
37624
37674
37723
37773
37823
37873
37923
37973
38023
38072
38121
38171
38220
38269
38319
38368
38417
38467
38515
38563
38612
38660
38709
38757
38807
38856
38905
38955
39004
39054
39104
39154
39204
39254
39304
39354
39402
39451
39499
39548
39596
39645
39694
39744
39792
39842
39891
39941
39990
40040
40089
40138
40186
40235
40285
40334
40383
40433
40482
40532
40581
40630
40680
40729
40778
40827
40875
40923
40972
41020
41068
41117
41166
41214
41263
41311
41360
41408
41457
41506
41556
41605
41655
41704
41754
41803
41852
41900
41948
41997
42045
42094
42144
42194
42244
42294
42344
42394
42442
42491
42539
42587
42636
42684
42732
42781
42829
42877
42926
42975
43023
43072
43121
43170
43219
43268
43318
43367
43415
43464
43512
43560
43609
43657
43707
43757
43808
43858
43906
43955
44004
44052
44101
44149
44198
44246
44295
44344
44394
44443
44493
44542
44592
44642
44691
44741
44790
44839
44889
44938
44987
45036
45086
45135
45184
45233
45283
45332
45381
45431
45480
45529
45579
45628
45677
45726
45776
45826
45876
45925
45975
46025
46074
46124
46173
46222
46271
46321
46370
46419
46468
46518
46567
46616
46665
46715
46764
46813
46863
46914
46964
47014
47062
47110
47159
47207
47256
47304
47353
47401
47451
47500
47549
47598
47648
47697
47747
47796
47846
47895
47945
47994
48044
48093
48143
48192
48241
48291
48340
48390
48440
48489
48539
48589
48639
48689
48739
48789
48839
48889
48939
48988
49037
49086
49136
49185
49234
49284
49333
49382
49431
49481
49530
49580
49629
49679
49728
49778
49828
49878
49928
49976
50024
50073
50121
50170
50220
50269
50318
50368
50417
50466
50516
50565
50614
50663
50712
50760
50809
50857
50905
50954
51002
51050
51099
51147
51196
51244
51292
51341
51390
51440
51530
51579
51628
51678
51727
51776
51826
51875
51924
51973
52023
52072
52121
52171
52220
52269
52318
52368
52417
52466
52516
52565
52615
52664
52713
52763
52812
52861
52910
52959
53008
53056
53105
53154
53203
53251
53299
53348
53396
53445
53493
53541
53590
53638
53688
53738
53787
53837
53886
53936
53985
54035
54084
54133
54182
54232
54282
54330
54379
54427
54475
54524
54573
54623
54672
54722
54771
54821
54870
54920
54969
55019
55068
55117
55167
55216
55266
55314
55363
55411
55460
55508
55557
55606
55655
55704
55754
55803
55852
55901
55950
55998
56047
56096
56144
56193
56241
56289
56338
56386
56434
56483
56531
56580
56628
56677
56725
56773
56822
56871
56920
56968
57017
57066
57115
57164
57212
57261
57311
57360
57410
57459
57509
57558
57608
57657
57706
57754
57802
57851
57899
57948
57996
58045
58094
58143
58193
58242
58291
58341
58390
58438
58487
58535
58584
58632
58681
58729
58778
58826
58875
58924
58972
59021
59071
59120
59169
59218
59268
59317
59366
59415
59464
59514
59563
59612
59661
59711
59760
59808
59858
59908
59957
60007
60057
60105
60153
60202
60250
60299
60347
60396
60445
60493
60542
60590
60638
60687
60736
60785
60835
60884
60933
60982
61031
61080
61128
61177
61225
61274
61322
61371
61419
61468
61516
61564
61613
61661
61710
61758
61807
61855
61905
61954
62003
62053
62102
62151
62199
62248
62296
62345
62393
62441
62491
62540
62589
62638
62688
62737
62786
62835
62885
62934
62984
63034
63083
63133
63183
63234
63285
63335
63384
63435
63483
63532
63580
63629
63677
63727
63776
63825
63874
63924
63973
64022
64072
64121
64171
64220
64270
64320
64369
64419
64468
64517
64567
64621
64670
64719
64770
64818
64868
64917
64966
65016
65064
65113
65161
65210
65260
65309
65358
65407
65457
65506
65555
65605
65654
65703
65753
65803
65852
65901
65949
65997
66046
66095
66148
66198
66246
66295
66343
66392
66440
66489
66537
66587
66637
66686
66734
66783
66831
66879
66928
66976
67025
67073
67122
67170
67219
67268
67317
67366
67416
67465
67514
67562
67611
67660
67708
67757
67806
67854
67903
67951
68000
68048
68096
68145
68193
68242
68291
68340
68389
68437
68486
68536
68586
68635
68685
68734
68784
68833
68882
68930
68979
69027
69077
69126
69176
69224
69273
69321
69370
69418
69466
69516
69567
69616
69666
69716
69765
69815
69865
69914
69964
70014
70064
70113
70163
70213
70263
70312
70360
70409
70457
70505
70554
70603
70652
70701
70749
70797
70846
70894
70943
70993
71043
71093
71143
71193
71243
71291
71339
71388
71436
71485
71533
71582
71630
71679
71727
71775
71825
71874
71923
71973
72022
72072
72121
72170
72219
72269
72318
72367
72417
72467
72517
72567
72617
72667
72717
72766
72815
72865
72914
72963
73012
73062
73111
73160
73209
73259
73308
73357
73406
73455
73503
73552
73600
73649
73697
73746
73794
73843
73893
73944
73994
74044
74095
74145
74193
74242
74290
74339
74388
74437
74487
74536
74585
74634
74684
74732
74780
74829
74877
74925
74974
75023
75073
75122
75171
75221
75270
75319
75368
75418
75468
75517
75567
75616
75666
75715
75764
75814
75863
75912
75962
76010
76059
76107
76155
76204
76252
76301
76351
76400
76449
76499
76548
76597
76646
76696
76745
76794
76844
76893
76943
76992
77042
77091
77141
77190
77239
77288
77337
77385
77434
77485
77535
77585
77636
77685
77735
77784
77834
77883
77933
77982
78032
78082
78131
78181
78231
78279
78328
78378
78427
78476
78526
78575
78625
78675
78725
78775
78825
78915
78964
79012
79061
79109
79158
79207
79256
79305
79355
79404
79454
79503
79552
79601
79651
79700
79749
79799
79848
79898
79948
79997
80046
80094
80142
80191
80239
80288
80336
80384
80433
80483
80533
80583
80633
80683
80733
80781
80829
80878
80926
80975
81023
81072
81122
81171
81221
81269
81317
81366
81414
81465
81515
81563
81612
81660
81708
81757
81805
81854
81903
81952
82002
82051
82100
82149
82199
82248
82296
82345
82393
82442
82490
82538
82587
82637
82687
82737
82787
82837
82887
82936
82984
83034
83084
83133
83183
83233
83283
83332
83381
83430
83480
83529
83579
83628
83678
83727
83777
83826
83875
83925
83974
84023
84072
84122
84171
84220
84270
84319
84368
84418
84467
84515
84564
84613
84662
84711
84761
84811
84860
84910
84960
85010
85059
85109
85159
85208
85258
85308
85357
85407
85457
85507
85558
85607
85657
85706
85756
85805
85855
85904
85954
86003
86053
86102
86152
86200
86249
86297
86345
86394
