27
77
126
175
224
272
321
370
419
468
517
566
616
665
714
763
812
862
911
960
1010
1060
1110
1159
1209
1258
1307
1357
1406
1455
1505
1555
1605
1655
1704
1754
1803
1852
1901
1950
2000
2049
2098
2147
2197
2246
2295
2345
2394
2443
2492
2541
2589
2638
2686
2735
2783
2833
2882
2931
2981
3030
3080
3129
3178
3226
3275
3324
3372
3420
3469
3517
3565
3614
3663
3712
3762
3811
3860
3909
3958
4007
4056
4105
4155
4204
4253
4302
4352
4400
4449
4498
4547
4596
4645
4695
4744
4793
4842
4891
4941
4990
5039
5089
5138
5187
5236
5285
5334
5383
5432
5480
5529
5577
5626
5674
5723
5771
5820
5868
5917
5965
6013
6062
6110
6160
6208
6257
6305
6353
6402
6450
6498
6547
6595
6644
6692
6741
6789
6838
6887
6936
6986
7036
7086
7135
7185
7234
7284
7333
7382
7431
7481
7530
7579
7629
7678
7727
7776
7826
7875
7924
7973
8022
8071
8119
8168
8217
8265
8314
8364
8413
8461
8510
8559
8608
8657
8706
8756
8805
8855
8904
8954
9003
9053
9104
9153
9203
9253
9302
9352
9401
9451
9500
9550
9599
9649
9698
9747
9796
9845
9895
9944
9993
10042
10090
10139
10187
10236
10284
10335
10385
10435
10485
10534
10584
10634
10684
10733
10782
10831
10881
10930
10979
11028
11077
11125
11174
11222
11270
11319
11368
11418
11467
11517
11566
11615
11665
11714
11763
11812
11862
11912
11962
12011
12061
12111
12160
12209
12259
12308
12357
12407
12456
12506
12555
12605
12654
12703
12751
12801
12850
12899
12948
12998
13047
13095
13144
13192
13241
13290
13340
13390
13440
13489
13539
13588
13636
13685
13733
13782
13830
13880
13929
13979
14029
14079
14128
14177
14225
14274
14322
14371
14419
14468
14516
14564
14613
14661
14710
14758
14807
14856
14905
14954
15002
15051
15100
15149
15197
15246
15295
15343
15392
15441
15491
15541
15590
15639
15688
15736
15785
15833
15882
15930
15980
16030
16080
16130
16180
16230
16280
16330
16379
16429
16478
16528
16576
16625
16674
16723
16772
16820
16869
16919
16968
17017
17067
17116
17165
17215
17264
17313
17402
17451
17499
17549
17599
17650
17700
17750
17800
17849
17898
17948
17997
18046
18095
18144
18194
18243
18292
18341
18391
18440
18488
18537
18586
18634
18683
18731
18781
18831
18880
18929
18978
19028
19077
19126
19176
19224
19273
19321
19370
19418
19467
19515
19565
19615
19665
19714
19764
19814
19862
19911
19959
20008
20056
20105
20154
20203
20252
20301
20350
20400
20450
20500
20550
20600
20649
20698
20748
20797
20846
20895
20944
20993
21042
21092
21140
21189
21237
21286
21336
21386
21436
21485
21535
21584
21633
21682
21732
21781
21831
21881
21929
21978
22026
22075
22124
22173
22223
22272
22321
22370
22420
22469
22518
22567
22615
22664
22712
22761
22809
22859
22908
22958
23007
23057
23107
23156
23206
23255
23304
23353
23402
23452
23500
23549
23597
23646
23694
23743
23793
23842
23892
23942
23990
24039
24088
24138
24187
24237
24285
24334
24383
24431
24480
24529
24578
24628
24677
24726
24775
24824
24874
24923
24972
25021
25071
25120
25170
25220
25269
25319
25369
25418
25467
25516
25565
25615
25664
25713
25762
25812
25861
25910
25960
26008
26057
26105
26154
26203
26251
26300
26349
26397
26446
26495
26545
26594
26644
26694
26743
26792
26840
26889
26938
26988
27037
27086
27135
27185
27234
27283
27333
27384
27434
27485
27536
27587
27637
27686
27734
27783
27831
27879
27928
27976
28024
28073
28121
28169
28218
28267
28317
28366
28416
28465
28515
28564
28614
28664
28713
28762
28811
28861
28910
28959
29008
29056
29105
29154
29203
29252
29301
29350
29400
29449
29498
29547
29597
29646
29695
29745
29794
29843
29892
29941
29991
30040
30089
30139
30188
30238
30287
30337
30386
30435
30485
30534
30583
30633
30682
30731
30780
30828
30877
30925
30974
31022
31072
31123
31173
31223
31272
31321
31370
31420
31470
31520
31570
31620
31670
31720
31769
31819
31869
31919
31969
32017
32066
32115
32163
32212
32261
32311
32360
32409
32458
32507
32556
32605
32653
32702
32751
32800
32849
32898
32948
32998
33048
33098
33147
33197
33247
33296
33346
33396
33446
33495
33545
33594
33642
33691
33739
33787
33837
33886
33936
33985
34034
34084
34132
34181
34230
34278
34328
34378
34427
34518
34568
34618
34667
34717
34766
34815
34864
34914
34963
35012
35062
35111
35161
35211
35260
35310
35360
35410
35459
35508
35557
35607
35656
35705
35755
35805
35854
35904
35953
36003
36052
36101
36149
36197
36246
36294
36343
36392
36442
36491
36541
36590
36640
36688
36738
36787
36836
36886
36935
36985
37034
37084
37132
37180
37229
37278
37328
37378
37428
37478
37527
37576
37624
37673
37721
37770
37818
37868
37917
37966
38016
38065
38114
38163
38212
38260
38309
38357
38405
38454
38503
38552
38603
38653
38703
38753
38803
38853
38902
38951
39000
39049
39099
39148
39197
39246
39294
39343
39391
39439
39488
39537
39586
39635
39685
39734
39783
39832
39882
39931
39980
40030
40079
40128
40178
40229
40279
40329
40380
40429
40479
40528
40578
40627
40677
40726
40775
40824
40872
40921
40971
41020
41069
41118
41168
41217
41266
41315
41365
41414
41463
41512
41562
41611
41660
41710
41760
41809
41859
41909
41959
42007
42096
42145
42194
42242
42291
42340
42389
42439
42488
42538
42587
42636
42685
42734
42783
42832
42880
42929
42978
43027
43077
43126
43175
43224
43273
43321
43370
43418
43466
43515
43604
43652
43701
43749
43798
43846
43896
43945
43994
44043
44093
44142
44191
44240
44290
44339
44388
44437
44487
44536
44585
44635
44684
44733
44783
44832
44881
44930
44980
45028
45077
45125
45175
45224
45273
45321
45369
45418
45466
45514
45563
45611
45660
45708
45757
45806
45855
45904
45954
46002
46051
46099
46148
46197
46246
46295
46344
46393
46443
46492
46541
46590
46638
46687
46735
46784
46832
46881
46930
46979
47029
47079
47129
47179
47228
47278
47327
47377
47427
47477
47527
47576
47626
47675
47724
47774
47823
47872
47922
47971
48021
48071
48120
48170
48220
48268
48316
48365
48413
48462
48512
48561
48610
48659
48709
48757
48806
48854
48903
48951
49000
49048
49096
49145
49193
49242
49290
49339
49388
49436
49485
49534
49582
49630
49679
49727
49775
49824
49872
49920
49969
50017
50065
50154
50203
50251
50300
50350
50399
50448
50497
50547
50595
50645
50694
50743
50793
50842
50891
50940
50990
51039
51089
51138
51187
51236
51286
51334
51383
51433
51482
51532
51581
51630
51679
51727
51776
51824
51874
51923
51971
52020
52068
52116
52165
52213
52261
52310
52358
52406
52455
52504
52553
52602
52651
52699
52747
52796
52845
52893
52942
52990
53038
53087
53135
53185
53234
53283
53333
53382
53432
53480
53528
53577
53625
53673
53721
53770
53818
53867
53915
53965
54015
54065
54115
54165
54215
54265
54313
54362
54410
54459
54507
54555
54605
54653
54701
54750
54798
54847
54895
54943
54992
55041
55090
55140
55189
55238
55287
55337
55386
55435
55485
55534
55584
55633
55682
55732
55781
55831
55880
55928
55977
56025
56074
56122
56171
56220
56269
56318
56367
56416
56465
56514
56562
56611
56659
56708
56757
56806
56855
56903
56952
57001
57049
57098
57147
57196
57246
57295
57344
57393
57443
57492
57541
57590
57640
57688
57737
57786
57835
57884
57932
57982
58031
58080
58129
58179
58228
58277
58327
58376
58425
58474
58524
58573
58622
58671
58720
58769
58819
58868
58917
58966
59016
59064
59112
59161
59209
59258
59306
59354
59403
59451
59500
59550
59599
59648
59697
59746
59795
59843
59892
59940
59989
60037
60086
60134
60183
60231
60280
60328
60377
60426
60475
60524
60574
60623
60671
60720
60768
60817
60867
60917
60965
61014
61062
61111
61159
61208
61256
61306
61355
61405
61455
61504
61554
61603
61652
61702
61751
61800
61849
61898
61948
61997
62046
62096
62145
62193
62242
62290
62339
62389
62438
62487
62537
62586
62635
62684
62734
62783
62832
62881
62930
62978
63027
63075
63123
63172
63220
63269
63317
63366
63415
63465
63515
63565
63615
63664
63713
63763
63812
63861
63910
63959
64008
64058
64107
64156
64205
64255
64304
64353
64403
64452
64501
64550
64600
64649
64698
64747
64796
64846
64896
64946
64996
65046
65096
65146
65196
65245
65294
65344
65393
65443
65493
65542
65592
65642
65692
65740
65789
65838
65887
65937
65986
66035
66085
66134
66184
66233
66283
66332
66382
66431
66480
66528
66577
66625
66674
66722
66771
66821
66870
66919
66968
67017
67067
67116
67166
67216
67265
67315
67365
67414
67464
67513
67561
67610
67658
67706
67755
67803
67852
67901
67951
68001
68051
68100
68150
68199
68247
68295
68344
68392
68440
68490
68539
68588
68637
68687
68735
68784
68832
68881
68930
68980
69029
69078
69127
69176
69226
69274
69323
69371
69420
69469
69517
69566
69614
69663
69752
69800
69849
69897
69947
69996
70045
70094
70144
70193
70242
70291
70341
70390
70439
70489
70538
70588
70637
70687
70736
70785
70835
70884
70934
70983
71033
71082
71131
71180
71230
71279
71328
71377
71427
71476
71525
71574
71624
71673
71722
71772
71822
71871
71921
71970
72020
72070
72119
72169
72218
72268
72318
72366
72415
72463
72512
72560
72609
72658
72706
72755
72803
72852
72900
72948
72997
73045
73095
73144
73193
73242
73292
73341
73390
73439
73488
73537
73585
73634
73682
73731
73779
73828
73876
73924
73973
74021
74070
74141
74190
74240
74290
74339
74388
74436
74485
74534
74582
74631
74680
74728
74777
74827
74876
74925
74975
75024
75074
75123
75173
75222
75272
75321
75371
75420
75469
75519
75568
75617
75667
75716
75765
75814
75864
75912
75960
76009
76058
76108
76157
76207
76255
76304
76393
76441
76490
76539
76589
76639
76689
76737
76786
76835
76884
76933
76982
77031
77080
77129
77178
77227
77276
77325
77375
77424
77473
77523
77572
77621
77671
77720
77770
77819
77869
77919
77968
78018
78066
78114
78163
78211
78260
78308
78357
78405
78454
78502
78550
78599
78647
78695
78785
78834
78883
78933
78982
79031
79081
79129
79178
79226
79275
79323
79371
79420
79469
79517
79566
79615
79665
79714
79763
79812
79862
79911
79960
80009
80058
80107
80156
80204
80254
80303
80352
80402
80451
80500
80549
80599
80647
80695
80744
80792
80840
80889
80939
80989
81039
81088
81137
81187
81236
81285
81335
81383
81432
81481
81530
81578
81626
81675
81723
81772
81820
81868
81918
81967
82016
82065
82115
82164
82213
82263
82312
82361
82411
82460
82509
82557
82606
82655
82705
82754
82803
82853
82902
82951
83042
83091
83140
83189
83237
83287
83336
83386
83435
83484
83532
83581
83629
83678
83726
83776
83825
83875
83924
83973
84022
84071
84120
84169
84218
84267
84316
84366
84456
84506
84554
84602
84651
84699
84748
84796
84845
84895
84944
84994
85044
85093
85143
85192
85241
85291
85340
85390
85439
85489
85538
85588
85637
85686
85735
85785
85834
85884
85934
85984
86033
86082
86131
86179
86268
86318
86368
