0.471521
0.471521
0.471521
0.471521
0.471521
0.471521
3.90906
3.87864
3.87864
0.471521
0.471521
0.471521
0.471521
0.471521
0.471521
0.471521
0.471521
0.471521
0.471521
0.471521
0.471521
0.471521
0.471521
0.471521
0.471521
0.471521
0.471521
0.471521
1.41456
1.41456
0.471521
0.471521
3.90906
3.90906
3.90906
3.90906
3.90906
3.90906
0.471521
0.471521
0.471521
0.471521
0.471521
0.471521
0.471521
0.471521
0.471521
0.471521
0.471521
0.471521
0.471521
0.471521
0.471521
0.471521
0.471521
0.471521
0.471521
0.471521
0.471521
4.2589
0.82136
0.82136
0.82136
0.82136
0.82136
0.82136
0.82136
0.82136
0.82136
0.82136
0.82136
0.82136
0.82136
0.82136
0.82136
0.82136
0.82136
0.82136
0.82136
1.3233
1.3233
1.3233
1.3233
1.3233
1.3233
1.3233
1.3233
4.27411
0.82136
0.82136
0.82136
0.82136
2.28155
2.28155
2.28155
2.28155
2.28155
2.28155
2.28155
2.28155
2.28155
2.28155
2.28155
2.28155
2.28155
2.28155
2.28155
2.28155
2.28155
2.28155
2.28155
2.28155
2.28155
2.28155
1.93172
1.93172
1.93172
1.93172
2.28155
2.28155
2.28155
2.28155
2.28155
2.28155
2.28155
2.28155
2.28155
2.28155
2.28155
2.28155
2.28155
2.28155
2.28155
2.28155
2.28155
2.28155
2.28155
2.28155
2.28155
2.28155
2.28155
2.28155
2.28155
2.28155
2.28155
2.28155
3.62007
3.62007
3.62007
3.62007
3.62007
3.62007
3.62007
3.62007
3.62007
3.62007
3.62007
3.62007
3.54402
3.54402
4.45664
3.54402
3.54402
3.54402
3.54402
3.54402
4.45664
4.45664
4.45664
4.45664
4.45664
3.54402
3.54402
3.54402
3.54402
3.54402
3.54402
2.28155
2.28155
2.28155
2.28155
2.28155
2.28155
2.28155
2.17508
2.17508
2.17508
2.17508
1.82524
1.82524
1.82524
1.82524
1.82524
1.82524
1.82524
3.27023
3.27023
3.27023
3.27023
3.27023
3.27023
3.27023
3.27023
3.27023
3.27023
3.27023
3.27023
3.27023
3.27023
3.27023
3.27023
3.27023
3.27023
3.27023
3.27023
3.27023
3.27023
3.27023
3.27023
3.27023
3.27023
3.27023
3.27023
3.27023
3.27023
3.27023
3.27023
3.27023
3.27023
3.27023
3.27023
3.27023
3.27023
3.27023
3.27023
3.27023
3.27023
3.27023
3.27023
3.27023
1.93172
1.93172
1.93172
1.93172
1.93172
1.93172
1.93172
1.93172
1.93172
1.93172
1.93172
1.93172
1.93172
1.93172
1.93172
1.93172
1.93172
1.93172
0.471521
0.471521
0.471521
0.471521
0.471521
0.471521
0.471521
0.471521
0.471521
0.471521
0.471521
0.471521
0.471521
0.471521
0.471521
1.41456
1.41456
1.41456
1.41456
1.41456
1.41456
1.41456
0.471521
0.471521
0.471521
0.471521
0.471521
0.471521
0.471521
0.471521
0.471521
0.471521
0.471521
0.471521
0.471521
0.471521
0.471521
0.471521
0.471521
0.471521
0.471521
0.471521
0.471521
0.471521
0.471521
0.471521
0.471521
0.471521
0.471521
0.471521
0.471521
0.471521
0.471521
0.471521
0.471521
0.471521
0.471521
0.471521
0.471521
0.471521
0.471521
0.471521
0.471521
0.471521
0.471521
0.471521
0.471521
0.471521
0.471521
0.471521
0.471521
0.471521
0.471521
0.471521
0.471521
0.471521
0.471521
0.471521
0.471521
0.471521
0.471521
0.471521
0.471521
0.471521
0.471521
0.471521
0.471521
0.471521
0.471521
0.471521
0.471521
0.471521
0.471521
0.471521
0.471521
0.471521
0.471521
0.471521
0.471521
0.471521
0.471521
0.471521
0.471521
0.471521
0.471521
0.471521
0.471521
0.471521
0.471521
0.471521
0.471521
0.471521
0.471521
0.471521
0.471521
0.471521
0.471521
0.471521
0.471521
0.471521
0.471521
0.471521
0.471521
0.471521
0.471521
0.471521
0.471521
0.471521
0.471521
0.471521
0.471521
0.471521
0.471521
0.471521
0.471521
0.471521
0.471521
0.471521
0.471521
0.471521
0.471521
0.471521
0.471521
0.471521
0.471521
0.471521
0.471521
0.471521
0.471521
0.471521
0.471521
0.471521
0.471521
0.471521
0.471521
0.471521
0.471521
0.471521
0.471521
0.471521
0.471521
0.471521
0.471521
0.471521
0.471521
0.471521
0.471521
0.471521
0.471521
0.471521
0.471521
0.471521
0.471521
0.471521
0.471521
0.471521
0.471521
0.471521
0.471521
0.471521
0.471521
0.471521
3.90906
3.90906
0.471521
0.471521
0.471521
0.471521
0.471521
0.471521
0.471521
0.471521
0.471521
0.471521
0.471521
1.41456
1.41456
1.41456
0.471521
0.471521
0.471521
0.471521
0.471521
3.92427
3.92427
3.92427
3.92427
3.92427
0.471521
0.471521
0.471521
0.471521
1.41456
0.471521
3.90906
3.90906
3.90906
7.14887
11.3317
11.2557
11.2557
7.58997
7.66602
7.66602
3.71133
3.71133
3.71133
3.71133
0.471521
0.471521
0.471521
3.71133
3.71133
0.471521
1.41456
1.41456
7.01198
9.93237
9.93237
9.978
9.978
9.978
7.57476
7.54434
7.55955
7.51392
6.08415
6.14499
6.14499
6.87509
10.6016
10.9819
15.8796
11.6511
13.3243
16.5945
9.06538
8.98933
9.05017
5.74952
9.61295
5.74952
8.98933
8.98933
10.9819
7.80292
7.7725
10.9058
8.98933
8.98933
8.98933
5.74952
5.76473
5.76473
5.76473
5.76473
7.69644
5.76473
5.76473
11.6359
11.7272
7.87897
6.05373
9.20227
8.53302
11.0123
9.55211
8.70033
12.5942
15.8796
17.8874
17.9482
18.6935
13.2026
18.2981
18.2829
16.2447
7.51392
10.7081
19.3476
17.3702
13.3395
13.5524
13.5372
14.6172
10.8602
8.48738
8.48738
8.33528
12.2596
14.2673
14.4803
16.9596
12.8223
20.0321
20.1537
20.1537
16.2295
16.2295
16.5489
15.0735
6.29709
10.267
12.6246
8.59386
3.51359
2.95081
3.04207
3.04207
3.04207
8.59386
6.32751
6.32751
7.1945
7.1945
10.5712
9.21748
10.267
6.32751
19.3324
15.4537
22.2528
22.2528
22.1007
14.8149
12.944
10.1453
10.2062
7.1945
7.1945
7.95502
10.8754
7.66602
6.37314
8.19839
12.5029
16.4272
22.5113
20.2906
21.3554
21.2337
16.3511
14.4194
12.3508
23.4392
23.5
23.3327
21.5227
20.8078
14.2825
17.3702
20.899
26.1466
26.1314
28.7932
28.2304
28.1392
23.713
25.0667
18.0395
17.933
14.9518
17.933
16.8531
15.8948
23.3631
14.8909
20.3058
19.9712
18.2524
21.0359
14.967
19.0586
20.534
16.777
16.777
17.1269
12.7311
17.8874
24.002
20.6709
20.7165
20.5948
16.412
18.4045
21.2793
14.4042
24.7168
28.9605
23.6217
19.956
26.755
21.9181
17.7657
15.8188
12.4877
17.3702
15.5298
14.5107
16.8075
8.15276
15.1039
15.6363
17.644
17.9482
20.3819
17.7657
25.1123
21.9486
25.1123
28.3673
28.3673
28.1848
28.2304
18.8456
13.1722
15.621
17.5071
12.3964
11.9858
10.0693
16.5793
19.8495
15.4081
11.4838
6.11457
9.26311
9.26311
10.4647
10.7537
10.632
14.6932
10.9971
9.81069
12.4877
15.7275
15.2408
15.5602
18.0851
18.6479
17.1421
13.4764
10.9819
7.74208
7.34661
5.67347
12.8984
14.5563
11.712
14.9822
14.8149
17.066
15.2712
15.2864
15.9861
15.4233
15.3625
14.7541
18.6479
11.4382
18.6479
21.9181
16.1534
12.9136
13.6589
16.9291
7.68123
7.60518
8.63949
6.35793
9.35437
17.1117
27.3482
13.0201
10.7689
11.8641
13.1265
21.1272
20.5036
24.5191
25.5534
25.4317
22.2376
17.5223
15.8492
12.9744
19.1955
6.70777
6.40356
8.09191
8.70033
11.134
14.6932
19.8952
13.4003
7.81813
12.4877
11.2861
13.6133
11.3926
10.3735
14.7541
16.3359
14.4042
8.16797
13.6589
13.3851
21.0511
28.5042
24.9298
25.9033
18.2372
23.1958
23.5304
22.633
23.789
22.5266
20.6253
24.8537
23.1502
23.4848
23.9107
23.7434
26.7246
26.6942
27.2113
20.0777
20.0016
16.8075
19.8952
27.1809
24.078
26.1466
25.2948
23.1806
19.2867
22.7091
25.9641
19.956
21.9638
21.4466
24.1236
20.5948
16.5032
18.3437
12.366
8.27444
11.5142
14.3738
20.2146
17.5223
16.0926
18.1612
18.1612
9.85632
13.1113
13.0809
16.9748
20.6709
19.8799
15.5298
12.0922
15.9709
14.967
7.43787
14.1456
13.9783
15.6667
9.41522
8.9437
20.0168
16.4272
16.412
13.0049
16.8379
21.1272
19.3932
20.7013
17.8874
7.57476
9.2479
9.2479
16.8227
16.2751
14.7845
8.41133
8.32007
6.03852
6.03852
8.47217
8.38091
12.1835
12.1835
12.1835
9.91716
6.03852
6.03852
6.03852
6.03852
5.94725
5.94725
9.81069
9.40001
8.25923
12.1531
12.1683
12.2139
5.94725
5.94725
2.69223
10.0084
10.0236
12.7159
8.8068
8.76117
8.6547
8.57865
12.4269
12.5333
9.35437
9.35437
10.9667
8.97412
6.03852
14.3282
13.2634
13.1874
20.5796
16.6097
16.5489
13.2178
13.735
14.2065
10.343
12.0618
2.95081
7.93981
15.4537
17.2638
13.8262
8.42654
8.42654
12.29
6.06894
6.05373
13.4003
16.2903
16.1382
16.2142
12.3508
5.85599
6.35793
2.95081
2.95081
2.95081
9.17185
12.6094
10.4799
10.7233
17.0204
17.0356
11.2861
11.1796
8.04628
8.9437
8.9437
8.95891
12.9592
6.05373
8.35049
12.1987
5.32363
5.33884
8.53302
6.09936
10.6625
8.33528
12.3812
13.2482
8.89806
10.5256
17.355
14.1
14.7236
20.7621
15.7731
12.3356
9.32395
9.90195
7.3314
9.87153
10.1909
4.03075
7.51392
11.0884
11.21
11.8032
12.4269
12.6398
16.5793
18.6631
16.7618
20.1233
14.1152
13.3091
9.41522
9.41522
13.3243
15.6667
14.7541
15.834
15.7731
5.73431
8.92848
8.92848
5.4301
8.86764
5.49094
5.49094
5.49094
2.95081
6.81424
2.95081
7.0424
1.91651
1.91651
5.36926
1.93172
1.93172
1.93172
1.93172
1.93172
1.93172
5.21715
5.15631
7.58997
7.49871
5.17152
7.54434
7.54434
7.49871
5.17152
8.59386
12.4573
12.7159
9.15664
1.93172
1.93172
2.40324
2.40324
2.40324
2.40324
5.85599
3.6657
3.6657
3.6657
3.6657
5.33884
7.52913
5.84078
10.343
10.3278
10.3278
7.08803
13.3851
12.4421
11.1796
10.2822
10.2822
11.9249
3.36149
4.19806
4.19806
4.31974
3.3767
6.28188
3.84822
3.84822
3.84822
7.30098
3.84822
7.08803
10.5408
10.6016
10.6016
7.14887
4.24369
6.09936
4.38059
9.36958
9.36958
4.24369
4.24369
10.4191
10.4191
3.87864
2.61618
5.8712
9.11101
7.42266
7.42266
9.0958
5.85599
10.2214
10.2214
6.38835
6.38835
9.30874
11.4686
11.4686
6.38835
6.38835
6.38835
4.71521
4.77605
2.40324
2.40324
2.40324
5.64305
2.40324
1.93172
5.00421
8.24402
8.24402
8.22881
11.134
8.22881
11.3165
11.4078
5.33884
5.18673
7.58997
5.38447
5.38447
8.03107
3.90906
7.98544
0.471521
0.471521
0.471521
0.471521
4.47185
4.3958
8.27444
0.471521
0.471521
0.471521
3.71133
10.8602
10.8602
13.2482
13.2482
9.978
3.71133
6.76861
0.471521
0.471521
0.471521
1.93172
1.93172
5.00421
4.989
8.28965
7.4835
7.07282
4.8369
1.93172
5.76473
5.76473
1.93172
9.00454
9.00454
9.00454
9.00454
9.00454
9.00454
9.00454
9.06538
9.06538
9.06538
5.23237
5.23237
5.23237
5.36926
11.6664
5.17152
10.4039
13.7197
13.7197
8.60907
10.1149
9.55211
9.08059
9.21748
9.08059
9.08059
9.01975
9.08059
14.3282
14.4346
10.5256
10.4647
10.4647
11.5142
9.15664
14.9062
10.0693
10.0693
6.14499
6.14499
11.5142
15.4385
15.4385
8.9437
7.93981
11.0275
11.0731
10.343
10.4039
7.49871
10.4191
11.9249
16.0774
16.0774
16.1534
10.0997
5.73431
9.50648
5.62784
9.8259
12.1683
16.1382
19.2563
14.8757
10.9819
11.0275
18.5566
11.6816
9.26311
9.23269
18.3285
15.8036
20.9599
15.834
18.8609
17.7353
26.177
25.1579
29.4929
21.8877
20.5036
20.0168
26.1466
24.6712
23.424
23.4544
23.6065
16.5793
19.7735
14.0848
15.7123
17.6592
15.7884
15.8188
15.8492
20.1537
11.2252
10.7689
8.39612
12.2748
15.5602
7.87897
11.6359
13.4155
13.3243
6.47962
6.85987
6.81424
6.79903
4.65437
13.811
13.6437
10.5864
19.8952
20.0168
14.6476
15.1799
14.2673
15.8492
22.5266
20.5492
12.7311
18.1916
17.279
17.5071
21.5379
23.0133
25.6751
21.7508
18.6479
19.2867
15.6819
17.2638
21.0359
22.1463
22.5266
18.5566
12.3356
18.2981
22.3744
31.9418
24.4887
24.5191
14.9214
14.9214
19.2867
19.2867
21.6291
13.0657
12.2748
6.25146
7.05761
4.15243
4.5479
6.20583
6.20583
7.66602
7.40745
9.46085
9.46085
14.9366
8.97412
11.8032
11.8032
5.68868
8.97412
10.6625
13.5524
21.3401
10.343
20.4123
19.8495
12.579
14.5107
11.4382
12.3508
10.1453
14.024
17.0508
17.355
10.1605
17.3854
27.1961
21.0359
18.3133
15.3777
15.1952
10.2518
11.0731
9.06538
6.73819
8.66991
5.53657
9.90195
14.4194
17.0964
16.8987
11.3469
12.8071
14.8149
20.0016
16.6706
16.5185
20.3819
11.1188
9.70421
7.1945
10.267
10.2822
17.4919
23.2414
23.3783
22.4201
22.5418
23.6673
20.534
15.5146
14.5563
12.944
12.0922
15.1647
16.8379
22.8155
16.3207
12.8984
19.3324
15.91
22.8003
22.0855
26.1922
26.2531
21.2489
16.2751
20.1994
18.5414
17.5528
16.7922
13.3547
17.3246
13.4308
13.3547
17.279
17.3246
20.5796
11.8032
11.423
11.788
13.522
13.522
15.7579
16.9291
18.8152
13.811
13.7958
13.8871
14.9822
14.3738
14.602
15.6515
17.1573
16.3511
16.1838
10.6625
10.7385
10.0997
10.9971
8.68512
15.5754
15.7275
11.0884
11.0884
11.0884
14.024
13.9479
11.2405
8.12234
8.10712
11.1644
11.1644
11.1796
8.10712
15.6971
15.6667
15.5754
14.9062
10.3887
12.8223
6.6013
12.0466
13.7806
6.55567
7.86376
9.96279
14.2217
18.7087
14.4498
18.3893
13.811
16.1534
19.8647
8.28965
13.1113
16.6097
20.6557
18.3741
19.0738
20.1842
19.013
15.2104
11.2861
12.7919
17.7657
21.1424
25.3405
25.3557
29.3864
25.3861
18.1003
18.1003
10.3126
8.39612
8.32007
8.06149
8.30486
11.5447
13.8871
16.0013
15.8644
16.9139
16.0317
21.2489
21.2032
8.00065
11.3165
11.6968
13.1265
13.1418
14.4498
14.0392
22.0855
14.8149
16.2751
14.9366
14.8149
12.8832
11.134
12.1531
18.0851
21.5075
16.7162
16.8075
16.7466
20.8382
16.1078
16.8379
12.9288
11.4534
12.7159
15.7884
18.2677
15.6363
15.6515
19.6974
17.6288
16.199
19.4388
19.4388
18.1916
10.3583
7.13366
7.1945
16.2599
23.789
23.7738
20.0625
20.1689
18.8304
11.0884
9.52169
9.5369
9.52169
10.4647
11.712
15.0735
18.9977
21.69
23.0285
16.7922
10.2974
14.2217
18.3285
25.4774
31.455
22.9829
18.146
19.4845
14.8757
12.8528
14.1608
23.1502
27.2418
28.8693
31.1965
25.2644
21.7508
24.3822
12.9288
11.0275
14.2065
13.6741
13.7806
14.6172
14.5259
14.5259
9.67379
9.62816
7.45308
13.2026
16.1686
8.25923
11.5751
11.5751
11.5751
14.1152
16.9748
7.80292
7.80292
6.85987
11.2252
12.1531
8.19839
5.8712
7.84855
7.84855
4.41101
4.53269
6.85987
6.85987
6.85987
12.4877
14.8757
9.32395
8.04628
7.74208
7.97023
4.35016
4.31974
3.28544
6.61651
0.912622
4.06117
6.43398
6.43398
10.343
4.73042
1.84045
0.912622
4.31974
4.57832
8.47217
7.25534
13.5676
13.4764
11.3317
4.79126
8.54822
8.66991
9.01975
9.01975
5.74952
8.06149
14.6932
14.6932
9.33916
8.97412
12.0314
