43
91
141
190
239
288
338
387
435
484
532
581
629
679
728
777
827
876
925
975
1024
1073
1122
1171
1220
1270
1320
1370
1420
1470
1519
1568
1616
1665
1713
1762
1810
1858
1907
1955
2003
2052
2101
2149
2198
2246
2295
2343
2392
2440
2488
2538
2587
2637
2686
2734
2783
2831
2880
2928
2976
3025
3074
3124
3173
3222
3272
3320
3369
3417
3466
3514
3564
3614
3663
3713
3762
3811
3861
3910
3959
4008
4058
4107
4156
4206
4255
4304
4354
4403
4452
4502
4551
4600
4649
4698
4747
4795
4844
4894
4943
4993
5043
5093
5142
5191
5240
5289
5338
5386
5435
5484
5533
5582
5631
5681
5730
5780
5829
5879
5968
6017
6066
6115
6163
6212
6262
6312
6361
6411
6461
6510
6560
6609
6658
6708
6757
6806
6855
6905
6954
7004
7053
7103
7152
7202
7251
7300
7348
7397
7445
7494
7542
7592
7641
7691
7740
7790
7839
7888
7937
7987
8036
8085
8134
8183
8232
8281
8330
8380
8429
8478
8528
8577
8627
8676
8725
8774
8824
8873
8922
8971
9020
9069
9118
9167
9216
9265
9314
9363
9413
9462
9511
9561
9610
9660
9710
9760
9809
9859
9908
9957
10006
10056
10105
10154
10204
10253
10302
10352
10401
10450
10500
10549
10597
10646
10695
10744
10794
10843
10892
10942
10992
11041
11090
11139
11189
11238
11288
11338
11388
11437
11487
11536
11586
11635
11684
11732
11781
11831
11880
11930
11980
12029
12079
12128
12178
12227
12277
12327
12375
12424
12473
12521
12569
12618
12666
12714
12764
12813
12862
12911
12961
13010
13059
13108
13157
13206
13255
13303
13351
13400
13448
13497
13546
13595
13644
13693
13743
13793
13843
13892
13942
13992
14042
14092
14141
14189
14238
14286
14334
14383
14432
14481
14531
14580
14629
14679
14728
14777
14826
14876
14925
14975
15024
15073
15123
15172
15221
15270
15319
15368
15417
15466
15516
15565
15614
15664
15713
15763
15812
15862
15911
15961
16010
16060
16109
16158
16208
16257
16305
16354
16402
16450
16499
16547
16596
16645
16694
16743
16792
16842
16891
16940
16990
17039
17088
17138
17186
17234
17283
17331
17379
17428
17477
17526
17575
17623
17671
17720
17768
17816
17865
17913
17961
18010
18058
18106
18155
18203
18252
18300
18349
18397
18445
18494
18542
18592
18642
18692
18742
18792
18841
18891
18941
18990
19040
19089
19139
19189
19238
19287
19336
19385
19433
19482
19531
19580
19630
19680
19729
19779
19829
19878
19927
19976
20067
20116
20166
20215
20265
20315
20365
20414
20464
20513
20562
20612
20661
20711
20761
20811
20860
20910
20960
21010
21060
21109
21159
21209
21258
21307
21357
21406
21455
21505
21555
21605
21655
21705
21754
21804
21853
21903
21953
22002
22052
22102
22151
22201
22249
22298
22346
22394
22443
22492
22542
22591
22640
22690
22739
22788
22838
22888
22936
22985
23033
23122
23170
23219
23267
23315
23364
23412
23462
23511
23560
23609
23659
23708
23757
23806
23856
23905
23954
24003
24052
24101
24149
24200
24251
24302
24352
24403
24454
24504
24553
24603
24652
24702
24750
24799
24847
24896
24944
24993
25041
25089
25138
25186
25234
25283
25331
25379
25428
25476
25525
25574
25623
25671
25720
25769
25818
25867
25915
25963
26012
26060
26109
26157
26206
26254
26302
26351
26399
26447
26496
26545
26594
26643
26692
26742
26791
26839
26888
26937
26985
27034
27083
27131
27180
27228
27277
27326
27374
27423
27472
27520
27568
27617
27665
27714
27763
27812
27862
27911
27961
28010
28059
28109
28158
28207
28257
28305
28353
28402
28450
28498
28547
28595
28644
28692
28741
28791
28840
28890
28940
28990
29039
29089
29138
29187
29236
29286
29335
29384
29434
29483
29533
29582
29631
29681
29730
29780
29830
29880
29930
29981
30031
30081
30130
30178
30227
30275
30323
30372
30420
30470
30519
30568
30618
30667
30717
30766
30816
30866
30916
30965
31015
31065
31115
31165
31214
31263
31311
31361
31410
31459
31508
31558
31607
31657
31706
31756
31806
31856
31905
31955
32003
32052
32101
32150
32198
32247
32296
32344
32393
32441
32490
32538
32587
32637
32686
32735
32784
32834
32883
32932
32981
33031
33080
33130
33180
33229
33279
33327
33376
33424
33473
33521
33569
33619
33667
33716
33764
33812
33861
33909
33958
34006
34054
34103
34151
34201
34252
34301
34351
34400
34450
34499
34549
34598
34647
34696
34746
34795
34844
34894
34943
34993
35042
35091
35140
35189
35239
35289
35338
35388
35438
35487
35536
35586
35635
35685
35734
35784
35833
35883
35933
35981
36030
36078
36127
36175
36224
36273
36321
36370
36418
36466
36515
36564
36613
36663
36712
36762
36811
36861
36910
36959
37008
37056
37104
37153
37201
37250
37298
37346
37395
37443
37491
37540
37588
37638
37688
37738
37788
37838
37887
37936
37986
38035
38084
38133
38183
38232
38282
38332
38381
38431
38481
38530
38580
38629
38677
38725
38774
38823
38872
38921
38970
39020
39069
39118
39168
39217
39266
39315
39363
39412
39460
39508
39557
39606
39656
39705
39753
39802
39851
39899
39948
39996
40045
40093
40142
40190
40239
40288
40337
40387
40436
40485
40534
40584
40633
40682
40731
40780
40829
40879
40928
40978
41027
41076
41126
41176
41226
41276
41326
41375
41425
41474
41522
41571
41621
41671
41721
41769
41818
41866
41915
41963
42012
42061
42109
42158
42207
42256
42305
42353
42402
42450
42498
42547
42595
42644
42692
42741
42790
42839
42888
42937
42986
43034
43082
43131
43179
43228
43276
43324
43373
43421
43469
43518
43567
43616
43666
43714
43763
43811
43859
43908
43957
44006
44055
44104
44152
44202
44251
44300
44349
44399
44448
44497
44546
44596
44644
44692
44741
44789
44837
44886
44934
44983
45072
45120
45168
45217
45267
45317
45367
45417
45467
45517
45566
45616
45665
45715
45765
45814
45864
45913
45963
46012
46061
46110
46159
46208
46257
46306
46355
46405
46454
46503
46552
46602
46651
46700
46750
46799
46848
46897
46947
46995
47043
47092
47140
47189
47237
47286
47335
47383
47433
47482
47532
47582
47631
47681
47730
47779
47828
47877
47927
47976
48025
48074
48123
48172
48221
48271
48320
48370
48419
48469
48518
48568
48617
48666
48716
48765
48814
48863
48913
48962
49011
49060
49109
49158
49206
49255
49305
49354
49403
49452
49502
49552
49602
49652
49702
49752
49802
49851
49899
49948
49998
50047
50097
50147
50197
50247
50296
50345
50395
50444
50494
50543
50593
50642
50691
50740
50789
50838
50888
50937
50985
51034
51082
51131
51179
51228
51276
51325
51374
51423
51472
51522
51571
51619
51668
51717
51766
51815
51865
51914
51963
52013
52062
52111
52160
52210
52259
52308
52357
52407
52456
52505
52554
52603
52651
52699
52748
52796
52844
52894
52943
52993
53042
53091
53141
53190
53239
53289
53338
53387
53437
53485
53533
53582
53630
53678
53727
53775
53824
53872
53921
53969
54018
54066
54114
54163
54211
54259
54308
54356
54405
54453
54501
54550
54598
54647
54696
54746
54795
54845
54894
54944
54992
55041
55089
55138
55186
55235
55285
55335
55385
55435
55484
55534
55584
55633
55683
55732
55781
55829
55878
55926
55974
56023
56071
56120
56168
56217
56267
56316
56365
56414
56464
56512
56560
56609
56657
56706
56754
56802
56851
56899
56948
56996
57044
57093
57141
57190
57238
57287
57335
57385
57435
57485
57535
57585
57635
57684
57734
57783
57832
57880
57929
57977
58026
58074
58122
58171
58219
58269
58318
58367
58416
58466
58515
58564
58613
58662
58710
58759
58807
58856
58905
58955
59005
59055
59105
59155
59204
59253
59302
59351
59401
59450
59499
59548
59597
59647
59696
59745
59794
59843
59891
59939
59987
60036
60084
60133
60182
60232
60281
60330
60379
60429
60477
60526
60574
60623
60671
60720
60770
60818
60867
60915
60964
61012
61061
61110
61160
61210
61260
61310
61360
61410
61458
61507
61556
61606
61655
61704
61753
61803
61853
61902
61952
62001
62050
62100
62149
62199
62248
62298
62347
62397
62446
62495
62544
62594
62643
62692
62742
62791
62840
62889
62939
62988
63038
63088
63137
63185
63233
63282
63330
63379
63427
63476
63524
63572
63621
63669
63718
63766
63814
63863
63911
63959
64008
64056
64106
64156
64206
64255
64304
64352
64400
64449
64499
64548
64598
64647
64697
64746
64795
64844
64892
64941
64989
65038
65086
65135
65184
65234
65284
65333
65383
65432
65482
65531
65581
65630
65679
65728
65778
65827
65876
65925
65975
66024
66073
66123
66171
66219
66268
66316
66365
66413
66462
66511
66561
66610
66660
66710
66759
66809
66859
66909
66959
67008
67057
67107
67156
67205
67255
67303
67352
67400
67449
67498
67546
67596
67646
67696
67745
67795
67844
67894
67944
67994
68044
68094
68144
68194
68243
68292
68342
68391
68440
68489
68538
68587
68636
68685
68734
68782
68830
68879
68928
68977
69027
69076
69125
69174
69224
69274
69323
69372
69420
69469
69519
69568
69617
69666
69715
69765
69814
69863
69912
69962
70011
70060
70108
70157
70205
70253
70302
70350
70400
70449
70499
70548
70597
70646
70696
70745
70794
70843
70892
70942
70991
71040
71089
71139
71189
71238
71288
71338
71387
71437
71485
71534
71582
71630
71679
71728
71777
71826
71875
71925
71974
72023
72072
72121
72171
72221
72270
72320
72370
72419
72469
72519
72567
72616
72665
72714
72764
72813
72862
72911
72961
73011
73061
73111
73161
73211
73261
73309
73358
73406
73455
73503
73552
73601
73651
73700
73750
73799
73849
73897
73946
73994
74043
74091
74140
74188
74236
74285
74334
74382
74431
74479
74528
74576
74626
74676
74725
74775
74824
74873
74922
74972
75021
75071
75120
75170
75219
75269
75319
75369
75419
75469
75518
75568
75618
75668
75718
75768
75817
75867
75917
75966
76016
76064
76113
76161
76209
76257
76306
76356
76406
76456
76506
76556
76606
76656
76705
76754
76804
76853
76902
76952
77001
77051
77100
77150
77199
77249
77298
77348
77398
77448
77498
77548
77596
77645
77695
77744
77793
77842
77892
77940
77988
78037
78085
78133
78182
78230
78279
78327
78376
78424
78473
78521
78569
78619
78667
78716
78764
78813
78861
78909
78958
79007
79056
79106
79155
79204
79253
79302
79352
79401
79450
79499
79548
79597
79645
79694
79743
79792
79840
79889
79937
79985
80034
80082
80132
80181
80230
80279
80328
80376
80425
80473
80521
80570
80618
80667
80756
80804
80853
80901
80951
81000
81050
81099
81149
81198
81248
81298
81347
81397
81446
81496
81545
81594
81643
81692
81740
81789
81839
81888
81937
81986
82036
82086
82135
82185
82235
82284
82333
82383
82432
82481
82530
82579
82627
82676
82725
82773
82822
82870
82919
82968
83017
83066
83114
83163
83213
83262
83311
83360
83410
83459
83507
83556
83605
83653
83702
83750
83798
83847
83895
83943
83993
84042
84091
84141
84190
84240
84289
84338
84388
84437
84486
84535
84585
84634
84683
84733
84782
84831
84881
84930
84980
85029
85079
85128
85177
85225
85275
85325
85375
85425
85474
85524
85573
85623
85672
85721
85771
85820
85870
85920
85970
86019
86069
86119
86169
86219
86269
86319
86369
