2.85955
5.36926
5.36926
5.36926
5.36926
1.93172
1.93172
2.82913
2.9356
2.84434
2.95081
3.01165
3.01165
2.90518
2.92039
2.92039
3.02686
6.46441
3.02686
3.02686
3.02686
2.92039
3.02686
1.56667
1.4602
1.56667
1.56667
1.4602
1.56667
1.4602
1.56667
1.4602
1.56667
1.4602
1.4602
2.4945
1.56667
1.4602
1.56667
1.56667
1.56667
1.56667
1.56667
1.56667
1.4602
1.56667
1.56667
1.56667
1.56667
1.4602
1.56667
1.4602
1.4602
1.4602
1.4602
1.4602
2.4945
2.38803
1.87088
1.56667
1.56667
1.4602
1.4602
1.4602
1.56667
1.56667
1.4602
1.4602
1.4602
1.56667
1.56667
1.56667
1.4602
1.56667
1.56667
1.56667
2.90518
2.79871
2.90518
2.90518
2.79871
2.79871
2.82913
2.72266
2.72266
2.72266
2.72266
2.82913
2.72266
2.72266
2.82913
1.82524
1.82524
1.82524
3.27023
3.27023
3.27023
3.27023
3.27023
4.21327
4.21327
4.21327
3.27023
3.27023
3.27023
3.27023
3.27023
3.27023
3.27023
3.27023
3.27023
3.27023
3.27023
3.27023
3.27023
3.27023
3.27023
3.27023
3.27023
3.27023
3.27023
3.27023
3.27023
3.27023
3.27023
3.27023
3.27023
3.27023
3.27023
3.27023
3.27023
3.27023
3.27023
3.27023
3.27023
3.27023
3.27023
3.27023
3.27023
3.27023
3.27023
3.27023
3.27023
3.27023
3.27023
3.27023
3.27023
3.27023
3.27023
3.27023
3.27023
3.27023
3.27023
3.27023
3.27023
3.27023
3.27023
3.27023
3.27023
1.84045
1.84045
1.84045
1.84045
1.84045
3.19418
3.19418
3.19418
3.19418
3.19418
3.19418
3.19418
3.19418
3.19418
3.19418
3.19418
3.19418
3.19418
1.93172
1.93172
1.93172
1.93172
1.93172
1.93172
1.93172
1.93172
1.93172
1.93172
1.93172
1.93172
1.93172
1.93172
1.93172
1.93172
1.93172
1.93172
1.93172
1.93172
1.93172
1.93172
1.93172
1.93172
1.93172
1.93172
1.93172
1.93172
1.93172
1.93172
1.93172
1.93172
1.93172
1.93172
1.93172
1.93172
1.93172
1.93172
1.93172
1.93172
1.93172
1.93172
1.93172
1.93172
1.93172
1.93172
1.93172
1.93172
1.93172
1.93172
1.93172
1.93172
1.93172
1.93172
1.93172
1.93172
1.93172
1.93172
1.93172
1.93172
1.93172
1.93172
1.93172
1.93172
1.93172
1.93172
1.93172
1.93172
1.93172
1.93172
1.93172
1.93172
1.93172
1.93172
1.93172
1.93172
1.93172
1.93172
1.93172
1.93172
1.93172
1.93172
1.93172
1.93172
1.93172
1.93172
1.93172
1.93172
1.93172
1.93172
1.93172
0.471521
0.471521
0.471521
0.471521
0.471521
0.471521
0.471521
0.471521
0.471521
0.471521
0.471521
0.471521
0.471521
0.471521
0.471521
0.471521
0.471521
0.471521
0.471521
0.471521
0.471521
0.471521
0.471521
0.471521
0.471521
0.471521
0.471521
0.471521
0.471521
0.471521
0.471521
0.471521
0.471521
0.471521
0.471521
0.471521
0.471521
0.471521
0.471521
0.471521
0.471521
0.471521
0.471521
0.471521
0.471521
0.471521
0.471521
0.471521
0.471521
0.471521
0.471521
0.471521
0.471521
0.471521
0.471521
0.471521
0.471521
0.471521
0.471521
0.471521
0.471521
0.471521
0.471521
0.471521
0.471521
0.471521
0.471521
0.471521
0.471521
0.471521
0.471521
0.471521
0.471521
0.471521
0.471521
0.471521
0.471521
0.471521
0.471521
0.471521
0.471521
0.471521
0.471521
0.471521
0.471521
0.471521
0.471521
0.471521
0.471521
0.471521
0.471521
0.471521
0.471521
0.471521
0.471521
0.471521
0.471521
0.471521
0.471521
0.471521
0.471521
0.471521
0.471521
0.471521
0.471521
0.471521
0.471521
0.471521
0.471521
0.471521
0.471521
0.471521
0.471521
0.471521
0.471521
0.471521
0.471521
0.471521
0.471521
0.471521
0.471521
0.471521
0.471521
0.471521
0.471521
0.471521
0.471521
0.471521
0.471521
0.471521
0.471521
0.471521
0.471521
0.471521
0.471521
0.471521
0.471521
0.471521
0.471521
0.471521
0.471521
0.471521
0.471521
0.471521
0.471521
0.471521
0.471521
0.471521
0.471521
0.471521
0.471521
0.471521
0.471521
0.471521
0.471521
0.471521
0.471521
0.471521
0.471521
0.471521
0.471521
0.471521
0.471521
0.471521
0.471521
0.471521
0.471521
0.471521
0.471521
0.471521
0.471521
0.471521
0.471521
0.471521
0.471521
0.471521
0.471521
0.471521
0.471521
0.471521
0.471521
0.471521
0.471521
0.471521
0.471521
0.471521
0.471521
0.471521
0.471521
0.471521
0.471521
0.471521
0.471521
0.471521
0.471521
0.471521
0.471521
0.471521
0.471521
0.471521
0.471521
0.471521
0.471521
0.471521
0.471521
3.90906
3.90906
3.90906
0.471521
3.90906
3.90906
3.90906
0.471521
0.471521
0.471521
0.471521
0.471521
0.471521
0.471521
1.41456
0.471521
0.471521
0.471521
0.471521
1.93172
1.93172
1.93172
1.93172
1.93172
1.93172
1.93172
1.93172
1.93172
1.93172
6.3123
2.87476
2.87476
2.87476
2.87476
2.87476
2.87476
2.87476
2.87476
2.87476
2.87476
1.93172
1.93172
1.93172
1.93172
1.93172
0.471521
0.471521
0.471521
0.471521
0.471521
0.471521
0.471521
0.471521
0.471521
0.471521
0.471521
3.90906
0.471521
6.17541
2.84434
2.84434
2.84434
0.471521
0.471521
0.471521
0.471521
0.471521
3.71133
3.71133
3.71133
4.3958
0.471521
0.471521
0.471521
0.471521
1.41456
1.41456
1.41456
1.41456
1.41456
1.41456
1.41456
1.41456
1.41456
1.41456
1.41456
1.41456
1.41456
2.87476
2.87476
2.87476
6.3123
6.3123
6.3123
4.80648
4.80648
1.41456
1.41456
0.471521
1.41456
1.41456
1.41456
1.41456
2.84434
2.84434
0.471521
0.471521
0.471521
0.471521
0.471521
4.35016
0.471521
0.471521
0.471521
1.7644
0.471521
0.471521
0.471521
0.471521
0.471521
0.471521
0.471521
3.92427
3.90906
3.90906
0.471521
0.471521
0.471521
0.471521
3.90906
3.92427
3.92427
3.92427
3.92427
3.92427
0.471521
0.471521
0.471521
0.471521
0.471521
0.471521
0.471521
0.471521
0.471521
0.471521
0.471521
0.471521
0.471521
0.471521
0.471521
0.471521
0.471521
3.90906
0.471521
0.471521
0.471521
0.471521
0.471521
0.471521
4.35016
4.38059
0.471521
0.471521
3.92427
3.78738
3.78738
3.78738
3.78738
5.29321
8.35049
10.343
6.7534
8.33528
4.42622
0.471521
0.471521
0.471521
0.471521
3.71133
3.71133
6.08415
7.58997
7.58997
13.9175
6.82945
6.82945
2.84434
4.36537
4.36537
0.471521
3.92427
8.01586
6.7534
6.7534
2.84434
2.84434
0.471521
0.471521
0.471521
3.90906
3.90906
0.471521
0.471521
0.471521
0.471521
0.471521
0.471521
0.471521
0.471521
0.471521
0.471521
0.471521
6.7534
4.35016
6.08415
3.71133
3.71133
3.71133
3.92427
3.92427
3.92427
3.90906
4.35016
5.84078
1.93172
9.15664
9.15664
9.15664
5.79515
6.73819
2.87476
1.93172
1.93172
1.93172
5.91683
5.91683
5.91683
1.93172
1.93172
4.42622
2.90518
10.0541
6.85987
2.90518
6.79903
6.81424
5.91683
7.69644
7.58997
0.547573
0.547573
8.10712
4.50227
4.50227
0.547573
0.547573
1.49062
1.47541
5.38447
5.46052
3.90906
0.471521
0.471521
0.471521
0.471521
2.84434
2.84434
0.471521
0.471521
7.98544
8.13754
3.92427
6.29709
10.0693
9.08059
15.2712
9.08059
9.0958
1.82524
11.2861
7.39224
10.921
4.15243
4.15243
4.15243
4.15243
1.82524
4.15243
1.82524
1.82524
1.82524
10.9363
10.556
10.556
4.35016
8.25923
6.7534
6.79903
3.3767
0.471521
4.35016
0.471521
0.471521
8.6547
6.7534
6.7534
10.4039
7.13366
10.8906
14.313
9.85632
9.85632
15.2712
12.1379
9.91716
6.57088
2.73787
5.90162
2.84434
4.35016
8.30486
8.41133
8.3657
10.4495
6.95114
4.79126
4.79126
9.84111
12.8375
10.4495
10.4952
9.47606
7.14887
7.14887
8.19839
3.71133
7.66602
7.66602
10.0236
10.1453
10.0693
5.74952
9.59774
9.65858
9.59774
4.35016
7.43787
3.54402
9.32395
7.43787
9.2479
2.14466
2.14466
5.38447
10.1453
8.47217
12.1075
12.1075
12.7463
12.7463
14.6628
11.2405
7.0424
10.4952
12.5638
14.3282
9.2479
13.7045
5.15631
5.17152
12.0314
5.15631
6.90551
10.9819
12.29
14.1
14.2217
14.1913
16.5185
13.5676
13.5981
17.0356
23.1806
23.3935
14.389
16.0317
15.8796
12.8528
16.7466
10.6929
18.3589
14.9214
20.9447
14.5259
10.5104
7.4835
6.12978
12.8832
10.7841
10.6777
21.6444
22.0855
21.7052
21.7204
21.6444
17.568
21.6139
17.7505
11.5447
14.9062
14.8149
13.1722
13.1722
14.8909
14.9974
11.3165
11.3165
13.7806
14.1152
11.9858
15.3168
19.0586
17.8418
17.9026
15.332
14.6628
11.4382
24.4583
24.6408
25.2036
22.2832
24.0172
22.6634
24.9754
13.8871
11.6968
17.0812
24.3062
24.0172
20.3515
15.91
15.1343
9.49127
16.7162
9.61295
9.61295
12.2443
12.1683
11.4686
18.4806
23.9563
11.788
13.1874
10.9515
15.0583
12.7767
12.7463
3.49838
3.93948
4.57832
1.50583
8.42654
11.2861
11.3621
11.3317
10.7233
10.2062
16.199
12.6094
12.6702
15.6819
15.4537
15.4537
14.9518
8.13754
8.13754
11.9858
6.46441
11.6816
13.4155
9.27832
14.0696
13.0657
10.6168
7.30098
11.21
8.82201
11.8337
11.6207
11.6207
9.8259
7.62039
11.1036
7.98544
7.97023
4.28932
0.471521
0.471521
7.62039
11.3165
13.1113
6.11457
6.72298
10.632
10.5712
9.61295
9.01975
9.01975
10.845
12.7919
7.22492
7.22492
10.9363
7.14887
7.14887
7.14887
10.4952
9.88674
9.99321
12.7767
12.7919
13.811
15.1647
12.7919
6.25146
10.1301
9.41522
8.12234
8.35049
8.38091
8.38091
8.27444
15.4689
15.5298
12.0314
8.12234
12.0618
12.1227
15.5146
15.6058
15.6363
11.3317
11.21
13.2939
19.1346
15.6971
13.3547
15.5906
12.1227
15.834
9.71942
13.3547
14.602
14.602
11.1796
11.1796
5.39968
11.4838
7.69644
7.6356
5.32363
9.17185
5.32363
5.39968
7.72687
11.0579
3.93948
6.20583
9.59774
9.55211
7.22492
3.78738
1.93172
1.93172
2.00777
2.00777
2.00777
2.00777
2.00777
5.44531
4.86732
11.5295
8.66991
8.70033
10.9058
7.62039
4.38059
5.24758
5.39968
11.8489
11.5751
9.27832
5.84078
5.84078
5.84078
9.08059
3.71133
9.01975
5.36926
1.93172
1.93172
8.30486
12.1531
10.921
8.70033
8.70033
10.921
7.6356
7.6356
8.62428
5.38447
8.62428
11.1492
14.4042
14.3434
11.4382
9.17185
8.12234
8.30486
15.1495
12.868
12.6702
7.89418
12.001
11.0123
7.6356
5.24758
5.26279
5.88641
0.562784
0.562784
2.9356
2.9356
0.562784
2.9356
2.9356
2.9356
2.9356
2.9356
2.9356
10.4343
10.556
0.562784
2.88997
2.99644
2.99644
2.99644
5.90162
5.90162
9.81069
4.44143
2.98123
2.85955
0.562784
0.562784
2.98123
6.26667
7.1945
7.1945
5.29321
5.29321
11.3317
4.06117
7.93981
3.17897
4.74563
7.62039
14.6628
10.0388
13.3851
13.4308
10.8906
11.1644
10.8602
6.09936
6.23625
6.23625
6.70777
0.623625
7.90939
4.44143
6.85987
8.9437
7.20971
7.20971
6.90551
6.34272
10.6016
7.0424
10.2062
10.0236
10.1605
6.85987
6.85987
12.6246
7.20971
8.12234
14.1608
6.8903
0.562784
7.68123
11.5447
13.9327
12.3964
6.17541
6.17541
2.85955
2.85955
0.562784
2.9356
3.58965
4.22848
9.94758
3.80259
3.80259
7.72687
8.98933
11.9249
10.632
7.1945
14.1761
18.1612
16.8683
15.2408
18.8609
16.0013
14.5107
14.5107
12.4421
11.4686
11.7424
16.2903
21.8117
18.0851
15.2104
4.76084
8.00065
8.16797
12.0922
14.389
11.6207
9.17185
9.8259
8.16797
4.51748
3.48317
7.37703
7.45308
6.1602
9.08059
9.21748
5.278
7.90939
11.6207
11.6055
12.7919
15.2256
3.20939
7.0424
10.4343
4.71521
0.83657
0.745308
2.2055
9.65858
7.65081
5.62784
8.03107
10.4343
10.4343
10.4343
11.21
4.15243
9.23269
9.23269
8.73075
10.0845
10.1453
3.89385
7.75729
11.1492
0.745308
11.4382
11.4382
4.65437
0.775729
3.14855
0.775729
1.68835
3.68091
6.11457
7.6356
11.2252
7.54434
4.65437
4.59353
5.52136
5.52136
4.06117
7.90939
4.04596
0.745308
8.24402
8.25923
8.28965
6.99677
2.44887
6.32751
6.32751
10.0388
9.96279
6.32751
6.29709
6.35793
2.44887
6.11457
7.4835
13.4916
10.0236
6.11457
16.6401
12.9897
13.9175
12.655
8.32007
9.84111
9.81069
10.0236
5.91683
10.8602
12.5638
16.8531
15.9861
12.9136
8.85243
2.84434
10.1453
10.8602
14.5259
15.7427
12.5942
7.65081
9.91716
16.1534
22.5722
22.7243
22.7243
17.7961
17.2333
14.6476
8.85243
12.8984
13.1265
13.1418
11.2861
11.4686
9.15664
10.0541
14.6476
10.0084
10.1909
14.0544
17.2181
15.6363
18.7544
17.1573
20.3058
16.8227
17.8265
18.2677
15.6058
8.89806
9.15664
12.6398
15.8948
13.2178
13.5524
15.7731
16.8835
16.8835
20.4884
17.644
14.1456
17.355
13.6285
14.3586
14.3738
14.313
17.1725
13.6893
16.8835
6.84466
13.3547
7.31619
14.3434
13.2634
15.5754
15.4385
12.1683
6.95114
12.29
9.15664
17.1117
13.2786
18.0699
19.6822
19.6822
18.2068
15.1191
15.1191
15.1191
11.7424
15.9557
21.2945
23.3631
22.8916
24.8537
21.9029
22.5266
18.9977
5.7191
13.9479
17.2638
19.5453
21.0816
23.6521
17.6744
20.9599
21.5835
12.4269
15.8796
11.9858
11.9858
12.1227
9.79548
5.91683
8.24402
16.2903
15.834
15.1799
14.389
14.389
10.4952
11.8641
11.8641
11.8641
11.8793
15.3473
15.3625
14.024
13.9327
13.9327
11.0275
10.4952
10.556
10.5712
14.7845
18.1764
14.4194
8.22881
14.3434
14.5563
14.313
11.5447
6.7534
6.7534
2.99644
6.3123
3.80259
3.80259
4.45664
0.638835
4.07638
4.07638
4.07638
6.40356
6.40356
6.40356
6.40356
6.92072
8.18318
6.92072
11.2405
11.4382
10.5104
6.98156
9.62816
12.9288
9.689
4.36537
7.1945
7.1945
3.71133
3.95469
9.41522
10.2214
6.3123
7.24013
7.24013
8.0767
7.17929
7.20971
6.82945
3.77217
7.58997
10.5864
13.9175
6.61651
6.61651
6.14499
8.95891
2.96602
2.96602
2.96602
4.31974
4.38059
7.75729
7.66602
10.921
10.921
5.4301
8.59386
8.59386
8.60907
8.60907
14.313
5.17152
2.9356
5.17152
5.8712
2.00777
5.17152
5.17152
2.00777
5.17152
5.17152
5.17152
4.91295
8.71554
4.38059
12.1075
6.92072
6.23625
5.91683
5.44531
8.28965
4.38059
8.22881
11.6207
12.5333
6.37314
6.37314
7.72687
9.50648
10.4799
9.44564
10.9058
7.20971
12.868
12.8832
12.8832
9.64337
5.73431
5.73431
9.11101
9.01975
10.0541
10.0541
4.95858
4.92816
7.3314
6.61651
10.0541
10.0541
5.68868
5.68868
9.64337
3.36149
3.36149
7.27056
3.36149
7.22492
7.20971
7.20971
7.22492
10.1453
3.36149
5.1411
13.8262
12.4725
9.23269
12.3812
12.4725
6.1602
6.22104
6.22104
6.22104
6.22104
6.22104
6.22104
3.78738
6.22104
6.28188
9.23269
7.95502
9.55211
10.5256
6.87509
6.1602
9.55211
10.1301
10.1301
7.22492
15.2408
11.7728
11.7728
14.5867
8.71554
8.24402
14.678
10.1605
10.1605
6.38835
6.38835
2.92039
4.63916
3.84822
3.84822
3.80259
3.75696
0.547573
4.41101
3.98512
7.81813
11.7272
7.80292
9.67379
5.88641
5.88641
4.65437
4.65437
0.471521
0.471521
8.3657
4.79126
4.15243
7.46829
6.1602
6.1602
11.2861
12.1987
14.967
14.967
11.423
11.0427
6.99677
4.01554
3.95469
2.98123
3.02686
6.35793
6.35793
4.09159
4.5479
0.654046
0.654046
4.06117
8.19839
8.19839
1.58188
1.58188
3.95469
3.95469
1.58188
2.2055
2.2055
5.5822
5.64305
11.8793
9.49127
2.2055
11.3317
10.4039
10.5104
6.95114
5.94725
5.94725
5.94725
10.7841
6.87509
1.58188
1.6123
1.58188
5.01942
4.97379
4.09159
3.89385
0.654046
0.654046
4.09159
4.09159
4.09159
6.47962
13.4003
9.65858
9.65858
9.46085
2.11424
5.77994
4.48706
5.55178
5.53657
7.7725
4.48706
2.11424
2.11424
5.99288
2.11424
2.11424
3.04207
6.46441
6.47962
3.04207
3.04207
2.11424
5.55178
2.11424
5.55178
2.00777
2.00777
2.00777
2.00777
2.00777
2.9356
2.9356
2.9356
2.9356
2.9356
2.9356
2.9356
2.9356
2.9356
2.9356
2.95081
2.95081
2.95081
2.95081
2.95081
2.95081
2.95081
2.95081
2.95081
2.95081
2.95081
2.95081
2.95081
2.95081
2.9356
6.37314
6.37314
6.37314
6.06894
2.00777
5.88641
2.00777
2.00777
2.00777
2.00777
2.00777
2.00777
2.00777
2.06861
2.06861
5.50615
5.4301
2.00777
2.06861
2.06861
2.06861
2.06861
2.06861
2.54013
2.54013
