0.501942
0.501942
0.501942
0.501942
0.501942
0.501942
0.501942
0.501942
0.501942
0.501942
0.501942
0.501942
0.501942
0.501942
0.501942
0.501942
0.501942
0.501942
0.501942
0.501942
0.501942
0.501942
0.501942
0.501942
0.501942
0.42589
0.42589
0.42589
0.42589
0.42589
0.42589
0.42589
0.42589
0.42589
0.42589
0.42589
0.42589
0.42589
0.42589
0.42589
0.42589
0.42589
0.42589
0.42589
0.42589
0.42589
0.42589
0.42589
0.42589
0.42589
0.42589
0.42589
0.42589
0.42589
0.42589
0.42589
0.42589
0.42589
0.42589
0.42589
0.42589
0.42589
0.42589
0.42589
0.42589
0.42589
0.42589
0.42589
0.42589
0.42589
0.42589
0.42589
0.42589
0.42589
0.42589
0.42589
0.42589
0.42589
0.42589
0.42589
0.42589
0.42589
0.42589
0.42589
0.42589
0.42589
0.42589
0.42589
0.42589
0.42589
0.42589
0.42589
0.42589
0.42589
1.39935
1.39935
1.39935
1.39935
1.39935
1.39935
1.35372
0.42589
0.42589
0.42589
0.42589
0.42589
0.42589
0.42589
0.42589
0.42589
0.42589
0.42589
0.42589
0.42589
0.42589
0.42589
0.42589
0.42589
0.42589
0.42589
0.42589
0.42589
0.42589
0.42589
0.42589
0.42589
0.42589
0.42589
0.42589
0.42589
0.42589
0.42589
0.42589
0.42589
0.42589
0.42589
1.07994
1.07994
1.07994
1.07994
1.07994
1.07994
1.07994
1.07994
1.07994
1.07994
1.07994
1.07994
1.07994
1.07994
1.07994
1.07994
0.42589
0.42589
0.42589
0.42589
0.42589
0.42589
0.42589
0.42589
0.42589
0.42589
0.42589
0.42589
0.42589
0.42589
0.42589
0.42589
0.42589
0.42589
0.42589
0.42589
0.42589
0.42589
0.42589
0.42589
0.42589
0.42589
0.42589
0.42589
0.42589
0.42589
0.42589
0.42589
0.42589
0.42589
0.42589
0.42589
0.42589
0.42589
0.42589
0.42589
0.42589
0.42589
0.42589
0.42589
0.42589
0.42589
0.42589
0.42589
0.42589
0.42589
0.42589
0.42589
0.42589
0.42589
0.42589
0.42589
0.42589
0.42589
0.42589
0.42589
0.42589
0.42589
0.42589
0.42589
0.42589
0.42589
0.42589
0.42589
0.42589
0.42589
0.42589
0.42589
0.42589
0.42589
0.42589
0.42589
0.42589
0.42589
0.42589
0.42589
0.42589
0.42589
0.42589
0.42589
0.42589
0.42589
0.42589
0.42589
0.42589
0.42589
0.42589
0.42589
0.42589
0.42589
0.42589
0.42589
0.42589
0.42589
0.42589
0.42589
0.42589
0.42589
0.42589
0.42589
0.42589
0.42589
0.42589
0.42589
0.42589
0.42589
0.42589
0.42589
0.42589
0.42589
0.42589
0.42589
0.42589
0.42589
0.42589
0.42589
0.42589
0.42589
0.42589
0.42589
0.42589
0.42589
0.42589
0.42589
0.42589
0.42589
0.42589
0.42589
0.42589
0.42589
0.42589
0.42589
0.42589
0.42589
0.42589
0.42589
0.42589
0.42589
0.42589
0.42589
0.42589
0.42589
0.42589
0.42589
0.42589
0.42589
0.42589
0.42589
0.42589
0.42589
0.42589
0.42589
0.42589
0.42589
0.42589
0.42589
0.42589
0.42589
0.42589
0.42589
0.42589
0.42589
0.42589
0.42589
0.42589
0.42589
0.42589
0.42589
0.42589
0.42589
0.42589
0.42589
0.42589
0.42589
0.42589
0.42589
0.42589
0.42589
0.42589
0.42589
0.42589
0.42589
0.42589
0.42589
0.42589
0.42589
0.42589
0.42589
0.42589
0.42589
0.42589
0.42589
0.42589
0.42589
0.42589
0.42589
0.42589
0.42589
0.42589
0.42589
0.42589
0.42589
0.42589
0.42589
0.42589
0.42589
0.42589
0.42589
0.42589
0.42589
0.42589
0.42589
1.39935
1.39935
1.39935
1.39935
0.42589
0.42589
0.42589
0.42589
0.42589
0.42589
3.95469
3.95469
0.42589
0.42589
0.42589
0.42589
0.42589
0.42589
0.42589
0.42589
0.42589
0.42589
0.42589
0.42589
0.42589
0.42589
0.42589
0.42589
0.42589
6.09936
6.09936
6.09936
3.6657
0.42589
0.42589
0.42589
2.90518
2.90518
6.19062
10.0388
6.12978
6.12978
6.12978
6.12978
9.52169
9.52169
9.52169
9.58253
9.11101
6.78382
6.85987
12.4573
12.6398
8.56344
11.9858
11.9858
7.28577
7.28577
16.3664
14.5107
6.03852
9.12622
9.12622
11.8793
9.78026
9.74984
9.74984
9.74984
7.93981
7.93981
3.49838
7.42266
3.49838
4.03075
6.76861
5.70389
8.62428
6.19062
6.11457
6.11457
5.8712
5.8712
5.79515
5.8712
5.8712
6.22104
9.33916
10.343
14.0392
13.1874
9.26311
9.59774
8.39612
5.62784
3.14855
7.72687
7.02719
9.12622
14.3586
17.6744
8.33528
6.47962
7.11845
7.11845
9.79548
9.8259
5.94725
11.7424
11.7424
9.85632
9.85632
3.17897
4.91295
3.02686
6.05373
5.91683
5.91683
3.02686
3.02686
3.02686
0.699677
0.638835
0.638835
0.638835
12.1227
9.64337
10.4343
11.9706
9.06538
9.06538
8.6547
10.2518
9.43043
3.77217
13.3699
15.0583
13.3395
15.1343
20.4579
16.6249
11.5142
15.4842
17.4007
14.4346
14.1761
11.5295
16.9139
22.9372
20.1385
20.1385
20.1385
23.5456
20.4123
16.7922
16.7922
14.6476
11.5599
9.94758
9.27832
15.5146
11.21
14.8301
16.8835
17.0964
22.2984
22.5266
18.8152
15.6058
12.9897
12.9897
14.5867
15.1343
15.1343
17.4463
18.1155
13.6437
11.4382
14.3282
16.4272
16.199
15.4233
12.1227
14.9822
11.6511
14.9822
10.2822
9.23269
16.0317
13.3243
15.545
10.8906
9.55211
8.06149
8.06149
7.6356
4.71521
17.8113
23.0133
11.8793
13.9631
7.93981
7.93981
10.845
10.845
4.73042
6.72298
8.57865
13.2026
16.6706
13.6437
13.7045
20.1994
13.3699
10.4647
10.7233
4.5479
6.64693
7.65081
7.80292
7.83334
10.1909
15.4842
16.1078
4.31974
5.79515
14.2521
7.81813
14.2825
5.38447
5.38447
8.54822
8.91327
5.47573
5.47573
12.2291
8.30486
11.9249
12.366
15.8948
14.8909
12.5029
13.5068
12.6702
10.3583
14.0392
12.7767
12.8984
9.14143
7.95502
9.49127
8.77638
12.5029
20.6557
18.222
20.5948
20.5948
17.8874
21.9181
15.7884
1.09515
1.09515
0.973463
14.1304
16.5641
8.42654
11.21
14.4042
11.4382
11.788
6.69256
8.39612
18.4806
15.1952
12.6702
9.27832
7.51392
10.3126
6.41877
13.1265
13.3851
19.3324
15.1647
18.3285
14.7693
9.5369
16.3511
15.3625
11.4838
14.9366
11.4838
12.8832
21.8117
21.8117
20.245
18.0699
0.441101
0.441101
16.4272
5.93204
8.73075
2.29677
4.80648
1.12557
1.12557
3.01165
6.8903
2.92039
12.3508
4.74563
16.8379
17.933
11.1188
12.7007
8.22881
12.579
11.4686
7.58997
7.58997
7.58997
10.8298
9.90195
7.84855
3.23981
6.98156
8.32007
15.545
15.3777
6.00809
6.26667
6.26667
8.6547
20.0473
16.9443
20.6253
17.7201
13.8262
17.7353
10.6929
10.7841
10.9971
13.6589
11.1492
4.85211
4.85211
7.57476
5.49094
13.5981
24.3062
10.1605
17.7049
15.2408
14.5867
11.4686
14.7541
8.28965
10.0084
7.84855
16.3207
9.91716
10.4952
9.12622
10.7841
9.12622
12.3812
12.3812
6.29709
2.85955
10.2366
13.7502
17.5071
12.001
17.1117
18.2068
14.1913
22.4961
18.5719
14.4042
13.6893
7.90939
7.90939
7.90939
15.4994
16.2142
16.2599
15.545
15.545
12.1835
10.1149
10.4191
11.2405
10.7233
7.95502
4.71521
4.59353
5.17152
9.49127
16.2599
13.4916
14.5563
18.9825
15.7275
15.7884
13.5524
12.4117
10.2062
10.2062
8.91327
8.9437
8.9437
7.20971
7.20971
11.0579
14.5715
14.5411
19.8799
19.8647
20.3971
12.9897
12.077
15.4385
11.423
6.85987
11.8641
14.8301
9.33916
10.6016
9.29353
7.11845
12.6246
10.3735
12.1227
8.51781
5.32363
5.06505
5.06505
8.85243
10.7841
2.96602
6.19062
6.34272
7.68123
7.58997
9.47606
9.47606
12.1379
12.1075
9.91716
13.6741
11.4686
5.49094
13.3243
2.28155
2.58576
5.33884
5.278
6.70777
5.88641
8.24402
11.1644
12.3204
12.7615
13.4155
13.4155
12.1987
14.9822
8.50259
8.38091
8.38091
7.90939
9.30874
14.4955
10.8298
9.2479
9.52169
9.79548
10.632
9.56732
9.32395
12.2443
16.5489
16.5641
12.5942
14.6932
8.77638
8.77638
9.93237
5.99288
13.6133
12.1075
6.54046
4.79126
4.74563
5.68868
5.68868
4.07638
3.92427
9.62816
6.95114
5.15631
9.59774
8.95891
8.9437
12.4269
17.9482
17.9482
11.499
11.499
16.3511
5.74952
11.5903
14.9062
14.0392
20.5188
19.013
14.0848
16.8683
16.99
15.9861
12.0922
15.6058
15.6058
15.6058
13.5524
15.6058
14.7084
16.7162
16.7162
19.2259
15.0583
17.1725
7.51392
12.5486
12.5638
12.5638
10.7689
7.52913
7.52913
6.95114
17.3094
0.441101
11.6816
0.441101
19.6214
13.3699
9.65858
0.441101
8.9437
12.7615
18.5719
18.5719
18.5719
17.9178
15.9253
18.7392
12.5638
9.14143
15.0126
7.62039
3.95469
7.75729
7.89418
16.5641
9.33916
11.3013
15.2408
11.7576
11.7576
11.7576
9.47606
0.441101
10.8754
10.8298
14.9062
14.9062
17.4767
15.4385
15.4842
9.20227
10.9971
11.7272
19.8952
16.1686
15.9861
14.6628
16.8227
16.8227
13.5981
12.7919
16.3207
26.2987
20.0321
20.6405
19.3324
19.2107
22.5722
28.0175
22.6634
22.633
22.633
15.5754
15.4689
10.5256
12.4573
18.4045
16.0469
12.3356
16.1838
13.9935
17.8874
22.5418
16.3207
13.6893
16.6097
14.4651
18.2829
14.389
16.7466
14.9518
8.27444
6.35793
8.15276
8.63949
10.4343
8.63949
7.10324
11.0731
12.3204
15.2408
11.1948
11.0731
11.0731
15.1799
7.90939
8.30486
8.35049
6.61651
1.58188
1.58188
4.89774
5.08026
1.58188
9.67379
6.64693
6.78382
13.2634
7.80292
11.6359
12.5181
11.0427
15.332
13.0505
9.11101
15.332
7.86376
9.55211
14.8149
9.67379
13.4003
3.6657
5.76473
3.6657
3.6657
3.6657
5.00421
11.4838
15.5602
15.0278
12.9136
13.9327
13.9327
8.09191
7.97023
0.42589
0.42589
0.42589
0.42589
0.42589
0.42589
3.86343
0.42589
0.42589
3.86343
8.01586
6.19062
5.32363
5.77994
16.4728
13.0049
9.52169
8.01586
5.74952
9.0958
8.83722
1.87088
1.87088
1.87088
9.41522
6.66214
5.7191
1.87088
1.87088
0.42589
4.38059
3.95469
5.74952
3.90906
3.90906
3.95469
3.90906
3.93948
2.29677
10.0693
10.0693
2.29677
8.88285
4.77605
9.74984
7.68123
9.79548
4.38059
4.38059
8.0767
1.85566
4.18285
8.0767
9.40001
9.40001
11.712
4.41101
9.50648
1.94693
5.39968
5.38447
5.38447
9.20227
0.0
5.38447
1.94693
1.94693
5.39968
1.94693
1.94693
1.94693
1.94693
5.39968
5.39968
5.39968
1.94693
1.94693
1.94693
1.94693
1.94693
14.4803
6.72298
8.51781
5.96246
5.96246
5.93204
5.93204
2.52492
2.52492
5.93204
5.93204
1.85566
5.26279
5.26279
5.29321
1.85566
1.85566
1.85566
1.85566
1.85566
1.85566
1.85566
1.94693
1.94693
1.94693
1.94693
1.94693
1.88609
5.32363
5.29321
5.29321
1.88609
1.88609
1.88609
5.29321
5.29321
1.9013
1.88609
2.82913
