+10.829284763510878875 
+10.660448688317796240 
+10.489583204811006922 
+10.323516978855961312 
+10.158812862594684745 
+9.992145482823636016 
+9.830175624381267241 
+9.666286215699861017 
+9.507026951541169169 
+9.345891426358820198 
+9.186137633937551783 
+9.027759475219429675 
+8.873877656119095292 
+8.718205317786075881 
+8.563890527458021040 
+8.413973305912797684 
+8.265348403624878770 
+8.115016619284432409 
+7.968985485856897810 
+7.821288668423692414 
+7.674913747315208923 
+7.532743094180746724 
+7.391830689703605017 
+7.255008675161758624 
+7.116570668640839870 
+6.982161897564575170 
+6.846176558536897439 
+6.714159796058843277 
+6.580605500408094777 
+6.448271070497848534 
+6.314487716057525013 
+6.184601214417917880 
+6.053304381533683554 
+5.925843561856940056 
+5.799575136475693782 
+5.671953335649091876 
+5.548077544263567695 
+5.422885984908723422 
+5.301380860638643888 
+5.181041004276814022 
+5.061861075322227954 
+4.941439051381822267 
+4.824586409277813459 
+4.708877645921117683 
+4.594307474946380587 
+4.483174367441325359 
+4.373123849250117878 
+4.261892144813464789 
+4.154014318556180640 
+4.044990329402347484 
+3.939265156242704791 
+3.832428477850017501 
+3.728836020361744552 
+3.624166351614839243 
+3.522686773553607154 
+3.420163916510597701 
+3.320777482585935303 
+3.220381342245588030 
+3.121051915853645831 
+3.022784114973249281 
+2.923599926924469017 
+2.827461570877153108 
+2.734299778970305184 
+2.640227859578136105 
+2.547192321238538781 
+2.457055514111541328 
+2.367903714531683690 
+2.276079631571857220 
+2.187118960239303078 
+2.099169854687595205 
+2.012227370600761844 
+1.924543078361041992 
+1.839619347547502670 
+1.757390399410468262 
+1.671059778511693850 
+1.587454556223182323 
+1.504866546876350242 
+1.421669363421775856 
+1.341120412970369102 
+1.261573148113791731 
+1.183022455473576429 
+1.107004736515813548 
+1.030412226018858846 
+0.956303769340848930 
+0.881649557444500687 
+0.807966761501651476 
+0.736695241219292640 
+0.666347115941590573 
+0.595510282176984873 
+0.528402227675801583 
+0.460796085207435979 
+0.395446822138776355 
+0.330961269249090861 
+0.266018620311504250 
+0.203265164610199278 
+0.140081632560551839 
+0.079042536728490376 
+0.017600063800603749 
-0.042969738902437271 
-0.102671441766808869 
-0.161509602585393708 
-0.219488766572959904 
-0.277770411338234879 
-0.334027868250768023 
-0.389439980520261742 
-0.445116218426937493 
-0.498834091162098758 
-0.550649134961187059 
-0.602724691699776827 
-0.653977252919597518 
-0.704411251060751198 
-0.754031106137137641 
-0.802841225751606657 
-0.850846005111124626 
-0.897094461127707632 
-0.943517909362476814 
-0.989149039921828788 
-1.033992198832388354 
-1.078942764526704678 
-1.122207109443602135 
-1.165555627304645014 
-1.207258747223239226 
-1.249023113556118503 
-1.288370504699390295 
-1.326990787680303541 
-1.365669818716899186 
-1.402832912641269303 
-1.440032683547954662 
-1.475754801180455544 
-1.510769826376796132 
-1.546496155127712768 
-1.580771995867634061 
-1.615000712257540272 
-1.647817377365656810 
-1.679918080629851929 
-1.711306948629433222 
-1.742606901527219421 
-1.772570113637208067 
-1.801833881350448863 
-1.830978099659573033 
-1.858841135393102917 
-1.886017008107911508 
-1.913043343687055753 
-1.938843187539903923 
-1.964473792672519536 
-1.988914009222360946 
-2.012687316670168869 
-2.036262462719555799 
-2.058700479377741033 
-2.080045545504239257 
-2.101190918385839268 
-2.121689173878506196 
-2.141544234853208550 
-2.160760012392406892 
-2.179713008960634468 
-2.197649058508840625 
-2.214957566265432831 
-2.231642396071267243 
-2.248028830399714906 
-2.263465317767623830 
-2.278585919085410083 
-2.293073259211992010 
-2.306660358545224554 
-2.319905755751852539 
-2.332529901431534824 
-2.344536800613193250 
-2.355708556984552615 
-2.366295090204079798 
-2.376498290751666076 
-2.385913816938495913 
-2.394755364250791274 
-2.403026632291773268 
-2.410882673738672821 
-2.418152668049605936 
-2.424840509014634549 
-2.431066397606825191 
-2.436590114922662309 
-2.441543362841210651 
-2.445929985343138213 
-2.449682828141984459 
-2.452958824516452196 
-2.455630579137867642 
-2.457772649802084430 
-2.459416122311564479 
-2.460532013790377448 
-2.461085868197692150 
-2.461087082102855206 
-2.460539601799625942 
-2.459441893430197368 
-2.457797892962261699 
-2.455707432651880850 
-2.453119775522058177 
-2.450038378109379522 
-2.446388713086596667 
-2.442320259787752690 
-2.437670535228082969 
-2.432628998241952445 
-2.426993424669531052 
-2.420865318786026066 
-2.414248269500424371 
-2.407145853724662388 
-2.399561636390350472 
-2.391499170465577251 
-2.382786435742445974 
-2.373768696116080434 
-2.364283365412219950 
-2.354333948674797838 
-2.343711064758549512 
-2.333278617551972189 
-2.322197551660012849 
-2.310923268223262994 
-2.299237016847914816 
-2.286885527158068143 
-2.274376023531726076 
-2.261190433939102462 
-2.247306358625404954 
-2.233282405105606827 
-2.218848310443330973 
-2.204007242961154134 
-2.188762360206466084 
-2.172793362120362559 
-2.156410506693145379 
-2.139617114166236789 
-2.122416493165392382 
-2.104811940717487673 
-2.086806742267251380 
-2.068776096232582518 
-2.049987266166951372 
-2.031194917366434538 
-2.012030174405561311 
-1.992496075791096999 
-1.972595649438728671 
-1.951914605235945288 
-1.931283242964791924 
-1.909862596581641370 
-1.888512528301719229 
-1.866364714929348523 
-1.844308083768229523 
-1.822366818322878501 
-1.799629592548670942 
-1.777027261468996144 
-1.754101959508773234 
-1.730368756601135871 
-1.706799130395628694 
-1.682413855872768593 
-1.657703482161108965 
-1.632670880340793218 
-1.606798218664524214 
-1.581123302563899102 
-1.554601143503168359 
-1.528295505621958483 
-1.501681954966613830 
-1.474210782833440092 
-1.446424899674818576 
-1.418892256346712344 
-1.390491973705779927 
-1.361785774652826575 
-1.333359722488699717 
-1.304645428084191039 
-1.276240296448657219 
-1.246963460689748615 
-1.216800405536693219 
-1.186960405590356871 
-1.156845744477914550 
-1.126459108085926530 
-1.095174755558950608 
-1.064246772168399247 
-1.032415565837180083 
-1.000312363897434054 
-0.968590034174502179 
-0.935956530479577609 
-0.903059342645553542 
-0.870566939453283339 
-0.837826546762460822 
-0.805516364950772612 
-0.772292667824340029 
-0.739513978012563911 
-0.706507082071311743 
-0.672579640787333233 
-0.639118873090447792 
-0.604733063758875033 
-0.570119461519208670 
-0.535280573044532915 
-0.499501048462612118 
-0.464214598211864171 
-0.427983547220504690 
-0.392259646921994332 
-0.356322947156867187 
-0.320175895623931339 
-0.283820930312716158 
-0.247260479518670806 
-0.211249251646380642 
-0.174289147116059695 
-0.137130735107225732 
-0.099012048978680767 
-0.061460256970034877 
-0.022945109629555205 
+0.014990386072682327 
+0.053892161187638621 
+0.092201763289292415 
+0.130693002770312816 
+0.169363557358220618 
+0.209005748415307835 
+0.247233370307396783 
+0.286428031620783230 
+0.324987765530448058 
+0.363708609028710939 
+0.403400103951724986 
+0.442440031257241628 
+0.482452845558633214 
+0.522624637417532512 
+0.562128594785805902 
+0.602608534326305900 
+0.643240839255946995 
+0.684023309008697566 
+0.725790592936951029 
+0.766869780570722526 
+0.808092542919528256 
+0.849456716778179910 
+0.890960148196191071 
+0.932600692462669301 
+0.975230166259517972 
+1.017141228144314624 
+1.059182980920503780 
+1.101353316871030330 
+1.144514640194074673 
+1.186938372967086153 
+1.229484378323755678 
+1.273022561318070345 
+1.316683711614111019 
+1.359588840078357563 
+1.403487041473757913 
+1.446620318820635021 
+1.490747098183099695 
+1.534100258025503649 
+1.577559213240393277 
+1.621121965988695734 
+1.665678687075887510 
+1.709445094048032132 
+1.754205511721632860 
+1.798167528153783223 
+1.843123471064410879 
+1.887273125812718888 
+1.931512725611947090 
+1.975840344581115460 
+2.019346815163379105 
+2.063843031016695306 
+2.108421580157004982 
+2.153080571863691617 
+2.197818124213524626 
+2.242632364065540784 
+2.288438296427665719 
+2.333401796787169857 
+2.378436380167283204 
+2.424461403035966356 
+2.468711452752662794 
+2.513024447574300879 
+2.558323786520826815 
+2.604611517274058485 
+2.650034305262479961 
+2.695515492669995794 
+2.741053302135524561 
+2.787576986196095064 
+2.833223807344946721 
+2.879855071163909486 
+2.925603754549564783 
+2.971400231269569758 
+3.016306764407477914 
+3.062192771376813560 
+3.108121455053597160 
+3.155029686212400541 
+3.201039414933243954 
+3.247086710466797754 
+3.293169897995451123 
+3.339287311119012003 
+3.386379455703241170 
+3.433503758176621901 
+3.480658475023697740 
+3.525954006936537155 
+3.572218873208266920 
+3.617563166521306606 
+3.662929302688200828 
+3.709261535256554332 
+3.756559520967296173 
+3.802929730385573137 
+3.849316354159933340 
+3.895717825885093077 
+3.942132587375788866 
+3.988559088651668638 
+4.034048008373761540 
+4.080493210474640087 
+4.126945582547723035 
+4.174351778322466622 
+4.220814014929122671 
+4.267278862892650793 
+4.314693115488531738 
+4.361158692453468433 
+4.408570605074293880 
+4.455030883250406859 
+4.501486329163848055 
+4.548883356924471322 
+4.595324616470618295 
+4.642704168794050901 
+4.690072630016015154 
+4.737428491375747619 
+4.784770252726874951 
+4.832096422520564261 
+4.879405517788820035 
+4.926696064127692232 
+4.972076177010726461 
+5.018381343529716432 
+5.063720252342194250 
+5.109980691367511874 
+5.155273189701194525 
+5.200540814667086842 
+5.246724557543878120 
+5.292879748506935655 
+5.338064044008261178 
+5.384158835200812732 
+5.429281456453274757 
+5.475310744193086165 
+5.520366720997942345 
+5.568200539681494199 
+5.614120185224088289 
+5.660000979198698268 
+5.705841665326901513 
+5.752575235820958532 
+5.798331085708607446 
+5.843110628166514608 
+5.887846934049400183 
+5.933469459710300598 
+5.978114903138233238 
+6.023642308089116604 
+6.068192269284828910 
+6.112693290448594219 
+6.158069782966029138 
+6.202468522453012056 
+6.247738309707686177 
+6.292030289775839336 
+6.337188829623780606 
+6.382289463843699551 
+6.427331055468121335 
+6.473229828653638052 
+6.518148691176488541 
+6.563919901304103632 
+6.608711484435125350 
+6.654350519239754291 
+6.699010333166663500 
+6.744512641966538880 
+6.789944187154097754 
+6.835303831481644110 
+6.879685436242105823 
+6.924899392500747375 
+6.970038105438705500 
+7.015100468985997040 
+7.060085384864517977 
+7.104094411707038148 
+7.148922771476073024 
+7.193670456749342357 
+7.238336400093995593 
+7.282028697224964375 
+7.326529672563966145 
+7.370945770670299879 
+7.415275954690629945 
+7.458635189263182141 
+7.502792234360780022 
+7.546860320799520849 
+7.589959767747846975 
+7.632094952997789505 
+7.675020591689047045 
+7.717857046649049479 
+7.759731930481862605 
+7.802389132767562074 
+7.845822148148275943 
+7.887426928665952630 
+7.928941800105588911 
+7.972089954272312262 
+8.014278719440717680 
+8.056371155195503064 
+8.099222424526054454 
+8.141117604171952848 
+8.183765812324020672 
+8.225460262106151887 
+8.267054092767025963 
+8.308546473743824379 
+8.350780206626348345 
+8.392065111095597274 
+8.433246098036015326 
+8.474322363846088280 
+8.516128145059498777 
+8.557823217838134155 
+8.599406749790730942 
+8.640877915705257095 
+8.682235897532180502 
+8.723479884367772996 
+8.764609072437218984 
+8.804803531178897913 
+8.845703074215457207 
+8.886485465348041402 
+8.927149929008887597 
+8.966885949479991069 
+9.006507257518444831 
+9.045208058657392414 
+9.084600194277317797 
+9.123075154967505540 
+9.162235384603414801 
+9.200481851470632577 
+9.238614282824901380 
+9.278213622500416591 
+9.316899579151529665 
+9.355464701776355696 
+9.393908337206276826 
+9.433010633844260084 
+9.471206848402498935 
+9.509279641223553625 
+9.548001552576884876 
+9.586593639058822447 
+9.624287297780876216 
+9.662620409233754870 
+9.700821767944747265 
+9.738890740364391618 
+9.775311822924740213 
+9.811609771730843477 
+9.848536355306354295 
+9.884583819355546197 
+9.921253585456849322 
+9.957048393231067607 
+9.992717386323544559 
+10.028999175085358431 
+10.065885140919819563 
+10.101899300498267564 
+10.138511066313837361 
+10.174983515527157962 
+10.211316098552915221 
+10.246785808309567756 
+10.282120163833720738 
+10.317318665944313238 
+10.351666633326958689 
+10.386594752160853261 
+10.420676924398495800 
+10.455332772901243743 
+10.489147323836371939 
+10.522828781918310170 
+10.557074208674256610 
+10.590485398726334765 
+10.624454045730569618 
+10.657593252440188181 
+10.691969474847724086 
+10.725515392127976000 
+10.758919544271329016 
+10.792181513244452518 
+10.825975304709414715 
+10.858948753526878050 
+10.891778791246091274 
+10.925130588613356508 
+10.957669677702334354 
+10.990064179583818316 
+11.022313716216933344 
+11.054417915179842069 
+11.087027104162164193 
+11.119484197130592662 
+11.151144220659649164 
+11.183299055047291048 
+11.214662156768032020 
+11.246513298546826576 
+11.278210529950813523 
+11.309753503005934405 
+11.341141875680627038 
+11.372375311868916370 
+11.403453481373825085 
+11.434376059890510646 
+11.465142728989476950 
+11.495142500126705798 
+11.524991946901851136 
+11.555295314562311404 
+11.584840185695140846 
+11.614233892897681599 
+11.643476168934446591 
+11.673158855961423441 
+11.702094385543942323 
+11.731463537202202474 
+11.760091294753776126 
+11.789145886696243082 
+11.817464890010439760 
+11.845630725467783506 
+11.873643168224070621 
+11.902068945209123285 
+11.930334548162225161 
+11.957879224012359032 
+11.985827032130686121 
+12.013059858013393821 
+12.040689043272010395 
+12.067609228808697353 
+12.093829716571466548 
+12.120442851585352173 
+12.146362217679863349 
+12.172132333729788201 
+12.198285221181233595 
+12.224282256542933212 
+12.250649028877125701 
+12.298219194186646774 
+12.323610498988669448 
+12.349358614029045000 
+12.374433483220414587 
+12.399858440711332364 
+12.424616366776414011 
+12.449717669412292409 
+12.474158185084878170 
+12.497947434135511457 
+12.522076537077772684 
+12.546048184375253598 
+12.569862285698574667 
+12.593999898712038288 
+12.617495436783531915 
+12.640833185018998108 
+12.664484486968078158 
+12.687503222989464646 
+12.711293703431465474 
+12.734912968878843387 
+12.757902842702387503 
+12.781182867475555653 
+12.804291518541662143 
+12.826780651616997986 
+12.849104989920419939 
+12.870822928690177633 
+12.892382546235690910 
+12.914218935531200927 
+12.935458626367282164 
+12.956539952494484425 
+12.977037492569985844 
+12.997805309944878260 
+13.017995742057182795 
+13.038034212515627885 
+13.058333419811809506 
+13.078064840946774794 
+13.098050639300264919 
+13.117878153605410319 
+13.137547413822462161 
+13.157851463070059594 
+13.177591044881607374 
+13.197165971164920961 
+13.216576292617038035 
+13.235822064621228122 
+13.254903347230197141 
+13.273443478911957527 
+13.291825762326753946 
+13.309679914940973688 
+13.327749932215329665 
+13.345662320753570285 
+13.363056393178222692 
+13.380656987290253213 
+13.398454555801905030 
+13.415386154734763480 
+13.432514921337180169 
+13.449486612283401143 
+13.465959745261095293 
+13.482620809975930598 
+13.498789873051252997 
+13.515804820618191329 
+13.532650232174948002 
+13.549326251431857315 
+13.565833026832642361 
+13.581851989029809502 
+13.598024051751858465 
+13.613402938430642308 
+13.628317053741263010 
+13.643081952245211141 
+13.658000692814002974 
+13.672764246956749190 
+13.687669298681855778 
+13.702119816411162390 
+13.716705796435936904 
+13.731130904856023278 
+13.745111617132508286 
+13.758657559028685924 
+13.772333328655257390 
+13.785580913813463511 
+13.798952488470913380 
+13.812170691193987437 
+13.824970620411274780 
+13.837623761167581193 
+13.850648238219781305 
+13.863258121914558529 
+13.875968327956304194 
+13.888270672439807285 
+13.900667526207366009 
+13.912663246965863095 
+13.924747697997773344 
+13.936437740577542144 
+13.947976846894423630 
+13.959365259480899013 
+13.970375380430427370 
+13.981466210187635468 
+13.992185303930716245 
+14.002979542856738959 
+14.013624343360842062 
+14.024119969061977997 
+14.034257016232530191 
+14.044458127795527602 
+14.054307193867325410 
+14.064214864868969102 
+14.073777014582367073 
+14.083392345232258691 
+14.092860425451812389 
+14.102181546114794131 
+14.111170231763018990 
+14.120201303480696353 
+14.129086302220549953 
+14.138002368148644194 
+14.146766981558599241 
+14.155209681767081165 
+14.163675397051775917 
+14.171660928782323197 
+14.179670113710301393 
+14.187376356118578613 
+14.194944856391126464 
+14.202529279707642118 
+14.209820376612279702 
+14.216974678033951207 
+14.224137258952978868 
+14.231016096895903189 
+14.237898150054219215 
+14.244639011557406860 
+14.251105744527754027 
+14.257568145178078467 
+14.263762784494989688 
+14.269948127403193183 
+14.275994054223906105 
+14.282020035340309505 
+14.287785407951876238 
+14.293412482385368989 
+14.299012224837053253 
+14.304361031185068853 
+14.309677619264961734 
+14.314749717160040632 
+14.319784754645676017 
+14.324678212164240421 
+14.329336842903400040 
+14.333951209581138997 
+14.338425252410150534 
+14.342588713793382738 
+14.346706324357915818 
+14.350690383759793889 
+14.354541302888204513 
+14.358333997808703231 
+14.361917184286047799 
+14.365368488324261165 
+14.368688331873331165 
+14.371940855909365098 
+14.374996394157694368 
+14.377980111851748291 
+14.380773100467131087 
+14.385566569531555103 
+14.387993932824372223 
+14.390293253215595826 
+14.392421927825004957 
+14.394428581126206268 
+14.396351618667157624 
+14.398112982459394971 
+14.399753611545850873 
+14.401304333776057121 
+14.402702294833282792 
+14.404006198262390370 
+14.405163268681599575 
+14.406222177325373579 
+14.407140153240188596 
+14.407955910131038380 
+14.408636606190048823 
+14.409211073144424731 
+14.409672357588018343 
+14.410002498608676547 
+14.410215477690858421 
+14.410303819713156770 
+14.410268044590871739 
+14.410113069975327704 
+14.409833086535591917 
+14.409439798394037879 
+14.408940895288218087 
+14.408316081922968976 
+14.407575060836467884 
+14.406718337269470709 
+14.405767401850221532 
+14.404683133243331383 
+14.403484680556321251 
+14.402172557698378341 
+14.400717018866046715 
+14.399144210831092749 
+14.397489617176095322 
+14.395686249361428821 
+14.393767266555164142 
+14.391733228336025974 
+14.389628785533108868 
+14.387414913871587885 
+14.385140634588260866 
+14.382711711802278032 
+14.380227798599511502 
+14.377585928205625976 
+14.374894449165736887 
+14.372101026599196416 
+14.369144787947673692 
+14.366083393628343856 
+14.362917391914251652 
+14.359579517453209263 
+14.356203846691894199 
+14.352725235910588353 
+14.349070097174642768 
+14.345308945009847434 
+14.341520734479122012 
+14.337631840733843447 
+14.333725232300041696 
+14.329638689018599607 
+14.325453145255599097 
+14.321169169226227069 
+14.316696890618899829 
+14.312215781986935781 
+14.307637967681635871 
+14.298979720120900794 
+14.294130712168449548 
+14.289289042089913906 
+14.275725163489941139 
+14.270443316573235393 
+14.265180264844463665 
+14.259717293044914754 
+14.254163703469993507 
+14.248520087672451595 
+14.242904929740159758 
+14.236965151082294767 
+14.231055020812206635 
+14.225057245334088663 
+14.218972423526835769 
+14.212801155689229304 
+14.206672593801414450 
+14.200331973982292411 
+14.194038675128945570 
+14.187397392792636452 
+14.180804644363956157 
+14.174129068232467432 
+14.167371274184437979 
+14.160391448269770365 
+14.153611477961897336 
+14.146610701793189691 
+14.139530159688900923 
+14.132517371037511822 
+14.125280743195238742 
+14.118116240296251007 
+14.110725950606200385 
+14.103412112416167545 
+14.095870593965727835 
+14.088409808336516349 
+14.080719503177636653 
+14.073114166628492683 
+14.065277525544555459 
+14.057367896605317270 
+14.049385908450263472 
+14.041497265199305744 
+14.033373893429731183 
+14.025180041744484072 
+14.016916342902261405 
+14.008754177753758086 
+14.000354080062386686 
+13.992059518931277751 
+13.983525513492564230 
+13.975101000260739426 
+13.966435585506577155 
+13.957346999246169617 
+13.948368507730426913 
+13.939141682473358941 
+13.929846131689348709 
+13.920851050526955817 
+13.911608357982313322 
+13.902488417381883679 
+13.893307651977565342 
+13.884066707977341437 
+13.874575811410556625 
+13.865215256938274280 
+13.855603658676496792 
+13.845932127349218632 
+13.836006138496035334 
+13.826215649450803724 
+13.816367315052456632 
+13.806660493409726342 
+13.796899435081702023 
+13.786883941213893934 
+13.777015296647956433 
+13.766891383443066843 
+13.756917824429976349 
+13.746688220662072411 
+13.736612423745645728 
+13.726487015845414419 
+13.716520779303666089 
+13.706508185172131320 
+13.696239821725630037 
+13.686135435893630685 
+13.675986563134218343 
+13.665368183257916357 
+13.654916666776195200 
+13.644206111326855790 
+13.633665611346099666 
+13.622865633325236701 
+13.612238849383064831 
+13.601570358898536384 
+13.590860824271590701 
+13.579891106370764575 
+13.569100668274222343 
+13.558271188670785179 
+13.547181143220921484 
+13.536497759682841746 
+13.525555138315635162 
+13.514800552130672884 
+13.503786546699817706 
+13.492737471577347819 
+13.481653991741243459 
+13.470763987239358528 
+13.459614361925407167 
+13.448432314235132523 
+13.437218509750728401 
+13.426203408223273073 
+13.414928701606687156 
+13.403393212973137238 
+13.392059039186769098 
+13.380696437924360254 
+13.369073334453087654 
+13.357655330347871114 
+13.346210910531461025 
+13.334740741066468672 
+13.323245487992851466 
+13.311490472418611830 
+13.299946572286945212 
+13.288379599967464983 
+13.276790221255833302 
+13.264941918524648656 
+13.253309300830618866 
+13.241656287057445240 
+13.229983542511506656 
+13.218291732339679356 
+13.187424994920341703 
+13.175669519840429444 
+13.164138447342814686 
+13.152111273383212620 
+13.140309829672760955 
+13.128494390303519168 
+13.116424080730727297 
+13.104582387484100536 
+13.092728700574820522 
+13.080863682170319251 
+13.069230457356628250 
+13.057344958682572056 
+13.045207254294215460 
+13.033303524323175182 
+13.021391768116384213 
+13.009472645504294164 
+12.997303366382464418 
+12.985127803788975243 
+12.973190330436549900 
+12.961004389969701833 
+12.949058088673462308 
+12.937108410334079878 
+12.924912061093493776 
+12.912957561945987095 
+12.900757658790807270 
+12.888801013601842271 
+12.876600283443611517 
+12.864644162130579375 
+12.852689286318147666 
+12.840492394181708846 
+12.828542024044145009 
+12.816594867224216259 
+12.804407877969973484 
+12.792469196377622254 
+12.780535689649468623 
+12.768608005763550040 
+12.756686791949363169 
+12.744772694672986901 
+12.713445804973462216 
+12.701805394493938195 
+12.680006190759643303 
+12.668395236995857900 
+12.656554164776586902 
+12.644966894725213180 
+12.633151251639736401 
+12.621590116489423750 
+12.609802401219234014 
+12.598029741417983374 
+12.586512549005920647 
+12.574771564044565864 
+12.563047523044685860 
+12.551579785428682356 
+12.539891148912262864 
+12.528459303013740112 
+12.516808538894883540 
+12.505177841803529759 
+12.493804566184772753 
+12.482215440445514787 
+12.470648245408785471 
+12.459338979691949589 
+12.448051941549399757 
+12.436553290057947407 
+12.425312950719652250 
+12.414096598972683694 
+12.402671918466243284 
+12.391505812062986180 
+12.380133629926834971 
+12.368557647096128704 
+12.357010881044294237 
+12.345724022262423603 
+12.334237019862911211 
+12.322781165212782994 
+12.311357103444649397 
+12.300192988704029773 
+12.288833774394245069 
+12.277508266756033350 
+12.266442587541366294 
+12.255410494362628526 
+12.226531838031599264 
+12.206751610230378802 
+12.195913009983163633 
+12.185331886065661422 
+12.174567937625566216 
+12.163842576302085874 
+12.153374078360585031 
+12.142726831162612200 
+12.132119913169381320 
+12.121769125939817258 
+12.111458141800241606 
+12.100973965707417790 
+12.090745074791524161 
+12.080557624619181922 
+12.070201240526591491 
+12.059889175380556381 
+12.049412936445079936 
+12.038984041296899363 
+12.028603091924173540 
+12.018476856872190695 
+11.999796605912278480 
+11.990010067430176832 
+11.980270332437241265 
+11.970376505534249034 
+11.960732946562801615 
+11.950938383718238356 
+11.941393121734890315 
+11.931699980875180245 
+11.922255122630751600 
+11.912665547054235304 
+11.903129098065361902 
+11.893453353311398857 
+11.884025891019772914 
+11.874653183992510463 
+11.865335767486229201 
+11.856074174757598172 
+11.846681665556845431 
+11.837348397303127712 
+11.828259809720769624 
+11.819412895812666520 
+11.810439548277695820 
+11.801525191839697726 
+11.792670345293709389 
+11.784054408022708316 
+11.775318888485124091 
+11.766644412003355313 
+11.757856359380371103 
+11.749306769458645050 
+11.740647207911106165 
+11.732224569407806669 
+11.723695596627049298 
+11.715570570030699571 
+11.707340205131044897 
+11.699340908213249790 
+11.691239859221493447 
+11.683368181894563165 
+11.675398369163879408 
+11.667495575378714179 
+11.659501085944670606 
+11.651577392576616177 
+11.643881349161594230 
+11.636099328676195341 
+11.628389610900462969 
+11.620904717809789730 
+11.613490213295809994 
+11.605997433998290091 
+11.598726562538368867 
+11.591527479701500880 
+11.584400644009303250 
+11.577346511467132117 
+11.570365535549321123 
+11.563598395153773524 
+11.556763566895007500 
+11.550003231270736137 
+11.543317831530965023 
+11.536841950406484969 
+11.530306190145795497 
+11.518370950027758681 
+11.512182308584932855 
+11.505941411373431293 
+11.499778401153387009 
+11.493817092419350345 
+11.487809509969888921 
+11.481881065246769325 
+11.475913638609597456 
+11.470146345656695885 
+11.464459433328924476 
+11.458853307516134734 
+11.453216465675778224 
+11.447774788528112921 
+11.442306581957696565 
+11.436924170672158496 
+11.431733047097939249 
+11.426418394705308401 
+11.421295852540692906 
+11.416360593169349258 
+11.411411574093845545 
+11.406550790777307824 
+11.401873212043575734 
+11.397373985809426955 
+11.389249924102836431 
+11.381411272774574428 
+11.377218214964587517 
+11.373112674447646953 
+11.369095001704916825 
+11.365165544116605290 
+11.361324645946503153 
+11.357497004984249855 
+11.353836070593288810 
+11.350264716363454909 
+11.346783273877340648 
+11.343392071525213893 
+11.340157887024064465 
+11.336946279225708523 
+11.333825870954724380 
+11.330857875058716999 
+11.327918932054702239 
+11.325072119093563927 
+11.322317741930296719 
+11.319602751568854870 
+11.317036051810086761 
+11.314513188360878715 
+11.312135373059229337 
+11.309805854075047904 
+11.307618102518862457 
+11.305524850598686726 
+11.303526376930983943 
+11.301622956696878219 
+11.299778956172060518 
+11.298068408187289080 
+11.296485716561752710 
+11.294995261238661044 
+11.293569145160207157 
+11.292265820382015207 
+11.291031228275778986 
+11.289915996874249515 
+11.288894190398595541 
+11.287966034690310124 
+11.287115371185185708 
+11.285808553562171497 
+11.285247337077356278 
+11.284780828929703134 
+11.284402504426026326 
+11.284128011578806294 
+11.283946121526669870 
+11.283863773306721967 
+11.283882566504845002 
+11.284001953549402941 
+11.284227013138613316 
+11.284548939294953840 
+11.284971399875773912 
+11.285506307507684909 
+11.286132450587267329 
+11.286875571666371343 
+11.287706122696533839 
+11.288638103934534485 
+11.289693833824708591 
+11.290831248027298983 
+11.292070581994273937 
+11.293411989925031591 
+11.294855622071047208 
+11.296434242716767216 
+11.298050140189964452 
+11.299801306793494149 
+11.301694165756373422 
+11.303653135191328971 
+11.305715149145681764 
+11.307880329732707736 
+11.310196166446850441 
+11.312520658900199422 
+11.314944478140272821 
+11.317575017951721605 
+11.320313550110698841 
+11.323102185586954249 
+11.326054843645490422 
+11.329053508494286717 
+11.332220663195183619 
+11.335496279236419781 
+11.338811690216095585 
+11.342302294197882162 
+11.345828535822244376 
+11.349534409492219922 
+11.353271740276305479 
+11.357193129403798437 
+11.361141772477031608 
+11.365195076055915280 
+11.369439029451127610 
+11.373703912349499845 
+11.378163835841251128 
+11.382640431804365022 
+11.387221853373883818 
+11.391908120012978145 
+11.396798116765305409 
+11.401696254472032166 
+11.406802463411152004 
+11.412017875152276503 
+11.417342486405971158 
+11.422776288990686311 
+11.428095454570954104 
+11.438224259287235185 
+11.443948371891163873 
+11.449777250867505529 
+11.455710861923229515 
+11.461873486649318821 
+11.468018575724709507 
+11.474268265211009066 
+11.480753268656277655 
+11.492565717735416797 
+11.499216198910298559 
+11.506109919080408588 
+11.513112160173369247 
+11.520079560937725560 
+11.527296415833172105 
+11.534473958876642286 
+11.541755370592769125 
+11.549292348796541319 
+11.556783307791750559 
+11.564533886418677966 
+11.572233944997211808 
+11.580037319342329383 
+11.588106317113879840 
+11.596118046850348193 
+11.604399377594758036 
+11.612787729299570927 
+11.621282948599940710 
+11.629884876748004530 
+11.645459812863093063 
+11.653999566714329461 
+11.662999087076730831 
+11.671921345593561981 
+11.680945115073015472 
+11.690070211700691161 
+11.699485788818520859 
+11.708815025977299840 
+11.718051549971843173 
+11.727580015134574154 
+11.737011304261633526 
+11.746538669910746577 
+11.756363407716101221 
+11.766084293067839539 
+11.776106136897213972 
+11.786227202160114658 
+11.805285883400223668 
+11.815689096714072193 
+11.826190575794012005 
+11.837007394666040128 
+11.847487283601161323 
+11.858281975217305870 
+11.869173858346400152 
+11.879937423195714885 
+11.891020869275182648 
+11.902200651042040391 
+11.913476470544042130 
+11.925081091605191475 
+11.936550015257118673 
+11.948351032383813575 
+11.960011776971141373 
+11.972007857786486795 
+11.983859095000726214 
+11.995804111077484677 
+12.008089217167960072 
+12.020222655471025419 
+12.032448822661597987 
+12.045019717905462997 
+12.057686404691404292 
+12.070192315713216047 
+12.083047503645412135 
+12.095997293187229715 
+12.109041272878233286 
+12.121915353835941431 
+12.135144592100063576 
+12.148199406712501869 
+12.161343058676694184 
+12.174575131989946897 
+12.187895204913372638 
+12.201577384168528440 
+12.214797633868700544 
+12.228379117608676907 
+12.242046856345352168 
+12.255800399434471970 
+12.269356013974741515 
+12.283278062815170983 
+12.297284538668490583 
+12.311374967611699915 
+12.325548869836950416 
+12.340097577224520720 
+12.354438641393350906 
+12.368861693728030460 
+12.383663086435863221 
+12.398250245451563956 
+12.413218026201427335 
+12.427967186797149068 
+12.442795735965203718 
+12.458008189882155747 
+12.472995501225508264 
+12.488060570274297945 
+12.503202844897147727 
+12.518733151252575908 
+12.534029703070045159 
+12.549401755790038138 
+12.565164753210735782 
+12.581005144841654442 
+12.596603213239525587 
+12.612594992130208738 
+12.628662279979820937 
+12.644480858321163197 
+12.660695741561267980 
+12.676331246761179727 
+12.692361809525278815 
+12.721655613967403298 
+12.737548212843160300 
+12.753838813652615514 
+12.770196357779243002 
+12.786620181884932990 
+12.803109616275145655 
+12.819663984882176067 
+12.835942812017332670 
+12.852623705020775446 
+12.869367479911545615 
+12.886173435114903540 
+12.903040862609687522 
+12.919969047911333604 
+12.936957270058336178 
+12.953656304772039221 
+12.970761223700133513 
+12.987573158809635032 
+13.004791873222673715 
+13.021713841800927725 
+13.039751898919879736 
+13.056783161731861043 
+13.074222751440327528 
+13.106392898972053729 
+13.123622128240921114 
+13.141260828105711056 
+13.158949777591134378 
+13.176688164960705052 
+13.194111691074974502 
+13.211945525075961427 
+13.229460959881762960 
+13.247753292914648426 
+13.265725542995532749 
+13.283742236727794861 
+13.301802515282780348 
+13.320275400656615972 
+13.338421090007486214 
+13.356607728772271315 
+13.374834430661453055 
+13.393473476962901358 
+13.411778390341590139 
+13.430120648123274663 
+13.448499336312217167 
+13.467289697177363905 
+13.485739172497961391 
+13.504222275450697310 
+13.522738064089200094 
+13.540906757608146549 
+13.559105007204321325 
+13.577711933124977151 
+13.595967141569785142 
+13.614630306077222244 
+13.633320417717257556 
+13.652036485725652426 
+13.671160235015216600 
+13.689925693408307339 
+13.709097740347155892 
+13.743664104211958943 
+13.762127479026450061 
+13.780994277511780410 
+13.799493424978905409 
+13.818394683028373038 
+13.837311771003676597 
+13.855857115696132098 
+13.875189155613909975 
+13.894534317891167774 
+13.913504191797102294 
+13.932871910927715930 
+13.951861642506909078 
+13.970859526220911206 
+13.989864442169292147 
+14.009263292560561354 
+14.028278969277081956 
+14.047298250878135661 
+14.066319987752967435 
+14.085731253434708776 
+14.104754412853301559 
+14.124164696841095434 
+14.143960747257954935 
+14.162976925303754072 
+14.182376338709572039 
+14.201381787788907474 
+14.220380102755738605 
+14.239757520560214488 
+14.259124940091712830 
+14.278094048263552551 
+14.297437797915062418 
+14.317154065816541930 
+14.336468307774545394 
+14.355765917913300811 
+14.375430944459301585 
+14.394690827191725546 
+14.413545400280323605 
+14.432762884345128995 
+14.451189603154867669 
+14.469976618391498846 
+14.488738486887648094 
+14.507473881984941144 
+14.526181469244054512 
+14.544859906428676766 
+14.563507843493555427 
+14.581744330025408374 
+14.599948961928044255 
+14.618498659133827289 
+14.636634970234702280 
+14.654735504813274360 
+14.673174867913871822 
+14.691574175583497208 
+14.709557789456912502 
+14.727873630535434302 
+14.746145184255757599 
+14.763999525300523175 
+14.782179164938661131 
+14.800310214476725790 
+14.818759682472983030 
+14.836788097004026454 
+14.854763487065357097 
+14.872684368323170645 
+14.890549248361315549 
+14.923573183758506389 
+14.941630280567444800 
+14.959263749802968135 
+14.976833822132984864 
+14.994695517996898815 
+15.012132794619017062 
+15.029501997224970822 
+15.047153877008742739 
+15.064380758594086984 
+15.081884127425674080 
+15.099309977961912210 
+15.116310466555514580 
+15.133577811817373160 
+15.150762551242824117 
+15.167862959666621236 
+15.184877302878344807 
+15.201128484095375981 
+15.217633150775991879 
+15.233716057889589379 
+15.250045689042488917 
+15.265953927592565975 
+15.281773347486630854 
+15.297829074406038785 
+15.314113587913269043 
+15.330296419040177369 
+15.346375744259665552 
+15.362031295308995027 
+15.377900262948177357 
+15.393974310759613644 
+15.409309353559116573 
+15.424845746572948713 
+15.439960235445587600 
+15.454962881864698687 
+15.470154561906007018 
+15.484925783270735877 
+15.499877568900817693 
+15.514410004493040418 
+15.528821508013169961 
+15.543110250069529954 
+15.557562146387137858 
+15.571597242665372818 
+15.585503999042973788 
+15.599280551031316833 
+15.612925025375151478 
+15.626709856750480299 
+15.640081728686713092 
+15.653315811597943608 
+15.666410196827785128 
+15.679888615494334658 
+15.692951727559712793 
+15.705863240735432385 
+15.718367451120688116 
+15.730471499151317261 
+15.742677790822167339 
+15.754486224666269578 
+15.766145567795678772 
+15.778130162638923650 
+15.789479297652984968 
+15.800905184634096656 
+15.811939532773418904 
+15.823040115978820097 
+15.833751904044802927 
+15.844519213266671898 
+15.855115115260788983 
+15.865537549157926023 
+15.875784444985288957 
+15.885650017363165176 
+15.895543279049100249 
+15.905058417694057482 
+15.914397159685218952 
+15.923935297544268508 
+15.933277618051647551 
+15.942421854059150021 
+15.951188829257889168 
+15.959761224604694263 
+15.968136878286422586 
+15.976478405067862099 
+15.984449926184275625 
+15.992061632099717983 
+15.999628515404772600 
+16.012839697609340561 
+16.019675737354269529 
+16.026442448411749808 
+16.032861492464423492 
+16.039070993514840779 
+16.045068824888581105 
+16.050971062900618591 
+16.056534618350472243 
+16.061880027000405846 
+16.067213859995526093 
+16.072206725609884614 
+16.077059991586327925 
+16.081577159204435645 
+16.085940159845744546 
+16.089972085790265055 
+16.093835042459048168 
+16.097441709602755111 
+16.100789561972092656 
+16.103816911538281431 
+16.106644819848874306 
+16.111106172311618678 
+16.113098667658270813 
+16.114872607349390421 
+16.116353248934476738 
+16.117577124013770629 
+16.118559246130651275 
+16.119257164373543390 
+16.119697518975367956 
+16.119859953487882365 
+16.119753859894107251 
+16.119366126809357098 
+16.118710169526423215 
+16.117778527035195424 
+16.116512337142541611 
+16.114941710022108623 
+16.113104509429852840 
+16.110969745586185553 
+16.108482003510204095 
+16.105738158953560202 
+16.102688929156816044 
+16.099331704407912724 
+16.095585758510623009 
+16.091598254618634911 
+16.087294812759179052 
+16.082770312246292832 
+16.077833617439786451 
+16.072573059426780162 
+16.067103262625590077 
+16.061193674568588818 
+16.054952208709536876 
+16.048238447050628963 
+16.041318173451855955 
+16.034057806053034767 
+16.026454604297150297 
+16.018339979629185876 
+16.010035708870937299 
+16.001380264339505999 
+15.992183294135065452 
+15.982614807684761615 
+15.972874376511764893 
+15.962561493158897719 
+15.951868187975552615 
+15.941016762243476634 
+15.929561329083517407 
+15.917957202647453840 
+15.905727751768342415 
+15.893359230044007191 
+15.880343784624198378 
+15.867199087562177340 
+15.853945930258003472 
+15.840029230110335590 
+15.826014215874252500 
+15.811314040594094621 
+15.796525891812095210 
+15.780710242010787425 
+15.764142652695850799 
+15.747469614259312465 
+15.730020888016852609 
+15.712122194036570733 
+15.693770135658375864 
+15.675707552271298084 
+15.657220284088550599 
+15.637914790754891214 
+15.618560184179235861 
+15.598363276526317378 
+15.578128814416393411 
+15.557454210358791613 
+15.535900752397418856 
+15.514327416367430956 
+15.492758507175357963 
+15.470292242483694167 
+15.447370235848591591 
+15.423989335076193186 
+15.399654952898117699 
+15.375838188480608792 
+15.351061584367073465 
+15.326333374468738668 
+15.301149593089046874 
+15.274968102031181161 
+15.248854446843294497 
+15.221717375199997235 
+15.193523885374162319 
+15.165977319052018402 
+15.137367803856889736 
+15.084129192511039008 
+15.054728189660291804 
+14.997014797199165415 
+14.964891962495224575 
+14.932890081205805188 
+14.901037506399561039 
+14.868003738221602816 
+14.834443681629846168 
+14.800353948339131094 
+14.766443077932599692 
+14.730571843027195911 
+14.695606613539416330 
+14.660120061358052013 
+14.623353116728720735 
+14.586803167245667723 
+14.548943891349383151 
+14.511317240392301642 
+14.472352008440074300 
+14.433635266660758134 
+14.393550366798589124 
+14.352894620987783014 
+14.311664496670756463 
+14.268997182131746726 
+14.226595753972350877 
+14.183609208931507339 
+14.140033968966950084 
+14.095866444684816088 
+14.051103035323958323 
+14.005740128742914408 
+13.959774101400361346 
+13.913201318344309954 
+13.866018133195588291 
+13.818220888129278734 
+13.769805913866177249 
+13.721776508032657915 
+13.672127815795949601 
+13.622882772335373147 
+13.573030907193905037 
+13.521510906916986983 
+13.468279977024614880 
+13.415463541367889988 
+13.361999761719252078 
+13.307884865466805380 
+13.251990471790247028 
+13.196548495652804078 
+13.140443937539028951 
+13.083672978073968451 
+13.026231786211475594 
+12.968116519220979299 
+12.909323322672101142 
+12.848627428811170148 
+12.788452729176135847 
+12.726339049272636927 
+12.663503145171361552 
+12.601219249810217349 
+12.538233811063681955 
+12.422024542083644150 
+12.358375451069331774 
+12.294038756172900761 
+12.172915633012067360 
+12.103817237512433991 
+12.035361555345570395 
+11.966170030624736498 
+11.896238623553283986 
+11.824113153921160801 
+11.752674507280428173 
+11.680483703823590247 
+11.607536655607926690 
+11.532317084395835138 
+11.456301448224111894 
+11.379485364992815377 
+11.301864439522349315 
+11.223434263547330758 
+11.014077246641694074 
+10.935952286853959592 
+10.857062760285408842 
+10.775736958450949032 
+10.695290256360294734 
+10.612366537995411520 
+10.530346376352113680 
+10.444074255088432679 
+10.356946166079595173 
+10.268957550360319431 
+10.180103835660982980 
+10.088577066067871968 
+9.997961850652606230 
+9.910144349801111474 
+9.819657501025259805 
+9.726444856385217719 
+9.634230468585279539 
+9.541154411542862590 
+9.447212282046628218 
+9.272394531879699642 
+9.175971513890697651 
+9.078665414265470801 
+8.980471769652533354 
+8.881386104217046551 
+8.783453373203167658 
+8.682588621673900775 
+8.580818439037859235 
+8.478138299652615117 
+8.376667012668914225 
+8.272172134231121632 
+8.166753739982915761 
+8.060407254231277463 
