+10.406094958366077563 
+10.228317902718272236 
+10.055581823461917423 
+9.880829482012254417 
+9.711044382627743943 
+9.539289768985486972 
+9.372429269391648887 
+9.203645532970245569 
+9.039683386023710909 
+8.873843811734065667 
+8.712753902928680461 
+8.553075986288089183 
+8.394803712853484257 
+8.237930749666620756 
+8.082450779751782832 
+7.931488443201476279 
+7.781850868506811736 
+7.630456171356684081 
+7.483477745912542112 
+7.331764958342851024 
+7.181463748992314322 
+7.032567524000857162 
+6.885069706680051027 
+6.741872259109696230 
+6.597123953541990105 
+6.453754558748260095 
+6.314584098509821608 
+6.173925761998041217 
+6.037399684619427553 
+5.902173255928889084 
+5.768240413498125108 
+5.632901427539410477 
+5.392649193733229929 
+5.263649395862630698 
+5.133320238251908307 
+5.006868814529320311 
+4.881669706054608149 
+4.755200261887674529 
+4.632513234889374942 
+4.511060630976070129 
+4.390836557565336307 
+4.271835137552545625 
+4.151659369981908654 
+4.035110339682176139 
+3.919766305317831545 
+3.805621451829235724 
+3.692669979543979686 
+3.580906104158841252 
+3.470324056721747041 
+3.360918083613736229 
+3.252682446530917204 
+3.145611422466427776 
+3.039699303692400711 
+2.932814428679153984 
+2.831329027390986575 
+2.728859530640465714 
+2.629582966250467280 
+2.529357274333650096 
+2.432267927582193678 
+2.334264029683437158 
+2.235408366810478498 
+2.139649498847006726 
+2.044993408506734056 
+1.949536576276987176 
+1.857091655144108344 
+1.765732821019758703 
+1.675454578187824950 
+1.586251445940591864 
+1.499905945144323738 
+1.412814988025456131 
+1.325038130377185652 
+1.240080932928293578 
+1.156171667020187144 
+1.073304941616735064 
+0.989816151196722060 
+0.909039394690605462 
+0.829288985844710780 
+0.750559593345599296 
+0.671270445558848294 
+0.594587716303832892 
+0.518909990497725460 
+0.444231996258199757 
+0.370548476440005103 
+0.297854188616923921 
+0.224690639083535260 
+0.152546128536149794 
+0.081415134266542566 
+0.011292149445342403 
-0.057828316897939658 
-0.124599007122814243 
-0.189083531845763986 
-0.252658928966035035 
-0.316626067097017128 
-0.378378915844701069 
-0.440495505482296323 
-0.500445310734471960 
-0.559510068439140085 
-0.618897363357127972 
-0.676188029055927231 
-0.733774101280232571 
-0.789309905586934590 
-0.845114330465527530 
-0.898914394536124206 
-0.952956635817333364 
-1.007191794786621131 
-1.061570110218614360 
-1.113964402330035242 
-1.165455234547152941 
-1.217050515918398190 
-1.266732157754429267 
-1.314558742444418726 
-1.360587166791765057 
-1.407673172056846056 
-1.453886390784113303 
-1.499231915978496588 
-1.542833587995330547 
-1.586476045397697376 
-1.629265895592149960 
-1.670377598949807307 
-1.710680013205923444 
-1.749379779535761514 
-1.788094002735768129 
-1.825246986562804707 
-1.862391359290617388 
-1.898015473726589519 
-1.933608228070903934 
-1.967721280082200153 
-2.001093143347954850 
-2.034400230592600778 
-2.066944011840330830 
-2.098729056939538040 
-2.130385383948922851 
-2.160651359370731939 
-2.190172317422849346 
-2.218952772373819826 
-2.246432216294619977 
-2.273760036888024416 
-2.299825091155282664 
-2.325717807168899753 
-2.350385591657822459 
-2.375352713814937289 
-2.399103755620952683 
-2.422612749998828363 
-2.444495041703852678 
-2.465709169911006526 
-2.486680331522254761 
-2.506556722015165661 
-2.526170788375591059 
-2.544726092060551892 
-2.563365948670245587 
-2.580955650252420241 
-2.598217619485570395 
-2.614790452891382344 
-2.630678672645519356 
-2.645589260035514201 
-2.659850902595234601 
-2.673196336570327958 
-2.686185752854861164 
-2.698784250074210078 
-2.710492135253209867 
-2.721572019794161079 
-2.732028052531880746 
-2.742058686401916745 
-2.751266888572526881 
-2.760032797029108309 
-2.768009940735090879 
-2.775528182465503590 
-2.782290930706373899 
-2.788578453221715492 
-2.794143360194594194 
-2.799121487269431441 
-2.803516850097237167 
-2.807333451218415377 
-2.810575280080815475 
-2.813294908435491237 
-2.815387582008222367 
-2.816917453773161384 
-2.817888460722828725 
-2.818307267214944289 
-2.818161098646999818 
-2.817487467683971403 
-2.816262125528751881 
-2.814538789499835048 
-2.812249447944335401 
-2.809428359107595696 
-2.806005539753325451 
-2.802121788654995171 
-2.797717830534068639 
-2.792797460353423133 
-2.787248271503175445 
-2.781296065145248519 
-2.774838831399698336 
-2.767880313863436470 
-2.760424243402351152 
-2.752474338169321300 
-2.743856980548985192 
-2.734920620554495585 
-2.725304353686858860 
-2.715396560335591403 
-2.704796658995846315 
-2.693932349517400127 
-2.682127671604360941 
-2.669820151652832152 
-2.657525406513979505 
-2.644773825009611556 
-2.631294803864580700 
-2.617631129896023978 
-2.603521387616408944 
-2.588667548953388575 
-2.573977845814871657 
-2.558551089057822026 
-2.543020292285723016 
-2.527078245975562965 
-2.510383279364033271 
-2.493620134719515491 
-2.475731730296363509 
-2.457782043202762168 
-2.439042016162325410 
-2.420264725428582508 
-2.400687308085489136 
-2.381096310825220996 
-2.360695632398133625 
-2.340304724841191231 
-2.319522975212116478 
-2.297917689552594567 
-2.276800309258952382 
-2.254866042337466681 
-2.233013327359325118 
-2.210334873280441315 
-2.186811147807139477 
-2.163386426213422808 
-2.139108001774287615 
-2.114453561478827126 
-2.089930710759542620 
-2.065053256032330253 
-2.039305896208050584 
-2.013721777978053851 
-1.987792714099073876 
-1.961521878295362953 
-1.934365878867595256 
-1.907414159407645471 
-1.880130181806340062 
-1.852517072067465520 
-1.824577944370570748 
-1.795735784084998343 
-1.767147420860558427 
-1.738242374161991677 
-1.709023710812472174 
-1.680100207373270038 
-1.650269709812148378 
-1.620134663985432155 
-1.589698090127908969 
-1.558332662763110221 
-1.526023013557582075 
-1.494682046767691119 
-1.462403188462166881 
-1.429826162548140545 
-1.398274610634700821 
-1.366453917297349108 
-1.333695539636616800 
-1.301339342422645373 
-1.268040005429151407 
-1.235159451645856166 
-1.200637352466216612 
-1.166539787081800839 
-1.131478004447707519 
-1.096857371097341272 
-1.061267762208572663 
-1.026855113805581254 
-0.991479125989672028 
-0.955856970571852926 
-0.919991437283629310 
-0.883145958928258423 
-0.846797168924929622 
-0.809464322425897720 
-0.772643524448994867 
-0.735593239449197966 
-0.699079194110387547 
-0.661582634632958744 
-0.624636614749249475 
-0.586704359993746039 
-0.549336686475955460 
-0.510979229171894644 
-0.470832284535907419 
-0.431253690424782121 
-0.391461234672211944 
-0.352259823872099531 
-0.312858305874030407 
-0.272449098359425435 
-0.232651202133915547 
-0.192661016471033619 
-0.152481107635583868 
-0.112939702943968712 
-0.072391745288493681 
-0.032494676616988016 
+0.008411400709270822 
+0.048654448202903211 
+0.089065144960551734 
+0.130488224081682702 
+0.172081090485612265 
+0.212987369909960478 
+0.254909073620106952 
+0.296132770354494923 
+0.337510073818283018 
+0.379905475309866958 
+0.421586239313729294 
+0.465159712784533497 
+0.508013748201769033 
+0.551015878793226221 
+0.594163730896267950 
+0.638339911737963561 
+0.681774981574138295 
+0.725348667872289354 
+0.769058639539389688 
+0.813798728908373903 
+0.858675852634306125 
+0.903687567861167551 
+0.948831443103948402 
+0.994105058228671012 
+1.039506004432482200 
+1.085031884223631948 
+1.130680311401574656 
+1.175532376660987310 
+1.220497630732277017 
+1.266494922252656252 
+1.311682117952065241 
+1.356975845544861059 
+1.403301484400614640 
+1.447874173739396753 
+1.494406082615036269 
+1.540106182982182048 
+1.586837547011498373 
+1.632728752069516176 
+1.679650692062347517 
+1.725724342251945487 
+1.772828064751509558 
+1.818130921643483333 
+1.864459679602338937 
+1.909921388724693969 
+1.956408261320584430 
+2.002020912910198902 
+2.048657864652398075 
+2.094413625402546941 
+2.141192698711087417 
+2.188040564827991474 
+2.233997126428722169 
+2.280975283000199028 
+2.328016300089537083 
+2.375118206498587625 
+2.423242106823996878 
+2.471425291764154153 
+2.519665698802526776 
+2.566994837111022498 
+2.614375039675207013 
+2.662772839552079773 
+2.710250390759679107 
+2.757773262849640972 
+2.805339573949747312 
+2.851975459391012713 
+2.899622250113209176 
+2.946333407036923369 
+2.994053416290958225 
+3.040832768615899795 
+3.088618810423393590 
+3.135459355511681423 
+3.183304318729152982 
+3.231176366621562934 
+3.280051460985728973 
+3.327972791361239580 
+3.376894484480721381 
+3.424857885534571267 
+3.472839465524053537 
+3.521817196969446506 
+3.569830212690912496 
+3.618836431679258503 
+3.666873866667009985 
+3.715901453255463061 
+3.763956368812371167 
+3.812998282260397609 
+3.861063817157230460 
+3.909132093449661838 
+3.958182465794727989 
+4.006251248053755099 
+4.054317808599279260 
+4.103361343238063341 
+4.150437775715370314 
+4.198487960992675738 
+4.245549139825362417 
+4.293580633858598894 
+4.340620464162316949 
+4.388627080716667628 
+4.435639537337866756 
+4.482636241138997946 
+4.530594288468068775 
+4.577554741351683276 
+4.625472786625057786 
+4.672391136222116437 
+4.720263240288630868 
+4.767133703012493839 
+4.813978351112974785 
+4.861770857572881965 
+4.910507969673050255 
+4.958238715934162322 
+5.006909771917429808 
+5.053600463068406157 
+5.101228584666529287 
+5.147848767622035027 
+5.194432043089421747 
+5.241946359127705790 
+5.288451016804410543 
+5.335882342341514928 
+5.382303040835429542 
+5.428680237495665750 
+5.475977421959165703 
+5.522262799248467857 
+5.569463601412985909 
+5.617575425813878809 
+5.664672445964358261 
+5.711716098270579245 
+5.757746665960536525 
+5.804680806613552235 
+5.850601601215771552 
+5.897421150210123031 
+5.943227228047734734 
+5.990879587607890855 
+6.037515943024120979 
+6.084088715143042059 
+6.130596658767864859 
+6.177985634105176871 
+6.224358833013230452 
+6.270663493876331707 
+6.316898405506394809 
+6.363062365129044551 
+6.409154178365578325 
+6.455172659214965414 
+6.500179750494752717 
+6.545114242670754479 
+6.590908852817391583 
+6.635693310430489156 
+6.681332509161537203 
+6.725962537504670991 
+6.770514541140423503 
+6.815913137783345732 
+6.860304259726911269 
+6.905536451617390270 
+6.949762453285522668 
+6.995742656566783069 
+7.040714502021665488 
+7.085597411284906499 
+7.129477086448775758 
+7.174180809705015704 
+7.218792451840416291 
+7.263310973417564043 
+7.307735343036581455 
+7.352968216620425324 
+7.398100911810786329 
+7.442232728706958511 
+7.487163922046937259 
+7.531991773607439100 
+7.576715238980648692 
+7.620441961261454011 
+7.664955694316520685 
+7.709361979625050765 
+7.753659806791221243 
+7.797848173915229886 
+7.841926087573318327 
+7.885892562797863548 
+7.929746623057422283 
+7.972613604068625293 
+8.015370788584268880 
+8.058017280972025631 
+8.100552193307946069 
+8.142110010933549802 
+8.184421451723915553 
+8.227478686011810538 
+8.269558552436647503 
+8.311522514183828036 
+8.353369729200700533 
+8.395099363016665706 
+8.437558558750417603 
+8.479048115298667199 
+8.520417616056608523 
+8.560825661222301264 
+8.602793241014527581 
+8.643797779331848119 
+8.685512113992489347 
+8.726266884153000447 
+8.767724748693936476 
+8.808226620803413454 
+8.848602181976232828 
+8.888030564591318239 
+8.928153893239331396 
+8.968148714465000282 
+9.008826538541981677 
+9.049369044169065290 
+9.089775479303691341 
+9.129241052919883970 
+9.169375880573767290 
+9.208573871640304276 
+9.247638394436290099 
+9.286568777611419634 
+9.325364356980408331 
+9.364024475504898248 
+9.403333265765967397 
+9.441717722451651085 
+9.479964776978910379 
+9.518073800860904043 
+9.556044172667045089 
+9.593104610733538706 
+9.630798702824840518 
+9.667587340237325577 
+9.705002799318199536 
+9.741517357346895167 
+9.778651884236717606 
+9.814890137026587524 
+9.851741486382582735 
+9.887701260682137061 
+9.924267240722372208 
+9.959946415612135340 
+9.996224887838442541 
+10.031621394459680374 
+10.067610273380783070 
+10.104182017498356316 
+10.139873236427851211 
+10.175416362485881550 
+10.210810897348325810 
+10.246774088635905997 
+10.281866915575513133 
+10.316809686879516050 
+10.351601931114611688 
+10.386243183490776687 
+10.420732985843208951 
+10.455070886614372228 
+10.489256440835893258 
+10.523289210110512215 
+10.557168762594118405 
+10.590894672977588797 
+10.625150055219499734 
+10.659244586243573849 
+10.693177835091880468 
+10.726275534386669364 
+10.759888200517075063 
+10.793338341686355975 
+10.825961409712428818 
+10.859088568636767747 
+10.892052021503110026 
+10.924851385701806805 
+10.956835201643039923 
+10.989308568363176377 
+11.021616746884358662 
+11.053118153704538429 
+11.085098217641972340 
+11.116277408777564872 
+11.147296639639188598 
+11.178155600855728125 
+11.209478812936271908 
+11.240013045376970879 
+11.270386111244766525 
+11.301212606457518461 
+11.331259188029042306 
+11.361143762057302808 
+11.390866062358021793 
+11.421027395200022525 
+11.450421048913636213 
+11.479651661642325422 
+11.508718991460893832 
+11.538210971891512457 
+11.566947689886101003 
+11.596101838777338244 
+11.624507030991626522 
+11.653322440704972252 
+11.681395242048790095 
+11.709303221602743506 
+11.737046185204700777 
+11.764062785689040069 
+11.791478535281685325 
+11.818174254698474712 
+11.845262097405301560 
+11.872184047265278650 
+11.898395566805998413 
+11.924988651352162350 
+11.950877727075180701 
+11.977141365251037897 
+12.003238375192413656 
+12.029168625559696792 
+12.054931990659696339 
+12.080528350427517381 
+12.106474813610669017 
+12.131733411018409186 
+12.156824674438608369 
+12.181748506252370490 
+12.206504814378568824 
+12.231593576625702013 
+12.256011160116909053 
+12.280754122064276856 
+12.304832672851970798 
+12.329229543140300507 
+12.352968798153927565 
+12.377019331186804862 
+12.399943206579818522 
+12.423178269168348109 
+12.446245185730443694 
+12.469143924235842391 
+12.491874457974386559 
+12.514436765538038188 
+12.536375490865474092 
+12.559056642910935153 
+12.581114196252418225 
+12.603003490447342472 
+12.624724530327705807 
+12.646715427173658597 
+12.668096560626235458 
+12.689309485820487566 
+12.710354228360428053 
+12.731655121230502914 
+12.752360165209214671 
+12.772897134889472426 
+12.792852062926279189 
+12.813056454871160739 
+12.832685695282769700 
+12.852961533496612745 
+12.873062658100096201 
+12.892592325840901424 
+12.911954347268556731 
+12.931538782875538374 
+12.950562342726655629 
+12.969418516062150459 
+12.988107398742684495 
+13.006252768281852283 
+13.024610785485704056 
+13.043171334372733128 
+13.061558144509316293 
+13.079408780027309334 
+13.097451968791471444 
+13.114966115169602645 
+13.132313917094778688 
+13.149495513783174161 
+13.166511049156056856 
+13.183702815201101544 
+13.200383297219383749 
+13.216898181006580870 
+13.233247629217853358 
+13.249431809122746984 
+13.265450892587143272 
+13.281305056055360936 
+13.296675933683197002 
+13.311888902106232990 
+13.327256114694959521 
+13.342767708417154537 
+13.357803421849013148 
+13.372977170147537507 
+13.387980616287656233 
+13.402813986011398839 
+13.417185902346965065 
+13.431683205468420539 
+13.446011133196131837 
+13.459888410142625048 
+13.473603488608809187 
+13.486881630651470942 
+13.500276331330573143 
+13.513241104885612032 
+13.526316397684553294 
+13.538968769091869859 
+13.551984330044183125 
+13.564577494177175510 
+13.577262548828564093 
+13.589532369287599778 
+13.601888053997075900 
+13.613835661578706393 
+13.625863147658515473 
+13.637489707263027228 
+13.649190200671613482 
+13.660267740742158438 
+13.671419814126979375 
+13.682191526642064616 
+13.692812339758818396 
+13.703499078369343778 
+13.713815852865430145 
+13.723982629963773050 
+13.734206815308596106 
+13.744071410185284776 
+13.753786942825106721 
+13.763551458670892913 
+13.772966732045958338 
+13.782616834486585589 
+13.791918387709563021 
+13.801066319691949857 
+13.810242957906218919 
+13.819081602964784494 
+13.827767714092212614 
+13.836301658835882478 
+13.844853294834690516 
+13.853080938080738704 
+13.861320806492802404 
+13.869243694338839745 
+13.877016324967755168 
+13.884793097067756662 
+13.892263339939848521 
+13.899732376371071396 
+13.906901852474764070 
+13.914064822391848608 
+13.920935182206974901 
+13.927793784704647351 
+13.934366707902066551 
+13.940793045311325571 
+13.946946510386304396 
+13.952960116625636289 
+13.958955165246845098 
+13.964687373760012790 
+13.970396012393212715 
+13.975848495288815343 
+13.981272444014051004 
+13.986553242515821438 
+13.991691339714519060 
+13.996787665974315118 
+14.001736361878123205 
+14.006443322776338078 
+14.011101152453781182 
+14.015524011150954919 
+14.019806959837932681 
+14.024033583348401777 
+14.028035300016938436 
+14.031898541837190209 
+14.035549141010616125 
+14.039139682242833373 
+14.042524079266989645 
+14.045777442721457007 
+14.048963909884278678 
+14.051953896023659851 
+14.054872475253851860 
+14.057711895926015444 
+14.060359095709612731 
+14.062922655274590511 
+14.065300552859845595 
+14.067590383462956538 
+14.069701080531542559 
+14.071719339096549817 
+14.073564961462512457 
+14.075246474629949489 
+14.076834462127663983 
+14.078264617197984165 
+14.079597055634126335 
+14.080777906587417903 
+14.081877597478451136 
+14.083523649450222948 
+14.084253936392039819 
+14.084842691615353516 
+14.085306360625816424 
+14.085651128527295839 
+14.085863773466208215 
+14.085953562017571983 
+14.085917476926429259 
+14.085754638056082300 
+14.085472138597996405 
+14.085059046143712180 
+14.084532469302937230 
+14.083871518705230130 
+14.083086304416518431 
+14.082196830481620964 
+14.081167403356694479 
+14.080039797923150857 
+14.078768606171855993 
+14.077405278581714754 
+14.075926177949821039 
+14.074331901794504773 
+14.072623050009660517 
+14.070761841840939255 
+14.068823340554628132 
+14.066772089804713275 
+14.064563384662521983 
+14.062286195348645990 
+14.059848216750749472 
+14.057347594667007229 
+14.054737317390312512 
+14.052018005518997157 
+14.049249070040126242 
+14.046315753003769444 
+14.043275263441215017 
+14.040062900475257734 
+14.036807800773276611 
+14.033447435514121437 
+14.029982440276842937 
+14.026339537907317023 
+14.022665095141872982 
+14.018887954588130640 
+14.015008760029495249 
+14.010945869096431693 
+14.006862456263897698 
+14.002592530514114344 
+13.998307551721641317 
+13.993923794128590998 
+13.989349429257497803 
+13.984768100398342838 
+13.980089978542249440 
+13.975315724894574743 
+13.970446002492380444 
+13.965276838343005039 
+13.960005724964254625 
+13.954633416136953628 
+13.949160667705235994 
+13.943588237554768838 
+13.937916885590551530 
+13.932375468908789529 
+13.926628260411282767 
+13.921023510834627857 
+13.915214329327493914 
+13.909317255490901033 
+13.903455968739070414 
+13.897386922761835848 
+13.891358490907471435 
+13.884991970739658740 
+13.878537496963488707 
+13.871995804578332923 
+13.865501036451149730 
+13.858788825972805370 
+13.851991596767163628 
+13.845248541446686374 
+13.838565293750036744 
+13.831664073765567835 
+13.824827235326223374 
+13.817770601601218061 
+13.810782872429467005 
+13.803573586491665992 
+13.796437676849874876 
+13.789078510554489299 
+13.781797140686009584 
+13.774290875938460132 
+13.766866775796071209 
+13.759373058850011162 
+13.751652113249775766 
+13.743860036130394420 
+13.735997544656001423 
+13.727902755119995248 
+13.719900190870550460 
+13.711829385373373924 
+13.703691060352863218 
+13.695485938622571354 
+13.680414269409698846 
+13.672024919910658269 
+13.663571541881161409 
+13.655229300835928896 
+13.646651319834532501 
+13.637834519571908842 
+13.628954088039840542 
+13.620010802596505428 
+13.611186152110013481 
+13.602120713133407648 
+13.592994742555630339 
+13.583993316467106283 
+13.574749798812055346 
+13.565634679790061767 
+13.556464402203404873 
+13.547239704555504858 
+13.537771417699843823 
+13.528439025771984205 
+13.519054448940767799 
+13.509618428678896507 
+13.499937577880590567 
+13.490399886110536087 
+13.480812994595657628 
+13.471177647486282325 
+13.461692674974944595 
+13.451764566171242166 
+13.441988323297563213 
+13.432166607457766361 
+13.422098349312655330 
+13.412187039563596258 
+13.402232514915557005 
+13.392235523989546309 
+13.381991515170941653 
+13.371911011171711436 
+13.361790304851860256 
+13.351422390947568886 
+13.341014196183222040 
+13.330775854038220629 
+13.320290258298280506 
+13.309977597581891473 
+13.299629288856170461 
+13.289246084715466978 
+13.278615788914551743 
+13.268164379314345780 
+13.257680349153936561 
+13.246949515434598865 
+13.236401878270109833 
+13.225607709772319254 
+13.214999543845264540 
+13.204362558529094684 
+13.193697508425117348 
+13.182786657765133143 
+13.172067208311139197 
+13.161541517250361366 
+13.150771756350613018 
+13.140198229845672984 
+13.129381116456187328 
+13.118319753041690845 
+13.107457362175454207 
+13.096573701649724342 
+13.085669526560945286 
+13.074522454066901389 
+13.063579134938049009 
+13.052617581570750360 
+13.041638548752301219 
+13.030642791147968751 
+13.019406173145114280 
+13.008378926710371104 
+12.997337233961255620 
+12.986281848889529300 
+12.975213525274217119 
+12.964359266322404096 
+12.953267551787487122 
+12.942391824920600030 
+12.931279670442558327 
+12.920385365332375471 
+12.909255719611593349 
+12.898118358310235010 
+12.886746530419728174 
+12.875595872953070398 
+12.864212041374013751 
+12.853051152018069914 
+12.841886331006856281 
+12.830946273024309789 
+12.819775878557265969 
+12.808603783895206263 
+12.797202710941661508 
+12.786029462795971412 
+12.774856771944737233 
+12.763685384708239212 
+12.752288127728208522 
+12.741349503478225813 
+12.730186499187507110 
+12.719027777881422026 
+12.707646513948526845 
+12.696498713230678135 
+12.685357438446041911 
+12.674223430810169333 
+12.663097430820489109 
+12.652206968631400485 
+12.641099001483281583 
+12.630001243928472121 
+12.618688291141678448 
+12.607613410459354242 
+12.596550964323508737 
+12.585276334534936993 
+12.574241252916904088 
+12.563220823097458023 
+12.552215777384894579 
+12.541002756212433766 
+12.530031023347449448 
+12.519076880819586250 
+12.508141057142022845 
+12.497001691878988794 
+12.486105098553318626 
+12.475229018405860515 
+12.464152874671825089 
+12.453320448806847409 
+12.442510720926335921 
+12.431504532344778369 
+12.420742862938189077 
+12.409787212024014025 
+12.399294860180964051 
+12.388609961136790361 
+12.378169317411146011 
+12.367755275790003111 
+12.357152410264008680 
+12.346794171580871335 
+12.336034786480752246 
+12.325521447936404584 
+12.314825779756944257 
+12.304163411141004758 
+12.293535091386765146 
+12.283153092951357266 
+12.273016051208770705 
+12.262702278643336840 
+12.252633414766817666 
+12.242390610055469580 
+12.232392604662903679 
+12.222223498680524045 
+12.212299021371308072 
+12.202206333605879252 
+12.192358042689674491 
+12.182344480965850764 
+12.172575023191230414 
+12.162643283392958082 
+12.152955293675843151 
+12.143108059469390980 
+12.133504160621614076 
+12.123744103179117104 
+12.114029094933373543 
+12.104556683358570268 
+12.094932848236524592 
+12.085356073610853400 
+12.075827031093652408 
+12.066153416757803285 
+12.056722854671450662 
+12.047342042568651266 
+12.038011644936844391 
+12.028543487027233638 
+12.019316967255681661 
+12.010142857868862265 
+12.001021815937113146 
+11.991954496640962802 
+11.982941553252842937 
+11.974165897403903358 
+11.965443656191256494 
+11.956595429218809912 
+11.947982986005889927 
+11.939248107415538769 
+11.930571444073512666 
+11.921778379160494765 
+11.913221283621817648 
+11.904724328712319448 
+11.896288147717063666 
+11.887913371815026053 
+11.879431632590318202 
+11.871182837208218430 
+11.862997340368639954 
+11.854875764602610388 
+11.846654977336704917 
+11.838664438713443872 
+11.830739688051711056 
+11.822721660156384260 
+11.814931697880913575 
+11.807052479879905249 
+11.799244329504421813 
+11.791661910718834960 
+11.783996365957621677 
+11.776706088405186179 
+11.769483624503628505 
+11.762181220868685116 
+11.755097501387336223 
+11.748083277803804236 
+11.740995180983230028 
+11.734123080662403282 
+11.727181212172634872 
+11.720453472025226915 
+11.713660105669973177 
+11.707078943516785685 
+11.700571129139696325 
+11.694003947774513463 
+11.687645990504545779 
+11.681102835771023152 
+11.674770032504209638 
+11.668643305960408441 
+11.662467923520125623 
+11.656496471872008769 
+11.650602641963430983 
+11.644666624283457779 
+11.638931227839481863 
+11.633158012237760914 
+11.627583136272791720 
+11.621974842494461555 
+11.616450658719855937 
+11.611011117508763135 
+11.605765166566035518 
+11.600494742563883577 
+11.595415466039831642 
+11.590316212814364860 
+11.585405611361824896 
+11.580479559941945666 
+11.575739611999251721 
+11.571084835991060302 
+11.566421432117039103 
+11.561847785853840875 
+11.557273843384701095 
+11.552794409344855353 
+11.548496762335734189 
+11.544206001533868999 
+11.540011304719037355 
+11.535994199757345413 
+11.532149475211387113 
+11.528394670551939782 
+11.524654854542180971 
+11.521083124607006454 
+11.517531120018867696 
+11.514144266350999857 
+11.510781899768662839 
+11.507581699370913242 
+11.504410772189157086 
+11.501398977253820988 
+11.498361517484207539 
+11.495484086389932799 
+11.492705378189274512 
+11.489972183703725861 
+11.487394274589739496 
+11.484916406531613831 
+11.482539009101277117 
+11.480262508433844104 
+11.478087327210541702 
+11.476013884640011042 
+11.474042596440442665 
+11.472136808474390435 
+11.470373167885917098 
+11.468712915931517315 
+11.467187178541212944 
+11.465732774542695793 
+11.464382944915746165 
+11.463162434064139816 
+11.462020767993918113 
+11.461004912165901004 
+11.460072912753275887 
+11.459263170428432232 
+11.458555953214551337 
+11.457928664443050693 
+11.457422592249020710 
+11.457024457077832125 
+11.456734616580243724 
+11.456553424610262937 
+11.456480895236939688 
+11.456518382582453697 
+11.456665221091247631 
+11.456915741087438931 
+11.457280709879956504 
+11.457745547142692999 
+11.458329942455504735 
+11.459010351865751787 
+11.459833034449831146 
+11.460752365237034667 
+11.461783968643979748 
+11.462952676754118997 
+11.464212049405613669 
+11.465613801867288402 
+11.467102163866035980 
+11.468704305089072903 
+11.470456726409862469 
+11.472289618197573091 
+11.474278083057635413 
+11.476342861093632663 
+11.478522820710697516 
+11.482877803858105636 
+11.485440746430448655 
+11.488069801935981928 
+11.490815294545839720 
+11.493737097506523170 
+11.496718583358530807 
+11.499817232857877158 
+11.503100135392426040 
+11.506436206199300187 
+11.509890127639843982 
+11.513462118360983766 
+11.517075897147961427 
+11.520882244419050622 
+11.524807286240713822 
+11.528851223608464593 
+11.533014253037261909 
+11.537385204044543485 
+11.541789429245474352 
+11.546313312676829810 
+11.551053051457957466 
+11.555819232706538102 
+11.560806571080753713 
+11.565815740265017908 
+11.571051363047173410 
+11.576304172210951648 
+11.581566925761588749 
+11.587059048334854339 
+11.592556506568403307 
+11.598288495299879486 
+11.604141852046295114 
+11.609993552751507906 
+11.616087538437577464 
+11.622431376015070370 
+11.628771426540023270 
+11.635233431955674277 
+11.641817495183493847 
+11.648661848487908088 
+11.655492812461059060 
+11.662446115530277879 
+11.669667518788100935 
+11.676868245731412799 
+11.684191548220294266 
+11.691484310132905122 
+11.699050458858854640 
+11.706581227884676366 
+11.714390451806689697 
+11.722322540954491998 
+11.730543206492566100 
+11.738555483498489096 
+11.746856408471119337 
+11.755107195048820401 
+11.763651648665327087 
+11.772141033284061251 
+11.780929085888192986 
+11.789657117826896737 
+11.798503249383628599 
+11.807655488690858903 
+11.816740267562552802 
+11.826136105733223047 
+11.835459482239633289 
+11.845098848105781286 
+11.854861193019640808 
+11.864949503496593053 
+11.874960207071382001 
+11.885301857088554911 
+11.895771379691808534 
+11.906155516781277370 
+11.916878046730792207 
+11.927510000500603837 
+11.938264504756606499 
+11.949364735590400244 
+11.960366599114442110 
+11.971719058204270070 
+11.982967918503362625 
+11.994572212700070679 
+12.005831841904077706 
+12.017208433057367856 
+12.028701876487922107 
+12.041041566990655198 
+12.053267098609556029 
+12.065619017793194345 
+12.078097176347043273 
+12.090701419906537240 
+12.103431587918485945 
+12.116287513619800720 
+12.128747354604453079 
+12.141585991840607051 
+12.154279232612253736 
+12.167623902554002058 
+12.181093422627212064 
+12.194687589028557539 
+12.208130601470386978 
+12.221970941476641315 
+12.235935282757303355 
+12.250306419264042290 
+12.264520537397849864 
+12.278857945048176958 
+12.293318393563323454 
+12.307901627803571998 
+12.322607386123227258 
+12.337435400349608727 
+12.352385395763747056 
+12.367457091079643305 
+12.382650198425858790 
+12.397349532625618451 
+12.412779747175731515 
+12.428018289058767820 
+12.443686830705559032 
+12.459158323453925377 
+12.475063934897002937 
+12.490767120853313088 
+12.506260559175153446 
+12.522189488512855959 
+12.537903429994239346 
+12.554056797707987769 
+12.569989940135176454 
+12.586366392474463538 
+12.602855006842524688 
+12.619115519938796766 
+12.635825088817355777 
+12.652301329771484362 
+12.669230376078829181 
+12.686618602367728315 
+12.703770076715345638 
+12.721384438615990220 
+12.738756697441772303 
+12.756595490616616573 
+12.774186836905942144 
+12.791523694524830290 
+12.809328004547426261 
+12.826872637841374214 
+12.844519454464926156 
+12.862638867727833158 
+12.880490868467029841 
+12.898443742343060237 
+12.916874218462794488 
+12.935408868663820670 
+12.954047205185144520 
+12.972788733560662422 
+12.992018594198292192 
+13.010967075997625031 
+13.029627424190648455 
+13.049168490394297493 
+13.068814312361530128 
+13.088564321359204001 
+13.108019857225686522 
+13.127974449657108025 
+13.148031490290035705 
+13.167786208757794597 
+13.187638173740465319 
+13.207586808191443595 
+13.228041600381786225 
+13.248183757512455472 
+13.268420798975276043 
+13.288752119705543819 
+13.309594915076365496 
+13.330114843517048229 
+13.350727181021067480 
+13.371854778256011542 
+13.392651879860270725 
+13.413539455835849168 
+13.434516851348163868 
+13.455583404420464078 
+13.477171098098633450 
+13.498415736699159950 
+13.519311281738897179 
+13.540727701832102170 
+13.561790189858282218 
+13.582934291123780923 
+13.604602380438608478 
+13.625909357901029750 
+13.647742299859533688 
+13.669209363889063269 
+13.691204282348721222 
+13.712828587616787246 
+13.734982549436001165 
+13.756761194641198287 
+13.779071209403209508 
+13.801001237001738531 
+13.823464256736041733 
+13.846003390552976242 
+13.868617838433696221 
+13.891770602830291637 
+13.914069438794930633 
+13.936904953667209384 
+13.959344291680022110 
+13.982321601817222501 
+14.005369285108695721 
+14.028486488814914779 
+14.051672352570356850 
+14.075401272516987916 
+14.099199849267098017 
+14.122589130808261615 
+14.146522850357683865 
+14.170042744621547115 
+14.193144004033859673 
+14.217271461318551573 
+14.240978446533386403 
+14.264745945210867362 
+14.288573019261228580 
+14.312458722769170194 
+14.336891336176192269 
+14.360402195262281566 
+14.384458033130208321 
+14.409061254705793687 
+14.433226728907900593 
+14.457939763666658450 
+14.482706678448147741 
+14.507526400599264349 
+14.531899919963795043 
+14.556821002251108865 
+14.581291752596595046 
+14.605809057799753248 
+14.630371867755144422 
+14.654476498108540028 
+14.679126260316671448 
+14.703818350420418071 
+14.728046518998564096 
+14.752819201111496028 
+14.777124216249276856 
+14.801973185498042085 
+14.826350799069142994 
+14.851271687000267008 
+14.875717588462215701 
+14.900195668306988495 
+14.925726722755145559 
+14.950778712730190989 
+14.975860768682757396 
+15.000971718273520494 
+15.026110380814978740 
+15.051275567252965004 
+15.075951742830291380 
+15.101165896196734550 
+15.126402980786533448 
+15.152177477070983613 
+15.176941045073810699 
+15.201723074139028569 
+15.227039219087259880 
+15.251854966363040944 
+15.277203062132638678 
+15.302047672563077185 
+15.327422729803569013 
+15.352291283323832971 
+15.377688246184270326 
+15.402575757450936322 
+15.428508223471705918 
+15.453928597586362059 
+15.479873053147155559 
+15.505302447085313133 
+15.531253302546588202 
+15.556686202553994036 
+15.582637794919293128 
+15.608068615204079066 
+15.634015207816414517 
+15.659957071545743901 
+15.685374072479667973 
+15.710783686283898319 
+15.735666204898933529 
+15.761056993622638345 
+15.786436132772847074 
+15.811802174103938512 
+15.836636438316823217 
+15.862489125681108249 
+15.888323595418400558 
+15.914138270648406248 
+15.939415918700868602 
+15.965186710500066880 
+15.990932950766838516 
+16.016138889159545755 
+16.041318166495099007 
+16.065956248511145787 
+16.091078200115841668 
+16.115657146315438553 
+16.140715670249569769 
+16.165229468483605757 
+16.190727984516275484 
+16.216696168245285037 
+16.241605984048632649 
+16.266474957976271298 
+16.291807678278637184 
+16.316589177264432919 
+16.341324907991563009 
+16.366013220746481238 
+16.390150116498915622 
+16.414739659211591061 
+16.439276813127705168 
+16.463260788369453280 
+16.487689249743198161 
+16.512060268243985206 
+16.536867661272381724 
+16.561611624902901951 
+16.585797394398159810 
+16.609918732997243751 
+16.633973887432851768 
+16.657961094915158640 
+16.682365956699978682 
+16.706210465900326767 
+16.729497264536224321 
+16.753194865235268907 
+16.776334287255323829 
+16.800357533235750651 
+16.823818950285836848 
+16.847674225150527150 
+16.870967265853668238 
+16.894646866172802646 
+16.917763941157254237 
+16.940791089538084435 
+16.964193521414671295 
+16.987033208598973033 
+17.009777234936560575 
+17.032884825092846626 
+17.055429714406965758 
+17.077873119116972589 
+17.100213091279147903 
+17.122447673063710738 
+17.144574896738966174 
+17.166144545997745752 
+17.188053402398747238 
+17.209405316638271444 
+17.231087978589599174 
+17.252214452472912853 
+17.274099485200377302 
+17.295424265599468328 
+17.316625671155797761 
+17.337701644615279406 
+17.358223886912213629 
+17.379045449326234518 
+17.399314475818620451 
+17.419455226545384363 
+17.439881206530710500 
+17.460581921483669277 
+17.480727178786562348 
+17.501136999959442164 
+17.521396509459425062 
+17.541102785956002919 
+17.561057900838438428 
+17.580461432757925166 
+17.599320499711609500 
+17.618418733270498677 
+17.636974499678650830 
+17.655377031236124452 
+17.674002714138129733 
+17.692464284531279617 
+17.710759490941335059 
+17.728886071468746621 
+17.747206400830354056 
+17.764985343960752573 
+17.782946175662118549 
+17.800721800813210649 
+17.818309759951024063 
+17.835361505126190451 
+17.852228306626777510 
+17.869246249190403830 
+17.885732217355482021 
+17.901695528078150232 
+17.917798980863882008 
+17.933383006822126049 
+17.949094581198700382 
+17.964919026291156001 
+17.980220901760826990 
+17.995622232875437163 
+18.010504481820039047 
+18.025175336738559650 
+18.039632333146130350 
+18.054161351585840123 
+18.068178702678878267 
+18.081974685944661729 
+18.095546793420634657 
+18.109162492758500207 
+18.122274582975450130 
+18.135155156328050197 
+18.147801661086887748 
+18.160462315403890443 
+18.172628075434491990 
+18.184551993157000993 
+18.196231472782649519 
+18.207663907517414259 
+18.219072281395746415 
+18.230217904994987066 
+18.241097973092159634 
+18.251709668452868129 
+18.262050161814130433 
+18.272116611863452817 
+18.281713106253935308 
+18.290853310648902408 
+18.299733193761326788 
+18.308526907065896694 
+18.316872912555073327 
+18.325116265829276330 
+18.333077507460878053 
+18.340907548901558499 
+18.348290366279826458 
+18.355382690877931395 
+18.362317407431884675 
+18.368814270312938675 
+18.374888675794075255 
+18.380908232882703146 
+18.386499657525124718 
+18.391783575382888216 
+18.396757120417078113 
+18.401509241301479136 
+18.405846914812492798 
+18.409865489363397728 
+18.413706050864583119 
+18.417129486328867927 
+18.420094668468145471 
+18.422794045102584448 
+18.425114607818013468 
+18.427150126803091723 
+18.428814667924434900 
+18.430150335482682777 
+18.431171673660909249 
+18.431844332977192380 
+18.432165285601360694 
+18.432127087238331598 
+18.431728162367374324 
+18.430968314465232538 
+18.429844468587077699 
+18.428353538025703529 
+18.426534126989878359 
+18.424307369192828077 
+18.421761166942530963 
+18.418786347969614781 
+18.415501325264475696 
+18.411766119287467092 
+18.407730156739198435 
+18.403222145764807749 
+18.398423033565901363 
+18.393241736516252161 
+18.387555144813298114 
+18.381592277143703029 
+18.374964761735782304 
+18.368054478718445210 
+18.360729786910916062 
+18.352825030611960244 
+18.344824061210903920 
+18.336236439270280130 
+18.327409512196219055 
+18.317972223492674289 
+18.308306577872631493 
+18.298006548591274623 
+18.287265701704761511 
+18.275847749917843998 
+18.264448053032332098 
+18.252364469654736467 
+18.240086946737427809 
+18.227100557472141418 
+18.213653002446950069 
+18.200029424635623343 
+18.185360599752240063 
+18.170508823581752011 
+18.154864262216790394 
+18.139049143151019905 
+18.122751926883665874 
+18.105621505241558111 
+18.087981689276261932 
+18.070196824951665349 
+18.051537281822312764 
+18.032745809972748674 
+18.013450713149719462 
+17.993648395539061369 
+17.972915350479635066 
+17.952077216903315815 
+17.930279662047929889 
+17.908390879377421356 
+17.885976558805921854 
+17.862559257069460017 
+17.839071918710430964 
+17.814552013645343465 
+17.788961951356220936 
+17.762782219038079745 
+17.736539311551673848 
+17.709721598311123358 
+17.682878710056236571 
+17.655476163318052585 
+17.627510169701558596 
+17.598388683850870962 
+17.569272685899829156 
+17.539581720712135393 
+17.509311948272074488 
+17.477823780265477893 
+17.446372811464200936 
+17.414331358695733343 
+17.381695530035045749 
+17.348461420598724203 
+17.314625112528005957 
+17.280182674970852474 
+17.245130164064860878 
+17.208729313019411222 
+17.172432118009798074 
+17.135512858387794921 
+17.097967537797313042 
+17.059792146777887467 
+17.020184001802583396 
+16.980723323901038668 
+16.940620385634090894 
+16.899871124683450319 
+16.857619773728590218 
+16.816417319483367265 
+16.773704584564537612 
+16.730329145587674589 
+16.686286874092758126 
+16.641573628335805779 
+16.596185253271926285 
+16.550117580539069451 
+16.504327393176691174 
+16.455927601910392610 
+16.407796892530477351 
+16.358970078478723309 
+16.308424844344280302 
+16.258178678145583262 
+16.206176262433842794 
+16.154493344843974256 
+16.101015936571315024 
+16.046786777240736654 
+15.991801280084851911 
+15.936054843660770075 
+15.879542851829759442 
+15.822260673736380454 
+15.765372427459801941 
+15.706551560923951882 
+15.648146433745676376 
+15.587768551553384810 
+15.527828526529356523 
+15.467122104316640474 
+15.405644829887485514 
+15.342113669063214942 
+15.279065309108064596 
+15.215232557571406247 
+15.150610904158483550 
+15.085195824786696406 
+15.017623154408841657 
+14.950591170247328421 
+14.882752011621160904 
+14.812691575339520966 
+14.743207606669516352 
+14.672902588546337554 
+14.601771899268214838 
+14.528333633432017891 
+14.455520592535517466 
+14.380355942721529061 
+14.305841512111543423 
+14.228930992816822609 
+14.151131278105818723 
+14.070854318385112691 
+13.992844184783166384 
+13.913965573047818225 
+13.832577004762812933 
+13.751929163194903438 
+13.668725292646140446 
+13.586288659404221590 
+13.501249465961727481 
+13.418732654111989788 
+13.333603597911762861 
+13.249332301330056794 
+13.162402665445176453 
+13.074556177790817912 
+12.987608775462987865 
+12.897932813301295596 
+12.807325339563540467 
+12.713903376617697205 
+12.621398755157116511 
+12.526030575531095224 
+12.431608487547828545 
+12.336229796757574917 
+12.237913305145870169 
+12.140586550678028388 
+12.042287983496368753 
+11.940976302153705646 
+11.838642067006688308 
+11.735279865491815343 
+11.630884269285695964 
+11.525449834285458550 
+11.418971100587443246 
+11.313603485915605162 
+11.205040871055320650 
+11.097620488847665499 
+10.986952402752400815 
+10.877458034344527960 
+10.764662763606201779 
+10.655360837882161817 
+10.542747510337791894 
+10.429084005706361182 
+10.312012806970971113 
+10.196211370030630050 
+10.076947550739541626 
+9.958986479406538805 
+9.837507832258626905 
+9.717365302228859747 
+9.596134948468423076 
+9.473811379677412603 
+9.347858892256398988 
+9.223310071855571834 
+9.097651661955259428 
+8.973476606313068871 
+8.845605570722923972 
+8.719252539104017430 
+8.591813950209306938 
+8.460595294010099465 
+8.330947149469571045 
+8.197462064057013720 
+8.060064046927145398 
+7.927026824504626035 
+7.790065514505371880 
+7.654765018025337042 
+7.515482293871163400 
+7.377896966032807313 
+7.236270762472819307 
+7.093452313503593842 
+6.949435943188372100 
+6.804215960344382808 
+6.654785673511771193 
+6.507116474581241761 
+6.358226380712459047 
+6.208109639262751500 
+6.056760482262999012 
+5.904173126392167958 
+5.747189363929724237 
+5.592082631855481267 
+5.435720139536263318 
+5.274866046113497298 
+5.115948554427593997 
+4.955757600424766984 
+4.790978617330815759 
+4.624861251894048841 
+4.460761670051593519 
+4.291975724265508774 
+4.125248795890061437 
