7.52913
3.68091
3.68091
3.68091
3.68091
3.68091
3.68091
3.68091
3.3767
2.75308
2.75308
6.1602
6.1602
6.1602
2.75308
2.75308
2.75308
6.1602
6.1602
2.72266
2.72266
6.12978
6.12978
2.72266
2.72266
2.72266
2.72266
2.72266
2.72266
0.82136
0.82136
0.82136
0.82136
0.82136
0.82136
0.82136
0.82136
0.82136
0.82136
0.82136
0.82136
0.82136
0.82136
0.82136
0.82136
0.82136
0.82136
0.82136
0.82136
0.82136
0.82136
0.82136
0.82136
0.82136
0.82136
0.82136
0.82136
0.82136
0.82136
0.82136
4.2589
4.2589
4.2589
0.82136
0.82136
0.82136
0.82136
4.27411
4.27411
0.82136
0.82136
0.82136
0.82136
0.912622
0.912622
0.912622
0.912622
0.912622
0.912622
0.912622
0.912622
0.912622
0.912622
0.912622
0.912622
0.912622
0.912622
0.912622
0.912622
4.35016
4.35016
4.00033
4.00033
1.91651
1.91651
1.91651
1.93172
1.93172
1.93172
1.84045
1.84045
1.84045
1.84045
1.84045
1.84045
1.84045
2.75308
1.82524
1.82524
1.82524
1.82524
2.44887
2.88997
2.90518
2.90518
2.90518
3.5288
3.83301
2.88997
2.90518
2.88997
2.88997
2.88997
2.88997
2.88997
1.53625
1.53625
1.53625
1.53625
1.53625
1.53625
1.53625
0.82136
0.82136
0.82136
0.82136
0.82136
0.82136
0.82136
0.82136
0.471521
0.471521
0.471521
0.471521
0.471521
0.471521
1.82524
0.471521
0.471521
0.471521
0.471521
0.471521
0.471521
0.471521
0.471521
1.12557
1.12557
0.471521
0.471521
0.471521
0.471521
0.471521
0.471521
0.471521
0.471521
0.471521
0.471521
0.471521
0.471521
0.471521
0.471521
0.471521
0.471521
0.471521
0.471521
0.471521
0.471521
0.471521
0.471521
0.471521
0.471521
0.471521
0.471521
0.471521
0.471521
0.471521
0.471521
0.471521
0.471521
0.471521
0.471521
0.471521
0.471521
0.471521
0.471521
0.471521
0.471521
0.471521
0.471521
0.471521
0.471521
0.471521
0.471521
0.471521
0.471521
0.471521
0.471521
0.471521
0.471521
0.471521
0.471521
0.471521
0.471521
0.471521
0.471521
0.471521
0.471521
0.471521
0.471521
0.471521
0.471521
0.471521
0.471521
0.471521
0.471521
0.471521
0.471521
0.471521
0.471521
0.471521
0.471521
0.471521
0.471521
0.471521
0.471521
0.471521
0.471521
0.471521
0.471521
0.471521
0.471521
0.471521
0.471521
0.471521
0.471521
0.471521
0.471521
0.471521
0.471521
0.471521
0.471521
1.82524
1.82524
1.82524
1.82524
1.82524
1.82524
1.82524
1.82524
1.82524
1.82524
1.82524
1.82524
1.82524
1.82524
1.82524
1.82524
0.471521
0.471521
0.471521
0.471521
0.471521
0.471521
0.471521
0.471521
0.471521
0.471521
0.471521
0.471521
0.471521
0.471521
0.471521
0.471521
0.471521
0.471521
0.471521
0.471521
0.471521
0.471521
0.471521
0.471521
0.471521
0.471521
0.471521
0.471521
0.471521
0.471521
0.471521
0.471521
0.471521
0.471521
0.471521
0.471521
0.471521
0.471521
0.471521
0.471521
0.471521
0.471521
0.471521
0.471521
0.471521
0.471521
0.471521
0.471521
0.471521
0.471521
0.471521
0.471521
0.471521
0.471521
0.471521
0.471521
0.471521
0.471521
0.471521
3.90906
3.90906
0.471521
0.471521
0.471521
0.471521
0.471521
0.471521
0.471521
0.471521
0.471521
0.471521
0.471521
0.471521
0.471521
0.471521
0.471521
0.471521
0.471521
0.471521
0.471521
0.471521
0.471521
0.471521
0.471521
0.471521
0.471521
0.471521
0.471521
0.471521
0.471521
0.471521
0.471521
0.471521
0.471521
0.471521
0.471521
0.471521
0.471521
0.471521
0.471521
0.471521
0.471521
0.471521
0.471521
0.471521
0.471521
0.471521
0.471521
0.471521
0.471521
0.471521
0.471521
0.471521
0.471521
0.471521
0.471521
0.471521
0.471521
0.471521
0.471521
0.471521
0.471521
0.471521
0.471521
0.471521
0.471521
0.471521
0.471521
0.471521
0.471521
0.471521
0.471521
0.471521
0.471521
0.471521
0.471521
0.471521
0.471521
0.471521
0.471521
0.471521
0.471521
0.471521
0.471521
0.471521
0.471521
0.471521
0.471521
0.471521
0.471521
0.471521
0.471521
0.471521
0.471521
0.471521
0.471521
0.471521
0.471521
0.471521
0.471521
0.471521
0.471521
0.471521
0.471521
0.471521
0.471521
0.471521
0.471521
0.471521
0.471521
0.471521
0.471521
0.471521
0.471521
0.471521
0.471521
0.471521
0.471521
0.471521
0.471521
0.471521
0.471521
0.471521
0.471521
0.471521
0.471521
0.471521
0.471521
0.471521
0.471521
0.471521
0.471521
0.471521
0.471521
0.471521
0.471521
0.471521
0.471521
0.471521
0.471521
0.471521
0.471521
0.471521
3.90906
5.36926
5.36926
5.36926
1.93172
2.87476
1.93172
5.36926
5.36926
5.36926
5.36926
5.36926
5.36926
5.36926
5.36926
1.93172
1.93172
1.93172
1.93172
1.93172
1.93172
1.93172
1.93172
1.93172
1.93172
1.93172
1.93172
1.93172
1.93172
7.74208
0.471521
0.471521
0.471521
0.471521
0.471521
0.471521
0.471521
0.471521
0.471521
0.471521
0.471521
0.471521
0.471521
4.35016
4.35016
0.471521
0.471521
0.471521
3.90906
3.90906
3.90906
0.471521
0.471521
0.471521
3.90906
3.90906
0.471521
0.471521
1.41456
1.41456
1.41456
1.41456
1.41456
0.471521
0.471521
0.471521
1.41456
1.41456
1.41456
1.41456
1.41456
1.41456
2.0534
1.12557
1.12557
1.12557
1.12557
0.471521
0.471521
1.41456
0.471521
3.92427
0.471521
0.471521
0.471521
0.471521
0.471521
0.471521
0.471521
0.471521
0.471521
0.471521
0.471521
4.80648
1.41456
1.41456
1.41456
1.41456
1.41456
1.41456
1.41456
3.90906
0.471521
0.471521
0.471521
3.92427
3.90906
0.471521
3.90906
3.90906
0.471521
0.471521
0.471521
0.471521
0.471521
0.471521
0.471521
0.471521
0.471521
0.471521
0.471521
0.471521
3.90906
3.90906
3.90906
3.90906
7.97023
0.471521
0.471521
2.84434
2.84434
2.84434
0.471521
0.471521
0.471521
0.471521
0.471521
0.471521
0.471521
0.471521
0.471521
0.471521
0.471521
0.471521
4.35016
4.28932
4.28932
5.26279
5.24758
1.41456
1.41456
0.471521
0.471521
0.471521
3.92427
3.90906
3.90906
0.471521
0.471521
2.84434
2.90518
2.90518
6.73819
6.73819
4.35016
4.35016
0.471521
0.471521
3.71133
3.71133
3.71133
0.471521
0.471521
0.471521
3.71133
9.99321
9.5369
9.5369
6.08415
3.71133
3.71133
0.471521
0.471521
0.471521
3.71133
3.71133
0.471521
0.471521
2.84434
2.84434
2.84434
7.14887
7.14887
11.21
4.28932
0.471521
7.97023
7.97023
7.7725
3.3767
3.3767
0.471521
3.90906
3.90906
7.97023
4.28932
4.28932
4.28932
0.471521
0.471521
0.471521
3.90906
0.471521
3.90906
7.74208
7.74208
10.0845
6.17541
4.73042
4.73042
5.79515
0.471521
3.90906
4.42622
4.28932
4.28932
8.09191
4.28932
3.90906
2.84434
2.84434
0.471521
0.471521
0.471521
0.471521
0.471521
1.41456
1.41456
3.84822
3.84822
3.90906
4.80648
4.85211
5.29321
8.73075
4.85211
3.90906
3.90906
3.90906
3.90906
7.14887
0.471521
3.71133
3.71133
6.08415
6.08415
7.14887
7.14887
11.0275
10.9819
3.90906
7.97023
7.81813
0.471521
3.6657
6.08415
7.14887
7.14887
7.14887
3.71133
4.63916
8.95891
8.95891
8.95891
8.01586
4.35016
4.42622
4.42622
0.471521
0.471521
0.471521
0.471521
0.471521
7.66602
9.99321
7.66602
7.58997
3.71133
7.39224
11.7728
5.23237
1.82524
5.23237
1.82524
1.82524
2.76829
2.76829
6.64693
1.82524
4.15243
4.15243
4.15243
5.65826
5.65826
8.89806
8.89806
8.13754
8.13754
14.024
5.06505
6.58609
8.98933
4.15243
8.04628
7.98544
7.22492
1.82524
9.21748
7.66602
8.09191
7.98544
4.15243
1.82524
8.88285
7.22492
1.82524
7.39224
5.06505
5.26279
5.26279
1.82524
5.70389
5.7191
5.7191
5.7191
8.95891
12.7007
18.511
8.04628
5.79515
5.70389
5.7191
9.58253
5.81036
1.93172
5.38447
5.36926
6.87509
10.0541
10.3278
12.7463
9.29353
8.6547
12.5486
13.6893
12.7463
8.89806
12.3812
8.89806
8.89806
12.6398
5.00421
9.11101
12.3964
8.45696
6.3123
12.655
8.50259
12.655
12.655
8.10712
16.3816
16.6097
20.1081
16.7314
16.6858
7.72687
5.4301
8.53302
6.78382
6.78382
9.91716
9.90195
9.90195
2.88997
6.76861
4.63916
7.78771
10.3735
3.89385
8.47217
7.28577
11.1796
6.37314
6.37314
6.3123
6.40356
6.34272
6.34272
8.71554
6.52525
9.73463
10.6929
6.69256
8.33528
9.08059
13.157
5.93204
8.30486
6.52525
10.5104
10.5104
11.9097
4.63916
7.84855
12.3204
11.4686
11.4686
7.86376
4.7
7.78771
7.78771
0.82136
8.33528
17.2486
9.50648
14.5107
17.6592
16.5032
13.233
13.9631
18.435
16.3511
9.46085
16.5489
12.8528
9.70421
5.73431
11.2252
11.2252
8.01586
4.86732
3.25502
7.93981
11.9249
12.4421
12.579
12.5029
5.74952
5.74952
9.61295
7.05761
10.6473
4.63916
12.077
15.2256
15.256
13.8262
9.73463
13.6741
13.8414
11.5599
13.6437
9.73463
10.2062
9.73463
12.5638
12.655
10.2822
13.1113
7.78771
11.8641
10.0693
7.72687
15.3473
15.4689
14.7236
11.3926
15.4842
15.545
18.8152
6.22104
6.22104
6.73819
3.40712
3.40712
6.47962
6.82945
6.82945
10.1605
10.1605
14.1913
10.7385
9.14143
6.81424
3.39191
6.81424
10.0693
11.8489
7.37703
9.87153
12.7463
9.26311
13.3547
13.3547
16.7162
10.2518
12.077
15.4537
15.2256
15.2256
9.90195
16.4728
18.8609
11.2252
2.75308
2.75308
9.67379
8.16797
5.85599
5.12589
5.12589
8.51781
8.51781
8.51781
11.6664
8.22881
5.85599
2.75308
6.57088
2.75308
5.12589
2.75308
2.75308
2.75308
6.63172
4.63916
7.78771
4.35016
3.71133
3.71133
9.99321
6.08415
6.08415
2.84434
3.87864
0.471521
0.471521
4.35016
7.52913
4.28932
4.28932
7.52913
8.10712
8.10712
7.57476
0.471521
0.471521
4.28932
4.28932
0.471521
3.90906
6.23625
6.17541
9.41522
6.17541
9.41522
6.17541
9.56732
0.471521
7.11845
0.471521
1.12557
1.12557
0.471521
3.71133
0.471521
8.10712
8.10712
4.35016
4.35016
4.28932
4.35016
4.35016
7.81813
8.71554
8.59386
5.94725
7.58997
7.58997
5.17152
4.30453
7.80292
7.68123
7.68123
10.921
7.54434
7.54434
9.08059
5.77994
5.77994
4.27411
4.24369
14.8301
19.0738
12.2443
12.2443
6.19062
2.28155
2.28155
2.28155
5.7191
8.04628
12.8984
6.96635
8.00065
13.2786
9.87153
9.87153
8.53302
4.63916
4.63916
7.49871
6.05373
2.22071
6.05373
12.8071
5.41489
8.82201
10.8146
10.8754
10.8754
5.32363
1.91651
1.91651
1.91651
1.91651
8.51781
7.16408
7.16408
9.99321
2.9356
2.9356
2.9356
2.9356
6.84466
6.72298
6.72298
6.72298
10.4343
10.4343
0.562784
0.562784
0.562784
0.562784
4.00033
9.52169
0.562784
5.85599
5.85599
3.48317
9.71942
9.71942
9.73463
13.4916
11.0123
8.0767
8.09191
4.45664
0.577994
9.99321
6.09936
6.22104
9.56732
5.46052
13.0353
5.52136
9.76506
6.43398
6.43398
3.28544
6.61651
6.61651
6.20583
0.912622
3.28544
7.17929
7.17929
4.73042
5.26279
3.3767
6.82945
8.66991
5.36926
5.41489
7.78771
3.87864
3.87864
2.9356
4.00033
6.00809
9.99321
13.3395
19.8495
20.3515
13.4155
12.5942
9.33916
9.70421
9.73463
9.73463
9.14143
6.12978
6.23625
3.80259
11.1188
4.42622
4.42622
0.562784
0.562784
3.28544
3.28544
8.06149
9.46085
9.46085
9.46085
8.13754
5.82557
9.96279
8.51781
9.85632
12.944
5.96246
3.63528
9.76506
9.76506
13.0201
11.5599
7.65081
7.65081
7.65081
0.82136
3.19418
4.21327
3.19418
3.19418
3.19418
7.14887
0.82136
2.28155
6.19062
8.86764
12.9744
9.56732
9.62816
9.27832
11.6359
15.0735
11.9249
6.96635
10.9363
14.0848
7.71166
4.15243
8.24402
4.56311
7.93981
2.25113
4.56311
0.82136
8.45696
3.75696
3.72654
3.3767
7.24013
4.35016
7.58997
4.28932
0.471521
0.471521
0.471521
4.33495
3.90906
6.7534
9.93237
10.8602
9.93237
3.71133
3.71133
3.71133
3.71133
0.471521
7.52913
3.87864
7.11845
7.74208
7.75729
11.134
11.134
11.3469
7.66602
10.1149
10.0693
8.71554
7.80292
4.35016
10.8602
14.5867
9.15664
9.15664
8.89806
8.89806
5.00421
9.11101
12.1531
12.077
14.7693
11.4534
15.8188
15.621
9.12622
11.4838
15.0735
11.3013
9.11101
9.81069
15.0887
15.0887
7.37703
7.37703
7.66602
10.9819
10.9819
3.54402
7.66602
11.0731
6.78382
13.0505
13.233
10.0236
11.6511
11.423
11.6968
16.9748
17.1117
10.9363
13.3851
16.4272
13.5068
11.1188
13.3395
10.9363
10.9363
10.8146
13.3091
9.81069
9.8259
7.43787
7.43787
7.62039
9.84111
11.3013
11.2861
11.4534
11.4534
11.4534
12.4725
14.0392
12.6854
15.6363
9.27832
9.50648
10.0845
9.978
9.43043
12.8223
12.868
10.2062
13.5372
13.5676
13.5676
19.6214
19.9712
15.7123
11.8337
15.0126
15.1191
9.26311
9.43043
9.3848
11.5599
10.1605
11.8489
12.7159
9.52169
9.23269
16.2142
11.6511
15.7123
15.834
7.80292
8.71554
12.1835
14.8301
15.3777
12.0618
11.8185
14.1456
15.4385
8.74596
11.8945
12.0922
11.1188
11.1188
10.1605
10.4039
16.5032
16.4576
10.4191
11.2861
14.313
13.0201
9.0958
11.2557
16.4576
17.7049
14.6324
14.3738
16.5793
14.6172
10.9515
13.811
13.1113
16.488
13.5676
13.3091
10.1605
17.4159
14.5867
13.3851
13.3851
13.5676
11.1188
18.3437
10.7537
17.3854
15.7123
16.2599
12.7463
9.0958
9.2479
9.33916
5.24758
4.7
7.14887
12.8223
15.256
15.256
12.7767
8.74596
16.2295
24.002
18.5566
14.967
16.6097
16.0317
16.5489
13.1722
11.7728
12.4573
16.0317
16.0317
15.0278
11.9401
11.9401
13.4916
13.5981
14.0087
14.0087
13.8262
10.343
10.2822
0.912622
6.43398
9.33916
9.33916
9.76506
10.3735
11.1796
10.5712
7.3314
7.28577
7.28577
4.36537
7.28577
7.28577
4.36537
1.99256
1.99256
1.99256
1.99256
1.99256
7.60518
5.76473
12.4421
12.4421
16.2903
8.66991
10.343
8.06149
15.7884
15.7884
12.5333
12.579
8.59386
11.0275
11.21
10.9971
11.0275
11.21
14.4346
12.2596
12.1835
12.1835
12.3052
12.3052
15.9253
12.7463
12.5029
11.8032
15.0126
17.4919
21.188
17.8722
14.313
14.7997
11.134
11.3774
11.3774
11.5903
14.4651
9.12622
9.08059
12.7919
12.5942
12.5942
12.5942
13.7958
14.0696
14.0696
10.7537
10.7233
9.56732
8.42654
8.68512
9.3848
9.3848
9.29353
9.29353
12.2291
18.4958
15.621
16.8075
10.556
10.556
10.556
10.5864
10.5712
7.13366
7.13366
8.04628
7.13366
4.16764
7.24013
5.46052
8.76117
8.76117
6.44919
8.76117
6.38835
6.38835
6.38835
9.11101
6.44919
8.77638
4.86732
8.30486
4.86732
5.97767
8.30486
12.5181
11.7576
11.9249
11.8641
10.9819
4.47185
12.2139
8.57865
5.68868
5.68868
5.68868
5.68868
9.12622
12.8984
12.9136
9.12622
5.99288
2.55534
2.55534
1.09515
1.09515
4.50227
1.09515
4.22848
4.22848
4.22848
0.82136
0.82136
4.68479
0.82136
0.82136
8.0767
4.2589
0.471521
0.471521
0.471521
0.471521
2.84434
0.471521
0.471521
5.29321
3.78738
3.71133
0.471521
0.471521
0.471521
3.90906
3.90906
3.92427
6.54046
6.58609
4.18285
0.775729
1.35372
1.44498
1.44498
1.21683
1.21683
1.21683
0.562784
0.562784
0.562784
0.562784
3.96991
3.96991
3.96991
4.91295
3.96991
0.562784
0.562784
3.96991
0.562784
0.562784
0.562784
0.562784
4.00033
6.32751
9.56732
6.70777
6.70777
6.70777
3.80259
3.80259
10.0388
2.9356
3.87864
5.35405
5.35405
8.79159
8.79159
1.50583
1.50583
7.78771
8.42654
6.82945
6.78382
4.41101
4.41101
4.41101
1.21683
6.17541
6.17541
5.04984
4.68479
7.71166
10.4495
10.4495
8.12234
4.85211
4.85211
5.47573
2.03819
3.71133
3.71133
6.08415
2.84434
0.471521
0.471521
0.471521
0.471521
0.471521
1.41456
1.41456
1.41456
1.41456
0.471521
3.90906
4.28932
4.28932
4.28932
0.471521
0.471521
0.471521
3.90906
3.90906
3.90906
3.90906
1.12557
1.12557
0.471521
0.471521
0.471521
0.471521
1.41456
1.41456
1.41456
1.41456
1.41456
1.41456
1.41456
0.471521
0.471521
0.471521
0.471521
0.471521
3.87864
0.471521
0.471521
0.471521
0.471521
3.87864
3.87864
3.87864
0.471521
3.87864
3.87864
0.471521
0.471521
3.90906
3.90906
3.87864
3.90906
4.35016
0.471521
0.471521
0.471521
0.471521
0.471521
0.471521
0.471521
0.471521
0.471521
0.471521
0.471521
0.471521
0.471521
0.471521
0.471521
0.471521
0.471521
0.471521
1.41456
1.41456
1.41456
