2523
2589
2649
2707
2763
2818
2872
2925
2979
3037
3090
3143
3195
3249
3303
3356
3410
3463
3518
3573
3626
3678
3730
3782
3834
3887
3940
3993
4045
4097
4149
4201
4255
4308
4361
4414
4467
4519
4571
4624
4676
4728
4780
4832
4884
4937
4989
5040
5092
5143
5194
5246
5297
5349
5400
5451
5503
5555
5607
5660
5713
5765
5818
5870
5922
5974
6026
6078
6130
6183
6235
6288
6340
6393
6446
6498
6550
6603
6655
6708
6760
6812
6864
6917
6969
7022
7074
7127
7179
7231
7283
7335
7387
7438
7490
7543
7595
7648
7700
7753
7805
7858
7911
7963
8016
8068
8120
8171
8223
8274
8325
8378
8429
8481
8533
8585
8637
8689
8740
8791
8842
8893
8945
8997
9049
9100
9152
9204
9257
9310
9363
9416
9469
9520
9572
9624
9676
9727
9779
9831
9883
9935
9988
10040
10092
10145
10197
10250
10302
10355
10407
10459
10511
10563
10616
10668
10720
10773
10825
10878
10931
10984
11036
11089
11142
11195
11248
11300
11353
11405
11458
11510
11562
11615
11667
11720
11772
11825
11877
11930
11982
12034
12085
12136
12187
12238
12289
12340
12391
12443
12494
12546
12597
12650
12704
12758
12811
12864
12917
12970
13023
13076
13129
13182
13234
13285
13337
13389
13440
13494
13547
13599
13651
13704
13757
13809
13862
13914
13967
14020
14073
14126
14179
14232
14300
14363
14422
14479
14542
14603
14661
14718
14775
14833
14890
14950
15009
15068
15127
15186
15244
15303
15362
15420
15479
15538
15597
15656
15714
15771
15830
15888
15946
16005
16063
16122
16180
16238
16296
16355
16415
16475
16534
16593
16651
16710
16768
16827
16885
16943
17001
17062
17120
17177
17236
17293
17351
17410
17468
17526
17584
17643
17702
17760
17818
17876
17933
17992
18051
18111
18169
18227
18288
18346
18404
18462
18523
18582
18640
18699
18758
18816
18875
18934
18992
19052
19110
19168
19226
19282
19340
19397
19455
19517
19576
19634
19693
19752
19811
19869
19927
19985
20043
20101
20159
20217
20276
20334
20393
20451
20510
20568
20626
20681
20741
20798
20856
20913
20977
21040
21098
21158
21217
21276
21336
21394
21453
21512
21570
21630
21689
21748
21806
21865
21925
21984
22043
22101
22160
22218
22281
22340
22398
22459
22517
22577
22636
22694
22753
22811
22872
22927
22985
23044
23101
23159
23218
23275
23334
23392
23443
23512
23576
23637
23696
23755
23814
23873
23932
23992
24056
24114
24172
24230
24288
24346
24404
24463
24521
24579
24640
24698
24758
24820
24879
24937
24995
25053
25113
25172
25236
25294
25352
25411
25468
25525
25582
25641
25699
25758
25819
25879
25939
25997
26055
26113
26169
26229
26290
26347
26406
26463
26521
26579
26640
26700
26760
26815
26878
26938
27000
27060
27119
27178
27235
27292
27350
27407
27468
27527
27586
27650
27708
27767
27824
27883
27952
28026
28099
28160
28230
28293
28367
28432
28494
28552
28610
28669
28728
28787
28846
28905
28965
29024
29082
29141
29199
29257
29317
29375
29435
29495
29558
29617
29674
29735
29798
29856
29916
29974
30032
30090
30148
30206
30263
30321
30379
30438
30496
30554
30612
30671
30731
30789
30850
30907
30965
31023
31081
31142
31201
31261
31321
31380
31438
31498
31558
31617
31677
31736
31795
31853
31913
31975
32037
32096
32154
32213
32273
32333
32393
32452
32511
32570
32630
32691
32750
32810
32871
32934
32995
33059
33119
33178
33237
33295
33353
33411
33474
33535
33595
33654
33714
33774
33833
33894
33954
34012
34070
34131
34188
34247
34305
34363
34421
34480
34539
34600
34659
34719
34777
34838
34898
34959
35029
35088
35146
35208
35268
35335
35396
35462
35526
35589
35650
35710
35769
35828
35887
35946
36005
36066
36126
36185
36247
36305
36370
36436
36501
36558
36616
36674
36732
36790
36849
36907
36967
37024
37082
37143
37202
37262
37321
37379
37436
37495
37553
37611
37671
37730
37789
37843
37906
38009
38077
38136
38195
38253
38311
38369
38427
38488
38545
38605
38664
38722
38782
38840
38900
38959
39018
39075
39134
39194
39252
39311
39370
39436
39499
39559
39617
39676
39734
39792
39851
39909
39968
40028
40087
40146
40203
40261
40325
40385
40484
40549
40614
40686
40755
40828
40893
40959
41019
41077
41134
41193
41252
41310
41369
41428
41486
41545
41604
41661
41719
41777
41835
41893
41956
42017
42080
42140
42198
42257
42316
42375
42434
42494
42555
42614
42674
42732
42794
42853
42912
42972
43032
43090
43147
43205
43262
43322
43383
43446
43505
43564
43623
43683
43741
43800
43858
43915
43973
44036
44094
44152
44215
44274
44334
44392
44451
44510
44571
44631
44690
44748
44805
44864
44925
44982
45040
45096
45156
45213
45270
45332
45392
45450
45513
45572
45630
45689
45750
45809
45867
45927
45985
46050
46108
46177
46236
46295
46355
46413
46471
46528
46587
46645
46706
46766
46826
46887
46946
47005
47067
47125
47184
47242
47301
47360
47419
47478
47537
47596
47655
47715
47774
47833
47894
47953
48013
48077
48137
48195
48254
48313
48372
48437
48497
48556
48619
48677
48736
48798
48857
48917
48977
49036
49095
49159
49218
49278
49336
49394
49452
49510
49569
49628
49688
49748
49807
49866
49925
49984
50044
50103
50161
50219
65863
65957
66043
66106
66165
66223
66281
66342
66409
66470
66537
66601
66659
66731
66794
66852
66911
66967
67024
67082
67140
67203
67259
67317
67376
67437
67497
67557
67616
67675
67742
67805
67870
67931
67995
68058
68116
68173
68231
68289
68349
68408
68468
68531
68590
68648
68707
68767
68830
68892
68952
69009
69069
69128
69187
69245
69304
69362
69422
69496
69572
69635
69700
69763
69821
69881
69941
69999
70057
70116
70181
70245
70309
70370
70429
70488
70547
70608
70666
70725
70782
70845
70920
70985
71064
71153
71228
71303
71371
71441
71501
71558
71616
71675
71736
71802
71865
71937
72005
72065
72123
72187
72245
72304
72374
72434
72492
72550
72609
72667
72726
72789
72855
72935
72998
73060
73119
73178
73238
73300
73358
73412
73475
73539
73601
73661
73720
73781
73841
73900
73958
74018
74077
74137
74199
74258
74321
74385
74445
74511
74573
74635
74698
74759
74824
74897
74968
75027
75084
75141
75198
75256
75314
75372
75430
75491
75550
75613
75673
75736
75801
75861
75919
75978
76037
76095
76162
76221
76279
76337
76395
76454
76513
76571
76636
76695
76753
76813
76874
76931
76991
77050
77111
77169
77226
77284
77343
77406
77473
77538
77597
77661
77718
77777
77835
77894
77954
78013
78072
78131
78190
78249
78308
78366
78426
78485
78544
78632
78696
78759
78827
78898
78962
79030
79096
79157
79218
79276
79338
79397
79455
79513
79571
79631
79691
79751
79811
79869
79927
79985
80044
80106
80168
80226
80284
80343
80403
80461
80523
80582
80640
80698
80757
80816
80877
80941
81000
81058
81117
81175
81233
81291
81351
81411
81471
81529
81588
81651
81713
81774
81832
81891
81951
82008
82068
82126
82186
82246
82304
82362
82431
82490
82548
82606
82676
82753
82811
82870
82933
83042
83096
83149
83205
83257
83313
83366
83419
83474
83527
83580
83639
83705
83763
83823
83890
83950
84014
84076
84136
84204
84263
84326
84385
84444
84502
84572
84630
84691
84751
84809
84867
84926
84986
85046
85108
85168
85226
85286
85352
85412
85472
85532
85591
85656
85720
85779
85838
85896
85955
86014
86072
86131
86240
86301
