18
66
115
163
211
260
308
357
407
456
505
554
604
653
703
752
801
850
899
947
996
1045
1094
1143
1192
1241
1290
1338
1386
1435
1483
1532
1580
1629
1678
1727
1776
1824
1873
1922
1970
2019
2067
2116
2166
2215
2264
2313
2361
2410
2459
2507
2556
2605
2654
2704
2754
2804
2853
2902
2952
3001
3049
3098
3146
3194
3244
3293
3342
3392
3441
3490
3539
3589
3639
3689
3740
3790
3840
3890
3939
3988
4037
4086
4135
4185
4234
4283
4333
4382
4431
4481
4531
4579
4628
4676
4725
4773
4822
4871
4920
4970
5019
5068
5117
5167
5216
5265
5314
5364
5413
5463
5512
5561
5611
5660
5709
5758
5808
5857
5907
5956
6006
6055
6105
6154
6203
6253
6302
6352
6401
6450
6499
6549
6598
6647
6695
6744
6792
6841
6889
6938
6987
7036
7086
7135
7184
7234
7283
7332
7382
7431
7480
7529
7578
7628
7676
7726
7776
7825
7874
7924
7973
8023
8071
8119
8168
8216
8265
8354
8403
8453
8502
8552
8602
8652
8704
8754
8804
8852
8902
8951
9000
9050
9099
9148
9197
9247
9296
9345
9395
9443
9491
9540
9588
9636
9686
9736
9786
9835
9885
9934
9982
10031
10079
10127
10175
10224
10273
10322
10371
10419
10468
10517
10565
10614
10662
10711
10759
10807
10856
10904
10953
11001
11050
11100
11148
11196
11245
11293
11342
11390
11439
11487
11536
11625
11673
11722
11770
11819
11867
11915
11964
12012
12060
12110
12159
12209
12258
12308
12357
12407
12456
12505
12554
12602
12650
12699
12747
12795
12844
12894
12943
12992
13042
13091
13141
13190
13240
13290
13339
13389
13439
13489
13538
13587
13637
13686
13736
13785
13834
13882
13931
13980
14028
14077
14126
14175
14225
14274
14324
14373
14423
14471
14520
14569
14617
14666
14715
14764
14813
14863
14913
14962
15012
15062
15111
15159
15208
15256
15305
15353
15402
15450
15500
15549
15599
15648
15698
15747
15796
15844
15892
15941
15989
16038
16086
16135
16183
16231
16280
16328
16377
16425
16474
16522
16571
16621
16670
16719
16768
16818
16867
16917
16966
17015
17065
17114
17164
17212
17260
17309
17357
17406
17454
17504
17553
17602
17652
17701
17750
17800
17849
17898
17946
17994
18043
18091
18140
18189
18239
18288
18338
18386
18435
18483
18531
18580
18628
18678
18727
18776
18825
18873
18922
18970
19019
19067
19116
19165
19214
19262
19311
19360
19409
19459
19508
19557
19606
19656
19705
19754
19804
19853
19903
19952
20002
20051
20101
20150
20199
20249
20298
20347
20397
20446
20495
20543
20592
20640
20689
20737
20786
20835
20884
20933
20982
21031
21080
21128
21176
21225
21273
21362
21410
21458
21507
21555
21604
21653
21702
21751
21801
21850
21899
21948
21998
22047
22096
22146
22194
22243
22291
22340
22388
22437
22486
22536
22586
22635
22685
22735
22784
22834
22883
22933
22982
23031
23081
23129
23178
23228
23277
23326
23376
23425
23473
23522
23571
23621
23670
23719
23768
23818
23867
23916
23965
24013
24062
24111
24160
24208
24257
24306
24356
24405
24454
24504
24553
24643
24692
24741
24791
24840
24889
24940
24989
25039
25088
25137
25186
25236
25286
25335
25385
25434
25483
25533
25583
25632
25682
25731
25780
25829
25879
25929
25979
26029
26079
26129
26178
26226
26275
26325
26375
26425
26475
26523
26571
26620
26668
26717
26765
26814
26864
26913
26963
27012
27060
27109
27158
27206
27255
27304
27352
27401
27450
27500
27549
27598
27647
27697
27746
27796
27845
27893
27942
27990
28039
28088
28137
28187
28236
28286
28335
28385
28434
28484
28533
28582
28632
28681
28730
28779
28828
28877
28926
28975
29025
29073
29122
29170
29218
29267
29315
29365
29415
29465
29515
29565
29615
29666
29714
29763
29811
29860
29908
29957
30005
30054
30103
30152
30202
30251
30300
30349
30399
30449
30499
30549
30599
30650
30699
30749
30799
30849
30898
30948
30998
31047
31097
31147
31197
31246
31296
31345
31393
31443
31493
31543
31593
31643
31692
31741
31791
31840
31889
31939
31988
32037
32087
32136
32185
32235
32284
32333
32382
32432
32482
32532
32582
32632
32681
32730
32780
32829
32878
32927
32977
33026
33075
33124
33173
33222
33271
33319
33367
33416
33465
33513
33563
33612
33662
33710
33759
33807
33856
33904
33953
34003
34053
34103
34153
34203
34254
34303
34352
34401
34450
34499
34549
34597
34645
34694
34742
34790
34839
34887
34936
34985
35033
35082
35130
35179
35227
35277
35328
35378
35428
35478
35528
35577
35627
35676
35726
35775
35823
35872
35920
35968
36017
36065
36114
36162
36210
36259
36309
36358
36408
36458
36508
36557
36606
36656
36705
36754
36804
36852
36901
36949
36999
37048
37097
37146
37196
37245
37294
37344
37393
37443
37493
37542
37590
37639
37688
37737
37787
37836
37885
37934
37984
38033
38082
38131
38181
38230
38279
38328
38377
38425
38474
38523
38571
38620
38668
38718
38767
38817
38866
38915
38965
39014
39063
39112
39161
39211
39260
39309
39359
39408
39456
39505
39554
39602
39651
39699
39748
39796
39844
39893
39941
39990
40039
40088
40137
40186
40234
40282
40331
40379
40428
40477
40525
40574
40622
40671
40719
40768
40817
40866
40915
40963
41011
41060
41108
41156
41206
41255
41304
41353
41403
41452
41500
41549
41597
41645
41694
41742
41791
41840
41890
41939
41988
42037
42087
42136
42185
42234
42284
42333
42382
42432
42481
42530
42580
42629
42678
42727
42777
42826
42875
42925
42974
43024
43073
43123
43172
43222
43272
43321
43371
43421
43471
43520
43569
43618
43666
43714
43763
43811
43859
43909
43959
44008
44057
44105
44154
44202
44251
44299
44348
44397
44446
44494
44543
44592
44640
44689
44739
44788
44837
44887
44936
44985
45035
45085
45134
45184
45233
45282
45332
45381
45430
45480
45529
45578
45627
45677
45727
45777
45826
45876
45926
45976
46026
46075
46125
46174
46224
46273
46322
46372
46422
46472
46521
46571
46621
46671
46721
46771
46820
46870
46920
46969
47019
47068
47118
47166
47215
47263
47312
47360
47449
47497
47546
47594
47642
47691
47739
47788
47838
47887
47936
47985
48035
48084
48134
48183
48233
48282
48332
48380
48429
48477
48526
48574
48623
48672
48722
48771
48820
48870
48919
48968
49017
49065
49114
49162
49210
49259
49307
49356
49404
49453
49503
49552
49601
49650
49699
49748
49796
49844
49893
49941
49989
50038
50086
50134
50183
50233
50282
50331
50381
50430
50479
50528
50578
50628
50678
50727
50777
50827
50875
50924
50974
51023
51072
51121
51171
51220
51269
51360
51410
51459
51508
51557
51606
51655
51705
51753
51802
51851
51900
51948
51997
52046
52095
52144
52193
52241
52289
52338
52386
52435
52484
52533
52581
52630
52679
52727
52776
52825
52875
52924
52973
53022
53072
53121
53170
53219
53267
53316
53364
53413
53462
53510
53558
53607
53656
53704
53753
53801
53850
53899
53948
53996
54045
54093
54142
54190
54239
54288
54337
54385
54434
54483
54531
54580
54628
54677
54725
54774
54822
54871
54921
54970
55019
55068
55118
55167
55216
55266
55316
55366
55416
55466
55515
55565
55614
55663
55713
55762
55811
55860
55908
55957
56005
56054
56102
56152
56200
56249
56297
56346
56395
56443
56493
56542
56592
56641
56691
56740
56790
56839
56889
56938
56988
57038
57086
57135
57183
57233
57282
57331
57380
57430
57479
57527
57576
57624
57672
57721
57769
57818
57867
57916
57966
58015
58065
58114
58164
58213
58264
58314
58364
58414
58464
58514
58563
58611
58659
58708
58756
58805
58854
58903
58952
59002
59051
59100
59149
59198
59247
59297
59346
59395
59444
59495
59545
59595
59644
59694
59744
59794
59844
59893
59943
59993
60042
60092
60141
60191
60240
60289
60337
60386
60436
60486
60535
60585
60634
60684
60732
60780
60829
60879
60929
60979
61028
61078
61128
61176
61225
61273
61322
61370
61418
61468
61517
61565
61614
61662
61710
61759
61807
61856
61905
61954
62004
62053
62102
62151
62199
62247
62296
62345
62393
62442
62491
62540
62590
62639
62688
62737
62786
62835
62883
62932
62980
63029
63078
63128
63177
63227
63277
63327
63377
63425
63473
63522
63570
63618
63667
63716
63765
63815
63864
63913
63962
64012
64061
64110
64159
64209
64258
64307
64357
64406
64455
64505
64554
64604
64653
64703
64752
64802
64851
64899
64948
64996
65044
65093
65142
65191
65240
65290
65339
65388
65437
65487
65536
65584
65632
65681
65729
65777
65826
65915
65964
66014
66064
66113
66163
66212
66262
66311
66360
66410
66459
66508
66557
66606
66654
66703
66751
66800
66848
66898
66947
66996
67045
67095
67144
67193
67242
67292
67341
67390
67439
67488
67538
67587
67636
67684
67733
67782
67830
67880
67930
68021
68070
68120
68169
68217
68266
68314
68363
68412
68460
68510
68560
68610
68659
68709
68759
68808
68858
68907
68957
69006
69056
69104
69153
69203
69252
69301
69350
69399
69449
69499
69547
69595
69643
69693
69743
69792
69842
69891
69941
69990
70040
70090
70140
70189
70239
70288
70337
70386
70435
70485
70533
70581
70630
70678
70726
70775
70823
70871
70920
70968
71017
71065
71115
71165
71214
71264
71313
71363
71412
71461
71510
71559
71609
71658
71708
71757
71806
71855
71905
71955
72005
72055
72103
72152
72200
72249
72298
72346
72395
72444
72492
72541
72591
72640
72690
72740
72789
72838
72888
72937
72986
73036
73084
73133
73181
73230
73278
73327
73375
73424
73473
73523
73573
73622
73672
73721
73771
73820
73869
73919
73967
74016
74064
74113
74161
74210
74259
74308
74358
74407
74456
74506
74555
74605
74654
74704
74753
74803
74852
74901
74950
75000
75049
75098
75148
75197
75247
75296
75345
75394
75442
75491
75539
75588
75636
75685
75734
75783
75832
75882
75931
75980
76029
76079
76128
76177
76226
76276
76325
76374
76423
76473
76523
76573
76622
76672
76722
76772
76821
76871
76920
76969
77019
77068
77117
77167
77217
77266
77315
77363
77411
77460
77508
77557
77607
77655
77704
77752
77801
77849
77898
77947
77996
78046
78095
78144
78193
78243
78291
78339
78388
78436
78485
78533
78582
78631
78680
78728
78777
78825
78874
78922
78971
79020
79069
79118
79168
79217
79266
79314
79363
79412
79461
79511
79560
79609
79659
79708
79757
79805
79854
79902
79951
79999
80048
80097
80146
80195
80243
80292
80341
80389
80438
80486
80535
80584
80632
80681
80730
80778
80827
80875
80924
80972
81020
81070
81119
81169
81218
81267
81316
81365
81413
81462
81510
81560
81609
81659
81708
81758
81807
81857
81906
81956
82005
82055
82104
82153
82202
82250
82299
82349
82398
82448
82497
82547
82595
82643
82692
82740
82788
82836
82886
82935
82985
83034
83083
83133
83182
83231
83281
83330
83379
83429
83477
83526
83575
83625
83675
83725
83775
83825
83873
83922
83970
84018
84067
84115
84163
84212
84260
84308
84357
84405
84453
84503
84552
84602
84651
84701
84750
84800
84850
84899
84949
84999
85049
85099
85147
85196
85244
85293
85342
85390
85439
85487
85535
85584
85632
85681
85729
85778
85826
85875
85925
85974
86024
86074
86123
86173
86223
86273
86322
86372
