30
79
128
178
227
276
325
374
422
471
519
568
616
665
713
762
811
861
910
960
1010
1059
1108
1157
1207
1256
1305
1354
1404
1452
1501
1549
1598
1646
1695
1744
1792
1841
1889
1937
1986
2034
2083
2131
2179
2228
2277
2327
2377
2427
2477
2527
2577
2627
2677
2727
2776
2825
2875
2924
2974
3023
3073
3122
3172
3221
3269
3318
3366
3415
3463
3512
3562
3611
3661
3710
3760
3808
3857
3905
3953
4002
4050
4100
4150
4201
4251
4301
4351
4400
4448
4497
4545
4594
4643
4691
4739
4789
4838
4888
4937
4987
5036
5085
5135
5183
5232
5280
5328
5377
5425
5474
5524
5574
5624
5674
5724
5774
5824
5872
5921
5970
6018
6067
6116
6165
6214
6263
6313
6362
6410
6459
6507
6556
6604
6653
6702
6751
6800
6850
6899
6948
6997
7045
7094
7142
7190
7239
7287
7335
7384
7433
7482
7531
7580
7630
7679
7728
7777
7826
7876
7925
7974
8023
8072
8122
8171
8220
8269
8318
8368
8417
8465
8513
8562
8610
8659
8707
8755
8805
8855
8906
8956
9006
9056
9105
9154
9204
9253
9302
9351
9400
9448
9497
9545
9594
9642
9691
9741
9790
9840
9889
9939
9988
10037
10086
10134
10183
10231
10280
10328
10378
10427
10477
10526
10576
10625
10675
10724
10773
10823
10872
10921
10970
11020
11069
11118
11167
11217
11266
11314
11363
11411
11459
11508
11556
11605
11653
11702
11750
11798
11847
11895
11945
11993
12042
12090
12139
12188
12237
12285
12333
12383
12432
12481
12530
12580
12629
12679
12728
12778
12828
12877
12927
12976
13024
13072
13121
13169
13218
13267
13316
13366
13415
13464
13513
13562
13610
13659
13707
13756
13804
13854
13904
13954
14004
14053
14102
14151
14201
14250
14299
14349
14398
14448
14497
14546
14595
14645
14694
14742
14791
14839
14888
14936
14985
15033
15082
15131
15181
15230
15279
15328
15378
15427
15477
15526
15576
15625
15674
15724
15773
15822
15871
15920
15969
16018
16067
16115
16164
16213
16262
16311
16360
16408
16458
16506
16555
16603
16652
16700
16748
16797
16845
16894
16944
16993
17042
17091
17141
17190
17240
17289
17339
17388
17437
17486
17536
17585
17635
17684
17734
17783
17832
17881
17930
17980
18029
18078
18127
18177
18226
18275
18325
18374
18423
18472
18522
18571
18620
18669
18719
18768
18818
18867
18917
18967
19017
19067
19116
19165
19215
19264
19313
19363
19412
19460
19509
19557
19605
19654
19703
19752
19801
19851
19900
19950
19999
20049
20098
20146
20196
20245
20294
20343
20392
20442
20491
20540
20590
20639
20688
20738
20786
20835
20883
20933
20982
21032
21081
21131
21180
21230
21280
21329
21377
21426
21474
21522
21571
21619
21667
21716
21764
21812
21861
21911
21960
22010
22059
22109
22158
22208
22257
22307
22356
22406
22456
22505
22555
22604
22654
22703
22753
22802
22852
22900
22948
22998
23047
23096
23146
23195
23244
23294
23343
23392
23442
23491
23541
23591
23641
23690
23740
23789
23839
23888
23937
23987
24036
24085
24134
24184
24234
24284
24333
24383
24433
24483
24531
24581
24629
24678
24726
24775
24823
24872
24920
24969
25018
25067
25115
25164
25212
25261
25310
25358
25407
25455
25504
25552
25601
25649
25698
25747
25796
25844
25894
25943
25992
26041
26090
26140
26189
26239
26289
26339
26388
26438
26487
26535
26584
26633
26681
26730
26779
26828
26878
26927
26976
27025
27074
27124
27172
27220
27269
27317
27366
27414
27464
27513
27562
27611
27661
27709
27757
27806
27854
27902
27951
28000
28049
28098
28148
28196
28245
28294
28342
28391
28439
28487
28538
28586
28635
28683
28732
28781
28830
28879
28928
28978
29027
29077
29126
29175
29223
29271
29319
29368
29416
29465
29513
29562
29611
29661
29710
29759
29809
29858
29907
29955
30005
30054
30104
30154
30204
30253
30303
30352
30402
30452
30502
30552
30602
30652
30702
30750
30799
30847
30895
30944
30993
31043
31092
31141
31190
31239
31289
31338
31386
31436
31485
31535
31583
31632
31680
31729
31777
31827
31877
31927
31977
32027
32077
32127
32176
32226
32275
32324
32374
32423
32472
32522
32571
32620
32671
32722
32773
32824
32874
32923
32973
33021
33070
33119
33168
33216
33265
33314
33363
33412
33462
33511
33560
33609
33658
33707
33757
33806
33855
33905
33954
34004
34053
34102
34152
34201
34251
34300
34350
34399
34448
34498
34547
34596
34645
34695
34745
34795
34845
34895
34945
34995
35043
35092
35141
35189
35239
35288
35338
35387
35436
35485
35535
35584
35633
35682
35732
35781
35830
35880
35929
35978
36027
36077
36126
36176
36225
36275
36323
36372
36421
36470
36518
36568
36617
36666
36715
36764
36814
36862
36910
36959
37007
37056
37104
37152
37201
37249
37298
37346
37395
37443
37491
37540
37588
37636
37685
37734
37783
37833
37882
37931
37980
38029
38077
38126
38175
38225
38274
38323
38372
38421
38469
38518
38566
38614
38663
38711
38760
38809
38857
38906
38954
39002
39052
39100
39150
39199
39248
39297
39347
39395
39444
39492
39540
39589
39638
39688
39737
39786
39836
39885
39934
39983
40032
40082
40131
40180
40229
40279
40328
40377
40427
40476
40525
40574
40622
40671
40719
40768
40816
40866
40915
40965
41014
41064
41113
41163
41212
41260
41309
41358
41406
41455
41505
41554
41604
41654
41704
41753
41803
41851
41900
41948
41997
42045
42095
42144
42194
42243
42293
42342
42392
42441
42489
42538
42586
42635
42683
42731
42780
42829
42878
42927
42977
43026
43075
43125
43173
43221
43270
43318
43367
43415
43463
43512
43561
43610
43659
43709
43758
43807
43856
43906
43956
44006
44055
44105
44155
44203
44252
44300
44349
44397
44446
44494
44543
44591
44640
44689
44738
44787
44837
44886
44935
44985
45035
45085
45135
45185
45233
45282
45330
45379
45427
45476
45524
45573
45622
45671
45720
45769
45819
45868
45917
45966
46016
46066
46115
46165
46255
46303
46352
46400
46449
46497
46545
46595
46644
46693
46742
46791
46841
46890
46939
46988
47037
47087
47136
47185
47234
47283
47332
47381
47430
47478
47527
47576
47626
47675
47724
47773
47822
47872
47921
47970
48020
48071
48121
48171
48221
48272
48321
48371
48420
48470
48519
48568
48618
48667
48716
48765
48814
48863
48912
48962
49012
49062
49111
49161
49210
49259
49309
49358
49408
49456
49505
49553
49604
49654
49704
49754
49805
49854
49903
49952
50002
50051
50100
50150
50198
50246
50295
50344
50392
50440
50490
50539
50588
50637
50686
50735
50784
50832
50881
50929
50978
51027
51077
51126
51175
51224
51274
51323
51371
51420
51468
51517
51565
51614
51662
51710
51759
51807
51856
51905
51953
52002
52050
52099
52148
52197
52246
52296
52345
52395
52444
52494
52543
52593
52642
52691
52741
52789
52837
52885
52934
52982
53030
53079
53127
53175
53224
53272
53320
53369
53419
53467
53515
53564
53612
53660
53709
53757
53807
53856
53906
53955
54005
54054
54104
54153
54203
54252
54300
54348
54398
54447
54496
54545
54594
54644
54693
54742
54791
54840
54889
54939
54989
55038
55088
55137
55187
55236
55285
55335
55384
55433
55482
55531
55581
55630
55679
55728
55777
55826
55876
55925
55974
56024
56073
56122
56171
56220
56269
56319
56368
56417
56467
56516
56566
56615
56664
56712
56761
56810
56859
56909
56958
57007
57056
57105
57154
57202
57250
57299
57347
57396
57446
57495
57544
57593
57642
57692
57742
57792
57841
57891
57940
57989
58038
58088
58137
58186
58236
58284
58332
58381
58429
58478
58526
58575
58625
58674
58724
58773
58823
58871
58920
58970
59020
59070
59120
59170
59220
59269
59317
59366
59414
59462
59511
59560
59609
59658
59706
59755
59803
59851
59900
59949
59998
60048
60097
60147
60196
60246
60295
60345
60394
60444
60494
60543
60593
60643
60691
60740
60789
60837
60886
60935
60984
61033
61081
61130
61179
61229
61278
61327
61376
61426
61475
61524
61573
61621
61670
61718
61767
61815
61864
61912
61960
62008
62057
62105
62153
62203
62252
62300
62349
62398
62446
62495
62543
62592
62641
62690
62739
62789
62838
62888
62937
62987
63037
63086
63136
63185
63235
63284
63333
63383
63432
63481
63530
63580
63629
63678
63727
63777
63826
63875
63923
63972
64021
64069
64118
64166
64215
64264
64313
64361
64410
64458
64507
64555
64605
64654
64704
64753
64802
64852
64900
64949
64997
65046
65094
65143
65192
65242
65291
65340
65389
65438
65488
65537
65586
65635
65685
65734
65783
65832
65881
65930
65980
66028
66076
66125
66174
66223
66272
66321
66371
66420
66469
66519
66568
66617
66667
66716
66765
66815
66864
66913
66961
67010
67059
67108
67158
67207
67256
67305
67355
67403
67451
67500
67548
67597
67645
67694
67744
67793
67843
67892
67941
67991
68040
68089
68138
68186
68235
68283
68331
68380
68428
68476
68526
68575
68624
68673
68723
68772
68821
68870
68920
68969
69018
69067
69116
69166
69215
69263
69312
69361
69410
69458
69508
69557
69606
69655
69704
69754
69803
69852
69900
69949
69997
70046
70094
70142
70191
70240
70289
70339
70389
70438
70488
70537
70586
70636
70685
70734
70784
70833
70882
70931
70981
71030
71079
71129
71178
71227
71276
71326
71375
71424
71474
71523
71573
71622
71672
71721
71771
71820
71869
71918
71966
72015
72063
72112
72160
72209
72257
72305
72354
72403
72451
72500
72548
72598
72648
72698
72748
72797
72847
72896
72945
72994
73043
73093
73142
73192
73242
73291
73341
73391
73439
73488
73537
73587
73636
73685
73735
73784
73834
73882
73930
73979
74027
74076
74124
74172
74221
74269
74317
74366
74414
74464
74513
74563
74611
74660
74709
74759
74808
74857
74907
74956
75005
75054
75103
75153
75202
75250
75299
75348
75397
75446
75496
75545
75594
75642
75691
75739
75788
75837
75886
75935
75985
76034
76083
76132
76182
76231
76280
76329
76378
76427
76477
76526
76576
76625
76675
76725
76774
76824
76873
76923
76972
77021
77071
77120
77168
77217
77266
77314
77363
77411
77461
77510
77560
77610
77660
77710
77759
77809
77858
77908
77957
78006
78056
78105
78154
78204
78253
78303
78352
78400
78449
78497
78546
78594
78642
78692
78742
78792
78841
78891
78940
78989
79038
79087
79137
79186
79236
79285
79334
79384
79432
79480
79529
79577
79625
79674
79722
79770
79819
79867
79915
79964
80012
80061
80109
80158
80207
80257
80306
80355
80405
80454
80504
80554
80604
80653
80703
80753
80803
80852
80900
80949
80998
81047
81096
81145
81194
81244
81293
81342
81392
81441
81491
81540
81589
81639
81688
81738
81788
81837
81887
81935
81983
82032
82080
82128
82177
82225
82274
82322
82370
82420
82470
82520
82569
82619
82669
82718
82767
82816
82866
82915
82964
83013
83062
83110
83159
83207
83256
83304
83352
83402
83452
83500
83548
83597
83645
83694
83742
83791
83840
83890
83939
83989
84038
84087
84137
84186
84235
84284
84333
84383
84432
84482
84532
84582
84630
84678
84727
84775
84824
84872
84920
84970
85019
85068
85117
85167
85216
85265
85314
85364
85413
85462
85512
85561
85611
85661
85710
85759
85809
85858
85907
85957
86007
86056
86106
86155
86205
86254
86303
86353
