+9.657645000000000479 
+9.446933347252372215 
+9.238445398692057609 
+9.032168897333741953 
+8.828091624137865523 
+8.626201397958128680 
+8.426486075488989869 
+8.228933551213152953 
+8.033531757349074098 
+7.840268663798450888 
+7.649132278093725645 
+7.460110645345578106 
+7.273191848190423414 
+7.088364006737908340 
+6.905615278518409283 
+6.724933858430524936 
+6.546307978688583162 
+6.369725908770124789 
+6.195175955363408704 
+6.022646462314908966 
+5.852125810576804810 
+5.683602418154483971 
+5.517064740054038907 
+5.352501268229759468 
+5.189900531531634442 
+5.029251095652844228 
+4.870541563077260605 
+4.713760573026942069 
+4.558896801409631827 
+4.405938960766252244 
+4.254875800218404613 
+4.105696105415864494 
+3.958388698484076151 
+3.812942437971654996 
+3.669346218797880255 
+3.527588972200191186 
+3.387659665681685084 
+3.249547302958617045 
+3.113240923907889979 
+2.978729604514558815 
+2.846002456819323179 
+2.715048628866023606 
+2.585857304649140431 
+2.458417704061289122 
+2.332719082840719160 
+2.208750732518807602 
+2.086501980367557962 
+1.965962189347098210 
+1.847120758053174328 
+1.729967120664650082 
+1.614490746891000583 
+1.500681141919812944 
+1.388527846364281615 
+1.278020436210701050 
+1.169148522765970810 
+1.061901752605084681 
+0.956269807518632220 
+0.852242404460291425 
+0.749809295494330286 
+0.648960267743099450 
+0.549685143334533777 
+0.451973779349643223 
+0.355816067770009070 
+0.261201935425294351 
+0.168121343940722312 
+0.076564289684579734 
-0.013479196284274408 
-0.102019048268932266 
-0.189065165986928463 
-0.274627414622742094 
-0.358715624880307615 
-0.441339593035507960 
-0.522509080988687202 
-0.602233816317150783 
-0.680523492327667512 
-0.757387768108968018 
-0.832836268584260964 
-0.906878584563720835 
-0.979524272797007711 
-1.050782856025746170 
-1.120663823036066375 
-1.189176628711066996 
-1.256330694083336752 
-1.322135406387467071 
-1.386600119112539886 
-1.449734152054631409 
-1.511546791369331899 
-1.572047289624224575 
-1.631244865851403603 
-1.689148705599983202 
-1.745767960988587220 
-1.801111750757858232 
-1.855189160322959552 
-1.908009241826079005 
-1.959581014188936265 
-2.009913463165277747 
-2.059015541393382165 
-2.106896168448574969 
-2.153564230895714360 
-2.199028582341705729 
-2.243298043487998328 
-2.286381402183099709 
-2.328287413475056411 
-2.369024799663993264 
-2.408602250354574537 
-2.447028422508537915 
-2.484311940497189397 
-2.520461396153894640 
-2.555485348826607606 
-2.589392325430340591 
-2.622190820499698205 
-2.653889296241361606 
-2.684496182586604718 
-2.714019877243778467 
-2.742468745750835879 
-2.769851121527821647 
-2.796175305929381238 
-2.821449568297257571 
-2.845682146012800118 
-2.868881244549470466 
-2.891055037525337212 
-2.912211666755586847 
-2.932359242305020430 
-2.951505842540559144 
-2.969659514183753402 
-2.986828272363279524 
-3.003020100667439962 
-3.018242951196679513 
-3.032504744616069559 
-3.045813370207827830 
-3.058176685923816862 
-3.069602518438045990 
-3.080098663199169806 
-3.089672884482997262 
-3.098332915444999003 
-3.106086458172795162 
-3.112941183738682227 
-3.118904732252111955 
-3.123984712912204031 
-3.128188704060265835 
-3.131524253232262467 
-3.133998877211336520 
-3.135620062080340276 
-3.136395263274275536 
-3.136331905632856021 
-3.135437383452979176 
-3.133719060541242385 
-3.131184270266427205 
-3.127840315612031574 
-3.123694469228754045 
-3.118753973486999342 
-3.113026040529378591 
-3.106517852323223750 
-3.099236560713086064 
-3.091189287473227409 
-3.082383124360141835 
-3.072825133165048683 
-3.062522345766396370 
-3.051481764182357281 
-3.039710360623365304 
-3.027215077544571642 
-3.014002827698371689 
-3.000080494186921243 
-2.985454930514611860 
-2.970132960640601283 
-2.954121379031288797 
-2.937426950712834994 
-2.920056411323670886 
-2.902016467166989244 
-2.883313795263253709 
-2.863955043402688361 
-2.843946830197808140 
-2.823295745135897761 
-2.802008348631526147 
-2.780091172079043105 
-2.757550717905091986 
-2.734393459621099254 
-2.710625841875796027 
-2.686254280507702319 
-2.661285162597641474 
-2.635724846521249276 
-2.609579662001458189 
-2.582855910161001134 
-2.555559863574956125 
-2.527697766323189654 
-2.499275834042903099 
-2.470300253981109861 
-2.440777185047158682 
-2.410712757865224987 
-2.380113074826823549 
-2.348984210143289175 
-2.317332209898312456 
-2.285163092100422233 
-2.252482846735482269 
-2.219297435819218123 
-2.185612793449706714 
-2.151434825859873001 
-2.116769411470002638 
-2.081622400940240425 
-2.045999617223115408 
-2.009906855615996690 
-1.973349883813641625 
-1.936334441960681829 
-1.898866242704121632 
-1.860950971245847185 
-1.822594285395126690 
-1.783801815621119502 
-1.744579165105383467 
-1.704931909794355605 
-1.664865598451871875 
-1.624385752711679842 
-1.583497867129915804 
-1.542207409237651206 
-1.500519819593321813 
-1.458440511835307873 
-1.415974872734411250 
-1.373128262246327225 
-1.329906013564198020 
-1.286313433171077492 
-1.242355800892459783 
-1.198038369948761783 
-1.153366367007834015 
-1.108344992237469739 
-1.062979419357919397 
-1.017274795694351752 
-0.971236242229402080 
-0.924868853655651080 
-0.878177698428133979 
-0.831167818816842541 
-0.783844230959251931 
-0.736211924912758775 
-0.688275864707263096 
-0.640040988397620580 
-0.591512208116162341 
-0.542694410125207582 
-0.493592454869544284 
-0.444211177028938309 
-0.394555385570665607 
-0.344629863801964476 
-0.294439369422590858 
-0.243988634577277708 
-0.193282365908277853 
-0.142325244607828694 
-0.091121926470673742 
-0.039677041946593050 
+0.012004803807149855 
+0.063919030873275773 
+0.116061084521971836 
+0.168426435158391286 
+0.221010578270202984 
+0.273809034375002369 
+0.326817348967885835 
+0.380031092468898990 
+0.433445860170548869 
+0.487057272185314361 
+0.540860973393112232 
+0.594852633388814667 
+0.649027946429752589 
+0.703382631383188794 
+0.757912431673846143 
+0.812613115231377137 
+0.867480474437856586 
+0.922510326075313358 
+0.977698511273203508 
+1.033040895455906494 
+1.088533368290201864 
+1.144171843632832974 
+1.199952259477935712 
+1.255870577904545371 
+1.311922785024124849 
+1.368104890928050210 
+1.424412929635085590 
+1.480842959038920270 
+1.537391060855604508 
+1.594053340571102595 
+1.650825927388789083 
+1.707704974176886381 
+1.764686657416043580 
+1.821767177146742078 
+1.878942756916890389 
+1.936209643729246643 
+1.993564107988949452 
+2.051002443450992807 
+2.108520967167744509 
+2.166116019436450379 
+2.223783963746673642 
+2.281521186727877293 
+2.339324098096866145 
+2.397189130605277718 
+2.455112739987091786 
+2.513091404906170112 
+2.571121626903677182 
+2.629199930345608394 
+2.687322862370346677 
+2.745486992836029927 
+2.803688914268186672 
+2.861925241807139919 
+2.920192613155519368 
+2.978487688525810029 
+3.036807150587775617 
+3.095147704416008949 
+3.153506077437400634 
+3.211879019378673483 
+3.270263302213797907 
+3.328655720111598271 
+3.387053089383162963 
+3.445452248429383246 
+3.503850057688415731 
+3.562243399583242542 
+3.620629178469082277 
+3.679004320580975040 
+3.737365773981219164 
+3.795710508506857650 
+3.854035515717250782 
+3.912337808841502174 
+3.970614422725955883 
+4.028862413781782337 
+4.087078859932304020 
+4.145260860560694205 
+4.203405536457323066 
+4.261510029767340058 
+4.319571503938098189 
+4.377587143666718639 
+4.435554154847569208 
+4.493469764519701926 
+4.551331220814468281 
+4.609135792902907980 
+4.666880770943253154 
+4.724563466028540049 
+4.782181210133925831 
+4.839731356064375767 
+4.897211277402009344 
+4.954618368453646227 
+5.011950044198355769 
+5.069203740234869748 
+5.126376912729160296 
+5.183467038361828649 
+5.240471614275731049 
+5.297388158023395910 
+5.354214207514496060 
+5.410947320963457763 
+5.467585076836837032 
+5.524125073800883357 
+5.580564930669004831 
+5.636902286349298130 
+5.693134799792009204 
+5.749260149937066799 
+5.805276035661520062 
+5.861180175727134234 
+5.916970308727789174 
+5.972644193037004889 
+6.028199606755489270 
+6.083634347658547270 
+6.138946233143674824 
+6.194133100177969808 
+6.249192805245636251 
+6.304123224295608452 
+6.358922252688842036 
+6.413587805145980703 
+6.468117815694759187 
+6.522510237617545670 
+6.576763043398830888 
+6.630874224672683503 
+6.684841792170329811 
+6.738663775667554034 
+6.792338223932267383 
+6.845863204671978508 
+6.899236804481276408 
+6.952457128789390595 
+7.005522301807577179 
+7.058430466476705689 
+7.111179784414735749 
+7.163768435864202644 
+7.216194619639724195 
+7.268456553075443694 
+7.320552471972673558 
+7.372480630547178393 
+7.424239301376874600 
+7.475826775349185382 
+7.527241361608618675 
+7.578481387504223399 
+7.629545198537137196 
+7.680431158307968076 
+7.731137648464442513 
+7.781663068648787984 
+7.832005836445292246 
+7.882164387327741828 
+7.932137174607023944 
+7.981922669378468171 
+8.031519360469490110 
+8.080925754386999671 
+8.130140375264925723 
+8.179161764811759383 
+8.227988482257922342 
+8.276619104303405194 
+8.325052225065192602 
+8.373286456024800373 
+8.421320425975624246 
+8.469152780970720329 
+8.516782184270018874 
+8.564207316288024785 
+8.611426874541116661 
+8.658439573595281047 
+8.705244145013416812 
+8.751839337302934396 
+8.798223915863143674 
+8.844396662932922482 
+8.890356377538045862 
+8.936101875438785314 
+8.981631989077374811 
+9.026945567525487490 
+9.072041476431778051 
+9.116918597969293714 
+9.161575830783103669 
+9.206012089937710030 
+9.250226306864503201 
+9.294217429309361123 
+9.337984421280063785 
+9.381526262993848064 
+9.424841950824882630 
+9.467930497251762390 
+9.510790930804963850 
+9.553422296014430160 
+9.595823653356987393 
+9.637994079203910047 
+9.679932665768355093 
+9.721638521052902604 
+9.763110768797000460 
+9.804348548424517418 
+9.845351014991267746 
+9.886117339132404425 
+9.926646707009950887 
+9.966938320260377182 
+10.006991395941991385 
+10.046805166482497995 
+10.086378879626494154 
+10.125711798382916129 
+10.164803200972631458 
+10.203652380775798392 
+10.242258646279500667 
+10.280621321025162018 
+10.318739743556040622 
+10.356613267364801700 
+10.394241260840917818 
+10.431623107218211288 
+10.468758204522377042 
+10.505645965518462859 
+10.542285817658290981 
+10.578677203028103548 
+10.614819578295881186 
+10.650712414658997318 
+10.686355197791710836 
+10.721747427792418961 
+10.756888619131519391 
+10.791778300598664941 
+10.826416015250256208 
+10.860801320357136746 
+10.894933787351828158 
+10.928813001776218172 
+10.962438563229005339 
+10.995810085313195259 
+11.028927195583474230 
+11.061789535493984360 
+11.094396760345521358 
+11.126748539233252799 
+11.158844554994072240 
+11.190684504154207346 
+11.222268096876611310 
+11.253595056908492822 
+11.284665121528895781 
+11.315478041496101369 
+11.346033580995115386 
+11.376331517585246189 
+11.406371642147526302 
+11.436153758832265481 
+11.465677685006566477 
+11.494943251201629408 
+11.523950301060569501 
+11.552698691285652188 
+11.581188291585872818 
+11.609418984624495508 
+11.637390665966499625 
+11.665103244026067131 
+11.692556640014149849 
+11.719750787885889309 
+11.746685634288152045 
+11.773361138507018708 
+11.799777272415283846 
+11.825934020419913040 
+11.851831379409629719 
+11.877469358702363422 
+11.902847979992698058 
+11.927967277299385884 
+11.952827296912996502 
+11.977428097343119973 
+12.001769749266156140 
+12.025852335472631438 
+12.049675950814771497 
+12.073240702153963610 
+12.096546708308324014 
+12.119594100000020021 
+12.142383019802981181 
+12.164913622090285372 
+12.187186072981589291 
+12.209200550290905340 
+12.230957243473611129 
+12.252456353574476822 
+12.273698093174811419 
+12.294682686340088651 
+12.315410368567391686 
+12.335881386733017706 
+12.356095999039837352 
+12.376054474964810481 
+12.395757095206608511 
+12.415204151633016494 
+12.434395947228388479 
+12.453332796041255648 
+12.472015023131694633 
+12.490442964518949864 
+12.508616967128824982 
+12.526537388741310508 
+12.544204597937905987 
+12.561618974049267194 
+12.578780907102645514 
+12.595690797769336200 
+12.612349057312224332 
+12.628756107533387620 
+12.644912380721388345 
+12.660818319598792669 
+12.676474377269943972 
+12.691881017168103796 
+12.707038713003155905 
+12.721947948709070531 
+12.736609218391294007 
+12.751023026274484806 
+12.765189886649665141 
+12.779110323822067130 
+12.792784872058422962 
+12.806214075534482433 
+12.819398488282571336 
+12.832338674139002421 
+12.845035206691756358 
+12.857488669227748801 
+12.869699654680363921 
+12.881668765577135360 
+12.893396613987091470 
+12.904883821468247973 
+12.916131019015100634 
+12.927138847006338196 
+12.937907955151944250 
+12.948439002441002543 
+12.958732657089161222 
+12.968789596485985172 
+12.978610507142544606 
+12.988196084638948591 
+12.997547033571759556 
+13.006664067501560567 
+13.015547908900407137 
+13.024199289099357202 
+13.032618948235862533 
+13.040807635201412396 
+13.048766107589088392 
+13.056495131640728502 
+13.063995482194737718 
+13.071267942633522097 
+13.078313304830857078 
+13.085132369099570226 
+13.091725944138872251 
+13.098094846981982897 
+13.104239902943504603 
+13.110161945567007535 
+13.115861816572529364 
+13.121340365804014638 
+13.126598451176903382 
+13.131636938625437239 
+13.136456702050411494 
+13.141058623266545169 
+13.145443591949875994 
+13.149612505585400513 
+13.153566269414614709 
+13.157305796382814833 
+13.160832007086797901 
+13.164145829722162517 
+13.167248200031036021 
+13.170140061249343333 
+13.172822364054447064 
+13.175296066512583337 
+13.177562134026389984 
+13.179621539282413423 
+13.181475262198539156 
+13.183124289871518187 
+13.184569616524591140 
+13.185812243454785531 
+13.186853178980465273 
+13.187693438388929934 
+13.188334043883816804 
+13.188776024532621989 
+13.189020416214219722 
+13.189068261566299967 
+13.188920609932930361 
+13.188578517312064875 
+13.188043046302833972 
+13.187315266053488472 
+13.186396252208394841 
+13.185287086855797867 
+13.183988858475355954 
+13.182502661885454387 
+13.180829598190832996 
+13.178970774730153437 
+13.176927305023241388 
+13.174700308718822583 
+13.172290911541887581 
+13.169700245241415359 
+13.166929447537345510 
+13.163979662068740595 
+13.160852038340872028 
+13.157547731672664781 
+13.154067903144566642 
+13.150413719545657187 
+13.146586353321321639 
+13.142586982520782612 
+13.138416790744495088 
+13.134076967091727894 
+13.129568706107979992 
+13.124893207732634792 
+13.120051677246140187 
+13.115045325217868921 
+13.109875367453428296 
+13.104543024942172380 
+13.099049523804692896 
+13.093396095240308341 
+13.087583975474647247 
+13.081614405707044924 
+13.075488632058160476 
+13.069207905517229662 
+13.062773481889861316 
+13.056186621745396792 
+13.049448590364233880 
+13.042560657685754677 
+13.035524098255345748 
+13.028340191172258500 
+13.021010220036847826 
+13.013535472898324130 
+13.005917242201904926 
+12.998156824736671666 
+12.990255521582906084 
+12.982214638059520695 
+12.974035483671668700 
+12.965719372058186920 
+12.957267620939042274 
+12.948681552063055378 
+12.939962491154982871 
+12.931111767863557205 
+12.922130715708416204 
+12.913020672028027391 
+12.903782977926919528 
+12.894418978223507466 
+12.884930021397160260 
+12.875317459535905229 
+12.865582648284055622 
+12.855726946789562959 
+12.845751717651381796 
+12.835658326867275036 
+12.825448143781184029 
+12.815122541030497416 
+12.804682894493804923 
+12.794130583238484178 
+12.783466989467935804 
+12.772693498469186224 
+12.761811498560366118 
+12.750822381038217301 
+12.739727540125764804 
+12.728528372919459599 
+12.717226279336903971 
+12.705822662064438333 
+12.694318926504355005 
+12.682716480722552532 
+12.671016735396177566 
+12.659221103760902594 
+12.647331001558415053 
+12.635347846984100073 
+12.623273060634327081 
+12.611108065454072147 
+12.598854286684591841 
+12.586513151810477140 
+12.574086090507414326 
+12.561574534589750485 
+12.548979917957929331 
+12.536303676545870189 
+12.523547248268538823 
+12.510712072969647934 
+12.497799592368657784 
+12.484811250008860384 
+12.471748491204472487 
+12.458612762988220624 
+12.445405514059029173 
+12.432128194729108017 
+12.418782256871944369 
+12.405369153869505894 
+12.391890340559760020 
+12.378347273184077793 
+12.364741409335017863 
+12.351074207903666391 
+12.337347129027000037 
+12.323561634035680612 
+12.309719185401142738 
+12.295821246683647843 
+12.281869282479114247 
+12.267864758367149847 
+12.253809140858527016 
+12.239703897342025130 
+12.225550496032944636 
+12.211350405919812800 
+12.197105096712117955 
+12.182816038787853685 
+12.168484703141091430 
+12.154112561329307951 
+12.139701085420934845 
+12.125251747942913383 
+12.110766021828158756 
+12.096245380362953270 
+12.081691297134680596 
+12.067105245979044881 
+12.052488700927732168 
+12.037843136156103796 
+12.023170025930042470 
+12.008470844554192780 
+11.993747066319169647 
+11.979000165448661974 
+11.964231616047774409 
+11.949442892049740195 
+11.934635467163783318 
+11.919810814822495715 
+11.904970408129509352 
+11.890115719806821915 
+11.875248222142346322 
+11.860369386937337666 
+11.845480685454075953 
+11.830583588363229097 
+11.815679565691183939 
+11.800770086767990108 
+11.785856620174490317 
+11.770940633689859212 
+11.756023594239223939 
+11.741106967841002273 
+11.726192219554619101 
+11.711280813427897840 
+11.696374212444329288 
+11.681473878471054562 
+11.666581272205890585 
+11.651697853125005722 
+11.636825079430654029 
+11.621964407998154556 
+11.607117294323845869 
+11.592285192472505884 
+11.577469555024602954 
+11.562671833023962620 
+11.547893475925313567 
+11.533135931541750097 
+11.518400645992109332 
+11.503689063648684154 
+11.489002627084484942 
+11.474342777020893891 
+11.459710952275177220 
+11.445108589707794877 
+11.430537124170141894 
+11.415997988451815459 
+11.401492613228427331 
+11.387022427008583136 
+11.372588856081975450 
+11.358193324466567375 
+11.343837253855978631 
+11.329522063567075918 
+11.315249170487854613 
+11.301019989024291945 
+11.286835931048187831 
+11.272698405844774783 
+11.258608820059903266 
+11.244568577647809704 
+11.230579079818424404 
+11.216641724985032980 
+11.202757908711490131 
+11.188929023660280748 
+11.175156459539334008 
+11.161441603049938820 
+11.147785837834181422 
+11.134190544422205349 
+11.120657100180306287 
+11.107186879257522349 
+11.093781252533981174 
+11.080441587567873896 
+11.067169248543391902 
+11.053965596217469880 
+11.040831987868310549 
+11.027769777242081517 
+11.014780314500525193 
+11.001864946168838699 
+10.989025015082898307 
+10.976261860336833820 
+10.963576817230118010 
+10.950971217216117992 
+10.938446387848097530 
+10.926003652728148552 
+10.913644331453998149 
+10.901369739566053596 
+10.889181188495872021 
+10.877079985513264049 
+10.865067433673271324 
+10.853144831764637956 
+10.841313474256416782 
+10.829574651245879480 
+10.817929648406261478 
+10.806379746933599151 
+10.794926223494739403 
+10.783570350174738195 
+10.772313394424227084 
+10.761156619007168800 
+10.750101281947799237 
+10.739148636478926591 
+10.728299930988738353 
+10.717556408968651027 
+10.706919308960827664 
+10.696389864505231770 
+10.685969304087846510 
+10.675658851087620249 
+10.665459723723870411 
+10.655373135004705176 
+10.645400292673153686 
+10.635542399155660576 
+10.625800651509374362 
+10.616176241369366551 
+10.606670354896337471 
+10.597284172724332763 
+10.588018869907660502 
+10.578875615869028692 
+10.569855574346290084 
+10.560959903340844335 
+10.552189755064816268 
+10.543546275887527131 
+10.535030606285058496 
+10.526643880785549356 
+10.518387227918434945 
+10.510261770160662209 
+10.502268623885273158 
+10.494408899308004024 
+10.486683700435250444 
+10.479094125011354066 
+10.471641264466484245 
+10.464326203863819842 
+10.457150021846766563 
+10.450113790587106877 
+10.443218575732036157 
+10.436465436351840097 
+10.429855424887168880 
+10.423389587096949072 
+10.417068962005554766 
+10.410894581850346441 
+10.404867472029101449 
+10.398988651047883280 
+10.393259130468106122 
+10.387679914854107466 
+10.382252001720939205 
+10.376976381481490819 
+10.371854037394468762 
+10.366885945510777134 
+10.362073074622992763 
+10.357416386210880788 
+10.352916834389629841 
+10.348575365857989539 
+10.344392919844857204 
+10.340370428056846919 
+10.336508814626661490 
+10.332808996059487328 
+10.329271881181307791 
+10.325898371085777683 
+10.322689359082140470 
+10.319645730642509562 
+10.316768363350151461 
+10.314058126844942720 
+10.311515882773290897 
+10.309142484734236334 
+10.306938778227570097 
+10.304905600600111626 
+10.303043780995178480 
+10.301354140298435880 
+10.299837491085961361 
+10.298494637572224164 
+10.297326375556693279 
+10.296333492371575247 
+10.295516766830242972 
+10.294876969173577308 
+10.294414861017365581 
+10.294131195301256199 
+10.294026716234716545 
+10.294102159244880923 
+10.294358250925132126 
+10.294795708980958082 
+10.295415242178673765 
+10.296217550292364962 
+10.297203324051515949 
+10.298373245087983463 
+10.299727985885276382 
+10.301268209723565050 
+10.302994570628660753 
+10.304907713319906293 
+10.307008273156318623 
+10.309296876084589556 
+10.311774138587912475 
+10.314440667631140869 
+10.317297060609798010 
+10.320343905297686860 
+10.323581779793563840 
+10.327011252468965452 
+10.330632881916605115 
+10.334447216895716437 
+10.338454796281578041 
+10.342656149012697142 
+10.347051794037030348 
+10.351642240260959582 
+10.356427986496033355 
+10.361409521406764966 
+10.366587323457562064 
+10.371961860861082627 
+10.377533591525130774 
+10.383302963000490493 
+10.389270412427778822 
+10.395436366485872881 
+10.401801241338661796 
+10.408365442583441762 
+10.415129365196863276 
+10.422093393483633506 
+10.429257901024596933 
+10.436623250622275805 
+10.444189794249879810 
+10.451957872998772103 
+10.459927817024786023 
+10.468099945497453263 
+10.476474566545775247 
+10.485051977206888196 
+10.493832463373284014 
+10.502816299740247885 
+10.512003749752487636 
+10.521395065553788228 
+10.530990487932157862 
+10.540790246268745278 
+10.550794558485042884 
+10.561003630990114743 
+10.571417658627991543 
+10.582036824626028348 
+10.592861300541349223 
+10.603891246209126820 
+10.615126809689213516 
+10.626568127214930826 
+10.638215323139270652 
+10.650068509883244161 
+10.662127787882747398 
+10.674393245536267116 
+10.686864959153439258 
+10.699542992900608951 
+10.712427398749470697 
+10.725518216424788420 
+10.738815473351650098 
+10.752319184601830671 
+10.766029352843295541 
+10.779945968286515523 
+10.794069008631620221 
+10.808398439016793091 
+10.822934211965867135 
+10.837676267334320102 
+10.852624532258122514 
+10.867778921101816536 
+10.883139335403821946 
+10.898705663825772660 
+10.914477782100014736 
+10.930455552974848388 
+10.946638826165953517 
+10.963027438299985050 
+10.979621212864497437 
+10.996419960154257822 
+11.013423477219598468 
+11.030631547813053217 
+11.048043942337693935 
+11.065660417793809600 
+11.083480717727018927 
+11.101504572175535657 
+11.119731697618069788 
+11.138161796920030611 
+11.156794559282804613 
+11.175629660189875025 
+11.194666761355186679 
+11.213905510669695431 
+11.233345542150226848 
+11.252986475885636608 
+11.272827917985024371 
+11.292869460525283287 
+11.313110681497619225 
+11.333551144756983220 
+11.354190399967780678 
+11.375027982551635830 
+11.396063413635991068 
+11.417296200000109252 
+11.438725834024044303 
+11.460351793634529827 
+11.482173542254553666 
+11.504190528748258870 
+11.526402187370928587 
+11.548807937715375616 
+11.571407184658337286 
+11.594199318310211666 
+11.617183713961262370 
+11.640359732028311868 
+11.663726718004770788 
+11.687284002405554872 
+11.711030900715867276 
+11.734966713337991351 
+11.759090725540440658 
+11.783402207402428274 
+11.807900413764951253 
+11.832584584175592113 
+11.857453942836650995 
+11.882507698553803621 
+11.907745044682442881 
+11.933165159074500039 
+11.958767204028333708 
+11.984550326234083784 
+12.010513656721579778 
+12.036656310808886872 
+12.062977388048812699 
+12.089475972175733887 
+12.116151131055289625 
+12.143001916629863501 
+12.170027364867166852 
+12.197226495706587457 
+12.224598313008856465 
+12.252141804501004430 
+12.279855941725127622 
+12.307739679986664072 
+12.335791958299495263 
+12.364011699336291628 
+12.392397809374486428 
+12.420949178242709721 
+12.449664679271391421 
+12.478543169236882449 
+12.507583488311226461 
+12.536784460008670194 
+12.566144891133422590 
+12.595663571727079955 
+12.625339275015967644 
+12.655170757359181621 
+12.685156758195375915 
+12.715295999990967601 
+12.745587188187332828 
+12.776029011147569392 
+12.806620140104888250 
+12.837359229110971270 
+12.868244914980440541 
+12.899275817242232378 
+12.930450538084123480 
+12.961767662300836434 
+12.993225757243623164 
+13.024823372764460672 
+13.056559041165582968 
+13.088431277147481779 
+13.120438577754379494 
+13.152579422322919100 
+13.184852272431072606 
+13.217255571842674300 
+13.249787746455936599 
+13.282447204253648110 
+13.315232335246193429 
+13.348141511422218386 
+13.381173086695824281 
+13.414325396852420980 
+13.447596759497168151 
+13.480985474003896130 
+13.514489821460148988 
+13.548108064615181689 
+13.581838447829996497 
+13.615679197021382407 
+13.649628519610939037 
+13.683684604473896229 
+13.717845621883729024 
+13.752109723461881430 
+13.786475042125061918 
+13.820939692031819490 
+13.855501768529379092 
+13.890159348104905490 
+13.924910488327899571 
+13.959753227801085629 
+13.994685586107134867 
+14.029705563755776154 
+14.064811142131343757 
+14.100000283440790483 
+14.135270930660666977 
+14.170621007484136555 
+14.206048418270896150 
+14.241551047991329426 
+14.277126762175047503 
+14.312773406861504455 
+14.348488808542366968 
+14.384270774111982405 
+14.420117090815836036 
+14.456025526195466213 
+14.491993828036736858 
+14.528019724319303663 
+14.564100923161404921 
+14.600235112768103818 
+14.636419961380687127 
+14.672653117221141628 
+14.708932208442289991 
+14.745254843073228201 
+14.781618608968914330 
+14.818021073754930939 
+14.854459784778359932 
+14.890932269051688763 
+14.927436033203617782 
+14.963968563424256075 
+15.000527325413294477 
+15.037109764328342010 
+15.073713304730961937 
+15.110335350534967347 
+15.146973284953965333 
+15.183624470449588628 
+15.220286248676625718 
+15.256955940432712637 
+15.293630845605701296 
+15.330308243119386447 
+15.366985390883659335 
+15.403659525739335834 
+15.440327863407595999 
+15.476987598436357629 
+15.513635904148834754 
+15.550269932589213084 
+15.586886814472229901 
+15.623483659130091183 
+15.660057554458779450 
+15.696605566866297821 
+15.733124741221161003 
+15.769612100798269694 
+15.806064647227422881 
+15.842479360441036107 
+15.878853198619598430 
+15.915183098142740903 
+15.951465973533213827 
+15.987698717406317428 
+16.023878200416724837 
+16.060001271207191564 
+16.096064756353641201 
+16.132065460315217820 
+16.168000165379979194 
+16.203865631613069809 
+16.239658596804879664 
+16.275375776417483564 
+16.311013863531492518 
+16.346569528796749182 
+16.382039420376081296 
+16.417420163894714591 
+16.452708362387287622 
+16.487900596246227281 
+16.522993423167466887 
+16.557983378099535798 
+16.592866973191270574 
+16.627640697737017916 
+16.662301018126157715 
+16.696844377791411063 
+16.731267197152952519 
+16.765565873569592270 
+16.799736781284082099 
+16.833776271371220901 
+16.867680671684830429 
+16.901446286807292552 
+16.935069397993430584 
+16.968546263121371709 
+17.001873116639053762 
+17.035046169510252412 
+17.068061609163962089 
+17.100915599440991599 
+17.133604280542026999 
+17.166123768973886143 
+17.198470157499240685 
+17.230639515081428215 
+17.262627886833769253 
+17.294431293966880503 
+17.326045733734932952 
+17.357467179385309919 
+17.388691580103671441 
+17.419714860964035097 
+17.450532922872945107 
+17.481141642521173196 
+17.511536872326963987 
+17.541714440386620311 
+17.571670150420914069 
+17.601399781721688953 
+17.630899089100878996 
+17.660163802838123814 
+17.689189628625811679 
+17.717972247519192308 
+17.746507315883654599 
+17.774790465339719958 
+17.802817302713876302 
+17.830583409984306797 
+17.858084344227503237 
+17.885315637568510283 
+17.912272797125744717 
+17.938951304959147137 
+17.965346618019591318 
+17.991454168093586219 
+18.017269361751878876 
+18.042787580298199401 
+18.068004179715352109 
+18.092914490611935463 
+18.117513818172369611 
+18.141797442102351567 
+18.165760616576434927 
+18.189398570187101711 
+18.212706505890771780 
+18.235679600955318591 
+18.258313006908352349 
+18.280601849484568788 
+18.302541228572266618 
+18.324126218162632540 
+18.345351866295953158 
+18.366213195007752290 
+18.386705200280903938 
+18.406822851987069356 
+18.426561093839779915 
+18.445914843337146038 
+18.464878991714172685 
+18.483448403884544575 
+18.501617918394188678 
+18.519382347364640395 
+18.536736476441198818 
+18.553675064741590006 
+18.570192844803738552 
+18.586284522530576169 
+18.601944777140232645 
+18.617168261113565819 
+18.631949600138089096 
+18.646283393062169864 
+18.660164211834718628 
+18.673586601457294876 
+18.686545079932784574 
+18.699034138208840972 
+18.711048240127098552 
+18.722581822373296490 
+18.733629294420694578 
+18.744185038478210714 
+18.754243409441908597 
+18.763798734838125881 
+18.772845314771085867 
+18.781377421875241396 
+18.789389301256100850 
+18.796875170441126102 
+18.803829219330133071 
+18.810245610136334449 
+18.816118477337781201 
+18.821441927626690216 
+18.826210039850927558 
+18.830416864967133961 
+18.834056425987455441 
+18.837122717922419213 
+18.839609707733629307 
+18.841511334280809820 
+18.842821508265945596 
+18.843534112181721696 
+18.843643000264012954 
+18.843141998431775619 
+18.842024904238392935 
+18.840285486821834127 
+18.837917486846116333 
+18.834914616452863356 
+18.831270559209801974 
+18.826978970053538376 
+18.822033475240772304 
+18.816427672296505591 
+18.810155129957983888 
+18.803209388124194845 
+18.795583957804776531 
+18.787272321064875769 
+18.778267930973491673 
+18.768564211552735799 
+18.758154557722455991 
+18.747032335250370494 
+18.735190880697043525 
+18.722623501365390553 
+18.709323475247746416 
+18.695284050972510670 
+18.680498447752786007 
+18.664959855333030703 
+18.648661433936872811 
+18.631596314213577870 
+18.613757597188794080 
+18.595138354207850995 
+18.575731626886231140 
+18.555530427054947040 
+18.534527736710870727 
+18.512716507960497836 
+18.490089662971023188 
+18.466640093915621890 
+18.442360662920663117 
+18.417244202015950805 
+18.391283513079848433 
+18.364471367785569100 
+18.336800507552474926 
+18.308263643491137884 
+18.278853456350930173 
+18.248562596466435082 
+18.217383683709975628 
+18.185309307430472359 
+18.152332026410579857 
+18.118444368806873257 
+18.083638832100238147 
+18.047907883044260302 
+18.011243957610485467 
+17.973639460937071988 
+17.935086767276501973 
+17.895578219943502063 
+17.855106131260548352 
+17.813662782507591942 
+17.771240423868398750 
+17.727831274378125670 
+17.683427521870399346 
+17.638021322927368573 
+17.591604802822164544 
+17.544170055472811498 
+17.495709143383372464 
+17.446214097596364212 
+17.395676917637352688 
+17.344089571464429866 
+17.291443995412659973 
+17.237732094146004158 
+17.182945740602054485 
+17.127076775937517539 
+17.070117009480181736 
+17.012058218675335297 
+16.952892149029423763 
+16.892610514062287308 
+16.831204995252900147 
+16.768667241984736904 
+16.704988871497725711 
+16.640161468832054936 
+16.574176586776374620 
+16.507025745816424234 
+16.438700434083205693 
+16.369192107296193228 
+16.298492188715840712 
+16.226592069090116865 
+16.153483106598084618 
+16.079156626801399455 
+16.003603922592677833 
+15.926816254137193596 
+15.848784848827637717 
+15.769500901226351175 
+15.688955573015002543 
+15.607139992941267082 
+15.524045256767566414 
+15.439662427217253793 
+15.353982533922678755 
+15.266996573372615842 
+15.178695508859011198 
+15.089070270426642395 
+14.998111754818527430 
+14.905810825423953858 
+14.812158312225578882 
+14.717145011749451555 
+14.620761687007714613 
+14.522999067451076272 
+14.423847848912959790 
+14.323298693558967898 
+14.221342229832515613 
+14.117969052405147323 
+14.013169722120117910 
+13.906934765943873344 
+13.799254676911377970 
+13.690119914071789964 
+13.579520902441670316 
+13.467448032946549574 
+13.353891662371388804 
+13.238842113307583759 
+13.122289674100700907 
+13.004224598796589873 
+12.884637107091410968 
+12.763517384276527267 
+12.640855581187139478 
+12.516641814150506917 
+12.390866164933159510 
+12.263518680685645990 
+12.134589373894588249 
+12.004068222327601845 
+11.871945168980262864 
+11.738210122023886584 
+11.602852954757111092 
+11.465863505544460210 
+11.327231577774046656 
+11.186946939798771083 
+11.044999324883159275 
+10.901378431156262039 
+10.756073921554193618 
+10.609075423769279922 
+10.460372530197640017 
+10.309954797888504885 
+10.157811748487004522 
+10.003932868186632632 
+9.848307607674074760 
+9.690925382076745365 
+9.531775570911301898 
+9.370847518031730772 
+9.208130531572493283 
+9.043613883902931860 
+8.877286811570456848 
+8.709138515246088730 
+8.539158159677246118 
+8.367334873632922054 
+8.193657749847480076 
+8.018115844975271855 
+7.840698179532918033 
+7.661393737847466134 
+7.480191468006610833 
+7.297080281802767132 
+7.112049054679639326 
+6.925086625689646169 
+6.736181797426803897 
+6.545323335982264013 
+6.352499970894998071 
+6.157700395091821655 
+5.960913264837033765 
+5.762127199685322054 
+5.561330782423229202 
+5.358512559014627641 
+5.153661038559327778 
+4.946764693227573950 
+4.737811958214892982 
+4.526791231689412776 
+4.313690874736938241 
+4.098499211307363055 
+3.881204528169365453 
+3.661795074847276510 
+3.440259063576553977 
+3.216584669250246442 
+2.990760029362781403 
