+9.132175000000000153 
+8.948882244154631849 
+8.767547157108618094 
+8.588158636285218250 
+8.410705614651190487 
+8.235177060665947124 
+8.061561978230706416 
+7.889849406637658547 
+7.720028420519108536 
+7.552088129796644012 
+7.386017679630286992 
+7.221806250367649227 
+7.059443057493091089 
+6.898917351576876911 
+6.740218418224328545 
+6.583335578024989587 
+6.428258186501771831 
+6.274975634060115937 
+6.123477345937152094 
+5.973752782150849150 
+5.825791437449175270 
+5.679582841259252390 
+5.535116557636514223 
+5.392382185213860701 
+5.251369357150817763 
+5.112067741082687355 
+4.974467039069710772 
+4.838556987546221322 
+4.704327357269799670 
+4.571767953270434504 
+4.440868614799673431 
+4.311619215279782757 
+4.184009662252904604 
+4.058029897330210467 
+3.933669896141059219 
+3.810919668282153339 
+3.689769257266693359 
+3.570208740473538533 
+3.452228229096357737 
+3.335817868092790128 
+3.220967836133601381 
+3.107668345551835465 
+2.995909642291975317 
+2.885682005859099064 
+2.776975749268034477 
+2.669781218992516969 
+2.564088794914342273 
+2.459888890272527995 
+2.357171951612468064 
+2.255928458735088071 
+2.156148924646000609 
+2.057823895504664158 
+1.960943950573538430 
+1.865499702167241480 
+1.771481795601705933 
+1.678880909143329880 
+1.587687753958142878 
+1.497893074060956842 
+1.409487646264521388 
+1.322462280128680945 
+1.236807817909533647 
+1.152515134508589334 
+1.069575137421914235 
+0.987978766689300514 
+0.907716994843418945 
+0.828780826858972475 
+0.751161300101852447 
+0.674849484278297496 
+0.599836481384052433 
+0.526113425653516487 
+0.453671483508902185 
+0.382501853509404910 
+0.312595766300331590 
+0.243944484562291564 
+0.176539302960323496 
+0.110371548093063154 
+0.045432578441902294 
-0.018286215679854223 
-0.080793412177838420 
-0.142097557227465643 
-0.202207165324759686 
-0.261130719337218764 
-0.318876670554649522 
-0.375453438740004586 
-0.430869412180239664 
-0.485132947737143994 
-0.538252370898192112 
-0.590235975827384962 
-0.641092025416096334 
-0.690828751333910418 
-0.739454354079471798 
-0.786977003031323008 
-0.833404836498756296 
-0.878745961772651185 
-0.923008455176317355 
-0.966200362116341083 
-1.008329697133428127 
-1.049404443953253718 
-1.089432555537289460 
-1.128421954133663974 
-1.166380531327998682 
-1.203316148094257798 
-1.239236634845577001 
-1.274149791485127636 
-1.308063387456941840 
-1.340985161796766079 
-1.372922823182911145 
-1.403884049987077276 
-1.433876490325211250 
-1.462907762108347498 
-1.490985453093456314 
-1.518117120934274311 
-1.544310293232159736 
-1.569572467586937137 
-1.593911111647726031 
-1.617333663163805113 
-1.639847530035439149 
-1.661460090364734299 
-1.682178692506473894 
-1.702010655118968430 
-1.720963267214889569 
-1.739043788212121910 
-1.756259447984612976 
-1.772617446913198336 
-1.788124955936458704 
-1.802789116601562824 
-1.816617041115105025 
-1.829615812393956986 
-1.841792484116103523 
-1.853154080771490797 
-1.863707597712869202 
-1.873460001206639802 
-1.882418228483688338 
-1.890589187790236991 
-1.897979758438694375 
-1.904596790858480659 
-1.910447106646886439 
-1.915537498619917400 
-1.919874730863124768 
-1.923465538782455297 
-1.926316629155103044 
-1.928434680180341587 
-1.929826341530377576 
-1.930498234401179403 
-1.930456951563344958 
-1.929709057412917872 
-1.928261088022248160 
-1.926119551190831558 
-1.923290926496161291 
-1.919781665344551413 
-1.915598191022001018 
-1.910746898745024680 
-1.905234155711516664 
-1.899066301151551173 
-1.892249646378282080 
-1.884790474838743179 
-1.876695042164710614 
-1.867969576223543982 
-1.858620277169029222 
-1.848653317492221504 
-1.838074842072288106 
-1.826890968227358414 
-1.815107785765357917 
-1.802731357034858206 
-1.789767716975923406 
-1.776222873170938854 
-1.762102805895478852 
-1.747413468169130013 
-1.732160785806335923 
-1.716350657467256013 
-1.699988954708597788 
-1.683081522034463262 
-1.665634176947188294 
-1.647652709998192577 
-1.629142884838822525 
-1.610110438271188826 
-1.590561080299009333 
-1.570500494178471484 
-1.549934336469057428 
-1.528868237084385129 
-1.507307799343060140 
-1.485258600019532693 
-1.462726189394910392 
-1.439716091307829515 
-1.416233803205273034 
-1.392284796193456131 
-1.367874515088608689 
-1.343008378467887454 
-1.317691778720149642 
-1.291930082096858001 
-1.265728628762891717 
-1.239092732847398182 
-1.212027682494632330 
-1.184538739914795968 
-1.156631141434903753 
-1.128310097549611868 
-1.099580792972048471 
-1.070448386684674347 
-1.040918011990129344 
-1.010994776562062825 
-0.980683762496003197 
-0.949990026360138629 
-0.918918599246254075 
-0.887474486820496011 
-0.855662669374259721 
-0.823488101874998435 
-0.790955714017114175 
-0.758070410272750905 
-0.724837069942674717 
-0.691260547207114939 
-0.657345671176557289 
-0.623097245942677347 
-0.588520050629099956 
-0.553618839442288291 
-0.518398341722392075 
-0.482863261994035398 
-0.447018280017246639 
-0.410868050838224974 
-0.374417204840234774 
-0.337670347794407633 
-0.300632060910627885 
-0.263306900888359507 
-0.225699399967465908 
-0.187814065979083011 
-0.149655382396463921 
-0.111227808385807592 
-0.072535778857105271 
-0.033583704514983381 
+0.005624028090434052 
+0.045083056512723374 
+0.084789042358272226 
+0.124737671235441994 
+0.164924652703771102 
+0.205345720223082395 
+0.245996631102634922 
+0.286873166450329009 
+0.327971131121822523 
+0.369286353669696865 
+0.410814686292606979 
+0.452552004784468664 
+0.494494208483555298 
+0.536637220221734879 
+0.578976986273540106 
+0.621509476305401876 
+0.664230683324738891 
+0.707136623629171623 
+0.750223336755633241 
+0.793486885429555144 
+0.836923355514015199 
+0.880528855958889523 
+0.924299518750000715 
+0.968231498858308726 
+1.012320974189018230 
+1.056564145530767718 
+1.100957236504800818 
+1.145496493514064795 
+1.190178185692425394 
+1.234998604853795534 
+1.279954065441298638 
+1.325040904476407988 
+1.370255481508126927 
+1.415594178562155747 
+1.461053400089989296 
+1.506629572918138038 
+1.552319146197263855 
+1.598118591351306961 
+1.644024402026690979 
+1.690033094041433870 
+1.736141205334331694 
+1.782345295914131711 
+1.828641947808618440 
+1.875027765013862258 
+1.921499373443309899 
+1.968053420876955784 
+2.014686576910509785 
+2.061395532904566785 
+2.108177001933712269 
+2.155027718735713194 
+2.201944439660715069 
+2.248923942620298710 
+2.295963027036720838 
+2.343058513792031228 
+2.390207245177267126 
+2.437406084841541087 
+2.484651917741261151 
+2.531941650089274631 
+2.579272209303989705 
+2.626640543958592922 
+2.674043623730118391 
+2.721478439348691936 
+2.768942002546640246 
+2.816431346007676417 
+2.863943523315997552 
+2.911475608905506718 
+2.959024698008942522 
+3.006587906607039784 
+3.054162371377666219 
+3.101745249644996427 
+3.149333719328707204 
+3.196924978893016522 
+3.244516247296010292 
+3.292104763938614731 
+3.339687788613912467 
+3.387262601456186850 
+3.434826502890148348 
+3.482376813580054353 
+3.529910874378856533 
+3.577426046277403238 
+3.624919710353556646 
+3.672389267721351658 
+3.719832139480179656 
+3.767245766663910089 
+3.814627610190081342 
+3.861975150809022317 
+3.909285889053020213 
+3.956557345185495400 
+4.003787059150152317 
+4.050972590520086847 
+4.098111518447050905 
+4.145201441610494086 
+4.192239978166758974 
+4.239224765698264008 
+4.286153461162650835 
+4.333023740841942306 
+4.379833300291627651 
+4.426579854289951932 
+4.473261136786936376 
+4.519874900853671384 
+4.566418918631312884 
+4.612890981280396652 
+4.659288898929896838 
+4.705610500626377757 
+4.751853634283246919 
+4.798016166629802015 
+4.844095983160424446 
+4.890090988083776402 
+4.935999104271891369 
+4.981818273209369430 
+5.027546454942547705 
+5.073181628028606838 
+5.118721789484779627 
+5.164164954737459290 
+5.209509157571389437 
+5.254752450078814086 
+5.299892902608656087 
+5.344928603715580095 
+5.389857660109296233 
+5.434678196603581313 
+5.479388356065529209 
+5.523986299364642250 
+5.568470205322009647 
+5.612838270659491258 
+5.657088709948860483 
+5.701219755560908098 
+5.745229657614666863 
+5.789116683926551765 
+5.832879119959509140 
+5.876515268772151579 
+5.920023450967940803 
+5.963402004644350995 
+6.006649285341989497 
+6.049763665993800998 
+6.092743536874174026 
+6.135587305548111381 
+6.178293396820455641 
+6.220860252684916603 
+6.263286332273354517 
+6.305570111804813749 
+6.347710084534840647 
+6.389704760704423947 
+6.431552667489370378 
+6.473252348949312562 
+6.514802365976922083 
+6.556201296247071042 
+6.597447734165982069 
+6.638540290820325929 
+6.679477593926486101 
+6.720258287779665274 
+6.760881033202981172 
+6.801344507496693836 
+6.841647404387382281 
+6.881788433977040320 
+6.921766322692230133 
+6.961579813233335301 
+7.001227664523560712 
+7.040708651658250439 
+7.080021565853897414 
+7.119165214397446206 
+7.158138420595300033 
+7.196940023722618207 
+7.235568878972351570 
+7.274023857404489313 
+7.312303845895174348 
+7.350407747085821342 
+7.388334479332391957 
+7.426082976654420520 
+7.463652188684201327 
+7.501041080616067447 
+7.538248633155330225 
+7.575273842467642460 
+7.612115720128012519 
+7.648773293070039614 
+7.685245603535070913 
+7.721531709021236090 
+7.757630682232809605 
+7.793541611029187521 
+7.829263598374144983 
+7.864795762284951586 
+7.900137235781525824 
+7.935287166835617967 
+7.970244718319957400 
+8.005009067957367108 
+8.039579408270002503 
+8.073954946528406396 
+8.108134904700754930 
+8.142118519401975618 
+8.175905041842915111 
+8.209493737779466116 
+8.242883887461749381 
+8.276074785583251270 
+8.309065741230064361 
+8.341856077829854499 
+8.374445133101220407 
+8.406832259002774421 
+8.439016821682262304 
+8.470998201425699037 
+8.502775792606668048 
+8.534349003635306019 
+8.565717256907616317 
+8.596879988754441371 
+8.627836649390786761 
+8.658586702864932150 
+8.689129627007519119 
+8.719464913380788218 
+8.749592067227709435 
+8.779510607421064705 
+8.809220066412805750 
+8.838719990182942965 
+8.868009938188928132 
+8.897089483314671199 
+8.925958211819772004 
+8.954615723288608109 
+8.983061630579591395 
+9.011295559774236352 
+9.039317150126315425 
+9.067126054011124481 
+9.094721936874451629 
+9.122104477181942173 
+9.149273366368102955 
+9.176228308785530530 
+9.202969021654030968 
+9.229495235009776977 
+9.255806691654536067 
+9.281903147104717533 
+9.307784369540613056 
+9.333450139755516517 
+9.358900251104888213 
+9.384134509455483553 
+9.409152733134574120 
+9.433954752878992878 
+9.458540411784522206 
+9.482909565254649564 
+9.507062080950172245 
+9.530997838738073824 
+9.554716730640720357 
+9.578218660785108085 
+9.601503545351892654 
+9.624571312524700772 
+9.647421902439123897 
+9.670055267131967724 
+9.692471370490414628 
+9.714670188201173673 
+9.736651707699543579 
+9.758415928118699512 
+9.779962860238777367 
+9.801292526436071739 
+9.822404960632200144 
+9.843300208243070060 
+9.863978326128378882 
+9.884439382540502805 
+9.904683457073705455 
+9.924710640613419343 
+9.944521035285198707 
+9.964114754404018726 
+9.983491922423429088 
+10.002652674884659589 
+10.021597158365777247 
+10.040325530430870060 
+10.058837959579209453 
+10.077134625194378970 
+10.095215717493417174 
+10.113081437476028057 
+10.130731996873736378 
+10.148167618098932863 
+10.165388534194191195 
+10.182394988781286571 
+10.199187236010496704 
+10.215765540509597287 
+10.232130177333107923 
+10.248281431911436812 
+10.264219600000037858 
+10.279944987628578446 
+10.295457911050101885 
+10.310758696690088598 
+10.325847681095821073 
+10.340725210885201690 
+10.355391642696304189 
+10.369847343136248341 
+10.384092688730504506 
+10.398128065871937054 
+10.411953870769988129 
+10.425570509399960883 
+10.438978397452046920 
+10.452177960280458535 
+10.465169632852726167 
+10.477953859698628136 
+10.490531094859699479 
+10.502901801837971618 
+10.515066453545435010 
+10.527025532253057705 
+10.538779529540086344 
+10.550328946242911954 
+10.561674292404550357 
+10.572816087223575465 
+10.583754859003452253 
+10.594491145101478935 
+10.605025491878118160 
+10.615358454646122155 
+10.625490597619618782 
+10.635422493863362803 
+10.645154725241766869 
+10.654687882368255814 
+10.664022564554151984 
+10.673159379758121901 
+10.682098944535040275 
+10.690841883985418903 
+10.699388831704411018 
+10.707740429731002152 
+10.715897328497147711 
+10.723860186776907000 
+10.731629671635719347 
+10.739206458379410236 
+10.746591230503430126 
+10.753784679642029332 
+10.760787505517345863 
+10.767600415888580301 
+10.774224126501218635 
+10.780659361036132537 
+10.786906851058665424 
+10.792967335967972531 
+10.798841562946025263 
+10.804530286906773640 
+10.810034270445367355 
+10.815354283787334211 
+10.820491104737614663 
+10.825445518629811303 
+10.830218318275338873 
+10.834810303912558282 
+10.839222283156038529 
+10.843455070945406504 
+10.847509489494884249 
+10.851386368242181391 
+10.855086543797822785 
+10.858610859894197276 
+10.861960167334718363 
+10.865135323943031054 
+10.868137194512106802 
+10.870966650753505434 
+10.873624571246381265 
+10.876111841386741474 
+10.878429353336606766 
+10.880578005973168487 
+10.882558704837833830 
+10.884372362085521502 
+10.886019896433804632 
+10.887502233111867156 
+10.888820303809964685 
+10.889975046628491029 
+10.890967406026856423 
+10.891798332773046099 
+10.892468783892557127 
+10.892979722617560867 
+10.893332118336100933 
+10.893526946541262745 
+10.893565188780273800 
+10.893447832603705194 
+10.893175871514687358 
+10.892750304917894866 
+10.892172138068849208 
+10.891442382023065250 
+10.890562053585018276 
+10.889532175257691904 
+10.888353775191333739 
+10.887027887132790127 
+10.885555550374654388 
+10.883937809704532285 
+10.882175715353877621 
+10.880270322947483308 
+10.878222693452537229 
+10.876033893127583951 
+10.873704993472058433 
+10.871237071175070099 
+10.868631208064787330 
+10.865888491057523524 
+10.863010012106855129 
+10.859996868152922644 
+10.856850161071321281 
+10.853570997622520977 
+10.850160489400931141 
+10.846619752784036450 
+10.842949908881452714 
+10.839152083484405509 
+10.835227407014443202 
+10.831177014473032827 
+10.827002045390383245 
+10.822703643774659099 
+10.818282958061423926 
+10.813741141062392259 
+10.809079349914830104 
+10.804298746030692513 
+10.799400495045688331 
+10.794385766768382240 
+10.789255735129707148 
+10.784011578131703857 
+10.778654477796804301 
+10.773185620117232020 
+10.767606195003736502 
+10.761917396234959909 
+10.756120421406851762 
+10.750216471881309133 
+10.744206752735689037 
+10.738092472711883829 
+10.731874844165554705 
+10.725555083014935320 
+10.719134408690607074 
+10.712614044084016740 
+10.705995215496990625 
+10.699279152591028463 
+10.692467088335792624 
+10.685560258959217350 
+10.678559903895825656 
+10.671467265736438890 
+10.664283590176918182 
+10.657010125967769198 
+10.649648124862761023 
+10.642198841568776047 
+10.634663533694105553 
+10.627043461698461257 
+10.619339888841365038 
+10.611554081132087646 
+10.603687307278054419 
+10.595740838634522873 
+10.587715949153562178 
+10.579613915333020202 
+10.571436016166058991 
+10.563183533090146682 
+10.554857749936003231 
+10.546459952876972466 
+10.537991430378353286 
+10.529453473146055842 
+10.520847374076224057 
+10.512174428204250631 
+10.503435932653751195 
+10.494633186585932805 
+10.485767491148800801 
+10.476840149425918014 
+10.467852466386215582 
+10.458805748832499916 
+10.449701305350975744 
+10.440540446260243357 
+10.431324483560745264 
+10.422054730883409945 
+10.412732503439311671 
+10.403359117968532743 
+10.393935892689400546 
+10.384464147247637555 
+10.374945202665553978 
+10.365380381291226186 
+10.355771006747502838 
+10.346118403881224168 
+10.336423898712672198 
+10.326688818384146984 
+10.316914491109686836 
+10.307102246123834632 
+10.297253413631082708 
+10.287369324754630284 
+10.277451311486137442 
+10.267500706634372420 
+10.257518843774480644 
+10.247507057197353220 
+10.237466681858428785 
+10.227399053327348000 
+10.217305507736462289 
+10.207187381730626896 
+10.197046012415880156 
+10.186882737308895486 
+10.176698894286040797 
+10.166495821532434363 
+10.156274857491311536 
+10.146037340812982919 
+10.135784610304048314 
+10.125518004876679967 
+10.115238863497609145 
+10.104948525137309900 
+10.094648328719328489 
+10.084339613069081665 
+10.074023716863486300 
+10.063701978579656426 
+10.053375736444461808 
+10.043046328383361754 
+10.032715091969548027 
+10.022383364373705916 
+10.012052482312252977 
+10.001723781997114315 
+9.991398599084689636 
+9.981078268625267924 
+9.970764125011543300 
+9.960457501928480895 
+9.950159732302022775 
+9.939872148248435124 
+9.929596081023518650 
+9.919332860971506349 
+9.909083817474604317 
+9.898850278901617727 
+9.888633572557671059 
+9.878435024632993944 
+9.868255960152275463 
+9.858097702923659611 
+9.847961575487893526 
+9.837848899067928699 
+9.827760993517195232 
+9.817699177269789246 
+9.807664767288734708 
+9.797659079015787142 
+9.787683426320167968 
+9.777739121448032478 
+9.767827474971294777 
+9.757949795737054899 
+9.748107390816736384 
+9.738301565454969833 
+9.728533623019332666 
+9.718804864948598521 
+9.709116590702969063 
+9.699470097712172389 
+9.689866681325545628 
+9.680307634760534796 
+9.670794249052061531 
+9.661327813001920006 
+9.651909613127511278 
+9.642540933611421394 
+9.633223056250084682 
+9.623957260403425806 
+9.614744822943849911 
+9.605587018205230976 
+9.596485117932227027 
+9.587440391229387515 
+9.578454104510395695 
+9.569527521447092511 
+9.560661902918772270 
+9.551858506961178108 
+9.543118588715936212 
+9.534443400379100098 
+9.525834191151275832 
+9.517292207185946040 
+9.508818691538724721 
+9.500414884117091674 
+9.492082021628750255 
+9.483821337531745499 
+9.475634061982455947 
+9.467521421785734859 
+9.459484640343502448 
+9.451524937604403931 
+9.443643530012270304 
+9.435841630455763962 
+9.428120448217685023 
+9.420481188923403693 
+9.412925054490958843 
+9.405453243079470838 
+9.398066949038536677 
+9.390767362857552314 
+9.383555671114891084 
+9.376433056426485280 
+9.369400697395596112 
+9.362459768561826934 
+9.355611440350342534 
+9.348856879020591037 
+9.342197246616002815 
+9.335633700912845612 
+9.329167395369433180 
+9.322799479075463580 
+9.316531096700803261 
+9.310363388444972799 
+9.304297489986266712 
+9.298334532430637012 
+9.292475642261178947 
+9.286721941287169102 
+9.281074546593048424 
+9.275534570487918629 
+9.270103120454399104 
+9.264781299098064693 
+9.259570204096068124 
+9.254470928147204845 
+9.249484558919933264 
+9.244612179002643870 
+9.239854865852102250 
+9.235213691742524489 
+9.230689723715546080 
+9.226284023528521061 
+9.221997647603954462 
+9.217831646978796201 
+9.213787067253546681 
+9.209864948541360619 
+9.206066325417186391 
+9.202392226866926705 
+9.198843676236544198 
+9.195421691181561386 
+9.192127283615837641 
+9.188961459660591302 
+9.185925219593944036 
+9.183019557800355059 
+9.180245462718472638 
+9.177603916792081762 
+9.175095896417946761 
+9.172722371895060789 
+9.170484307374708877 
+9.168382660808768847 
+9.166418383899097577 
+9.164592422046585085 
+9.162905714300800142 
+9.161359193308463489 
+9.159953785263292403 
+9.158690409854290948 
+9.157569980215900074 
+9.156593402876337606 
+9.155761577707204779 
+9.155075397872771248 
+9.154535749778290210 
+9.154143513020301270 
+9.153899560334856744 
+9.153804757547408855 
+9.153859963521368215 
+9.154066030107514962 
+9.154423802093042184 
+9.154934117151226403 
+9.155597805789852828 
+9.156415691300477278 
+9.157388589708389759 
+9.158517309720430433 
+9.159802652675660184 
+9.161245412493139284 
+9.162846375622173412 
+9.164606320990403177 
+9.166526019954266857 
+9.168606236246809260 
+9.170847725927652405 
+9.173251237332292973 
+9.175817511020495587 
+9.178547279726053887 
+9.181441268305812642 
+9.184500193688599268 
+9.187724764824874768 
+9.191115682635507156 
+9.194673639960795342 
+9.198399321509869608 
+9.202293403809985506 
+9.206356555155430499 
+9.210589435556885363 
+9.214992696690037732 
+9.219566981845639830 
+9.224312925877788061 
+9.229231155153888366 
+9.234322287503095694 
+9.239586932165822830 
+9.245025689742698560 
+9.250639152144156441 
+9.256427902539110519 
+9.262392515304570750 
+9.268533555973951010 
+9.274851581187412819 
+9.281347138640251515 
+9.288020767032046265 
+9.294872996015909550 
+9.301904346148212710 
+9.309115328836536918 
+9.316506446290446775 
+9.324078191468867516 
+9.331831048030442943 
+9.339765490282621485 
+9.347881983130285732 
+9.356180982025339432 
+9.364662932915479132 
+9.373328272193413468 
+9.382177426646835627 
+9.391210813406576818 
+9.400428839896051159 
+9.409831903780187190 
+9.419420392915416329 
+9.429194685298181611 
+9.439155149013929602 
+9.449302142186894571 
+9.459636012928232418 
+9.470157099286431901 
+9.480865729195889102 
+9.491762220425883356 
+9.502846880529535412 
+9.514120006794048123 
+9.525581886188783542 
+9.537232795314602996 
+9.549073000353500262 
+9.561102757017023279 
+9.573322310496561016 
+9.585731895411207404 
+9.598331735757998473 
+9.611122044859676805 
+9.624103025315978499 
+9.637274868950939322 
+9.650637756762385777 
+9.664191858872010599 
+9.677937334473329045 
+9.691874331781750840 
+9.706002987983483266 
+9.720323429184398734 
+9.734835770359111962 
+9.749540115300940002 
+9.764436556570544212 
+9.779525175444634399 
+9.794806041865728119 
+9.810279214391206537 
+9.825944740142398715 
+9.841802654754131296 
+9.857852982322642177 
+9.874095735356123171 
+9.890530914723482780 
+9.907158509603268826 
+9.923978497432793588 
+9.940990843857266057 
+9.958195502679533462 
+9.975592415808241853 
+9.993181513208472921 
+10.010962712849273970 
+10.028935920653150760 
+10.047101030446665249 
+10.065457923907880300 
+10.084006470516353460 
+10.102746527501796692 
+10.121677939793725542 
+10.140800539970641125 
+10.160114148208839069 
+10.179618572231571960 
+10.199313607258272185 
+10.219199035954012800 
+10.239274628378629117 
+10.259540141935042712 
+10.279995321319479018 
+10.300639898469880151 
+10.321473592515605588 
+10.342496109726665665 
+10.363707143461908800 
+10.385106374119043693 
+10.406693469083579728 
+10.428468082678723050 
+10.450429856112467775 
+10.472578417429170727 
+10.494913381456786539 
+10.517434349757619927 
+10.540140910576415223 
+10.563032638789826123 
+10.586109095855029238 
+10.609369829760330717 
+10.632814374972898719 
+10.656442252388588443 
+10.680252969280930486 
+10.704246019249621824 
+10.728420882171715078 
+10.752777024148214124 
+10.777313897455098157 
+10.802030940491148314 
+10.826927577728639562 
+10.852003219661078504 
+10.877257262752902278 
+10.902689089388871935 
+10.928298067822607820 
+10.954083552126348877 
+10.980044882140470364 
+11.006181383421004938 
+11.032492367190457117 
+11.058977130286272939 
+11.085634955110126754 
+11.112465109577168931 
+11.139466847064532828 
+11.166639406361161591 
+11.193982011617398697 
+11.221493872293125449 
+11.249174183107211178 
+11.277022123986759183 
+11.305036860016535627 
+11.333217541388219018 
+11.361563303348479081 
+11.390073266149522979 
+11.418746534996774500 
+11.447582200000116615 
+11.476579336120954267 
+11.505737003122453288 
+11.535054245518239213 
+11.564530092521877691 
+11.594163557996438385 
+11.623953640402646670 
+11.653899322748413780 
+11.683999572538168010 
+11.714253341722100643 
+11.744659566645752946 
+11.775217167997778844 
+11.805925050759620731 
+11.836782104156146289 
+11.867787201603171354 
+11.898939200656529991 
+11.930236942962110902 
+11.961679254204609535 
+11.993264944057168364 
+12.024992806130077483 
+12.056861617919111040 
+12.088870140756460714 
+12.121017119758299430 
+12.153301283775507002 
+12.185721345341065103 
+12.218276000620607036 
+12.250963929360288773 
+12.283783794837543013 
+12.316734243809472460 
+12.349813906461271529 
+12.383021396356006960 
+12.416355310384492583 
+12.449814228713510289 
+12.483396714735045308 
+12.517101315015498386 
+12.550926559244889091 
+12.584870960186695044 
+12.618933013626030260 
+12.653111198319049180 
+12.687403975942290302 
+12.721809791041774673 
+12.756327070982603544 
+12.790954225896646435 
+12.825689648633593620 
+12.860531714708649531 
+12.895478782252672190 
+12.930529191961046109 
+12.965681267042439728 
+13.000933313167852390 
+13.036283618421183661 
+13.071730453246232173 
+13.107272070397831598 
+13.142906704889814051 
+13.178632573944314643 
+13.214447876941363802 
+13.250350795368316170 
+13.286339492767664794 
+13.322412114687182338 
+13.358566788629435251 
+13.394801623999491369 
+13.431114712056370308 
+13.467504125859658615 
+13.503967920220002696 
+13.540504131648930297 
+13.577110778306519023 
+13.613785859951324397 
+13.650527357889234992 
+13.687333234923283243 
+13.724201435301958796 
+13.761129884669152545 
+13.798116490012546365 
+13.835159139613130819 
+13.872255702994630511 
+13.909404030872671854 
+13.946601955102732262 
+13.983847288630753880 
+14.021137825442320235 
+14.058471340510060088 
+14.095845589745117366 
+14.133258309944974229 
+14.170707218742002453 
+14.208190014554576308 
+14.245704376534638058 
+14.283247964517174822 
+14.320818418969508912 
+14.358413360940826209 
+14.396030392010420229 
+14.433667094238362694 
+14.471321030112717310 
+14.508989742499842635 
+14.546670754593652219 
+14.584361569864721986 
+14.622059672008932196 
+14.659762524896338576 
+14.697467572522150192 
+14.735172238953520463 
+14.772873928280592537 
+14.810570024564698954 
+14.848257891787110196 
+14.885934873799371303 
+14.923598294272155229 
+14.961245456643815999 
+14.998873644069114164 
+15.036480119370640551 
+15.074062124985097455 
+15.111616882914669091 
+15.149141594675121780 
+15.186633441244747900 
+15.224089583014276172 
+15.261507159736083850 
+15.298883290472723218 
+15.336215073545494292 
+15.373499586485134927 
+15.410733885980427260 
+15.447915007827269562 
+15.485039966877515383 
+15.522105756987453873 
+15.559109350969411167 
+15.596047700539108050 
+15.632917736264083430 
+15.669716367514542554 
+15.706440482411490933 
+15.743086947776939510 
+15.779652609082017278 
+15.816134290396004047 
+15.852528794336190998 
+15.888832902017007598 
+15.925043372998590741 
+15.961156945237171101 
+15.997170335031892563 
+16.033080236976420707 
+16.068883323906931082 
+16.104576246852083443 
+16.140155634980434485 
+16.175618095550881037 
+16.210960213862492196 
+16.246178553202135220 
+16.281269654794794377 
+16.316230037751285664 
+16.351056199018959347 
+16.385744613330842867 
+16.420291733153632663 
+16.454693988637210111 
+16.488947787564345759 
+16.523049515299597090 
+16.556995534738653930 
+16.590782186256554098 
+16.624405787657767775 
+16.657862634125425672 
+16.691148998169747841 
+16.724261129578323448 
+16.757195255363981801 
+16.789947579714265657 
+16.822514283941337965 
+16.854891526431153181 
+16.887075442591395813 
+16.919062144800701475 
+16.950847722359718261 
+16.982428241438679350 
+17.013799745026570776 
+17.044958252881144745 
+17.075899761476321714 
+17.106620243954239413 
+17.137115650071706341 
+17.167381906150822601 
+17.197414915027181337 
+17.227210555999491248 
+17.256764684779717811 
+17.286073133440609695 
+17.315131710365893269 
+17.343936200198236008 
+17.372482363790204829 
+17.400765938152567003 
+17.428782636402509354 
+17.456528147713939347 
+17.483998137266599571 
+17.511188246194883789 
+17.538094091537480779 
+17.564711266185078387 
+17.591035338831002122 
+17.617061853920219505 
+17.642786331598845351 
+17.668204267661494100 
+17.693311133501580912 
+17.718102376060940628 
+17.742573417778615408 
+17.766719656540701067 
+17.790536465627326379 
+17.814019193662986140 
+17.837163164567854778 
+17.859963677504048007 
+17.882416006824801258 
+17.904515402026383697 
+17.926257087693379333 
+17.947636263451727245 
+17.968648103915469960 
+17.989287758636567816 
+18.009550352053036448 
+18.029430983440342118 
+18.048924726859411294 
+18.068026631104313395 
+18.086731719654018491 
+18.105034990618975144 
+18.122931416692782847 
+18.140415945099995554 
+18.157483497545449325 
+18.174128970162410468 
+18.190347233463917576 
+18.206133132290247545 
+18.221481485758410201 
+18.236387087212111879 
+18.250844704169047361 
+18.264849078272622052 
+18.278394925239268787 
+18.291476934807704424 
+18.304089770688587890 
+18.316228070514032567 
+18.327886445786404579 
+18.339059481826495812 
+18.349741737723935131 
+18.359927746285940486 
+18.369612013986923671 
+18.378789020916912023 
+18.387453220731231340 
+18.395599040598497709 
+18.403220881151714394 
+18.410313116436839209 
+18.416870093860442381 
+18.422886134140036063 
+18.428355531253462374 
+18.433272552388327625 
+18.437631437889571373 
+18.441426401210755159 
+18.444651628859865866 
+18.447301280353499919 
+18.449369488161813990 
+18.450850357659071221 
+18.451737967072659785 
+18.452026367432317500 
+18.451709582520411601 
+18.450781608819269763 
+18.449236415461026439 
+18.447067944176254173 
+18.444270109245803013 
+18.440836797445790296 
+18.436761867999969411 
+18.432039152527490700 
+18.426662454991227236 
+18.420625551650172014 
+18.413922191005639206 
+18.406546093750510096 
+18.398490952718994151 
+18.389750432837519867 
+18.380318171070875621 
+18.370187776373327893 
+18.359352829637160198 
+18.347806883641091247 
+18.335543463001421571 
+18.322556064120242070 
+18.308838155133351222 
+18.294383175859657342 
+18.279184537753216944 
+18.263235623849467970 
+18.246529788713942821 
+18.229060358394605146 
+18.210820630366974626 
+18.191803873487238263 
+18.172003327938931250 
+18.151412205182573700 
+18.130023687904142093 
+18.107830929966347355 
+18.084827056356850505 
+18.061005163135142482 
+18.036358317385399630 
+18.010879557161672437 
+17.984561891442428561 
+17.957398300073712960 
+17.929381733722756564 
+17.900505113824547010 
+17.870761332531479582 
+17.840143252664901752 
+17.808643707660920086 
+17.776255501520452640 
+17.742971408759281360 
+17.708784174357699470 
+17.673686513708229739 
+17.637671112564710540 
+17.600730626992714178 
+17.562857683318192414 
+17.524044878075397236 
+17.484284777959175017 
+17.443569919770396837 
+17.401892810366277331 
+17.359245926612125288 
+17.315621715327353058 
+17.271012593235624877 
+17.225410946913370935 
+17.178809132741754695 
+17.131199476851307395 
+17.082574275075327108 
+17.032925792896850936 
+16.982246265396447882 
+16.930527897206388843 
+16.877762862454193993 
+16.823943304714305214 
+16.769061336957161501 
+16.713109041499595975 
+16.656078469950408305 
+16.597961643164264700 
+16.538750551186005566 
+16.478437153203014276 
+16.417013377494495074 
+16.354471121378644227 
+16.290802251163107428 
+16.225998602092445822 
+16.160051978302206521 
+16.092954152760196251 
+16.024696867223575225 
+15.955271832182749137 
+15.884670726811172869 
+15.812885198918095853 
+15.739906864894351202 
+15.665727309660859135 
+15.590338086620075586 
+15.513730717605685783 
+15.435896692827533627 
+15.356827470827353110 
+15.276514478421141519 
+15.194949110652167690 
+15.112122730739720566 
+15.028026670028891587 
+14.942652227936576992 
+14.855990671904272915 
+14.768033237345630226 
+14.678771127594618662 
+14.588195513858002172 
+14.496297535159888170 
+14.403068298294170901 
+14.308498877773629943 
+14.212580315777760376 
+14.115303622102242542 
+14.016659774107786518 
+13.916639716670154314 
+13.815234362129739765 
+13.712434590239293897 
+13.608231248113920486 
+13.502615150178968406 
+13.395577078121606363 
+13.287107780838297799 
+13.177197974384309731 
+13.065838341922862753 
+12.953019533672609498 
+12.838732166861355211 
+12.722966825671168323 
+12.605714061187541120 
+12.486964391350307224 
+12.366708300902541140 
+12.244936241340647953 
+12.121638630859271402 
+11.996805854305470973 
+11.870428263124340518 
+11.742496175311316620 
+11.612999875359458102 
+11.481929614207254886 
+11.349275609190582870 
+11.215028043990056261 
+11.079177068581316234 
+10.941712799183582305 
+10.802625318207676131 
+10.661904674206773791 
+10.519540881826522138 
+10.375523921751495848 
+10.229843740656058060 
+10.082490251151806859 
+9.933453331739830361 
+9.782722826758231349 
+9.630288546329207833 
+9.476140266311816163 
+9.320267728247150885 
+9.162660639313498834 
+9.003308672268779844 
+8.842201465403759286 
+8.679328622489732581 
+8.514679712727753369 
+8.348244270700165615 
+8.180011796315833195 
+8.009971754761066265 
+7.838113576449059039 
+7.664426656969554053 
+7.488900357038146716 
+7.311524002442911119 
+7.132286883994745530 
+6.951178257479243783 
+6.768187343603138117 
+6.583303327942662264 
+6.396515360894545310 
+6.207812557625032923 
+6.017183998017950231 
+5.824618726627093679 
+5.630105752619424919 
+5.433634049728662596 
+5.235192556204259162 
+5.034770174760412331 
+4.832355772522559434 
+4.627938180979816352 
+4.421506195931613981 
+4.213048577439338693 
+4.002554049774688316 
+3.790011301366703833 
+3.575408984752754371 
+3.358735716529125170 
+3.139980077297680694 
+2.919130611615608828 
+2.696175827944903958 
+2.471104198600900581 
+2.243904159704112722 
+2.014564111125827672 
+1.783072416438320040 
+1.549417402865379323 
+1.313587361230022843 
+1.075570545905168984 
+0.835355174760174179 
+0.592929429111935136 
+0.348281453674763597 
+0.101399356507050342 
-0.147728791036271900 
-0.399114954358026353 
-0.652771135668368530 
-0.908709374033856321 
-1.166941745430108313 
-1.427480362793426494 
-1.690337376068704600 
-1.955524972265036965 
-2.223055375500564423 
-2.492940847056743792 
-2.765193685429979453 
-3.039826226382050578 
-3.316850842987904002 
-3.596279945689920154 
-3.878125982347647493 
