+11.451757999999999882
+11.232889086623268682
+11.016234390891009198
+10.801782209876362728
+10.589520875915594544
+10.379438756559926205
+10.171524254527358977
+9.965765807654515029
+9.762151888848459080
+9.560671006038532482
+9.361311702128183754
+9.164062554946795558
+8.968912177201522340
+8.775849216429113753
+8.584862354947750518
+8.395940309808867852
+8.209071832748998432
+8.024245710141585164
+7.841450762948828590
+7.660675846673507650
+7.481909851310812876
+7.305141701300177814
+7.130360355477106893
+6.957554807025008614
+6.786714083427025201
+6.617827246417862241
+6.450883391935618327
+6.285871650073621808
+6.122781185032249773
+5.961601195070771020
+5.802320912459165925
+5.644929603429968523
+5.489416568130081053
+5.335771140572620475
+5.183982688588742782
+5.034040613779466433
+4.885934351467516201
+4.739653370649141273
+4.595187173945954662
+4.452525297556759298
+4.311657311209378562
+4.172572818112488591
+4.035261454907447920
+3.899712891620127131
+3.765916831612742044
+3.633863011535678034
+3.503541201279329442
+3.374941203925923006
+3.248052855701351049
+3.122866025927001132
+2.999370616971589243
+2.877556564202985001
+2.757413835940049296
+2.638932433404455935
+2.522102390672527505
+2.406913774627071234
+2.293356684909197085
+2.181421253870157173
+2.071097646523172742
+1.962376060495270025
+1.855246725979098343
+1.749699905684776624
+1.645725894791709720
+1.543315020900431378
+1.442457643984424109
+1.343144156341953277
+1.245364982547901178
+1.149110579405594024
+1.054371435898632470
+0.961138073142722149
+0.869401044337507756
+0.779150934718396471
+0.690378361508395599
+0.603073973869939550
+0.517228452856716814
+0.432832511365511152
+0.349876894088019696
+0.268352377462694136
+0.188249769626564145
+0.109559910367062585
+0.032273671073875576
-0.043618045309246511
-0.118124304332649643
-0.191254140088950919
-0.263016555261193830
-0.333420521171040818
-0.402474977826923208
-0.470188833972219555
-0.536570967133426890
-0.601630223668321307
-0.665375418814139863
-0.727815336735730511
-0.788958730573749989
-0.848814322492804862
-0.907390803729642315
-0.964696834641305401
-1.020741044753318505
-1.075532032807828386
-1.129078366811809175
-1.181388584085210525
-1.232471191309121750
-1.282334664573962613
-1.330987449427635028
-1.378437960923704964
-1.424694583669552372
-1.469765671874567303
-1.513659549398301607
-1.556384509798643734
-1.597948816379979320
-1.638360702241381972
-1.677628370324757867
-1.715759993463032984
-1.752763714428320796
-1.788647645980077527
-1.823419870913287610
-1.857088442106629600
-1.889661382570634984
-1.921146685495871864
-1.951552314301109092
-1.980886202681485742
-2.009156254656677021
-2.036370344619070849
-2.062536317381926665
-2.087661988227564436
-2.111755142955503928
-2.134823537930666149
-2.156874900131521500
-2.177916927198275232
-2.197957287481012045
-2.217003620087899307
-2.235063534933324547
-2.252144612786088018
-2.268254405317557953
-2.283400435149850694
-2.297590195903985943
-2.310831152248082887
-2.323130739945495904
-2.334496365903000026
-2.344935408218976391
-2.354455216231546189
-2.363063110566782754
-2.370766383186827753
-2.377572297438126370
-2.383488088099538160
-2.388520961430533163
-2.392678095219363144
-2.395966638831232842
-2.398393713256449900
-2.399966411158615642
-2.400691796922782117
-2.400576906703633995
-2.399628748473633166
-2.397854302071223742
-2.395260519248974873
-2.391854323721759101
-2.387642611214916499
-2.382632249512440126
-2.376830078505120625
-2.370242910238738787
-2.362877528962226137
-2.354740691175827294
-2.345839125679276549
-2.336179533619967330
-2.325768588541132331
-2.314612936429989887
-2.302719195765925875
-2.290093957568672067
-2.276743785446454282
-2.262675215644186721
-2.247894757091611240
-2.232408891451502342
-2.216224073167813557
-2.199346729513845133
-2.181783260640433042
-2.163540039624093581
-2.144623412515214156
-2.125039698386215647
-2.104795189379702336
-2.083896150756665122
-2.062348820944643890
-2.040159411585865001
-2.017334107585455172
-1.993879067159575413
-1.969800421883613595
-1.945104276740332594
-1.919796710168080622
-1.893883774108900298
-1.867371494056749626
-1.840265869105653707
-1.812572871997858215
-1.784298449172027290
-1.755448520811391688
-1.726028980891937792
-1.696045697230557536
-1.665504511533212550
-1.634411239443144481
-1.602771670588992947
-1.570591568633005863
-1.537876671319175159
-1.504632690521450655
-1.470865312291843807
-1.436580196908664675
-1.401782978924661194
-1.366479267215176208
-1.330674645026334701
-1.294374670023227480
-1.257584874338020242
-1.220310764618213639
-1.182557822074731035
-1.144331502530139488
-1.105637236466789020
-1.066480429075003400
-1.026866460301242512
-0.986800684896248725
-0.946288432463264328
-0.905335007506165468
-0.863945689477633394
-0.822125732827331035
-0.779880367050081347
-0.737214796734029676
-0.694134201608799017
-0.650643736593677247
-0.606748531845793693
-0.562453692808249528
-0.517764300258344079
-0.472685410355699887
-0.427222054690430397
-0.381379240331362723
-0.335161949874146714
-0.288575141489436859
-0.241623748971106167
-0.194312681784360564
-0.146646825113926127
-0.098631039912238094
-0.050270162947576580
-0.001569006852278676
+0.047467639829132935
+0.096835012591769853
+0.146528370922190732
+0.196542998250233580
+0.246874201900880053
+0.297517313046034459
+0.348467686656423581
+0.399720701453334826
+0.451271759860528476
+0.503116287956038022
+0.555249735423974045
+0.607667575506406266
+0.660365304955170984
+0.713338443983660753
+0.766582536218745503
+0.820093148652508930
+0.873865871594130539
+0.927896318621719729
+0.982180126534112574
+1.036712955302741435
+1.091490488023437067
+1.146508430868264483
+1.201762513037364144
+1.257248486710755842
+1.312962127000218970
+1.368899231901083979
+1.425055622244055797
+1.481427141647083445
+1.538009656467133723
+1.594799055752094574
+1.651791251192545218
+1.708982177073602671
+1.766367790226780699
+1.823944069981770610
+1.881707018118317976
+1.939652658818005193
+1.997777038616161960
+2.056076226353575009
+2.114546313128453647
+2.173183412248151924
+2.231983659181048907
+2.290943211508389865
+2.350058248876070621
+2.409324972946510712
+2.468739607350473264
+2.528298397638884865
+2.587997611234666095
+2.647833537384597591
+2.707802487111077738
+2.767900793164020712
+2.828124809972671017
+2.888470913597407375
+2.948935501681591020
+3.009514993403422878
+3.070205829427720801
+3.131004471857792737
+3.191907404187245945
+3.252911131251819299
+3.314012179181208495
+3.375207095350953423
+3.436492448334167449
+3.497864827853431002
+3.559320844732648759
+3.620857130848802896
+3.682470339083830702
+3.744157143276485300
+3.805914238174075592
+3.867738339384393598
+3.929626183327494360
+3.991574527187506938
+4.053580148864530663
+4.115639846926411494
+4.177750440560568990
+4.239908769525874810
+4.302111694104447714
+4.364356095053476992
+4.426638873557093845
+4.488956951178153076
+4.551307269810060063
+4.613686791628706985
+4.676092499044138151
+4.738521394652520868
+4.800970501187894257
+4.863436861474023765
+4.925917538376247684
+4.988409614753282817
+5.050910193409073656
+5.113416397044620254
+5.175925368209794541
+5.238434269255175302
+5.300940282283882254
+5.363440609103433232
+5.425932471177508098
+5.488413109577863658
+5.550879784936084249
+5.613329777395470899
+5.675760386562831883
+5.738168931460333688
+5.800552750477366182
+5.862909201322294095
+5.925235660974320417
+5.987529525635366667
+6.049788210681823486
+6.112009150616446895
+6.174189799020147973
+6.236327628503844700
+6.298420130660291605
+6.360464816015855227
+6.422459213982474324
+6.484400872809330529
+6.546287359534821881
+6.608116259938270787
+6.669885178491853139
+6.731591738312389772
+6.793233581113105934
+6.854808367155658111
+6.916313775201725633
+6.977747502464985097
+7.039107264562918687
+7.100390795468658922
+7.161595847462744580
+7.222720191085021391
+7.283761615086446817
+7.344717926380990747
+7.405586949997279511
+7.466366529030665333
+7.527054524594854357
+7.587648815773866851
+7.648147299573832214
+7.708547890874788422
+7.768848522382532096
+7.829047144580460582
+7.889141725681409589
+7.949130251579445527
+8.009010725801699593
+8.068781169460287117
+8.128439621203991550
+8.187984137170218446
+8.247412790936742510
+8.306723673473614511
+8.365914893094927862
+8.424984575410693566
+8.483930863278596135
+8.542751916755941366
+8.601445913051396275
+8.660011046476862262
+8.718445528399238142
+8.776747587192380351
+8.834915468188778931
+8.892947433631551490
+8.950841762626083664
+9.008596751092071031
+9.066210711715140036
+9.123681973898850828
+9.181008883716437197
+9.238189803862630001
+9.295223113605574738
+9.352107208738548394
+9.408840501531830824
+9.465421420684613452
+9.521848411276723212
+9.578119934720472628
+9.634234468712556065
+9.690190507185835855
+9.745986560261107101
+9.801621154199063213
+9.857092831352034068
+9.912400150115848518
+9.967541684881618735
+10.022516025987657784
+10.077321779671228441
+10.131957568020400373
+10.186422028925935734
+10.240713816032982919
+10.294831598693074071
+10.348774061915843703
+10.402539906320882324
+10.456127848089568744
+10.509536618916929029
+10.562764965963470587
+10.615811651806914995
+10.668675454394172419
+10.721355166992994512
+10.773849598144066064
+10.826157571612560204
+10.878277926340114590
+10.930209516396683256
+10.981951210932244578
+11.033501894128752596
+11.084860465151930242
+11.136025838103075003
+11.186996941970903663
+11.237772720583373953
+11.288352132559531071
+11.338734151261398608
+11.388917764745640326
+11.438901975715559445
+11.488685801472813708
+11.538268273869363156
+11.587648439259181643
+11.636825358450161971
+11.685798106655919781
+11.734565773447638293
+11.783127462705833111
+11.831482292572298221
+11.879629395401860137
+11.927567917714219092
+11.975297020145799110
+12.022815877401518136
+12.070123678206750029
+12.117219625258947246
+12.164102935179741394
+12.210772838466509072
+12.257228579444323202
+12.303469416217890142
+12.349494620623151064
+12.395303478179268808
+12.440895288040421107
+12.486269362947641781
+12.531425029180669029
+12.576361626509690694
+12.621078508147220987
+12.665575040700007392
+12.709850604120740414
+12.753904591659951606
+12.797736409817851211
+12.841345478296133820
+12.884731229949775155
+12.927893110738931881
+12.970830579680754369
+13.013543108801169268
+13.056030183086784646
+13.098291300436626372
+13.140325971614029044
+13.182133720198557114
+13.223714082537613379
+13.265066607698475565
+13.306190857419979423
+13.347086406064478936
+13.387752840569591584
+13.428189760400027097
+13.468396777499437533
+13.508373516242333068
+13.548119613385717130
+13.587634718021115887
+13.626918491526282651
+13.665970607517076374
+13.704790751799285076
+13.743378622320465254
+13.781733929121743998
+13.819856394289695700
+13.857745751908140619
+13.895401748009962972
+13.932824140528971668
+13.970012699251675770
+14.006967205769242923
+14.043687453429203771
+14.080173247287262939
+14.116424404059298325
+14.152440752072982022
+14.188222131219813349
+14.223768392906718461
+14.259079400008157990
+14.294155026817705334
+14.328995158999960680
+14.363599693542534297
+14.397968538707582198
+14.432101613983979504
+14.465998850038770840
+14.499660188669341920
+14.533085582755077780
+14.566274996209198633
+14.599228403930620601
+14.631945791755850195
+14.664427156410591024
+14.696672505461904734
+14.728681857269776856
+14.760455240939027277
+14.791992696271181629
+14.823294273716253855
+14.854360034324617601
+14.885190049698771020
+14.915784401945256121
+14.946143183626382722
+14.976266497712188652
+15.006154457532119295
+15.035807186727049967
+15.065224819200864204
+15.094407499072513446
+15.123355380627788946
+15.152068628271056383
+15.180547416477129019
+15.208791929743206595
+15.236802362540583289
+15.264578919266488910
+15.292121814195924756
+15.319431271433670005
+15.346507524865735661
+15.373350818111610749
+15.399961404475762450
+15.426339546899647814
+15.452485517913522983
+15.478399599588229307
+15.504082083487087829
+15.529533270617580598
+15.554753471383413910
+15.579743005536144551
+15.604502202127100929
+15.629031399459197615
+15.653330945038792521
+15.677401195527401967
+15.701242516693863394
+15.724855283365609893
+15.748239879381054962
+15.771396697541048226
+15.794326139560940447
+15.817028616022170695
+15.839504546324405965
+15.861754358637149664
+15.883778489851593463
+15.905577385532469137
+15.927151499869991014
+15.948501295631498209
+15.969627244113416609
+15.990529825093043215
+16.011209526780366019
+16.031666845769937169
+16.051902286992628888
+16.071916363667668293
+16.091709597254048703
+16.111282517402834458
+16.130635661908716116
+16.149769576661867632
+16.168684815599828397
+16.187381940659456347
+16.205861521728330388
+16.224124136597218637
+16.242170370911299671
+16.260000818122328781
+16.277616079440399233
+16.295016763785902469
+16.312203487741037122
+16.329176875501818955
+16.345937558830122782
+16.362486177005092003
+16.378823376775301313
+16.394949812310507298
+16.410866145153313767
+16.426573044171249194
+16.442071185508446263
+16.457361252537467067
+16.472443935811242000
+16.487319933014770612
+16.501989948917032081
+16.516454695322860147
+16.530714891024619106
+16.544771261754199543
+16.558624540134658787
+16.572275465632326785
+16.585724784508386165
+16.598973249770782701
+16.612021621126029203
+16.624870664931322040
+16.637521154145780145
+16.649973868282838652
+16.662229593361743696
+16.674289121859665386
+16.686153252663139313
+16.697822791020271893
+16.709298548492391490
+16.720581342905834532
+16.731671998303930593
+16.742571344898777852
+16.753280219022940400
+16.763799463081440422
+16.774129925503526550
+16.784272460694523943
+16.794227928987652376
+16.803997196595787500
+16.813581135563396174
+16.822980623718482462
+16.832196544623947432
+16.841229787530021866
+16.850081247325700673
+16.858751824490632032
+16.867242425047152210
+16.875553960511808782
+16.883687347847416760
+16.891643509414866031
+16.899423372924758269
+16.907027871389551876
+16.914457943075149160
+16.921714531452824559
+16.928798585150964584
+16.935711057907031574
+16.942452908519335608
+16.949025100798831289
+16.955428603520964259
+16.961664390377563905
+16.967733439928611716
+16.973636735554055832
+16.979375265405643347
+16.984950022358816568
+16.990362003964531112
+16.995612212400939001
+17.000701654425594000
+17.005631341326655104
+17.010402288875443588
+17.015015517277777946
+17.019472051125799084
+17.023772919350207644
+17.027919155171691301
+17.031911796052860097
+17.035751883650192440
+17.039440463765792799
+17.042978586299181387
+17.046367305199204623
+17.049607678415721779
+17.052700767851622032
+17.055647639314543085
+17.058449362468799393
+17.061107010786965787
+17.063621661502050841
+17.065994395559116015
+17.068226297567012040
+17.070318455750616238
+17.072271961902096393
+17.074087911333350576
+17.075767402827160879
+17.077311538589729167
+17.078721424202015555
+17.079998168571570716
+17.081142883884858463
+17.082156685558416598
+17.083040692191243437
+17.083796025516278405
+17.084423810352344475
+17.084925174556019556
+17.085301248973486565
+17.085553167392212970
+17.085682066492960729
+17.085689085801423204
+17.085575367640430500
+17.085342057081192024
+17.084990301895683018
+17.084521252508036326
+17.083936061946840113
+17.083235885796515419
+17.082421882149414927
+17.081495211557584213
+17.080457036984459052
+17.079308523757113392
+17.078050839517505466
+17.076685154174786163
+17.075212639856825803
+17.073634470862277368
+17.071951823612192101
+17.070165876601922861
+17.068277810353244206
+17.066288807365669555
+17.064200052068621005
+17.062012730773155056
+17.059728031623762945
+17.057347144550444540
+17.054871261220068135
+17.052301574988689481
+17.049639280853185141
+17.046885575402850321
+17.044041656771586446
+17.041108724589733470
+17.038087979935497174
+17.034980625287186484
+17.031787864474974725
+17.028510902632330470
+17.025150946148666975
+17.021709202620197487
+17.018186880802627314
+17.014585190562268480
+17.010905342828529285
+17.007148549545217264
+17.003316023622609521
+16.999408978889210431
+16.995428630043761586
+16.991376192606800544
+16.987252882872638793
+16.983059917861211829
+16.978798515269815539
+16.974469893425169431
+16.970075271234783543
+16.965615868139195754
+16.961092904063850284
+16.956507599370510775
+16.951861174809472743
+16.947154851471246673
+16.942389850738429402
+16.937567394237394325
+16.932688703790454099
+16.927755001367181364
+16.922767509036781064
+16.917727448919514188
+16.912636043138753905
+16.907494513772821421
+16.902304082806622887
+16.897065972083627372
+16.891781403257578376
+16.886451597744649433
+16.881077776674892732
+16.875661160844217079
+16.870202970666156261
+16.864704426123910963
+16.859166746721907515
+16.853591151437864681
+16.847978858674540703
+16.842331086211164148
+16.836649051156172163
+16.830933969898165259
+16.825187058057935019
+16.819409530441017608
+16.813602600988382108
+16.807767482728944941
+16.801905387731491004
+16.796017527056022800
+16.790105110706040392
+16.784169347580167653
+16.778211445423835357
+16.772232610781482975
+16.766234048948071234
+16.760216963921092059
+16.754182558352319177
+16.748132033499580018
+16.742066589178822511
+16.735987423715588562
+16.729895733897212295
+16.723792714924229585
+16.717679560362871172
+16.711557462096095605
+16.705427610275918937
+16.699291193275140444
+16.693149397639277964
+16.687003408038034280
+16.680854407217573510
+16.674703575952165124
+16.668552092995867042
+16.662401135034514255
+16.656251876637682585
+16.650105490210108883
+16.643963145943985182
+16.637826011770592061
+16.631695253311914229
+16.625572033832888508
+16.619457514192838232
+16.613352852797554249
+16.607259205551258674
+16.601177725807858110
+16.595109564323390572
+16.589055869207712135
+16.583017785875902916
+16.576996457000667817
+16.570993022463859745
+16.565008619308329685
+16.559044381689993486
+16.553101440829063762
+16.547180924962844983
+16.541283959296528394
+16.535411665955798810
+16.529565163938052308
+16.523745569064928418
+16.517953993933488732
+16.512191547868244612
+16.506459336873398058
+16.500758463584134006
+16.495090027218598294
+16.489455123529680236
+16.483854844757232172
+16.478290279579411504
+16.472762513064573398
+16.467272626623675080
+16.461821697961187994
+16.456410801027615776
+16.451041005971191566
+16.445713379089585970
+16.440428982781710943
+16.435188875499413541
+16.429994111700196413
+16.424845741797604148
+16.419744812114110744
+16.414692364832902172
+16.409689437949225521
+16.404737065222288805
+16.399836276127544465
+16.394988095808066930
+16.390193545026779276
+16.385453640117692231
+16.380769392938383078
+16.376141810821380318
+16.371571896526351253
+16.367060648191326777
+16.362609059285468049
+16.358218118560081678
+16.353888810000626108
+16.349622112778906313
+16.345419001204525955
+16.341280444676620220
+16.337207407636597623
+16.333200849518483722
+16.329261724701837011
+16.325390982463652279
+16.321589566929240789
+16.317858417025096429
+16.314198466430060108
+16.310610643527272856
+16.307095871356452221
+16.303655067565173908
+16.300289144360718296
+16.296999008462424996
+16.293785561053081068
+16.290649697730664514
+16.287592308460641988
+16.284614277527239778
+16.281716483485624281
+16.278899799114071811
+16.276165091364870108
+16.273513221316704858
+16.270945044126854384
+16.268461408982261673
+16.266063159051782350
+16.263751131438109354
+16.261526157129377879
+16.259389060951040307
+16.257340661517567071
+16.255381771184758577
+16.253513196001108554
+16.251735735659657678
+16.250050183450301944
+16.248457326210704821
+16.246957944279046160
+16.245552811445719499
+16.244242694904347246
+16.243028355204760516
+16.241910546203882859
+16.240890015018393910
+16.239967501975456798
+16.239143740565793905
+16.238419457394666523
+16.237795372133973615
+16.237272197474251101
+16.236850639076166658
+16.236531395522415977
+16.236315158270056003
+16.236202611601399326
+16.236194432576848357
+16.236291290985718661
+16.236493849299456826
+16.236802762621572072
+16.237218678641255565
+16.237742237584299687
+16.238374072164962314
+16.239114807538083340
+16.239965061250472900
+16.240925443193447109
+16.241996555554166548
+16.243178992767127511
+16.244473341466829197
+16.245880180439105089
+16.247400080573079606
+16.249033604812492371
+16.250781308108670942
+16.252643737371528232
+16.254621431421060862
+16.256714920940090963
+16.258924728425348860
+16.261251368140154483
+16.263695346065340175
+16.266257159851448932
+16.268937298770346445
+16.271736243668165400
+16.274654466915201567
+16.277692432359156527
+16.280850595277250648
+16.284129402326129821
+16.287529291496191775
+16.291050692061482152
+16.294694024532486054
+16.298459700607597966
+16.302348123125227630
+16.306359686015092336
+16.310494774251310446
+16.314753763802126940
+16.319137021584023017
+16.323644905411644146
+16.328277763951376755
+16.333035936671244315
+16.337919753794665212
+16.342929536250807132
+16.348065595627399915
+16.353328234121889295
+16.358717744493226576
+16.364234410015111365
+16.369878504425464882
+16.375650291880283760
+16.381550026904442063
+16.387577954343889530
+16.393734309317405717
+16.400019317168080590
+16.406433193415967509
+16.412976143709045118
+16.419648363775614541
+16.426450039375612988
+16.433381346253238320
+16.440442450087978443
+16.447633506446898366
+16.454954660736078154
+16.462406048153322757
+16.469987793638548368
+16.477700011827309368
+16.485542807000843624
+16.493516273039752207
+16.501620493373977183
+16.509855540936275275
+16.518221478113311207
+16.526718356696665779
+16.535346217836437432
+16.544105091991610834
+16.552994998882940791
+16.562015947443683217
+16.571167935772102453
+16.580450951083417266
+16.589864969661370253
+16.599409956809932254
+16.609085866805326503
+16.618892642848194896
+16.628830217014616721
+16.638898510208349535
+16.649097432113308059
+16.659426881143950538
+16.669886744398770162
+16.680476897610695630
+16.691197205099733480
+16.702047519724388280
+16.713027682834326271
+16.724137524220825668
+16.735376862069990977
+16.746745502913348957
+16.758243241580618843
+16.769869861151260437
+16.781625132906039966
+16.793508816279242524
+16.805520658809989243
+16.817660396094904485
+16.829927751739326425
+16.842322437308833827
+16.854844152282115743
+16.867492584001563927
+16.880267407626334375
+16.893168286083035667
+16.906194870018588006
+16.919346797751032341
+16.932623695222634552
+16.946025175950236275
+16.959550840977797748
+16.973200278829033039
+16.986973065457661392
+17.000868764200816941
+17.014886925728966105
+17.029027087999804024
+17.043288776208949997
+17.057671502742007164
+17.072174767125964934
+17.086798055981780919
+17.101540842975698098
+17.116402588771649107
+17.131382740982452617
+17.146480734121418266
+17.161695989554932140
+17.177027915454274876
+17.192475906746793157
+17.208039345068321779
+17.223717598714351595
+17.239510022592870797
+17.255415958175291280
+17.271434733448735699
+17.287565662867599769
+17.303808047305430762
+17.320161174007370875
+17.336624316540934387
+17.353196734748465246
+17.369877674698837922
+17.386666368639740909
+17.403562034948624415
+17.420563878085076226
+17.437671088542526121
+17.454882842800735432
+17.472198303275984443
+17.489616618274975934
+17.507136921944347563
+17.524758334225296608
+17.542479960802761951
+17.560300893058634841
+17.578220208023768834
+17.596236968328526018
+17.614350222156705428
+17.632559003194870684
+17.650862330586079452
+17.669259208880873757
+17.687748627989876127
+17.706329563134069360
+17.725000974798437170
+17.743761808682315007
+17.762610995652114099
+17.781547451693707984
+17.800570077862438723
+17.819677760236011466
+17.838869369866831249
+17.858143762732986204
+17.877499779690481319
+17.896936246424601791
+17.916451973402747200
+17.936045755825414716
+17.955716373577804035
+17.975462591182484573
+17.995283157750908032
+18.015176806934839249
+18.035142256879026945
+18.055178210171600739
+18.075283353797896524
+18.095456359090125176
+18.115695881681137536
+18.136000561455656310
+18.156369022500303601
+18.176799873058456569
+18.197291705480015622
+18.217843096173773176
+18.238452605559736242
+18.259118778020081209
+18.279840141851202873
+18.300615209216346102
+18.321442476096461149
+18.342320422242892164
+18.363247511127553935
+18.384222189897712951
+18.405242889324377131
+18.426308023756980958
+18.447415991073039976
+18.468565172632011695
+18.489753933225234306
+18.510980621029240467
+18.532243567556314190
+18.553541087607200666
+18.574871479223343584
+18.596233023636965953
+18.617623985224874161
+18.639042611459235133
+18.660487132859120862
+18.681955762943470489
+18.703446698181661390
+18.724958117946041369
+18.746488184464450200
+18.768035042770510046
+18.789596820656022658
+18.811171628623341689
+18.832757559836949213
+18.854352690075341314
+18.875955077681833671
+18.897562763517903761
+18.919173770914557764
+18.940786105623377722
+18.962397755769366370
+18.984006691802576938
+19.005610866448577667
+19.027208214663289709
+19.048796653581113958
+19.070374082469548682
+19.091938382680012865
+19.113487417600047991
+19.135019032604095202
+19.156531055006574604
+19.178021294012957298
+19.199487540672073749
+19.220927567827796878
+19.242339130070249098
+19.263719963689130310
+19.285067786623493191
+19.306380298415277252
+19.327655180160920878
+19.348890094461960842
+19.370082685378555709
+19.391230578379886396
+19.412331380296656391
+19.433382679272835247
+19.454382044717434042
+19.475327027257200996
+19.496215158686901248
+19.517043951921635880
+19.537810900949661885
+19.558513480782494298
+19.579149147409552256
+19.599715337746090427
+19.620209469588413498
+19.640628941563605281
+19.660971133083229745
+19.681233404292793665
+19.701413096025842009
+19.721507529754155996
+19.741514007541198339
+19.761429811991995109
+19.781252206206449529
+19.800978433730485051
+19.820605718507781745
+19.840131264833175351
+19.859552257301714917
+19.878865860763252016
+19.898069220271498381
+19.917159461038863810
+19.936133688386043161
+19.954988987694910918
+19.973722424359714012
+19.992331043739540064
+20.010811871109233095
+20.029161911612682445
+20.047378150213255310
+20.065457551646154855
+20.083397060371044773
+20.101193600521586546
+20.118844075860273790
+20.136345369727781218
+20.153694344996523569
+20.170887844021535784
+20.187922688591712017
+20.204795679882963100
+20.221503598410802027
+20.238043203978840268
+20.254411235633995148
+20.270604411616446328
+20.286619429312288787
+20.302452965204565771
+20.318101674826415604
+20.333562192711610805
+20.348831132347143580
+20.363905086124745480
+20.378780625291845752
+20.393454299906629501
+20.407922638784640412
+20.422182149456215683
+20.436229318114122577
+20.450060609567067615
+20.463672467191408089
+20.477061312883542143
+20.490223547010728566
+20.503155548362720140
+20.515853674105603233
+20.528314259730279900
+20.540533619008495947
+20.552508043940402871
+20.564233804710191578
+20.575707149634347104
+20.586924305116806266
+20.597881475598462941
+20.608574843509579466
+20.619000569222549757
+20.629154791002790148
+20.639033624960529067
+20.648633165002571843
+20.657949482785042505
+20.666978627665386625
+20.675716626651617247
+20.684159484357024894
+20.692303182951157225
+20.700143682110727639
+20.707676918972644842
+20.714898808085116855
+20.721805241360538474
+20.728392088024875761
+20.734655194572475523
+20.740590384716302452
+20.746193459339998810
+20.751460196448903162
+20.756386351124142209
+20.760967655472150284
+20.765199818577404045
+20.769078526454432421
+20.772599441999290093
+20.775758204942029295
+20.778550431797469855
+20.780971715817084799
+20.783017626942996259
+20.784683711756521518
+20.785965493432946971
+20.786858471690784711
+20.787358122745871469
+20.787459899261406804
+20.787159230301721635
+20.786451521281776422
+20.785332153920801801
+20.783796486192603226
+20.781839852280072023
+20.779457562524278558
+20.776644903376183748
+20.773397137350951169
+20.769709502978400906
+20.765577214754216584
+20.760995463092122293
+20.755959414276745179
+20.750464210413845478
+20.744504969384131243
+20.738076784792767171
+20.731174725922301150
+20.723793837685803965
+20.715929140576811562
+20.707575630620898011
+20.698728279329319690
+20.689382033649888371
+20.679531815919226290
+20.669172523813486464
+20.658299030300732113
+20.646906183593166872
+20.634988807099610142
+20.622541699375375401
+20.609559634075985457
+20.596037359907292341
+20.581969600578947421
+20.567351054755299344
+20.552176396007322268
+20.536440272764444614
+20.520137308266761522
+20.503262100516959521
+20.485809222230539461
+20.467773220790128619
+20.449148618194747939
+20.429929911015573651
+20.410111570341896936
+20.389688041738217805
+20.368653745193064708
+20.347003075073072154
+20.324730400072390069
+20.301830063166491414
+20.278296381562757489
+20.254123646652299584
+20.229306123962970787
+20.203838053110700912
+20.177713647750255888
+20.150927095528466282
+20.123472558035459201
+20.095344170756661129
+20.066536043023457836
+20.037042257967385694
+20.006856872470535791
+19.975973917116682799
+19.944387396144449554
+19.912091287398034467
+19.879079542280884141
+19.845346085704974826
+19.810884816044854517
+19.775689605087674039
+19.739754297986074505
+19.703072713210939781
+19.665638642500759659
+19.627445850815114170
+19.588488076286587614
+19.548759030171922291
+19.508252396804991236
+19.466961833546001515
+19.424880970736637664
+19.382003411650060798
+19.338322732443362639
+19.293832482107113435
+19.248526182422462938
+19.202397327905991631
+19.155439385768559646
+19.107645795862122640
+19.059009970632843078
+19.009525295073743223
+18.959185126676704414
+18.907982795382999086
+18.855911603535872700
+18.802964825832923168
+18.749135709276405493
+18.694417473126907936
+18.638803308853617580
+18.582286380086458166
+18.524859822568906509
+18.466516744109519266
+18.407250224533036942
+18.347053315631626447
+18.285919041118368966
+18.223840396580364143
+18.160810349424863830
+18.096821838837598762
+18.031867775730820114
+17.965941042696403684
+17.899034493956907710
+17.831140955319085606
+17.762253224123035977
+17.692364069196457876
+17.621466230806269948
+17.549552420608115710
+17.476615321600434072
+17.402647588076391116
+17.327641845574305535
+17.251590690830830965
+17.174486691730855625
+17.096322387261853493
+17.017090287464185394
+16.936782873383268821
+16.855392597019843492
+16.772911881286159286
+16.689333119952543427
+16.604648677602295237
+16.518850889583905683
+16.431932061960132785
+16.343884471462924779
+16.254700365443596866
+16.164371961824084423
+16.072891449050491275
+15.980250986043593286
+15.886442702151509110
+15.791458697101564468
+15.695291040950579031
+15.597931774038206854
+15.499372906938731376
+15.399606420413322283
+15.298624265359217489
+15.196418362764273269
+15.092980603658544325
+14.988302849064883304
+14.882376929951751876
+14.775194647183647945
+14.666747771476501327
+14.557028043344127255
+14.446027173054732273
+14.333736840580579397
+14.220148695548758155
+14.105254357197697601
+13.989045414322076155
+13.871513425230933336
+13.752649917694991899
+13.632446388902973666
+13.510894305407898486
+13.387985103083275717
+13.263710187074000402
+13.138060931746473159
+13.011028680642391819
+12.882604746429619169
+12.752780410854766657
+12.621546924693518577
+12.488895507704182108
+12.354817348578695402
+12.219303604894237836
+12.082345403064959299
+11.943933838296070249
+11.804059974531613264
+11.662714844410279724
+11.519889449213287946
+11.375574758820244270
+11.229761711659062229
+11.082441214657112738
+10.933604143193083047
+10.783241341051670759
+10.631343620371424663
+10.477901761599159869
+10.322906513439855658
+10.166348592812331830
+10.008218684795025410
+9.848507442584168103
+9.687205487440794016
+9.524303408645174329
+9.359791763446841273
+9.193661077019612549
+9.025901842409862041
+8.856504520489362875
+8.685459539907952831
+8.512757297046405824
+8.338388155964555182
+8.162342448356083580
+7.984610473500481476
+7.805182498213540931
+7.624048756799051141
+7.441199451001942577
+7.256624749959018850
+7.070314790151998707
+6.882259675357400575
+6.692449476600356384
+6.500874232105450012
+6.307523947248067309
+6.112388594507998540
+5.915458113420048569
+5.716722410524543996
+5.516171359320815704
+5.313794800221626424
+5.109582540498156966
+4.903524354238678384
+4.695609982295906093
+4.485829132240867878
+4.274171478315176742
+4.060626661381567359
+3.845184288875388212
+3.627833934757659584
+3.408565139467647498
+3.187367409871868063
+2.964230219218448426
+2.739143007086420667
+2.512095179342816564
+2.283076108088035738
+2.052075131610635594
+1.819081554339334161
