+3.866093332999999799 
+3.822939010568606744 
+3.780107877333565014 
+3.737598666777290024 
+3.695410115570450404 
+3.653540963567766475 
+3.611989953803811826 
+3.570755832488814452 
+3.529837349004455227 
+3.489233255899670816 
+3.448942308886452146 
+3.408963266835645545 
+3.369294891772752987 
+3.329935948873733231 
+3.290885206460802515 
+3.252141435998232133 
+3.213703412088152689 
+3.175569912466353450 
+3.137739717998079492 
+3.100211612673838157 
+3.062984383605193983 
+3.026056821020572496 
+2.989427718261058686 
+2.953095871776199033 
+2.917060081119801307 
+2.881319148945734376 
+2.845871881003729342 
+2.810717086135180232 
+2.775853576268943357 
+2.741280166417140229 
+2.706995674670953811 
+2.672998922196432758 
+2.639288733230291228 
+2.605863935075706905 
+2.572723358098124358 
+2.539865835721053955 
+2.507290204421873447 
+2.474995303727625107 
+2.442979976210821746 
+2.411243067485242975 
+2.379783426201735885 
+2.348599904044016640 
+2.317691355724472047 
+2.287056638979956702 
+2.256694614567597235 
+2.226604146260589889 
+2.196784100844001664 
+2.167233348110571445 
+2.137950760856510257 
+2.108935214877301068 
+2.080185588963499921 
+2.051700764896536189 
+2.023479627444513262 
+1.995521064358007912 
+1.967823966365872534 
+1.940387227171033180 
+1.913209743446293132 
+1.886290414830130491 
+1.859628143922499977 
+1.833221836280633621 
+1.807070400414840350 
+1.781172747784306232 
+1.755527792792896946 
+1.730134452784955812 
+1.704991648041105812 
+1.680098301774048952 
+1.655453340124366957 
+1.631055692156323733 
+1.606904289853661183 
+1.582998068115404777 
+1.559335964751662029 
+1.535916920479420966 
+1.512739878918352598 
+1.489803786586612500 
+1.467107592896638391 
+1.444650250150952608 
+1.422430713537962355 
+1.400447941127757723 
+1.378700893867916388 
+1.357188535579301636 
+1.335909832951861720 
+1.314863755540432333 
+1.294049275760535966 
+1.273465368884183491 
+1.253111013035672627 
+1.232985189187391306 
+1.213086881155613916 
+1.193415075596306441 
+1.173968762000924038 
+1.154746932692210848 
+1.135748582820003794 
+1.116972710357029719 
+1.098418316094706526 
+1.080084403638945201 
+1.061969979405950948 
+1.044074052618016779 
+1.026395635299334419 
+1.008933742271786560 
+0.991687391150750219 
+0.974655602340899208 
+0.957837399031999936 
+0.941231807194716108 
+0.924837855576406742 
+0.908654575696927758 
+0.892681001844432220 
+0.876916171071170147 
+0.861359123189289200 
+0.846008900766635819 
+0.830864549122554585 
+0.815925116323690691 
+0.801189653179788408 
+0.786657213239490449 
+0.772326852786141771 
+0.758197630833588043 
+0.744268609121976343 
+0.730538852113555848 
+0.717007426988476304 
+0.703673403640594053 
+0.690535854673263394 
+0.677593855395147493 
+0.664846483816010192 
+0.652292820642521143 
+0.639931949274054723 
+0.627762955798491173 
+0.615784928988015956 
+0.603996960294921781 
+0.592398143847407521 
+0.580987576445378462 
+0.569764357556250101 
+0.558727589310743955 
+0.547876376498689588 
+0.537209826564827964 
+0.526727049604607256 
+0.516427158359987981 
+0.506309268215237918 
+0.496372497192737683 
+0.486615965948779206 
+0.477038797769365974 
+0.467640118566012397 
+0.458419056871547603 
+0.449374743835911694 
+0.440506313221959100 
+0.431812901401258387 
+0.423293647349893831 
+0.414947692644260790 
+0.406774181456873496 
+0.398772260552160418 
+0.390941079282266735 
+0.383279789582853692 
+0.375787545968898851 
+0.368463505530500335 
+0.361306827928669971 
+0.354316675391142422 
+0.347492212708166548 
+0.340832607228314988 
+0.334337028854276852 
+0.328004650038662859 
+0.321834645779806028 
+0.315826193617555706 
+0.309978473629087592 
+0.304290668424696431 
+0.298761963143600706 
+0.293391545449743329 
+0.288178605527586562 
+0.283122336077918035 
+0.278221932313652331 
+0.273476591955625903 
+0.268885515228400429 
+0.264447904856063953 
+0.260162966058029355 
+0.256029906544838148 
+0.252047936513956738 
+0.248216268645580662 
+0.244534118098430397 
+0.241000702505556941 
+0.237615241970141167 
+0.234376959061288304 
+0.231285078809839728 
+0.228338828704159447 
+0.225537438685949443 
+0.222880141146037491 
+0.220366170920184512 
+0.217994765284882597 
+0.215765163953156147 
+0.213676609070363455 
+0.211728345209994284 
+0.209919619369474120 
+0.208249680965960415 
+0.206717781832145064 
+0.205323176212057312 
+0.204065120756859564 
+0.202942874520650740 
+0.201955698956266083 
+0.201102857911076516 
+0.200383617622791999 
+0.199797246715260446 
+0.199343016194265310 
+0.199020199443329382 
+0.198828072219515040 
+0.198765912649224941 
+0.198833001223999606 
+0.199028620796322109 
+0.199352056575413883 
+0.199802596123038967 
+0.200379529349303365 
+0.201082148508453518 
+0.201909748194680105 
+0.202861625337916962 
+0.203937079199638216 
+0.205135411368666087 
+0.206455925756964476 
+0.207897928595442760 
+0.209460728429756049 
+0.211143636116105426 
+0.212945964817034650 
+0.214867029997239278 
+0.216906149419358485 
+0.219062643139778856 
+0.221335833504436863 
+0.223725045144614221 
+0.226229604972746579 
+0.228848842178213552 
+0.231582088223146076 
+0.234428676838226213 
+0.237387944018486063 
+0.240459228019109350 
+0.243641869351230334 
+0.246935210777735392 
+0.250338597309063271 
+0.253851376199003997 
+0.257472896940506235 
+0.261202511261465542 
+0.265039573120535721 
+0.268983438702924182 
+0.273033466416193971 
+0.277189016886062234 
+0.281449452952202250 
+0.285814139664044564 
+0.290282444276577678 
+0.294853736246143860 
+0.299527387226247832 
+0.304302771063347688 
+0.309179263792662251 
+0.314156243633971322 
+0.319233090987409707 
+0.324409188429277240 
+0.329683920707831035 
+0.335056674739089733 
+0.340526839602631970 
+0.346093806537400628 
+0.351756968937499970 
+0.357515722347997222 
+0.363369464460720160 
+0.369317595110061792 
+0.375359516268782833 
+0.381494632043800408 
+0.387722348672003836 
+0.394042074516043783 
+0.400453220060139170 
+0.406955197905869870 
+0.413547422767992057 
+0.420229311470219802 
+0.427000282941037312 
+0.433859758209500956 
+0.440807160401031073 
+0.447841914733216662 
+0.454963448511617852 
+0.462171191125565262 
+0.469464574043958471 
+0.476843030811068491 
+0.484305997042334013 
+0.491852910420173206 
+0.499483210689766199 
+0.507196339654875317 
+0.514991741173628004 
+0.522868861154329512 
+0.530827147551255152 
+0.538866050360461202 
+0.546985021615571387 
+0.555183515383592230 
+0.563460987760695087 
+0.571816896868034608 
+0.580250702847544986 
+0.588761867857728660 
+0.597349856069472995 
+0.606014133661838539 
+0.614754168817866820 
+0.623569431720376155 
+0.632459394547766784 
+0.641423531469813568 
+0.650461318643475561 
+0.659572234208693153 
+0.668755758284186541 
+0.678011372963251979 
+0.687338562309578460 
+0.696736812353024870 
+0.706205611085441554 
+0.715744448456462568 
+0.725352816369297049 
+0.735030208676550778 
+0.744776121176001560 
+0.754590051606418122 
+0.764471499643354591 
+0.774419966894953404 
+0.784434956897734903 
+0.794515975112418005 
+0.804662528919698694 
+0.814874127616064925 
+0.825150282409594205 
+0.835490506415745848 
+0.845894314653179880 
+0.856361224039536406 
+0.866890753387244750 
+0.877482423399332134 
+0.888135756665210163 
+0.898850277656481733 
+0.909625512722751051 
+0.920460990087396347 
+0.931356239843404765 
+0.942310793949152625 
+0.953324186224202119 
+0.964395952345119767 
+0.975525629841260233 
+0.986712758090571906 
+0.997956878315404694 
+1.009257533578296950 
+1.020614268777790379 
+1.032026630644216958 
+1.043494167735506739 
+1.055016430432994312 
+1.066592970937201290 
+1.078223343263656986 
+1.089907103238683561 
+1.101643808495203825 
+1.113433018468544144 
+1.125274294392224039 
+1.137167199293772413 
+1.149111297990509151 
+1.161106157085365354 
+1.173151344962666265 
+1.185246431783944843 
+1.197390989483734014 
+1.209584591765370476 
+1.221826814096796276 
+1.234117233706355510 
+1.246455429578599450 
+1.258840982450084578 
+1.271273474805167059 
+1.283752490871812313 
+1.296277616617396600 
+1.308848439744501047 
+1.321464549686707901 
+1.334125537604413658 
+1.346830996380623535 
+1.359580520616746391 
+1.372373706628404744 
+1.385210152441227915 
+1.398089457786653611 
+1.411011224097738825 
+1.423975054504937887 
+1.436980553831929353 
+1.450027328591394937 
+1.463114986980832199 
+1.476243138878351679 
+1.489411395838475372 
+1.502619371087940081 
+1.515866679521496341 
+1.529152937697708214 
+1.542477763834753546 
+1.555840777806231756 
+1.569241601136951214 
+1.582679856998738366 
+1.596155170206237539 
+1.609667167212712968 
+1.623215476105841493 
+1.636799726603515470 
+1.650419550049655459 
+1.664074579409993593 
+1.677764449267883595 
+1.691488795820097035 
+1.705247256872629791 
+1.719039471836496524 
+1.732865081723530043 
+1.746723729142188208 
+1.760615058293351964 
+1.774538714966121145 
+1.788494346533621382 
+1.802481601948802137 
+1.816500131740233392 
+1.830549588007907236 
+1.844629624419050984 
+1.858739896203910558 
+1.872880060151554504 
+1.887049774605680019 
+1.901248699460415414 
+1.915476496156106823 
+1.929732827675139317 
+1.944017358537713847 
+1.958329754797669020 
+1.972669684038268034 
+1.987036815367999587 
+2.001430819416393447 
+2.015851368329797388 
+2.030298135767194090 
+2.044770796896001386 
+2.059269028387860523 
+2.073792508414452840 
+2.088340916643287137 
+2.102913934233508808 
+2.117511243831684986 
+2.132132529567638102 
+2.146777477050199945 
+2.161445773363057210 
+2.176137107060516218 
+2.190851168163330698 
+2.205587648154486935 
+2.220346239975002689 
+2.235126638019733658 
+2.249928538133180389 
+2.264751637605270318 
+2.279595635167177559 
+2.294460230987111604 
+2.309345126666123349 
+2.324250025233895123 
+2.339174631144560479 
+2.354118650272487123 
+2.369081789908078939 
+2.384063758753590889 
+2.399064266918914612 
+2.414083025917384440 
+2.429119748661575873 
+2.444174149459114709 
+2.459245944008459084 
+2.474334849394717928 
+2.489440584085440555 
+2.504562867926428460 
+2.519701422137522684 
+2.534855969308407175 
+2.550026233394421915 
+2.565211939712344957 
+2.580412814936198451 
+2.595628587093068429 
+2.610858985558869527 
+2.626103741054178542 
+2.641362585640012917 
+2.656635252713644313 
+2.671921477004392642 
+2.687220994569426757 
+2.702533542789563370 
+2.717858860365081508 
+2.733196687311498341 
+2.748546764955396071 
+2.763908835930193320 
+2.779282644171976902 
+2.794667934915280760 
+2.810064454688889768 
+2.825471951311645746 
+2.840890173888242387 
+2.856318872805039710 
+2.871757799725839000 
+2.887206707587706589 
+2.902665350596755012 
+2.918133484223973007 
+2.933610865200984907 
+2.949097251515884643 
+2.964592402409022220 
+2.980096078368810630 
+2.995608041127514554 
+3.011128053657056824 
+3.026655880164833334 
+3.042191286089485303 
+3.057734038096726170 
+3.073283904075127637 
+3.088840653131918579 
+3.104404055588787070 
+3.119973882977705504 
+3.135549908036679323 
+3.151131904705603670 
+3.166719648122017894 
+3.182312914616939548 
+3.197911481710645987 
+3.213515128108479502 
+3.229123633696644902 
+3.244736779538022642 
+3.260354347867953972 
+3.275976122090046516 
+3.291601886771972740 
+3.307231427641285304 
+3.322864531581191105 
+3.338500986626379063 
+3.354140581958791056 
+3.369783107903452368 
+3.385428355924257282 
+3.401076118619765776 
+3.416726189719020201 
+3.432378364077311339 
+3.448032437672027051 
+3.463688207598409008 
+3.479345472065395128 
+3.495004030391368754 
+3.510663682999998869 
+3.526324231416039900 
+3.541985478261110210 
+3.557647227249494115 
+3.573309283183969676 
+3.588971451951584068 
+3.604633540519460499 
+3.620295356930596231 
+3.635956710299669492 
+3.651617410808838393 
+3.667277269703530962 
+3.682936099288265375 
+3.698593712922438215 
+3.714249925016106513 
+3.729904551025835957 
+3.745557407450450516 
+3.761208311826870876 
+3.776857082725880055 
+3.792503539747965835 
+3.808147503519081933 
+3.823788795686473563 
+3.839427238914464358 
+3.855062656880266392 
+3.870694874269763996 
+3.886323716773348647 
+3.901949011081677021 
+3.917570584881482798 
+3.933188266851426196 
+3.948801886657809845 
+3.964411274950444763 
+3.980016263358435502 
+3.995616684485951975 
+4.011212371908070118 
+4.026803160166550377 
+4.042388884765638402 
+4.057969382167870620 
+4.073544489789879819 
+4.089114045998187841 
+4.104677890104995619 
+4.120235862364009627 
+4.135787803966214149 
+4.151333557035703947 
+4.166872964625452980 
+4.182405870713125751 
+4.197932120196888661 
+4.213451558891204485 
+4.228964033522625066 
+4.244469391725593788 
+4.259967482038250708 
+4.275458153898246572 
+4.290941257638502648 
+4.306416644483051392 
+4.321884166542826478 
+4.337343676811455495 
+4.352795029161050877 
+4.368238078338048780 
+4.383672679958962703 
+4.399098690506222376 
+4.414515967323933587 
+4.429924368613725960 
+4.445323753430520775 
+4.460713981678336992 
+4.476094914106109712 
+4.491466412303448230 
+4.506828338696491798 
+4.522180556543664132 
+4.537522929931514959 
+4.552855323770472751 
+4.568177603790678276 
+4.583489636537785294 
+4.598791289368743485 
+4.614082430447608907 
+4.629362928741359795 
+4.644632654015651951 
+4.659891476830664736 
+4.675139268536888437 
+4.690375901270920522 
+4.705601247951252120 
+4.720815182274105126 
+4.736017578709192932 
+4.751208312495539765 
+4.766387259637293816 
+4.781554296899501288 
+4.796709301803925740 
+4.811852152624831902 
+4.826982728384807686 
+4.842100908850553331 
+4.857206574528673215 
+4.872299606661496085 
+4.887379887222847330 
+4.902447298913886087 
+4.917501725158865966 
+4.932543050100981041 
+4.947571158598128349 
+4.962585936218697924 
+4.977587269237436551 
+4.992575044631171188 
+5.007549150074683375 
+5.022509473936439761 
+5.037455905274444312 
+5.052388333832002587 
+5.067306650033553517 
+5.082210744980455885 
+5.097100510446778365 
+5.111975838875112643 
+5.126836623372387436 
+5.141682757705629214 
+5.156514136297793094 
+5.171330654223567080 
+5.186132207205151445 
+5.200918691608067412 
+5.215690004436970284 
+5.230446043331435035 
+5.245186706561749901 
+5.259911893024748153 
+5.274621502239575932 
+5.289315434343492939 
+5.303993590087726417 
+5.318655870833171484 
+5.333302178546299288 
+5.347932415794889316 
+5.362546485743848734 
+5.377144292151013971 
+5.391725739362960290 
+5.406290732310760738 
+5.420839176505857004 
+5.435370978035814815 
+5.449886043560088211 
+5.464384280305923269 
+5.478865596064053989 
+5.493329899184573151 
+5.507777098572677943 
+5.522207103684520391 
+5.536619824522989397 
+5.551015171633481238 
+5.565393056099756208 
+5.579753389539694908 
+5.594096084101103372 
+5.608421052457535971 
+5.622728207804091660 
+5.637017463853192467 
+5.651288734830392180 
+5.665541935470198354 
+5.679776981011849912 
+5.693993787195100964 
+5.708192270256089884 
+5.722372346923062736 
+5.736533934412204161 
+5.750676950423448730 
+5.764801313136284300 
+5.778906941205506520 
+5.792993753757068376 
+5.807061670383883545 
+5.821110611141579128 
+5.835140496544344302 
+5.849151247560698152 
+5.863142785609305463 
+5.877115032554790730 
+5.891067910703508659 
+5.905001342799349295 
+5.918915252019583129 
+5.932809561970571188 
+5.946684196683674983 
+5.960539080610987028 
+5.974374138621124430 
+5.988189295995068662 
+6.001984478421958258 
+6.015759611994862865 
+6.029514623206619461 
+6.043249438945594854 
+6.056963986491519236 
+6.070658193511273559 
+6.084331988054659135 
+6.097985298550282707 
+6.111618053801262995 
+6.125230182981084681 
+6.138821615629368011 
+6.152392281647723671 
+6.165942111295479755 
+6.179471035185523320 
+6.192978984280119725 
+6.206465889886658260 
+6.219931683653499910 
+6.233376297565772717 
+6.246799663941135172 
+6.260201715425610658 
+6.273582384989396132 
+6.286941605922617526 
+6.300279311831178397 
+6.313595436632553515 
+6.326889914551538929 
+6.340162680116117500 
+6.353413668153225835 
+6.366642813784549659 
+6.379850052422366247 
+6.393035319765276725 
+6.406198551794064500 
+6.419339684767458643 
+6.432458655217978105 
+6.445555399947682673 
+6.458629856024000304 
+6.471681960775526932 
+6.484711651787810283 
+6.497718866899170997 
+6.510703544196510428 
+6.523665622011072251 
+6.536605038914274246 
+6.549521733713492111 
+6.562415645447898349 
+6.575286713384167037 
+6.588134877012446822 
+6.600960076041943125 
+6.613762250396902687 
+6.626541340212300568 
+6.639297285829710127 
+6.652030027793053080 
+6.664739506844448158 
+6.677425663919949628 
+6.690088440145403048 
+6.702727776832237083 
+6.715343615473223338 
+6.727935897738340998 
+6.740504565470496701 
+6.753049560681419372 
+6.765570825547392531 
+6.778068302405050538 
+6.790541933747229919 
+6.802991662218749624 
+6.815417430612177974 
+6.827819181863679532 
+6.840196859048789157 
+6.852550405378197595 
+6.864879764193626777 
+6.877184878963518599 
+6.889465693278932434 
+6.901722150849274762 
+6.913954195498169142 
+6.926161771159195624 
+6.938344821871693213 
+6.950503291776623627 
+6.962637125112328462 
+6.974746266210283707 
+6.986830659491007012 
+6.998890249459741142 
+7.010924980702352372 
+7.022934797881095648 
+7.034919645730361104 
+7.046879469052584000 
+7.058814212713924618 
+7.070723821640177320 
+7.082608240812507283 
+7.094467415263241428 
+7.106301290071720622 
+7.118109810360074619 
+7.129892921289005869 
+7.141650568053617754 
+7.153382695879182407 
+7.165089250016965394 
+7.176770175740046831 
+7.188425418339061679 
+7.200054923118074157 
+7.211658635390298500 
+7.223236500473944943 
+7.234788463688049731 
+7.246314470348211856 
+7.257814465762432832 
+7.269288395226898736 
+7.280736204021792446 
+7.292157837407097887 
+7.303553240618389175 
+7.314922358862613549 
+7.326265137313958675 
+7.337581521109563631 
+7.348871455345381776 
+7.360134885071972555 
+7.371371755290273775 
+7.382582010947412954 
+7.393765596932562190 
+7.404922458072664249 
+7.416052539128208387 
+7.427155784789174930 
+7.438232139670668985 
+7.449281548308873013 
+7.460303955156661004 
+7.471299304579614997 
+7.482267540851662346 
+7.493208608150926153 
+7.504122450555563262 
+7.515009012039509884 
+7.525868236468335581 
+7.536700067594956920 
+7.547504449055538522 
+7.558281324365262677 
+7.569030636914066079 
+7.579752329962541779 
+7.590446346637643060 
+7.601112629928545417 
+7.611751122682468562 
+7.622361767600375870 
+7.632944507232879872 
+7.643499283975994985 
+7.654026040066944425 
+7.664524717579924484 
+7.674995258422005584 
+7.685437604328835270 
+7.695851696860430913 
+7.706237477397106517 
+7.716594887135089564 
+7.726923867082522435 
+7.737224358055063256 
+7.747496300671860681 
+7.757739635351210694 
+7.767954302306481651 
+7.778140241541800393 
+7.788297392847940870 
+7.798425695798107071 
+7.808525089743664438 
+7.818595513810047137 
+7.828636906892478819 
+7.838649207651804396 
+7.848632354510275633 
+7.858586285647407799 
+7.868510938995644466 
+7.878406252236354490 
+7.888272162795422204 
+7.898108607839231965 
+7.907915524270356045 
+7.917692848723362431 
+7.927440517560716771 
+7.937158466868392992 
+7.946846632451871173 
+7.956504949831844087 
+7.966133354239996578 
+7.975731780614847111 
+7.985300163597541356 
+7.994838437527636898 
+8.004346536438958992 
+8.013824394055305333 
+8.023271943786316029 
+8.032689118723240540 
+8.042075851634827188 
+8.051432074962942664 
+8.060757720818548577 
+8.070052720977448857 
+8.079317006875966101 
+8.088550509607015826 
+8.097753159915610510 
+8.106924888194852130 
+8.116065624481629825 
+8.125175298452532502 
+8.134253839419494980 
+8.143301176325749680 
+8.152317237741515399 
+8.161301951859885051 
+8.170255246492541090 
+8.179177049065618377 
+8.188067286615499540 
+8.196925885784542842 
+8.205752772817048069 
+8.214547873554826296 
+8.223311113433204866 
+8.232042417476717944 
+8.240741710294956945 
+8.249408916078293075 
+8.258043958593791700 
+8.266646761180947323 
+8.275217246747468280 
+8.283755337765132509 
+8.292260956265511851 
+8.300734023835858011 
+8.309174461614828644 
+8.317582190288362654 
+8.325957130085386737 
+8.334299200773720884 
+8.342608321655776038 
+8.350884411564461374 
+8.359127388858873076 
+8.367337171420162534 
+8.375513676647365457 
+8.383656821453111974 
+8.391766522259514360 
+8.399842694993862935 
+8.407885255084586618 
+8.415894117456879542 
+8.423869196528634973 
+8.431810406206148301 
+8.439717659879981682 
+8.447590870420757625 
+8.455429950174908171 
+8.463234810960599930 
+8.471005364063341148 
+8.478741520231896089 
+8.486443189674197640 
+8.494110282052901084 
+8.501742706481307366 
+8.509340371519328983 
+8.516903185168938961 
+8.524431054870236224 
+8.531923887497187664 
+8.539381589353427060 
+8.546804066167979386 
+8.554191223091205387 
+8.561542964690399771 
+8.568859194945799729 
+8.576139817246334118 
+8.583384734385258952 
+8.590593848556226320 
+8.597767061348818629 
+8.604904273744564236 
+8.612005386112576488 
+8.619070298205516067 
+8.626098909155233585 
+8.633091117468605802 
+8.640046821023489088 
+8.646965917064280305 
+8.653848302197891584 
+8.660693872389497727 
+8.667502522958301370 
+8.674274148573399401 
+8.681008643249530365 
+8.687705900342857390 
+8.694365812546912764 
+8.700988271888185466 
+8.707573169722085282 
+8.714120396728644025 
+8.720629842908421026 
+8.727101397578154618 
+8.733534949366751121 
+8.739930386210836843 
+8.746287595350853650 
+8.752606463326660702 
+8.758886875973310282 
+8.765128718417031450 
+8.771331875070831785 
+8.777496229630441960 
+8.783621665070056039 
+8.789708063638087765 
+8.795755306853063615 
+8.801763275499423500 
+8.807731849623175790 
+8.813660908527872095 
+8.819550330770296043 
+8.825399994156317263 
+8.831209775736720502 
+8.836979551802849997 
+8.842709197882662409 
+8.848398588736280601 
+8.854047598351938220 
+8.859656099941760843 
+8.865223965937524042 
+8.870751067986494931 
+8.876237276947195554 
+8.881682462885239104 
+8.887086495069125291 
+8.892449241965998397 
+8.897770571237487047 
+8.903050349735567082 
+8.908288443498186382 
+8.913484717745186359 
+8.918639036874182580 
+8.923751264456178944 
+8.928821263231510486 
+8.933848895105521493 
+8.938834021144549169 
+8.943776501571500503 
+8.948676195761832375 
+8.953532962239261650 
+8.958346658671603180 
+8.963117141866453252 
+8.967844267767334898 
+8.972527891448978110 
+8.977167867113543309 
+8.981764048086272823 
+8.986316286811238285 
+8.990824434847283442 
+8.995288342863645425 
+8.999707860635885126 
+9.004082837041670118 
+9.008413120056536272 
+9.012698556749715095 
+9.016938993279925540 
+9.021134274891116078 
+9.025284245908498093 
+9.029388749733927355 
+9.033447628842132815 
+9.037460724776256171 
+9.041427878143791119 
+9.045348928612266803 
+9.049223714905080485 
+9.053052074797395932 
+9.056833845111862402 
+9.060568861714369149 
+9.064256959509899403 
+9.067897972438398568 
+9.071491733470443464 
+9.075038074603117622 
+9.078536826855840403 
+9.081987820266103739 
+9.085390883885231972 
+9.088745845774347742 
+9.092052533000007486 
+9.095310771630094493 
+9.098520386729580522 
+9.101681202356315836 
+9.104793041556906275 
+9.107855726362400262 
+9.110869077784149894 
+9.113832915809657820 
+9.116747059398257136 
+9.119611326477084390 
+9.122425533936628028 
+9.125189497626772450 
+9.127903032352579160 
+9.130565951869831665 
+9.133178068881161238 
+9.135739195031673532 
+9.138249140904692425 
+9.140707716017830720 
+9.143114728818360959 
+9.145469986679469088 
+9.147773295895746060 
+9.150024461679114651 
+9.152223288154651470 
+9.154369578356222448 
+9.156463134222473599 
+9.158503756592606848 
+9.160491245202058153 
+9.162425398678378130 
+9.164306014537118017 
+9.166132889177372789 
+9.167905817877901598 
+9.169624594792729511 
+9.171289012946939323 
+9.172898864232571725 
+9.174453939404399350 
+9.175954028075677726 
+9.177398918713974396 
+9.178788398636985590 
+9.180122254008299620 
+9.181400269833268624 
+9.182622229954679582 
+9.183787917048725546 
+9.184897112620619808 
+9.185949597000611533 
+9.186945149339532435 
+9.187883547604824841 
+9.188764568576221592 
+9.189587987841591143 
+9.190353579792672534 
+9.191061117620961340 
+9.191710373313476623 
+9.192301117648584707 
+9.192833120191643559 
+9.193306149291109008 
+9.193719972074083202 
+9.194074354442054897 
+9.194369061067082072 
+9.194603855387182278 
+9.194778499602364263 
+9.194892754670298984 
+9.194946380302193134 
+9.194939134958667992 
+9.194870775845361166 
+9.194741058908894260 
+9.194549738832563435 
+9.194296569032305300 
+9.193981301652168980 
+9.193603687560644389 
+9.193163476345819873 
+9.192660416311687399 
+9.192094254473822446 
+9.191464736554960879 
+9.190771606981140707 
+9.190014608877159930 
+9.189193484062652573 
+9.188307973047812993 
+9.187357815029093544 
+9.186342747885067439 
+9.185262508172348461 
+9.184116831121075464 
+9.182905450631240640 
+9.181628099267820531 
+9.180284508257155807 
+9.178874407482435771 
+9.177397525479637608 
+9.175853589433218715 
+9.174242325171992007 
+9.172563457164866207 
+9.170816708516808191 
+9.169001800964370119 
+9.167118454871767241 
+9.165166389226454768 
+9.163145321635054685 
+9.161054968319213287 
+9.158895044111194039 
+9.156665262449836362 
+9.154365335376404289 
+9.151994973530152677 
+9.149553886144399684 
+9.147041781042146269 
+9.144458364631965708 
+9.141803341903790070 
+9.139076416424657623 
+9.136277290334446022 
+9.133405664342014063 
+9.130461237720595591 
+9.127443708303818681 
+9.124352772481429952 
+9.121188125195152097 
+9.117949459934459711 
+9.114636468732339125 
+9.111248842161142392 
+9.107786269328379092 
+9.104248437872460187 
+9.100635033958612397 
+9.096945742274584745 
+9.093180246026403069 
+9.089338226934486897 
+9.085419365228778688 
+9.081423339645407822 
+9.077349827421762996 
+9.073198504292749433 
+9.068969044486351549 
+9.064661120719467391 
+9.060274404193879860 
+9.055808564591773191 
+9.051263270071808975 
+9.046638187264703035 
+9.041932981269237501 
+9.037147315647743540 
+9.032280852422472250 
+9.027333252070580016 
+9.022304173520725001 
+9.017193274148366910 
+9.012000209771791503 
+9.006724634647762073 
+9.001366201467490669 
+8.995924561352277138 
+8.990399363849396863 
+8.984790256927958296 
+8.979096886974469172 
+8.973318898788983589 
+8.967455935580552762 
+8.961507638963308153 
+8.955473648952075649 
+8.949353603958304149 
+8.943147140785725924 
+8.936853894626278105 
+8.930473499055917586 
+8.924005586030238746 
+8.917449785880460666 
+8.910805727309250912 
+8.904073037386346812 
+8.897251341544381020 
+8.890340263575019719 
+8.883339425624106056 
+8.876248448188210460 
+8.869066950109854020 
+8.861794548573625363 
+8.854430859101881879 
+8.846975495550436719 
+8.839428070104641932 
+8.831788193274828558 
+8.824055473892519430 
+8.816229519105805323 
+8.808309934375508021 
+8.800296323470599091 
+8.792188288464561907 
+8.783985429730483574 
+8.775687345937509320 
+8.767293634046193773 
+8.758803889304557444 
+8.750217705243702682 
+8.741534673673777789 
+8.732754384679731530 
+8.723876426616980595 
+8.714900386107476749 
+8.705825848035118497 
+8.696652395542034952 
+8.687379610023953092 
+8.678007071126183192 
+8.668534356739590052 
+8.658961042995994006 
+8.649286704264387282 
+8.639510913146384752 
+8.629633240472223576 
+8.619653255296601202 
+8.609570524894310850 
+8.599384614756131029 
+8.589095088584763005 
+8.578701508290183853 
+8.568203433986116835 
+8.557600423985213922 
+8.546892034795133597 
+8.536077821114487207 
+8.525157335828300376 
+8.514130130004021524 
+8.502995752887317238 
+8.491753751897906710 
+8.480403672625104861 
+8.468945058823985406 
+8.457377452410900887 
+8.445700393459553368 
+8.433913420196327948 
+8.422016068996770244 
+8.410007874380676540 
+8.397888369008530418 
+8.385657083676740342 
+8.373313547313916416 
+8.360857286976372649 
+8.348287827843899223 
+8.335604693215906025 
+8.322807404506846751 
+8.309895481242257631 
+8.296868441054250809 
+8.283725799677878143 
+8.270467070946272869 
+8.257091766786926357 
+8.243599397217312941 
+8.229989470340582258 
+8.216261492341683237 
+8.202414967482832608 
+8.188449398099404419 
+8.174364284595847963 
+8.160159125441461825 
+8.145833417165976087 
+8.131386654355676313 
+8.116818329648875618 
+8.102127933732115039 
+8.087314955335560995 
+8.072378881229040459 
+8.057319196217786583 
+8.042135383138202087 
+8.026826922853686597 
+8.011393294250515495 
+7.995833974233480745 
+7.980148437721835464 
+7.964336157644945402 
+7.948396604938343657 
+7.932329248539200961 
+7.916133555382410592 
+7.899808990396170572 
+7.883355016497942458 
+7.866771094590198743 
+7.850056683556262627 
+7.833211240255881336 
+7.816234219521438931 
+7.799125074153419490 
+7.781883254916284187 
+7.764508210534286192 
+7.746999387687488081 
+7.729356231007097122 
+7.711578183071649661 
+7.693664684402747866 
+7.675615173460672125 
+7.657429086640410887 
+7.639105858267397409 
+7.620644920593186100 
+7.602045703791320719 
+7.583307635953312698 
+7.564430143084122093 
+7.545412649098246050 
+7.526254575815272574 
+7.506955342955937027 
+7.487514368137696330 
+7.467931066870626466 
+7.448204852553332422 
+7.428335136468430022 
+7.408321327778773835 
+7.388162833522856410 
+7.367859058610858547 
+7.347409405820489958 
+7.326813275792511959 
+7.306070067026705139 
+7.285179175877859237 
+7.264139996551197243 
+7.242951921098397250 
+7.221614339413398476 
+7.200126639228171754 
+7.178488206108447400 
+7.156698423449633140 
+7.134756672472571282 
+7.112662332219264805 
+7.090414779548744661 
+7.068013389133034785 
+7.045457533452465171 
+7.022746582792050773 
+6.999879905236987554 
+6.976856866668385670 
+6.953676830759308203 
+6.930339158970416413 
+6.906843210545703826 
+6.883188342508569590 
+6.859373909657185742 
+6.835399264560844124 
+6.811263757555256149 
+6.786966736738603956 
+6.762507547967428145 
+6.737885534852125602 
+6.713100038752980225 
+6.688150398775978722 
+6.663035951768458531 
+6.637756032314994670 
+6.612309972733264374 
+6.586697103069739434 
+6.560916751095473565 
+6.534968242301945729 
+6.508850899896986064 
+6.482564044800421144 
+6.456106995639839141 
+6.429479068746536186 
+6.402679578151190931 
+6.375707835579762950 
+6.348563150449203718 
+6.321244829863355896 
+6.293752178608679415 
+6.266084499150085918 
+6.238241091626695045 
+6.210221253847635126 
+6.182024281287989531 
+6.153649467084376212 
+6.125096102030823886 
+6.096363474574765462 
+6.067450870812596264 
+6.038357574485423207 
+6.009082866975115067 
+5.979626027300128044 
+5.949986332110811738 
+5.920163055685891962 
+5.890155469927830012 
+5.859962844358546974 
+5.829584446115704921 
+5.799019539947977364 
+5.768267388211264723 
+5.737327250864175276 
+5.706198385464069212 
+5.674880047162638164 
+5.643371488701946603 
+5.611671960410017590 
+5.579780710196690308 
+5.547696983549701422 
+5.515420023529884475 
+5.482949070767527466 
+5.450283363457973707 
+5.417422137357323919 
+5.384364625778424340 
+5.351110059586503986 
+5.317657667195060611 
+5.284006674561742223 
+5.250156305183820038 
+5.216105780094492772 
+5.181854317858224590 
+5.147401134566714553 
+5.112745443834990411 
+5.077886456796526282 
+5.042823382099828500 
+5.007555425903614577 
+4.972081791872916767 
+4.936401681174901412 
+4.900514292474564826 
+4.864418821930466486 
+4.828114463190747330 
+4.791600407388688865 
+4.754875843138751890 
+4.717939956532218204 
+4.680791931132951333 
+4.643430947973388179 
+4.605856185550161186 
+4.568066819819992297 
+4.530062024195373738 
+4.491840969540697337 
+4.453402824167552509 
+4.414746753830859127 
+4.375871921724794333 
+4.336777488478053222 
+4.297462612150333428 
+4.257926448227619787 
+4.218168149618231944 
+4.178186866648480269 
+4.137981747058552706 
+4.097551935998407835 
+4.056896576023279799 
+4.016014807089932859 
+3.974905766551936281 
+3.933568589155966411 
+3.892002407037173928 
+3.850206349715220355 
+3.808179544090140034 
+3.765921114437944084 
+3.723430182406608502 
+3.680705867011586641 
+3.637747284632087741 
+3.594553549006272775 
+3.551123771227596926 
+3.507457059740402006 
+3.463552520335508422 
+3.419409256146441312 
+3.375026367644915481 
+3.330402952636632108 
+3.285538106257193114 
+3.240430920967986683 
+3.195080486551784560 
+3.149485890108683073 
+3.103646216051889617 
+3.057560546103299526 
+3.011227959289711986 
+2.964647531938262137 
+2.917818337672432261 
+2.870739447407752554 
+2.823409929347747038 
+2.775828848979404739 
+2.727995269069318773 
+2.679908249659387565 
+2.631566848062612429 
+2.582970118858707309 
+2.534117113890293815 
+2.485006882258352867 
+2.435638470318115978 
+2.386010921674940111 
+2.336123277180069735 
+2.285974574926468605 
+2.235563850244727035 
+2.184890135698208447 
+2.133952461079940743 
+2.082749853407555474 
+2.031281336919347869 
+1.979545933070226305 
+1.927542660527418628 
+1.875270535166005059 
+1.822728570065190290 
+1.769915775503688504 
+1.716831158955919978 
+1.663473725087443178 
+1.609842475750911550 
+1.555936409981900859 
+1.501754523994646373 
+1.447295811177927494 
+1.392559262090808936 
+1.337543864458389908 
+1.282248603167730927 
