+9.576655000000000584 
+9.378143518082369567 
+9.181672073778699428 
+8.987229893362814082 
+8.794806235207280665 
+8.604390389740192546 
+8.415971679401955896 
+8.229539458602078028 
+8.045083113675939757 
+7.862592062841591734 
+7.682055756156533910 
+7.503463675474500327 
+7.326805334402241243 
+7.152070278256312363 
+6.979248084019852527 
+6.808328360299376492 
+6.639300747281550841 
+6.472154916689982329 
+6.306880571742004449 
+6.143467447105456003 
+5.981905308855470338 
+5.822183954431258357 
+5.664293212592892424 
+5.508222943378087599 
+5.353963038058992652 
+5.201503419098969516 
+5.050834040109378087 
+4.901944885806363672 
+4.754825971967635567 
+4.609467345389256288 
+4.465859083842427246 
+4.323991296030263776 
+4.183854121544592353 
+4.045437730822722955 
+3.908732325104244509 
+3.773728136387799026 
+3.640415427387870828 
+3.508784491491574009 
+3.378825652715428340 
+3.250529265662152945 
+3.123885715477443981 
+2.998885417806759435 
+2.875518818752109240 
+2.753776394828832075 
+2.633648652922382816 
+2.515126130245122660 
+2.398199394293090592 
+2.282859042802799721 
+2.169095703708014966 
+2.056900035096539625 
+1.946262725167001939 
+1.837174492185630115 
+1.729626084443051326 
+1.623608280211064958 
+1.519111887699429175 
+1.416127745012644823 
+1.314646720106747324 
+1.214659710746076371 
+1.116157644460074039 
+1.019131478500062471 
+0.923572199796030446 
+0.829470824913414617 
+0.736818400009886076 
+0.645606000792135148 
+0.555824732472656180 
+0.467465729726530554 
+0.380520156648207930 
+0.294979206708298136 
+0.210834102710347082 
+0.128076096747632207 
+0.046696470159925951 
-0.033313466509689249 
-0.111962373558062822 
-0.189258882165184161 
-0.265211594437390730 
-0.339829083450592151 
-0.413119893293487195 
-0.485092539110770105 
-0.555755507146347583 
-0.625117254786573540 
-0.693186210603435882 
-0.759970774397794813 
-0.825479317242583832 
-0.889720181526032050 
-0.952701680994884725 
-1.014432100797607816 
-1.074919697527613849 
-1.134172699266466466 
-1.192199305627111627 
-1.249007687797078603 
-1.304605988581702292 
-1.359002322447333100 
-1.412204775564575243 
-1.464221405851459323 
-1.515060243016705499 
-1.564729288602901391 
-1.613236516029749268 
-1.660589870637249277 
-1.706797269728941302 
-1.751866602615109514 
-1.795805730655999355 
-1.838622487305034525 
-1.880324678152030415 
-1.920920080966411092 
-1.960416445740424507 
-1.998821494732359483 
-2.036142922509764475 
-2.072388395992648569 
-2.107565554496718008 
-2.141682009776580742 
-2.174745346068952756 
-2.206763120135899925 
-2.237742861308026576 
-2.267692071527706688 
-2.296618225392291990 
-2.324528770197337835 
-2.351431125979802417 
-2.377332685561279746 
-2.402240814591205975 
-2.426162851590074609 
-2.449106107992657044 
-2.471077868191214222 
-2.492085389578711840 
-2.512135902592040893 
-2.531236610755227545 
-2.549394690722653678 
-2.566617292322273869 
-2.582911538598816392 
-2.598284525857023297 
-2.612743323704842524 
-2.626294975096660878 
-2.638946496376510353 
-2.650704877321286901 
-2.661577081183958526 
-2.671570044736803595 
-2.680690678314594066 
-2.688945865857840900 
-2.696342464955987950 
-2.702887306890643160 
-2.708587196678779563 
-2.713448913115964700 
-2.717479208819574055 
-2.720684810271993825 
-2.723072417863852124 
-2.724648705937228854 
-2.725420322828870923 
-2.725393890913402117 
-2.724576006646552528 
-2.722973240608366652 
-2.720592137546407940 
-2.717439216418998882 
-2.713520970438418445 
-2.708843867114115511 
-2.703414348295941849 
-2.697238830217353112 
-2.690323703538627598 
-2.682675333390088568 
-2.674300059415305242 
-2.665204195814325772 
-2.655394031386888898 
-2.644875829575617843 
-2.633655828509274599 
-2.621740241045943165 
-2.609135254816257188 
-2.595847032266622278 
-2.581881710702425892 
-2.567245402331231219 
-2.551944194306036806 
-2.535984148768465118 
-2.519371302891974196 
-2.502111668925085297 
-2.484211234234591004 
-2.465675961348782863 
-2.446511788000650611 
-2.426724627171111592 
-2.406320367132218863 
-2.385304871490374623 
-2.363683979229556087 
-2.341463504754520031 
-2.318649237934023333 
-2.295246944144045287 
-2.271262364310993931 
-2.246701214954921255 
-2.221569188232745518 
-2.195871951981462900 
-2.169615149761362716 
-2.142804400899246176 
-2.115445300531639816 
-2.087543419648012488 
-2.059104305133979906 
-2.030133479814551833 
-2.000636442497304657 
-1.970618668015635677 
-1.940085607271958779 
-1.909042687280903650 
-1.877495311212577178 
-1.845448858435746686 
-1.812908684561048034 
-1.779880121484231026 
-1.746368477429349753 
-1.712379036992002668 
-1.677917061182510494 
-1.642987787469172289 
-1.607596429821452233 
-1.571748178753228586 
-1.535448201365950283 
-1.498701641391933848 
-1.461513619237500450 
-1.423889232026237295 
-1.385833553642211058 
-1.347351634773168882 
-1.308448502953741155 
-1.269129162608710004 
-1.229398595096178326 
-1.189261758750776110 
-1.148723588926932493 
-1.107788998042030570 
-1.066462875619661688 
-1.024750088332835318 
-0.982655480047172958 
-0.940183871864149978 
-0.897340062164285968 
-0.854128826650400796 
-0.810554918390785417 
-0.766623067862434837 
-0.722337982994281091 
-0.677704349210381807 
-0.632726829473144292 
-0.587410064326556736 
-0.541758671939380321 
-0.495777248148389305 
-0.449470366501559582 
-0.402842578301303433 
-0.355898412647682960 
-0.308642376481616409 
-0.261078954628112925 
-0.213212609839457556 
-0.165047782838461998 
-0.116588892361656704 
-0.067840335202511426 
-0.018806486254655752 
+0.030508301444912789 
+0.080099696672604637 
+0.129963389975024768 
+0.180095093625764591 
+0.230490541582177855 
+0.281145489442151231 
+0.332055714400945945 
+0.383217015207897305 
+0.434625212123268767 
+0.486276146874999426 
+0.538165682615495911 
+0.590289703878431382 
+0.642644116535523224 
+0.695224847753278752 
+0.748027845949854608 
+0.801049080751772280 
+0.854284542950752623 
+0.907730244460456248 
+0.961382218273287847 
+1.015236518417212963 
+1.069289219912469946 
+1.123536418728420472 
+1.177974231740295252 
+1.232598796686023235 
+1.287406272122938233 
+1.342392837384645432 
+1.397554692537745780 
+1.452888058338668742 
+1.508389176190410907 
+1.564054308099340318 
+1.619879736632017675 
+1.675861764871902970 
+1.731996716376190903 
+1.788280935132612548 
+1.844710785516153528 
+1.901282652245908977 
+1.957992940341839905 
+2.014838075081530455 
+2.071814501956996679 
+2.128918686631505963 
+2.186147114896289878 
+2.243496292627361832 
+2.300962745742349824 
+2.358543020157189751 
+2.416233681742967931 
+2.474031316282687243 
+2.531932529428090994 
+2.589933946656361563 
+2.648032213226992226 
+2.706223994138526656 
+2.764505974085338380 
+2.822874857414449323 
+2.881327368082277296 
+2.939860249611461640 
+2.998470265047586736 
+3.057154196916028965 
+3.115908847178702423 
+3.174731037190857030 
+3.233617607657873094 
+3.292565418591995474 
+3.351571349269209854 
+3.410632298185931610 
+3.469745183015855439 
+3.528906940566691297 
+3.588114526737013144 
+3.647364916472944252 
+3.706655103725057465 
+3.765982101405071170 
+3.825342941342677605 
+3.884734674242308117 
+3.944154369639921498 
+4.003599115859799440 
+4.063066019971322440 
+4.122552207745750152 
+4.182054823612994632 
+4.241571030618444205 
+4.301098010379719838 
+4.360632963043454602 
+4.420173107242070465 
+4.479715680050599502 
+4.539257936943458027 
+4.598797151751190526 
+4.658330616617309516 
+4.717855641955028823 
+4.777369556404085671 
+4.836869706787521928 
+4.896353458068441356 
+4.955818193306807729 
+5.015261313616261596 
+5.074680238120843789 
+5.134072403911815741 
+5.193435266004469142 
+5.252766297294857445 
+5.312062988516583317 
+5.371322848197654487 
+5.430543402617163729 
+5.489722195762162471 
+5.548856789284403845 
+5.607944762457099053 
+5.666983712131776763 
+5.725971252694998626 
+5.784905016025203572 
+5.843782651449396681 
+5.902601825700075189 
+5.961360222871868508 
+6.020055544378397627 
+6.078685508909089208 
+6.137247852385870672 
+6.195740327920033153 
+6.254160705768998518 
+6.312506773293034001 
+6.370776334912156003 
+6.428967212062837611 
+6.487077243154756090 
+6.545104283527694022 
+6.603046205408249492 
+6.660900897866589787 
+6.718666266773321460 
+6.776340234756190739 
+6.833920741156914502 
+6.891405741987989941 
+6.948793209889378986 
+7.006081134085434314 
+7.063267520341549144 
+7.120350390921025507 
+7.177327784541824407 
+7.234197756333358598 
+7.290958377793295142 
+7.347607736744279805 
+7.404143937290822208 
+7.460565099775973152 
+7.516869360738164474 
+7.573054872868002718 
+7.629119804965038831 
+7.685062341894536964 
+7.740880684544243273 
+7.796573049781285292 
+7.852137670408753323 
+7.907572795122716158 
+7.962876688468812247 
+8.018047630799150838 
+8.073083918229016831 
+8.127983862593744391 
+8.182745791405444891 
+8.237368047809765059 
+8.291848990542739273 
+8.346186993887522831 
+8.400380447631198066 
+8.454427757021571566 
+8.508327342723919884 
+8.562077640777776111 
+8.615677102553778610 
+8.669124194710382980 
+8.722417399150680595 
+8.775555212979183395 
+8.828536148458583810 
+8.881358732966571523 
+8.934021508952580959 
+8.986523033894608048 
+9.038861880255989689 
+9.091036635442192093 
+9.143045901757544058 
+9.194888296362101698 
+9.246562451228367507 
+9.298067013098135547 
+9.349400643439194525 
+9.400562018402156994 
+9.451549828777327633 
+9.502362779951269545 
+9.552999591863857276 
+9.603458998964839566 
+9.653739750170723610 
+9.703840608821600711 
+9.753760352637812048 
+9.803497773676845384 
+9.853051678290013271 
+9.902420887079379952 
+9.951604234854391606 
+10.000600570588744631 
+10.049408757377200629 
+10.098027672392253962 
+10.146456206841060421 
+10.194693265922110115 
+10.242737768782017582 
+10.290588648472454025 
+10.338244851906701172 
+10.385705339816585280 
+10.432969086709249495 
+10.480035080823906668 
+10.526902324088625917 
+10.573569832077133412 
+10.620036633965579398 
+10.666301772489356736 
+10.712364303899787998 
+10.758223297921094996 
+10.803877837706966858 
+10.849327019797515348 
+10.894569954075942420 
+10.939605763725392507 
+10.984433585185721327 
+11.029052568110271793 
+11.073461875322674786 
+11.117660682773617964 
+11.161648179497579036 
+11.205423567569786414 
+11.248986062062732216 
+11.292334891003232400 
+11.335469295329001937 
+11.378388528845579941 
+11.421091858182997214 
+11.463578562752662293 
+11.505847934704114266 
+11.547899278881761376 
+11.589731912781697787 
+11.631345166508500810 
+11.672738382732049445 
+11.713910916644152849 
+11.754862135915546517 
+11.795591420652591808 
+11.836098163353923951 
+11.876381768867430466 
+11.916441654346980883 
+11.956277249209165348 
+11.995887995090122047 
+12.035273345802234957 
+12.074432767291076729 
+12.113365737592088678 
+12.152071746787330042 
+12.190550296962349819 
+12.228800902162932474 
+12.266823088351856086 
+12.304616393365790827 
+12.342180366871836839 
+12.379514570324635869 
+12.416618576922893169 
+12.453491971566300833 
+12.490134350812194697 
+12.526545322832575380 
+12.562724507370546689 
+12.598671535697462787 
+12.634386050569464288 
+12.669867706184380296 
+12.705116168138356869 
+12.740131113382906491 
+12.774912230181456607 
+12.809459218066240993 
+12.843771787795091655 
+12.877849661308131246 
+12.911692571684715958 
+12.945300263100016025 
+12.978672490781994142 
+13.011809020968039263 
+13.044709630861895278 
+13.077374108590287705 
+13.109802253159832830 
+13.141993874413767429 
+13.173948792988728229 
+13.205666840271566898 
+13.237147858356124175 
+13.268391699999977362 
+13.299398228581292614 
+13.330167318055517356 
+13.360698852912280543 
+13.390992728132028233 
+13.421048849143030424 
+13.450867131777876295 
+13.480447502230550327 
+13.509789897012989712 
+13.538894262911966848 
+13.567760556945898998 
+13.596388746321537155 
+13.624778808390892948 
+13.652930730607884868 
+13.680844510485190568 
+13.708520155551017439 
+13.735957683305887400 
+13.763157121179393272 
+13.790118506487111461 
+13.816841886387162930 
+13.843327317837221813 
+13.869574867551111907 
+13.895584611955756671 
+13.921356637147836111 
+13.946891038850642630 
+13.972187922370828517 
+13.997247402555203166 
+14.022069603747535638 
+14.046654659745353655 
+14.071002713756552538 
+14.095113918356583227 
+14.118988435444709495 
+14.142626436201155116 
+14.166028101043869114 
+14.189193619585179107 
+14.212123190588640043 
+14.234817021925717739 
+14.257275330532802826 
+14.279498342367787700 
+14.301486292366917041 
+14.323239424401560171 
+14.344757991235105976 
+14.366042254479554074 
+14.387092484552379545 
+14.407908960633443840 
+14.428491970621529106 
+14.448841811091389431 
+14.468958787250345566 
+14.488843212895151424 
+14.508495410368711376 
+14.527915710516982273 
+14.547104452645644557 
+14.566061984476958102 
+14.584788662106472401 
+14.603284849959941027 
+14.621550920749893265 
+14.639587255432644497 
+14.657394243164951320 
+14.674972281260902918 
+14.692321775148450058 
+14.709443138326589562 
+14.726336792321719216 
+14.743003166644808033 
+14.759442698747882616 
+14.775655833981023335 
+14.791643025548964374 
+14.807404734468029517 
+14.822941429522845880 
+14.838253587223105612 
+14.853341691760533649 
+14.868206234965272827 
+14.882847716263121640 
+14.897266642632118305 
+14.911463528559169234 
+14.925438895997064748 
+14.939193274321297622 
+14.952727200286517473 
+14.966041217983690359 
+14.979135878796665082 
+14.992011741359108967 
+15.004669371511109688 
+15.017109342256034665 
+15.029332233717360268 
+15.041338633095486799 
+15.053129134624327889 
+15.064704339528393717 
+15.076064855979335988 
+15.087211299052796676 
+15.098144290685210578 
+15.108864459630542143 
+15.119372441417244346 
+15.129668878304741497 
+15.139754419240547989 
+15.149629719816763540 
+15.159295442226994766 
+15.168752255223118652 
+15.178000834072157943 
+15.187041860512987768 
+15.195876022712960562 
+15.204504015224902247 
+15.212926538944003596 
+15.221144301064150284 
+15.229158015035295648 
+15.236968400519682376 
+15.244576183349074938 
+15.251982095481247725 
+15.259186874956967017 
+15.266191265856583925 
+15.272996018256996820 
+15.279601888188306447 
+15.286009637590776578 
+15.292220034271373663 
+15.298233851860711496 
+15.304051869769747185 
+15.309674873146791541 
+15.315103652833908399 
+15.320339005323987180 
+15.325381732717467287 
+15.330232642679177957 
+15.334892548394826406 
+15.339362268528278221 
+15.343642627177883853 
+15.347734453833499657 
+15.351638583333214072 
+15.355355855820125299 
+15.358887116699211361 
+15.362233216593914165 
+15.365395011303196071 
+15.368373361758061790 
+15.371169133978572319 
+15.373783199030249591 
+15.376216432981578919 
+15.378469716859957117 
+15.380543936608939148 
+15.382439983045165022 
+15.384158751814673849 
+15.385701143349916009 
+15.387068062826863013 
+15.388260420121151029 
+15.389279129765405685 
+15.390125110905783501 
+15.390799287258715822 
+15.391302587067908547 
+15.391635943060915537 
+15.391800292405935835 
+15.391796576668742347 
+15.391625741769454194 
+15.391288737939010645 
+15.390786519676566968 
+15.390120045705590002 
+15.389290278930953804 
+15.388298186396070832 
+15.387144739238930669 
+15.385830912649593571 
+15.384357685826426376 
+15.382726041933359795 
+15.380936968056371228 
+15.378991455160154089 
+15.376890498045380440 
+15.374635095304984844 
+15.372226249281336408 
+15.369664966022684283 
+15.366952255240089897 
+15.364089130264476424 
+15.361076608002857569 
+15.357915708895607310 
+15.354607456872926718 
+15.351152879312039090 
+15.347553006993392088 
+15.343808874057879521 
+15.339921517963496456 
+15.335891979442038746 
+15.331721302456173817 
+15.327410534155779587 
+15.322960724835215984 
+15.318372927889601698 
+15.313648199772138980 
+15.308787599950392178 
+15.303792190863372724 
+15.298663037878277748 
+15.293401209247308614 
+15.288007776064265641 
+15.282483812221496322 
+15.276830394366804455 
+15.271048601859732230 
+15.265139516729064439 
+15.259104223629014641 
+15.252943809796217778 
+15.246659365006792086 
+15.240251981532441761 
+15.233722754098018015 
+15.227072779837694583 
+15.220303158252205478 
+15.213414991165215895 
+15.206409382680565301 
+15.199287439138615241 
+15.192050269073330782 
+15.184698983168663844 
+15.177234694216151567 
+15.169658517070594428 
+15.161971568607981453 
+15.154174967681342423 
+15.146269835077950106 
+15.138257293476243603 
+15.130138467402177938 
+15.121914483186523981 
+15.113586468921083039 
+15.105155554416139552 
+15.096622871156604617 
+15.087989552259118753 
+15.079256732429008991 
+15.070425547916496356 
+15.061497136474187641 
+15.052472637313316639 
+15.043353191060720775 
+15.034139939715874590 
+15.024834026607102544 
+15.015436596348902043 
+15.005948794798488422 
+14.996371769012441177 
+14.986706667204003907 
+14.976954638699151445 
+14.967116833893962635 
+14.957194404211243466 
+14.947188502056949488 
+14.937100280777578121 
+14.926930894616532441 
+14.916681498670961048 
+14.906353248848798643 
+14.895947301825142262 
+14.885464814999316729 
+14.874906946451698531 
+14.864274854900262568 
+14.853569699657562353 
+14.842792640587308739 
+14.831944838061465575 
+14.821027452916995415 
+14.810041646412049232 
+14.798988580183614516 
+14.787869416203896833 
+14.776685316736674736 
+14.765437444295079317 
+14.754126961597439305 
+14.742755031524669818 
+14.731322817076483389 
+14.719831481329011424 
+14.708282187390690154 
+14.696676098359482410 
+14.685014377279886233 
+14.673298187099337753 
+14.661528690625022620 
+14.649707050480733628 
+14.637834429063897090 
+14.625911988501993477 
+14.613940890609530499 
+14.601922296844662696 
+14.589857368266251569 
+14.577747265490469175 
+14.565593148647579369 
+14.553396177338560946 
+14.541157510592597646 
+14.528878306822717192 
+14.516559723783691638 
+14.504202918528060096 
+14.491809047363386043 
+14.479379265808564270 
+14.466914728551177660 
+14.454416589403912496 
+14.441886001261277528 
+14.429324116056783112 
+14.416732084719100726 
+14.404111057129624029 
+14.391462182078516463 
+14.378786607222043159 
+14.366085479039176320 
+14.353359942788021186 
+14.340611142463217220 
+14.327840220752435130 
+14.315048318993099485 
+14.302236577128972783 
+14.289406133667686305 
+14.276558125636475083 
+14.263693688540012516 
+14.250813956316363829 
+14.237920061294278895 
+14.225013134149813609 
+14.212094303862954803 
+14.199164697674738989 
+14.186225441043793793 
+14.173277657602948665 
+14.160322469116682242 
+14.147360995437132658 
+14.134394354461523591 
+14.121423662088243844 
+14.108450032174362221 
+14.095474576492009078 
+14.082498404685232174 
+14.069522624226710406 
+14.056548340374796169 
+14.043576656130120739 
+14.030608672191959840 
+14.017645486915910169 
+14.004688196270143052 
+13.991737893791963643 
+13.978795670545087759 
+13.965862615076211739 
+13.952939813371781241 
+13.940028348814767156 
+13.927129302141437961 
+13.914243751398405635 
+13.901372771898859781 
+13.888517436179881770 
+13.875678813958900903 
+13.862857972090832703 
+13.850055974524448033 
+13.837273882259339075 
+13.824512753302945711 
+13.811773642626651082 
+13.799057602123404820 
+13.786365680563900327 
+13.773698923553983064 
+13.761058373490419271 
+13.748445069518687944 
+13.735860047489328650 
+13.723304339914765393 
+13.710778975925940415 
+13.698284981229400969 
+13.685823378063968647 
+13.673395185157323439 
+13.661001417683134918 
+13.648643087217369185 
+13.636321201695775329 
+13.624036765370018287 
+13.611790778764754961 
+13.599584238634346178 
+13.587418137919687666 
+13.575293465705057017 
+13.563211207174440176 
+13.551172343569323431 
+13.539177852144337777 
+13.527228706124637014 
+13.515325874663004058 
+13.503470322795529057 
+13.491663011399610994 
+13.479904897149978638 
+13.468196932475823502 
+13.456540065517613058 
+13.444935240083449202 
+13.433383395606272259 
+13.421885467100564071 
+13.410442385119010211 
+13.399055075709430440 
+13.387724460371416058 
+13.376451456013194630 
+13.365236974908535572 
+13.354081924653341318 
+13.342987208122321974 
+13.331953723426261504 
+13.320982363868319354 
+13.310074017900809906 
+13.299229569082639202 
+13.288449896035189113 
+13.277735872400002748 
+13.267088366794244081 
+13.256508242769497130 
+13.245996358766269907 
+13.235553568072678132 
+13.225180718780023881 
+13.214878653740381509 
+13.204648210522645257 
+13.194490221369813199 
+13.184405513155599721 
+13.174394907341255845 
+13.164459219932593825 
+13.154599261435961921 
+13.144815836816320598 
+13.135109745452798080 
+13.125481781095880152 
+13.115932731824981872 
+13.106463380003596342 
+13.097074502237829208 
+13.087766869331730391 
+13.078541246245460883 
+13.069398392050743496 
+13.060339059888315560 
+13.051363996925028133 
+13.042473944309787015 
+13.033669637130980590 
+13.024951804373094078 
+13.016321168873854930 
+13.007778447279664036 
+12.999324350004306083 
+12.990959581184460703 
+12.982684838636714630 
+12.974500813814444200 
+12.966408191764706714 
+12.958407651085178003 
+12.950499863879922913 
+12.942685495717586974 
+12.934965205587472425 
+12.927339645856074313 
+12.919809462224232988 
+12.912375293684036137 
+12.905037772475534297 
+12.897797524042989181 
+12.890655166992187830 
+12.883611313047474312 
+12.876666567007674757 
+12.869821526703812964 
+12.863076782955317867 
+12.856432919526884717 
+12.849890513085162169 
+12.843450133156157023 
+12.837112342081368865 
+12.830877694974416769 
+12.824746739678774432 
+12.818720016723666788 
+12.812798059281147900 
+12.806981393122592650 
+12.801270536576367931 
+12.795666000483809199 
+12.790168288155779663 
+12.784777895330462272 
+12.779495310129385999 
+12.774321013014391824 
+12.769255476744303834 
+12.764299166331998237 
+12.759452539000800897 
+12.754716044141902742 
+12.750090123270179987 
+12.745575209981986120 
+12.741171729911409116 
+12.736880100686933659 
+12.732700731888494161 
+12.728634025004424757 
+12.724680373387615262 
+12.720840162212901703 
+12.717113768433659260 
+12.713501560738603047 
+12.710003899508290459 
+12.706621136772286107 
+12.703353616166053186 
+12.700201672886972659 
+12.697165633651909644 
+12.694245816654007086 
+12.691442531518969616 
+12.688756079261853671 
+12.686186752244172027 
+12.683734834131112024 
+12.681400599846828214 
+12.679184315532975091 
+12.677086238504422511 
+12.675106617206395754 
+12.673245691170983207 
+12.671503690974040168 
+12.669880838192900896 
+12.668377345361243158 
+12.666993415927391808 
+12.665729244210801596 
+12.664585015358598596 
+12.663560905302082560 
+12.662657080714339486 
+12.661873698966877200 
+12.661210908085205773 
+12.660668846707228141 
+12.660247644039037240 
+12.659947419812041858 
+12.659768284239813596 
+12.659710337974550143 
+12.659773672064313033 
+12.659958367908973997 
+12.660264497218545188 
+12.660692121968223134 
+12.661241294356475606 
+12.661912056760373346 
+12.662704441694815571 
+12.663618471766387330 
+12.664654159632320329 
+12.665811507956156845 
+12.667090509365324991 
+12.668491146407315995 
+12.670013391506055100 
+12.671657206920471594 
+12.673422544698890846 
+12.675309346637464003 
+12.677317544236995417 
+12.679447058658666947 
+12.681697800681391186 
+12.684069670658846718 
+12.686562558475984019 
+12.689176343505398137 
+12.691910894565243240 
+12.694766069874937386 
+12.697741717012151597 
+12.700837672870525452 
+12.704053763614563621 
+12.707389804638900443 
+12.710845600522215904 
+12.714420944986894568 
+12.718115620853861714 
+12.721929399999837074 
+12.725862043314927874 
+12.729913300657637265 
+12.734082910813945944 
+12.738370601451750375 
+12.742776089079884017 
+12.747299079002821998 
+12.751939265279396807 
+12.756696330678082063 
+12.761569946634239159 
+12.766559773207255546 
+12.771665459037066626 
+12.776886641300738034 
+12.782222945669822423 
+12.787673986266330672 
+12.793239365620673098 
+12.798918674626676761 
+12.804711492500540970 
+12.810617386735309253 
+12.816635913059995389 
+12.822766615394929346 
+12.829009025808229438 
+12.835362664474171623 
+12.841827039627801810 
+12.848401647524028135 
+12.855085972392789273 
+12.861879486396020411 
+12.868781649585683269 
+12.875791909858648410 
+12.882909702915300798 
+12.890134452214711658 
+12.897465568932721780 
+12.904902451917736883 
+12.912444487648748748 
+12.920091050190350757 
+12.927841501151284831 
+12.935695189640430414 
+12.943651452222800557 
+12.951709612878188338 
+12.959868982956118444 
+12.968128861133786600 
+12.976488533372338097 
+12.984947272874109103 
+12.993504340038784406 
+13.002158982420134237 
+13.010910434684040737 
+13.019757918563708898 
+13.028700642817053534 
+13.037737803184016983 
+13.046868582342847631 
+13.056092149866959318 
+13.065407662181122816 
+13.074814262519572239 
+13.084311080881249723 
+13.093897233988110784 
+13.103571825240953430 
+13.113333944676396570 
+13.123182668923575989 
+13.133117061160909600 
+13.143136171073640739 
+13.153239034809146801 
+13.163424674935152225 
+13.173692100396204196 
+13.184040306469142934 
+13.194468274722195744 
+13.204974972969614200 
+13.215559355229169469 
+13.226220361680075754 
+13.236956918618169254 
+13.247767938413298694 
+13.258652319466447622 
+13.269608946166041363 
+13.280636688845236293 
+13.291734403737084591 
+13.302900932934132783 
+13.314135104343181482 
+13.325435731642306436 
+13.336801614238151359 
+13.348231537222769560 
+13.359724271329236345 
+13.371278572889821135 
+13.382893183792310410 
+13.394566831436524268 
+13.406298228691765573 
+13.418086073852489193 
+13.429929050596447482 
+13.441825827940121485 
+13.453775060196235813 
+13.465775386930795676 
+13.477825432919425808 
+13.489923808104204994 
+13.502069107550479288 
+13.514259911403961212 
+13.526494784846949671 
+13.538772278055104081 
+13.551090926155085370 
+13.563449249180637324 
+13.575845752029358948 
+13.588278924419638471 
+13.600747240847923081 
+13.613249160544183880 
+13.625783127429906827 
+13.638347570074358828 
+13.650940901652255377 
+13.663561519899040775 
+13.676207807068887945 
+13.688878129890463597 
+13.701570839524965351 
+13.714284271521332670 
+13.727016745774633932 
+13.739766566482520815 
+13.752532022100583120 
+13.765311385301163938 
+13.778102912928201107 
+13.790904845955521907 
+13.803715409443128692 
+13.816532812493905524 
+13.829355248210188023 
+13.842180893650816387 
+13.855007909788703557 
+13.867834441465204165 
+13.880658617350190909 
+13.893478549895599272 
+13.906292335295102447 
+13.919098053438851537 
+13.931893767870880296 
+13.944677525746779878 
+13.957447357788630882 
+13.970201278243523646 
+13.982937284838923730 
+13.995653358741204642 
+14.008347464510858771 
+14.021017550059498902 
+14.033661546608074744 
+14.046277368641169048 
+14.058862913865970867 
+14.071416063168225463 
+14.083934680568797049 
+14.096416613181261823 
+14.108859691167468853 
+14.121261727695491928 
+14.133620518895508411 
+14.145933843817669384 
+14.158199464386761690 
+14.170415125362421094 
+14.182578554292209816 
+14.194687461471556134 
+14.206739539898094904 
+14.218732465229729556 
+14.230663895741241021 
+14.242531472281045879 
+14.254332818227762658 
+14.266065539446911359 
+14.277727224248748072 
+14.289315443343728163 
+14.300827749799498889 
+14.312261678998465797 
+14.323614748593978874 
+14.334884458466778057 
+14.346068290683204438 
+14.357163709450194489 
+14.368168161073249678 
+14.379079073912912179 
+14.389893858341256561 
+14.400609906698811358 
+14.411224593251539261 
+14.421735274148124617 
+14.432139287375159498 
+14.442433952716140055 
+14.452616571705391380 
+14.462684427588115454 
+14.472634785274577141 
+14.482464891298082676 
+14.492171973771824867 
+14.501753242345575501 
+14.511205888161430977 
+14.520527083812154956 
+14.529713983297011026 
+14.538763721978618548 
+14.547673416540458646 
+14.556440164942504367 
+14.565061046379199183 
+14.573533121235747956 
+14.581853431043420244 
+14.590018998439735043 
+14.598026827121621807 
+14.605873901804567794 
+14.613557188178397439 
+14.621073632864835190 
+14.628420163373835550 
+14.635593688058531114 
+14.642591096076159829 
+14.649409257341027057 
+14.656045022482825146 
+14.662495222804100337 
+14.668756670235584494 
+14.674826157294379669 
+14.680700457039142393 
+14.686376323027975133 
+14.691850489275164904 
+14.697119670207881015 
+14.702180560622773342 
+14.707029835643222526 
+14.711664150674872431 
+14.716080141363670819 
+14.720274423552959675 
+14.724243593238451666 
+14.727984226526913858 
+14.731492879592341438 
+14.734766088631440439 
+14.737800369823181867 
+14.740592219282319775 
+14.743138113019218949 
+14.745434506893975168 
+14.747477836575388466 
+14.749264517496413873 
+14.750790944811647876 
+14.752053493353940894 
+14.753048517590070077 
+14.753772351578744448 
+14.754221308928237022 
+14.754391682751119674 
+14.754279745622678632 
+14.753881749536041923 
+14.753193925861278757 
+14.752212485299526890 
+14.750933617841829104 
+14.749353492724813108 
+14.747468258388746420 
+14.745274042432027883 
+14.742766951570775547 
+14.739943071593607726 
+14.736798467318831030 
+14.733329182551392122 
+14.729531240039628770 
+14.725400641433045834 
+14.720933367237339695 
+14.716125376771945099 
+14.710972608127798722 
+14.705470978122043846 
+14.699616382256312619 
+14.693404694673697364 
+14.686831768114208430 
+14.679893433873504094 
+14.672585501757733795 
+14.664903760041898551 
+14.656843975424193260 
+14.648401892985910777 
+14.639573236146784296 
+14.630353706620891074 
+14.620738984374892055 
+14.610724727584207372 
+14.600306572590834975 
+14.589480133856923771 
+14.578241003924990338 
+14.566584753373547301 
+14.554506930774046225 
+14.542003062646287503 
+14.529068653418702795 
+14.515699185379780545 
+14.501890118640373473 
+14.487636891085704960 
+14.472934918336051169 
+14.457779593702092313 
+14.442166288140398933 
+14.426090350212405156 
+14.409547106038051112 
+14.392531859257939431 
+14.375039890983176250 
+14.357066459758467403 
+14.338606801514700351 
+14.319656129528482325 
+14.300209634376763290 
+14.280262483893871206 
+14.259809823131536888 
+14.238846774310200516 
+14.217368436780011720 
+14.195369886976006768 
+14.172846178376385495 
+14.149792341456858935 
+14.126203383647817802 
+14.102074289294620257 
+14.077400019609106252 
+14.052175512630125098 
+14.026395683179572416 
+14.000055422818427076 
+13.973149599804004950 
+13.945673059046249875 
+13.917620622065246749 
+13.888987086947432559 
+13.859767228302860786 
+13.829955797221746394 
+13.799547521231275482 
+13.768537104252741798 
+13.736919226556873141 
+13.704688544722468890 
+13.671839691592616362 
+13.638367276229775626 
+13.604265883876838217 
+13.569530075908048161 
+13.534154389792016460 
+13.498133339042110990 
+13.461461413179126367 
+13.424133077683432447 
+13.386142773955517882 
+13.347484919269179571 
+13.308153906732618665 
+13.268144105240031294 
+13.227449859433416890 
+13.186065489655113936 
+13.143985291907783974 
+13.101203537809048782 
+13.057714474550730088 
+13.013512324851779667 
+12.968591286919981087 
+12.922945534403840639 
+12.876569216352940828 
+12.829456457172351946 
+12.781601356581607121 
+12.732997989569582842 
+12.683640406353148933 
+12.633522632331501967 
+12.582638668044957342 
+12.530982489131130109 
+12.478548046281021655 
+12.425329265198078232 
+12.371320046551085525 
+12.316514265935500916 
+12.260905773827031950 
+12.204488395538000134 
+12.147255931178106536 
+12.089202155606301403 
+12.030320818390821458 
+11.970605643765386716 
+11.910050330584876832 
+11.848648552283915336 
+11.786393956830224283 
+11.723280166686713244 
+11.659300778763716622 
+11.594449364376684386 
+11.528719469205396919 
+11.462104613248209617 
+11.394598290780479033 
+11.326193970307675940 
+11.256885094528426450 
+11.186665080285875362 
+11.115527318527131939 
+11.043465174260052919 
+10.970471986507646989 
+10.896541068268009056 
+10.821665706468898804 
+10.745839161926101113 
+10.669054669298564164 
+10.591305437046198534 
+10.512584647387052783 
+10.432885456252861900 
+10.352200993247276273 
+10.270524361600783081 
+10.187848638129596068 
+10.104166873191431364 
+10.019472090640652695 
+9.933757287788631984 
+9.847015435357951318 
+9.759239477440253552 
+9.670422331450714282 
+9.580556888089621026 
+9.489636011293722362 
+9.397652538196673788 
+9.304599279084616370 
+9.210469017353410948 
+9.115254509464660870 
+9.018948484902619356 
+8.921543646130764671 
+8.823032668549767976 
+8.723408200454052519 
+8.622662862987914068 
+8.520789250101543644 
+8.417779928510103815 
+8.313627437647722829 
+8.208324289626135695 
+8.101862969190616326 
+7.994235933679405548 
+7.885435612976025688 
+7.775454409469171324 
+7.664284698008933638 
+7.551918825862566464 
+7.438349112671273744 
+7.323567850409517632 
+7.207567303339713405 
+7.090339707967743266 
+6.971877273003216580 
+6.852172179313575029 
+6.731216579881238005 
+6.609002599760462004 
+6.485522336035569602 
+6.360767857776178147 
+6.234731205994855863 
+6.107404393602380743 
+5.978779405366994482 
+5.848848197868457888 
+5.717602699456442394 
+5.585034810207155864 
+5.451136401881417903 
+5.315899317878666430 
+5.179315373194651073 
+5.041376354380302516 
+4.902074019495739954 
+4.761400098067454678 
+4.619346291048131548 
+4.475904270769667903 
+4.331065680901121873 
+4.184822136408437920 
+4.037165223504437961 
+3.888086499613648606 
+3.737577493321771804 
+3.585629704338979096 
+3.432234603452132937 
+3.277383632483817699 
+3.121068204248055977 
+2.963279702505468904 
+2.804009481926663661 
+2.643248868039718147 
+2.480989157193130623 
+2.317221616512790128 
+2.151937483854509559 
+1.985127967766321611 
+1.816784247438637756 
+1.646897472668252149 
+1.475458763807715457 
+1.302459211730242927 
+1.127889877779036709 
+0.951741793729382834 
+0.774005961742016524 
+0.594673354320830683 
+0.413734914272051668 
+0.231181554656249233 
+0.047004158749814451 
-0.138806419999770725 
-0.326259358019930445 
-0.515363861649881017 
