+10.667799999999999727 
+10.450262649829660688 
+10.234922872480643363 
+10.021769103422938585 
+9.810789812392648912 
+9.601973503346300731 
+9.395308714415161688 
+9.190784017859556343 
+8.988388020023176495 
+8.788109361287409271 
+8.589936716025636798 
+8.393858792557566062 
+8.199864333103532132 
+8.007942113738824474 
+7.818080944347997274 
+7.630269668579181541 
+7.444497163798409645 
+7.260752341043921199 
+7.079024144980486710 
+6.899301553853718794 
+6.721573579444386937 
+6.545829267022737596 
+6.372057695302805413 
+6.200247976396728866 
+6.030389255769069479 
+5.862470712191123923 
+5.696481557695242337 
+5.532411037529141318 
+5.370248430110218685 
+5.209983046979874466 
+5.051604232757819446 
+4.895101365096397927 
+4.740463854634896279 
+4.587681144953863033 
+4.436742712529424537 
+4.287638066687595284 
+4.140356749558602445 
+3.994888336031191756 
+3.851222433706951165 
+3.709348682854620272 
+3.569256756364410421 
+3.430936359702316807 
+3.294377230864437678 
+3.159569140331287329 
+3.026501891022108204 
+2.895165318249195430 
+2.765549289672207145 
+2.637643705252477488 
+2.511438497207334919 
+2.386923629964419646 
+2.264089100115999287 
+2.142924936373278300 
+2.023421199520717195 
+1.905567982370355296 
+1.789355409716113954 
+1.674773638288119315 
+1.561812856707014419 
+1.450463285438280181 
+1.340715176746547499 
+1.232558814649909351 
+1.125984514874243558 
+1.020982624807524886 
+0.917543523454130039 
+0.815657621389183518 
+0.715315360712834192 
+0.616507215004597597 
+0.519223689277668043 
+0.423455319933223606 
+0.329192674714750666 
+0.236426352662350681 
+0.145146984067075380 
+0.055345230425213998 
-0.032988215607362648 
-0.119862630260913150 
-0.205287258697486763 
-0.289271315056627287 
-0.371823982501037875 
-0.452954413262283140 
-0.532671728686466395 
-0.610985019279912223 
-0.687903344754852597 
-0.763435734075111228 
-0.837591185501787905 
-0.910378666638948175 
-0.981807114479295251 
-1.051885435449866790 
-1.120622505457712137 
-1.188027169935587324 
-1.254108243887616325 
-1.318874511935005600 
-1.382334728361703569 
-1.444497617160097391 
-1.505371872076700868 
-1.564966156657824570 
-1.623289104295274399 
-1.680349318272028825 
-1.736155371807919678 
-1.790715808105332485 
-1.844039140394871268 
-1.896133851981055329 
-1.947008396288000043 
-1.996671196905102974 
-2.045130647632721121 
-2.092395112527869472 
-2.138472925949889358 
-2.183372392606143464 
-2.227101787597700167 
-2.269669356465012555 
-2.311083315233602775 
-2.351351850459755255 
-2.390483119276186841 
-2.428485249437750682 
-2.465366339367102810 
-2.501134458200386490 
-2.535797645832936098 
-2.569363912964945484 
-2.601841241147145212 
-2.633237582826511769 
-2.663560861391930601 
-2.692818971219889335 
-2.721019777720158572 
-2.748171117381479789 
-2.774280797817249677 
-2.799356597811200942 
-2.823406267363088418 
-2.846437527734376971 
-2.868458071493920514 
-2.889475562563657007 
-2.909497636264269715 
-2.928531899360896418 
-2.946585930108804874 
-2.963667278299077168 
-2.979783465304283396 
-2.994941984124194434 
-3.009150299431430753 
-3.022415847617169860 
-3.034746036836834193 
-3.046148247055748826 
-3.056629830094864886 
-3.066198109676404826 
-3.074860381469573412 
-3.082623913136236737 
-3.089495944376590586 
-3.095483686974871418 
-3.100594324845017624 
-3.104835014076366306 
-3.108212882979350056 
-3.110735032131131561 
-3.112408534421351902 
-3.113240435097784697 
-3.113237751812002685 
-3.112407474665097595 
-3.110756566253341404 
-3.108291961713884888 
-3.105020568770417100 
-3.100949267778888796 
-3.096084911773159476 
-3.090434326510704821 
-3.084004310518301040 
-3.076801635137679014 
-3.068833044571260160 
-3.060105255927794587 
-3.050624959268072089 
-3.040398817650588725 
-3.029433467177248929 
-3.017735517039044524 
-3.005311549561730189 
-2.992168120251511354 
-2.978311757840737428 
-2.963748964333580815 
-2.948486215051710602 
-2.932529958680003546 
-2.915886617312194673 
-2.898562586496593596 
-2.880564235281745766 
-2.861897906262129254 
-2.842569915623828436 
-2.822586553190241432 
-2.801954082467725371 
-2.780678740691334028 
-2.758766738870436441 
-2.736224261834474092 
-2.713057468278575968 
-2.689272490809299754 
-2.664875435990275321 
-2.639872384387912163 
-2.614269390617087296 
-2.588072483386802958 
-2.561287665545897596 
-2.533920914128719559 
-2.505978180400807886 
-2.477465389904594417 
-2.448388442505054385 
-2.418753212435435174 
-2.388565548342898026 
-2.357831273334236144 
-2.326556185021523504 
-2.294746055567861376 
-2.262406631732977402 
-2.229543634918980999 
-2.196162761216001513 
-2.162269681447920533 
-2.127870041218006492 
-2.092969460954629213 
-2.057573535956928268 
-2.021687836440513308 
-1.985317907583137753 
-1.948469269570386686 
-1.911147417641364754 
-1.873357822134366302 
-1.835105928532570374 
-1.796397157509744602 
-1.757236904975881586 
-1.717630542122929427 
-1.677583415470449424 
-1.637100846911312857 
-1.596188133757380001 
-1.554850548785196906 
-1.513093340281651322 
-1.470921732089696121 
-1.428340923653983907 
-1.385356090066609980 
-1.341972382112748718 
-1.298194926316366349 
-1.254028824985880419 
-1.209479156259879673 
-1.164550974152771090 
-1.119249308600497983 
-1.073579165506197697 
-1.027545526785873520 
-0.981153350414150083 
-0.934407570469875992 
-0.887313097181847255 
-0.839874816974477412 
-0.792097592513520965 
-0.743986262751695548 
-0.695545642974416012 
-0.646780524845445015 
-0.597695676452618230 
-0.548295842353471841 
-0.498585743620997945 
-0.448570077889261398 
-0.398253519399121458 
-0.347640719043896596 
-0.296736304415093244 
-0.245544879848013764 
-0.194071026467518948 
-0.142319302233667955 
-0.090294241987411539 
-0.038000357496255077 
+0.014557862499998464 
+0.067375952243603265 
+0.120449468913223612 
+0.173773992578153624 
+0.227345126152728838 
+0.281158495350581461 
+0.335209748638991556 
+0.389494557193156510 
+0.444008614850575967 
+0.498747638065292875 
+0.553707365862273093 
+0.608883559791662421 
+0.664272003883162654 
+0.719868504600297499 
+0.775668890794745991 
+0.831669013660667034 
+0.887864746689002615 
+0.944251985621802348 
+1.000826648406532016 
+1.057584675150396336 
+1.114522028074622639 
+1.171634691468847578 
+1.228918671645356397 
+1.286369996893427015 
+1.343984717433697185 
+1.401758905372371800 
+1.459688654655623807 
+1.517770081023893880 
+1.575999321966202515 
+1.634372536674417731 
+1.692885905997657758 
+1.751535632396533870 
+1.810317939897533535 
+1.869229074047231265 
+1.928265301866723291 
+1.987422911805884596 
+2.046698213697650814 
+2.106087538712417384 
+2.165587239312278811 
+2.225193689205376302 
+2.284903283300247168 
+2.344712437660051663 
+2.404617589456993443 
+2.464615196926548180 
+2.524701739321820071 
+2.584873716867884141 
+2.645127650716013079 
+2.705460082898101248 
+2.765867576280901297 
+2.826346714520364678 
+2.886894102015996388 
+2.947506363865072920 
+3.008180145817083151 
+3.068912114227916099 
+3.129698956014288491 
+3.190537378608004460 
+3.251424109910247218 
+3.312355898245957775 
+3.373329512318097301 
+3.434341741162007189 
+3.495389394099676750 
+3.556469300694103275 
+3.617578310703553512 
+3.678713294035972581 
+3.739871140703190378 
+3.801048760775282531 
+3.862243084334938459 
+3.923451061431672215 
+3.984669662036244731 
+4.045895875994900415 
+4.107126712983708572 
+4.168359202462901258 
+4.229590393631154299 
+4.290817355379927811 
+4.352037176247772088 
+4.413246964374619274 
+4.474443847456148760 
+4.535624972698086843 
+4.596787506770496634 
+4.657928635762092817 
+4.719045565134583065 
+4.780135519676992573 
+4.841195743459953960 
+4.902223499790004269 
+4.963216071163979670 
+5.024170759223219207 
+5.085084884707973707 
+5.145955787411670812 
+5.206780826135271489 
+5.267557378641520849 
+5.328282841609335740 
+5.388954630588066230 
+5.449570179951857440 
+5.510126942853924348 
+5.570622391180886090 
+5.631054015507051425 
+5.691419325048834743 
+5.751715847618910082 
+5.811941129580669774 
+5.872092735802488583 
+5.932168249611988742 
+5.992165272750479055 
+6.052081425327104469 
+6.111914345773322488 
+6.171661690797117572 
+6.231321135337341666 
+6.290890372518051166 
+6.350367113602812807 
+6.409749087948997115 
+6.469034042962071851 
+6.528219744050051787 
+6.587303974577613630 
+6.646284535820603523 
+6.705159246920199045 
+6.763925944837338555 
+6.822582484306943584 
+6.881126737792307324 
+6.939556595439384523 
+6.997869965031099149 
+7.056064771941652936 
+7.114138959090886338 
+7.172090486898504480 
+7.229917333238526922 
+7.287617493393471868 
+7.345188980008714452 
+7.402629823046866342 
+7.459938069741998135 
+7.517111784554028731 
+7.574149049122956612 
+7.631047962223281189 
+7.687806639718230528 
+7.744423214514116083 
+7.800895836514658122 
+7.857222672575241873 
+7.913401906457332657 
+7.969431738782721375 
+8.025310386987811739 
+8.081036085278022085 
+8.136607084582058391 
+8.192021652506195295 
+8.247278073288660138 
+8.302374647753882897 
+8.357309693266856243 
+8.412081543687456531 
+8.466688549324695501 
+8.521129076891121201 
+8.575401509457044824 
+8.629504246404991363 
+8.683435703383837634 
+8.737194312263266482 
+8.790778521087997177 
+8.844186794032157906 
+8.897417611353624523 
+8.950469469348210083 
+9.003340880304117277 
+9.056030372456191913 
+9.108536489940231462 
+9.160857792747345130 
+9.212992856678202003 
+9.264940273297405327 
+9.316698649887767303 
+9.368266609404685141 
+9.419642790430401647 
+9.470825847128288899 
+9.521814449197268715 
+9.572607281826034153 
+9.623203045647427345 
+9.673600456692714289 
+9.723798246345911167 
+9.773795161298084011 
+9.823589963501728306 
+9.873181430125018920 
+9.922568353506136418 
+9.971749541107561399 
+10.020723815470541140 
+10.069490014169122816 
+10.118046989764756916 
+10.166393609760428163 
+10.214528756555056432 
+10.262451327397753786 
+10.310160234342196972 
+10.357654404200903997 
+10.404932778499617285 
+10.451994313431484329 
+10.498837979811501242 
+10.545462763030760911 
+10.591867663010836154 
+10.638051694157974580 
+10.684013885317551029 
+10.729753279728294402 
+10.775268934976626412 
+10.820559922950993226 
+10.865625329796158027 
+10.910464255867541539 
+10.955075815685500373 
+10.999459137889648019 
+11.043613365193243325 
+11.087537654337447535 
+11.131231176045561782 
+11.174693114977493735 
+11.217922669683993320 
+11.260919052560954157 
+11.303681489803780735 
+11.346209221361636565 
+11.388501500891862861 
+11.430557595714169850 
+11.472376786765051904 
+11.513958368551978850 
+11.555301649107933670 
+11.596405949945477687 
+11.637270606011268725 
+11.677894965640195579 
+11.718278390509841103 
+11.758420255594709047 
+11.798319949120646299 
+11.837976872518964910 
+11.877390440381002890 
+11.916560080412239131 
+11.955485233386660582 
+11.994165353101202243 
+12.032599906329840778 
+12.070788372778130437 
+12.108730245037397921 
+12.146425028538965663 
+12.183872241508769463 
+12.221071414921365061 
+12.258022092454387675 
+12.294723830442849888 
+12.331176197833386254 
+12.367378776138821195 
+12.403331159392095628 
+12.439032954100849082 
+12.474483779201694489 
+12.509683266014553382 
+12.544631058196809903 
+12.579326811697804089 
+12.613770194713106676 
+12.647960887638811656 
+12.681898583025823513 
+12.715582985534268801 
+12.749013811887644820 
+12.782190790827307580 
+12.815113663066759031 
+12.847782181245815281 
+12.880196109885073241 
+12.912355225340272469 
+12.944259315756376338 
+12.975908181022100862 
+13.007301632724175278 
+13.038439494101561777 
+13.069321600000002093 
+13.099947796826011626 
+13.130317942501502415 
+13.160431906417894510 
+13.190289569390504454 
+13.219890823612868047 
+13.249235572611036460 
+13.278323731197911428 
+13.307155225427546696 
+13.335729992549438805 
+13.364047980962896034 
+13.392109150171341625 
+13.419913470736595684 
+13.447460924233164192 
+13.474751503202703873 
+13.501785211108142448 
+13.528562062288148837 
+13.555082081911351111 
+13.581345305930629053 
+13.607351781037671401 
+13.633101564616845636 
+13.658594724700057199 
+13.683831339920555337 
+13.708811499467616457 
+13.733535303040651954 
+13.758002860803605572 
+13.782214293339274391 
+13.806169731603603168 
+13.829869316879896957 
+13.853313200733474275 
+13.876501544965480051 
+13.899434521567702205 
+13.922112312676510726 
+13.944535110527374044 
+13.966703117409121404 
+13.988616545618157261 
+14.010275617413093130 
+14.031680564968603164 
+14.052831630330201662 
+14.073729065368180358 
+14.094373131732087501 
+14.114764100805139435 
+14.134902253658394145 
+14.154787881005056249 
+14.174421283154941875 
+14.193802769968572264 
+14.212932660811704366 
+14.231811284509594984 
+14.250438979301170761 
+14.268816092793448647 
+14.286942981915984774 
+14.304820012874973401 
+14.322447561107523484 
+14.339826011236443293 
+14.356955757023794007 
+14.373837201325912361 
+14.390470756047294643 
+14.406856842095189464 
+14.422995889333598996 
+14.438888336537953450 
+14.454534631349115870 
+14.469935230227887857 
+14.485090598409211538 
+14.500001209856566931 
+14.514667547216365762 
+14.529090101771956256 
+14.543269373398336697 
+14.557205870516135349 
+14.570900110046212106 
+14.584352617363627758 
+14.597563926252345112 
+14.610534578859297739 
+14.623265125648774898 
+14.635756125356660817 
+14.648008144944967057 
+14.660021759555855070 
+14.671797552466241399 
+14.683336115041814907 
+14.694638046691604671 
+14.705703954822201496 
+14.716534454792004283 
+14.727130169865750631 
+14.737491731168393727 
+14.747619777640174732 
+14.757514955989908145 
+14.767177920650308209 
+14.776609333731652640 
+14.785809864976329209 
+14.794780191713194029 
+14.803520998811695364 
+14.812032978636372249 
+14.820316831001207447 
+14.828373263123689085 
+14.836202989579305722 
+14.843806732256002334 
+14.851185220308138923 
+14.858339190111061967 
+14.865269385215388098 
+14.871976556301309103 
+14.878461461132761912 
+14.884724864511962750 
+14.890767538233703249 
+14.896590261039428071 
+14.902193818571795703 
+14.907579003328999434 
+14.912746614618818342 
+14.917697458513261566 
+14.922432347802617514 
+14.926952101949938267 
+14.931257547045349909 
+14.935349515760275807 
+14.939228847301784242 
+14.942896387366962685 
+14.946352988097013181 
+14.949599508032015649 
+14.952636812064831418 
+14.955465771395491714 
+14.958087263485737139 
+14.960502172013004696 
+14.962711386824963711 
+14.964715803893938073 
+14.966516325270831089 
+14.968113859039769764 
+14.969509319272408021 
+14.970703625982050511 
+14.971697705078106821 
+14.972492488320366277 
+14.973088913273407741 
+14.973487923260719867 
+14.973690467319158870 
+14.973697500153260620 
+14.973509982089522552 
+14.973128879030717542 
+14.972555162410220220 
+14.971789809146414996 
+14.970833801596629797 
+14.969688127512018383 
+14.968353779991579344 
+14.966831757436363404 
+14.965123063504044865 
+14.963228707062908640 
+14.961149702146554930 
+14.958887067907935986 
+14.956441828573797892 
+14.953815013398989109 
+14.951007656620669550 
+14.948020797412596039 
+14.944855479839802115 
+14.941512752812517562 
+14.937993670040675909 
+14.934299289987972514 
+14.930430675826688258 
+14.926388895391504263 
+14.922175021134076900 
+14.917790130077190014 
+14.913235303769308615 
+14.908511628238702684 
+14.903620193947737960 
+14.898562095747523770 
+14.893338432831582097 
+14.887950308690816925 
+14.882398831067614964 
+14.876685111909885961 
+14.870810267325747844 
+14.864775417537824609 
+14.858581686837128544 
+14.852230203537978070 
+14.845722099931752069 
+14.839058512241816601 
+14.832240580577138900 
+14.825269448887169688 
+14.818146264915922572 
+14.810872180156309241 
+14.803448349804380513 
+14.795875932713929757 
+14.788156091350380450 
+14.780289991745423350 
+14.772278803451239781 
+14.764123699494751563 
+14.755825856332137391 
+14.747386453802867834 
+14.738806675084159536 
+14.730087706645406342 
+14.721230738202267574 
+14.712236962671141782 
+14.703107576123468192 
+14.693843777739960643 
+14.684446769764978313 
+14.674917757460850254 
+14.665257949062169729 
+14.655468555730070790 
+14.645550791506712685 
+14.635505873269430310 
+14.625335020685007237 
+14.615039456164023335 
+14.604620404815550572 
+14.594079094400782992 
+14.583416755287800015 
+14.572634620405962025 
+14.561733925199963124 
+14.550715907584027775 
+14.539581807896693633 
+14.528332868854890947 
+14.516970335508078804 
+14.505495455192797039 
+14.493909477486907278 
+14.482213654163835770 
+14.470409239147109304 
+14.458497488464409741 
+14.446479660201957174 
+14.434357014459102686 
+14.422130813302088015 
+14.409802320718958057 
+14.397372802573331185 
+14.384843526559356164 
+14.372215762155290619 
+14.359490780578408220 
+14.346669854738903993 
+14.333754259194625647 
+14.320745270105064151 
+14.307644165185712026 
+14.294452223662396761 
+14.281170726225800749 
+14.267800954985439432 
+14.254344193424183018 
+14.240801726352597001 
+14.227174839863266698 
+14.213464821284741646 
+14.199672959136380612 
+14.185800543082397240 
+14.171848863886316039 
+14.157819213365012700 
+14.143712884343210945 
+14.129531170607902979 
+14.115275366862558570 
+14.100946768681259513 
+14.086546672463430951 
+14.072076375387677416 
+14.057537175366487503 
+14.042930371000426959 
+14.028257261532301570 
+14.013519146801675319 
+13.998717327199074134 
+13.983853103620335290 
+13.968927777421040304 
+13.953942650370624534 
+13.938899024606586252 
+13.923798202589349415 
+13.908641487055994901 
+13.893430180974917221 
+13.878165587500021161 
+13.862849009924964605 
+13.847481751637570113 
+13.832065116074133471 
+13.816600406674009349 
+13.801088926833125825 
+13.785531979859317886 
+13.769930868925911227 
+13.754286897026091196 
+13.738601366927813530 
+13.722875581127516043 
+13.707110841804713175 
+13.691308450775871108 
+13.675469709449474820 
+13.659595918779915635 
+13.643688379221599050 
+13.627748390683844804 
+13.611777252484477785 
+13.595776263304788500 
+13.579746721143502342 
+13.563689923271104121 
+13.547607166184347349 
+13.531499745560488179 
+13.515368956211364804 
+13.499216092037974235 
+13.483042445984883884 
+13.466849309994250561 
+13.450637974960150345 
+13.434409730683302797 
+13.418165865824942529 
+13.401907667861308937 
+13.385636423037931664 
+13.369353416323878747 
+13.353059931366294322 
+13.336757250444559730 
+13.320446654424499044 
+13.304129422712962949 
+13.287806833211876167 
+13.271480162272744963 
+13.255150684651002990 
+13.238819673459863324 
+13.222488400125573804 
+13.206158134340626020 
+13.189830144018831248 
+13.173505695249362546 
+13.157186052251265806 
+13.140872477327397050 
+13.124566230819031176 
+13.108268571060172292 
+13.091980754331707715 
+13.075704034816055810 
+13.059439664550895444 
+13.043188893384133564 
+13.026952968927904664 
+13.010733136512628860 
+12.994530639141821382 
+12.978346717446147096 
+12.962182609637970643 
+12.946039551465190698 
+12.929918776165781225 
+12.913821514422554770 
+12.897748994316819093 
+12.881702441282994798 
+12.865683078062927436 
+12.849692124660368364 
+12.833730798294705977 
+12.817800313355974140 
+12.801901881358723756 
+12.786036710896636848 
+12.770206007596627273 
+12.754410974073053353 
+12.738652809882479389 
+12.722932711477453083 
+12.707251872161300810 
+12.691611482042112868 
+12.676012727987107098 
+12.660456793577225199 
+12.644944859060881726 
+12.629478101308869498 
+12.614057693768408797 
+12.598684806417383086 
+12.583360605719125402 
+12.568086254575767668 
+12.552862912283451635 
+12.537691734486552164 
+12.522573873131330302 
+12.507510476421254353 
+12.492502688770398933 
+12.477551650758091029 
+12.462658499083394403 
+12.447824366519469663 
+12.433050381867218448 
+12.418337669910728849 
+12.403687351370415115 
+12.389100542858095366 
+12.374578356831310799 
+12.360121901546911261 
+12.345732281016147169 
+12.331410594959024252 
+12.317157938757739899 
+12.302975403412034439 
+12.288864075492670125 
+12.274825037096336544 
+12.260859365799685605 
+12.246968134613890555 
+12.233152411938338133 
+12.219413261515940761 
+12.205751742386389935 
+12.192168908841336972 
+12.178665810378063838 
+12.165243491654493369 
+12.151902992442755291 
+12.138645347583834067 
+12.125471586942021318 
+12.112382735359158659 
+12.099379812608740181 
+12.086463833350522989 
+12.073635807084597715 
+12.060896738105792991 
+12.048247625458170518 
+12.035689462888976564 
+12.023223238803419477 
+12.010849936218519929 
+11.998570532717637960 
+11.986386000405017782 
+11.974297305859391116 
+11.962305410089253854 
+11.950411268486677230 
+11.938615830781058591 
+11.926920040994755112 
+11.915324837396326529 
+11.903831152455222053 
+11.892439912795971679 
+11.881152039152764743 
+11.869968446323689193 
+11.858890043124542757 
+11.847917732343887565 
+11.837052410696992766 
+11.826294968780157291 
+11.815646291025062808 
+11.805107255653233267 
+11.794678734629817640 
+11.784361593618625008 
+11.774156691936225272 
+11.764064882505831378 
+11.754087011812096364 
+11.744223919855297567 
+11.734476440105337858 
+11.724845399456725659 
+11.715331618182297291 
+11.705935909888173896 
+11.696659081466521002 
+11.687501933052285352 
+11.678465257975723546 
+11.669549842716746113 
+11.660756466860497937 
+11.652085903050190652 
+11.643538916942507200 
+11.635116267161556891 
+11.626818705252748742 
+11.618646975637812346 
+11.610601815568946549 
+11.602683955082499168 
+11.594894116953947005 
+11.587233016652371376 
+11.579701362294304801 
+11.572299854597805080 
+11.565029186837653796 
+11.557890044798861950 
+11.550883106731605565 
+11.544009043304603424 
+11.537268517560830716 
+11.530662184870392295 
+11.524190692886080001 
+11.517854681496547897 
+11.511654782781695516 
+11.505591620966177047 
+11.499665812374168183 
+11.493877965383418882 
+11.488228680379759084 
+11.482718549711444567 
+11.477348157643294968 
+11.472118080310773180 
+11.467028885675100369 
+11.462081133476623052 
+11.457275375190219435 
+11.452612153978309451 
+11.448092004646188258 
+11.443715453596022158 
+11.439483018780777002 
+11.435395209659562354 
+11.431452527150620213 
+11.427655463586820161 
+11.424004502668921646 
+11.420500119420793794 
+11.417142780143510805 
+11.413932942369031664 
+11.410871054815471481 
+11.407957557340459687 
+11.405192880896287022 
+11.402577447484036455 
+11.400111670107440531 
+11.397795952727280522 
+11.395630690216609793 
+11.393616268313865092 
+11.391753063577697347 
+11.390041443341281990 
+11.388481765667192391 
+11.387074379300214488 
+11.385819623623209651 
+11.384717828611107038 
+11.383769314783968696 
+11.382974393163452831 
+11.382333365225060007 
+11.381846522853717119 
+11.381514148297574351 
+11.381336514122791570 
+11.381313883166951584 
+11.381446508494356351 
+11.381734633349966046 
+11.382178491113590368 
+11.382778305254221962 
+11.383534289284536811 
+11.384446646714929230 
+11.385515571008253843 
+11.386741245533814393 
+11.388123843521585243 
+11.389663528016866323 
+11.391360451834639633 
+11.393214757512936330 
+11.395226577268628532 
+11.397396032950776856 
+11.399723235994821735 
+11.402208287377662899 
+11.404851277571893320 
+11.407652286498850103 
+11.410611383484445369 
+11.413728627213066247 
+11.417004065681389591 
+11.420437736153191466 
+11.424029665112918508 
+11.427779868221771054 
+11.431688350270018617 
+11.435755105132008325 
+11.439980115720965514 
+11.444363353942907935 
+11.448904780651053770 
+11.453604345600087555 
+11.458461987400223592 
+11.463477633471821804 
+11.468651199999870371 
+11.473982591888395532 
+11.479471702713198056 
+11.485118414678920473 
+11.490922598571287949 
+11.496884113711729469 
+11.503002807911849814 
+11.509278517428924715 
+11.515711066918202121 
+11.522300269388681571 
+11.529045926156278767 
+11.535947826799450411 
+11.543005749112909442 
+11.550219459061306537 
+11.557588710734306048 
+11.565113246301281791 
+11.572792795964298662 
+11.580627077913208112 
+11.588615798281139746 
+11.596758651096051196 
+11.605055318237392115 
+11.613505469389840741 
+11.622108761997086646 
+11.630864841216627781 
+11.639773339873785929 
+11.648833878416166243 
+11.658046064868388569 
+11.667409494785852431 
+11.676923751208724056 
+11.686588404617218373 
+11.696403012885323136 
+11.706367121235336626 
+11.716480262191556250 
+11.726741955535828765 
+11.737151708260832095 
+11.747709014524726712 
+11.758413355605123130 
+11.769264199853996189 
+11.780261002652018476 
+11.791403206361945166 
+11.802690240283965295 
+11.814121520609409899 
+11.825696450375710711 
+11.837414419419825862 
+11.849274804333278510 
+11.861276968415941369 
+11.873420261630860395 
+11.885704020558492289 
+11.898127568349849525 
+11.910690214683045340 
+11.923391255716197179 
+11.936229974041086876 
+11.949205638638916938 
+11.962317504834281578 
+11.975564814248544465 
+11.988946794755715786 
+12.002462660435043063 
+12.016111611526396175 
+12.029892834384527944 
+12.043805501433469729 
+12.057848771119944686 
+12.072021787869001486 
+12.086323682037168226 
+12.100753569867384485 
+12.115310553443281449 
+12.129993720643305721 
+12.144802145095729529 
+12.159734886131300158 
+12.174790988739530917 
+12.189969483521450044 
+12.205269386645706930 
+12.220689699800384886 
+12.236229410149221053 
+12.251887490286000215 
+12.267662898187428056 
+12.283554577168494859 
+12.299561455837004331 
+12.315682448047082787 
+12.331916452854057908 
+12.348262354468594992 
+12.364719022210829635 
+12.381285310464843263 
+12.397960058633934466 
+12.414742091091929055 
+12.431630217141856676 
+12.448623230966658681 
+12.465719911584971058 
+12.482919022805837983 
+12.500219313182174830 
+12.517619515964808485 
+12.535118349058421927 
+12.552714514974409710 
+12.570406700784960918 
+12.588193578079104995 
+12.606073802915297222 
+12.624046015776356100 
+12.642108841524324347 
+12.660260889353242675 
+12.678500752746003855 
+12.696827009425645016 
+12.715238221311945921 
+12.733732934475144205 
+12.752309679089680827 
+12.770966969388856782 
+12.789703303619438302 
+12.808517163996025801 
+12.827407016654053251 
+12.846371311605938814 
+12.865408482695199766 
+12.884516947548352306 
+12.903695107532914932 
+12.922941347708606585 
+12.942254036783426230 
+12.961631527067211778 
+12.981072154426630760 
+13.000574238238383984 
+13.020136081345038193 
+13.039755970007682606 
+13.059432173861464932 
+13.079162945869180490 
+13.098946522276284199 
+13.118781122564511676 
+13.138664949406743787 
+13.158596188621123346 
+13.178573009125276627 
+13.198593562890723163 
+13.218655984896486189 
+13.238758393085422682 
+13.258898888315826525 
+13.279075554317991248 
+13.299286457647296444 
+13.319529647639466674 
+13.339803156362410874 
+13.360104998575071278 
+13.380433171677211135 
+13.400785655666464180 
+13.421160413091376640 
+13.441555389005912957 
+13.461968510925448328 
+13.482397688777357558 
+13.502840814859414564 
+13.523295763791804092 
+13.543760392471099863 
+13.564232540027024498 
+13.584710027773342134 
+13.605190659165954159 
+13.625672219753075964 
+13.646152477133661307 
+13.666629180908293151 
+13.687100062636272213 
+13.707562835787843625 
+13.728015195699587281 
+13.748454819528223680 
+13.768879366204872738 
+13.789286476390982372 
+13.809673772429741589 
+13.830038858302820870 
+13.850379319583730364 
+13.870692723392405554 
+13.890976618349224481 
+13.911228534529044509 
+13.931445983416399059 
+13.951626457859687136 
+13.971767432024503108 
+13.991866361349057257 
+14.011920682497315482 
+14.031927813315533626 
+14.051885152782562116 
+14.071790080969439174 
+14.091639958989496506 
+14.111432128954218612 
+14.131163913927464293 
+14.150832617880210407 
+14.170435525644048624 
+14.189969902866078399 
+14.209432995963005908 
+14.228822032074756265 
+14.248134219021332925 
+14.267366745253244886 
+14.286516779808939859 
+14.305581472268301013 
+14.324557952706282293 
+14.343443331647593553 
+14.362234700021755174 
+14.380929129116150733 
+14.399523670530681940 
+14.418015356133963678 
+14.436401198013694369 
+14.454678188434822772 
+14.472843299792451432 
+14.490893484565374294 
+14.508825675270978550 
+14.526636784420276172 
+14.544323704471198155 
+14.561883307783803687 
+14.579312446573513995 
+14.596607952865767288 
+14.613766638451703983 
+14.630785294840523036 
+14.647660693214600514 
+14.664389584384124987 
+14.680968698740880285 
+14.697394746213056749 
+14.713664416219291553 
+14.729774377623071402 
+14.745721278686367839 
+14.761501747025164377 
+14.777112389563434647 
+14.792549792486930471 
+14.807810521197257714 
+14.822891120266902476 
+14.837788113393914458 
+14.852498003355751877 
+14.867017271961998404 
+14.881342380011840731 
+14.895469767246019899 
+14.909395852301996044 
+14.923117032667914117 
+14.936629684637622972 
+14.949930163263715599 
+14.963014802313153950 
+14.975879914221598810 
+14.988521790045531645 
+15.000936699419838760 
+15.013120890509430438 
+15.025070589965487500 
+15.036782002878037900 
+15.048251312731988349 
+15.059474681360127235 
+15.070448248898369314 
+15.081168133738831472 
+15.091630432485802160 
+15.101831219908298465 
+15.111766548896177653 
+15.121432450412367388 
+15.130824933450716330 
+15.139939984984682297 
+15.148773569927627136 
+15.157321631082663060 
+15.165580089100187067 
+15.173544842429816271 
+15.181211767275405222 
+15.188576717551075745 
+15.195635524831851981 
+15.202383998312402724 
+15.208817924757216389 
+15.214933068457764165 
+15.220725171186785474 
+15.226189952149006501 
+15.231323107940440309 
+15.236120312500219143 
+15.240577217064416260 
+15.244689450120519680 
+15.248452617364286255 
+15.251862301649964593 
+15.254914062947591447 
+15.257603438296706955 
+15.259925941759448165 
+15.261877064376403013 
+15.263452274119655883 
+15.264647015849320155 
+15.265456711264096867 
+15.265876758859647566 
+15.265902533880385761 
+15.265529388273925804 
+15.264752650646384424 
+15.263567626216723028 
+15.261969596769759505 
+15.259953820611452002 
+15.257515532522972990 
+15.254649943716064087 
+15.251352241784520203 
+15.247617590662565945 
+15.243441130575471121 
+15.238817977995616104 
+15.233743225597537574 
+15.228211942209794572 
+15.222219172771865203 
+15.215759938287206410 
+15.208829235777635347 
+15.201422038236872325 
+15.193533294587197702 
+15.185157929632328688 
+15.176290844008635261 
+15.166926914146525718 
+15.157060992219189899 
+15.146687906097856313 
+15.135802459307367229 
+15.124399430979526215 
+15.112473575808461845 
+15.100019624004088925 
+15.087032281244496801 
+15.073506228635650928 
+15.059436122660684987 
+15.044816595134779647 
+15.029642253163245869 
+15.013907679090696234 
+14.997607430459460431 
+14.980736039962224027 
+14.963288015395292518 
+14.945257839615887718 
+14.926639970492729503 
+14.907428840863886421 
+14.887618858487453366 
+14.867204406000183781 
+14.846179840867865352 
+14.824539495341564788 
+14.802277676412632701 
+14.779388665764399136 
+14.755866719729064940 
+14.731706069241724322 
+14.706900919792463611 
+14.681445451383424938 
+14.655333818481366848 
+14.628560149973163007 
+14.601118549118240253 
+14.573003093506077477 
+14.544207835006270457 
+14.514726799726933137 
+14.484553987967089483 
+14.453683374170363862 
+14.422108906880890089 
+14.389824508695966188 
+14.356824076222165942 
+14.323101480027755628 
+14.288650564599903348 
+14.253465148293832598 
+14.217539023292918188 
+14.180865955560186364 
+14.143439684791616173 
+14.105253924372572527 
+14.066302361332114756 
+14.026578656294411473 
+13.986076443437799099 
+13.944789330443720488 
+13.902710898455520550 
+13.859834702030504161 
+13.816154269094839790 
+13.771663100897045595 
+13.726354671964106302 
+13.680222430053916582 
+13.633259796110536399 
+13.585460164218567058 
+13.536816901557724435 
+13.487323348355504393 
+13.436972817843528816 
+13.385758596210949989 
+13.333673942558803560 
+13.280712088854073727 
+13.226866239884227383 
+13.172129573212366438 
+13.116495239129923434 
+13.059956360612007487 
+13.002506033272100083 
+12.944137325314432729 
+12.884843277491830449 
+12.824616903055686024 
+12.763451187713915402 
+12.701339089582761588 
+12.638273539143581203 
+12.574247439195334053 
+12.509253664807257422 
+12.443285063277363278 
+12.376334454085268888 
+12.308394628843105423 
+12.239458351254624446 
+12.169518357067987679 
+12.098567354027668586 
+12.026598021831818031 
+11.953603012085803670 
+11.879574948255033462 
+11.804506425621895005 
+11.728390011236410118 
+11.651218243875186786 
+11.572983633991874797 
+11.493678663672197260 
+11.413295786590628822 
+11.331827427962380739 
+11.249265984497258231 
+11.165603824357262397 
+11.080833287106470308 
+10.994946683668821663 
+10.907936296281471655 
+10.819794378449250516 
+10.730513154894941508 
+10.640084821522679093 
+10.548501545362821474 
+10.455755464531703680 
+10.361838688184194623 
+10.266743296469311275 
+10.170461340481889323 
+10.072984842220236601 
+9.974305794537071890 
+9.874416161096887024 
+9.773307876329036858 
+9.670972845381099248 
+9.567402944074110849 
+9.462590018856728236 
+9.356525886760053368 
+9.249202335351405679 
+9.140611122688127921 
+9.030743977274308776 
+8.919592598010682494 
+8.807148654153831302 
+8.693403785267079797 
+8.578349601176077144 
+8.461977681924398809 
+8.344279577723437313 
+8.225246808911762741 
+8.104870865909180822 
+7.983143209164428100 
+7.860055269119266441 
+7.735598446154469343 
+7.609764110550239380 
+7.482543602435855590 
+7.353928231746447608 
+7.223909278177501392 
+7.092477991137844384 
+6.959625589705253468 
+6.825343262578707382 
+6.689622168035278094 
+6.552453433884379841 
+6.413828157418832276 
+6.273737405371242026 
+6.132172213871094790 
+5.989123588394225095 
+5.844582503719572664 
+5.698539903884464408 
+5.550986702135364936 
+5.401913780887579897 
+5.251311991673067503 
+5.099172155100959891 
+4.945485060808684885 
+4.790241467415164323 
+4.633432102477505588 
+4.475047662445588159 
+4.315078812614658865 
+4.153516187079312694 
+3.990350388689673622 
+3.825571989004402873 
