+9.711270000000000735 
+9.510857119308024465 
+9.312553159825601057 
+9.116346631884345797 
+8.922226081032260225 
+8.730180087985258908 
+8.540197268578708645 
+8.352266273718973011 
+8.166375789334944457 
+7.982514536329579968 
+7.800671270531444712 
+7.620834782646244143 
+7.442993898208364101 
+7.267137477532410017 
+7.093254415664739909 
+6.921333642335005365 
+6.751364121907688087 
+6.583334853333639991 
+6.417234870101616195 
+6.253053240189814233 
+6.090779066017414145 
+5.930401484396112366 
+5.771909666481664480 
+5.615292817725415553 
+5.460540177825843777 
+5.307641020680094357 
+5.156584654335520490 
+5.007360420941216361 
+4.859957696699559904 
+4.714365891817748455 
+4.570574450459331750 
+4.428572850695756458 
+4.288350604457900950 
+4.149897257487610958 
+4.013202389289241445 
+3.878255613081187825 
+3.745046575747431383 
+3.613564957789069609 
+3.483800473275858067 
+3.355742869797747829 
+3.229381928416420244 
+3.104707463616828811 
+2.981709323258730393 
+2.860377388528231535 
+2.740701573889317899 
+2.622671827035394365 
+2.506278128840826014 
+2.391510493312472896 
+2.278358967541223024 
+2.166813631653543126 
+2.056864598763000984 
+1.948502014921809966 
+1.841716059072370015 
+1.736496942998799753 
+1.632834911278475687 
+1.530720241233570533 
+1.430143242882587984 
+1.331094258891907245 
+1.233563664527313364 
+1.137541867605536439 
+1.043019308445789051 
+0.949986459821309026 
+0.858433826910891540 
+0.768351947250424772 
+0.679731390684434444 
+0.592562759317615928 
+0.506836687466375224 
+0.422543841610362847 
+0.339674920344014808 
+0.258220654328086496 
+0.178171806241197217 
+0.099519170731358741 
+0.022253574367519846 
-0.053634124408899808 
-0.128153035332472243 
-0.201312236362218400 
-0.273120773730079591 
-0.343587661989371185 
-0.412721884063248723 
-0.480532391293172267 
-0.547028103487363637 
-0.612217908969279634 
-0.676110664626056845 
-0.738715195956991977 
-0.800040297121991983 
-0.860094730990038414 
-0.918887229187665966 
-0.976426492147391301 
-1.032721189156212915 
-1.087779958404045288 
-1.141611407032195658 
-1.194224111181824810 
-1.245626616042406098 
-1.295827435900189784 
-1.344835054186662049 
-1.392657923527014674 
-1.439304465788602272 
-1.484783072129401305 
-1.529102103046488637 
-1.572269888424475681 
-1.614294727584001166 
-1.655184889330170606 
-1.694948612001034860 
-1.733594103516042040 
-1.771129541424505405 
-1.807563072954060601 
-1.842902815059131783 
-1.877156854469395952 
-1.910333247738245532 
-1.942440021291242047 
-1.973485171474587574 
-2.003476664603585533 
-2.032422437011101479 
-2.060330395096022116 
-2.087208415371732073 
-2.113064344514551607 
-2.137905999412225810 
-2.161741167212367642 
-2.184577605370929376 
-2.206423041700661614 
-2.227285174419577629 
-2.247171672199419490 
-2.266090174214108188 
-2.284048290188220420 
-2.301053600445440495 
-2.317113655957030005 
-2.332235978390286846 
-2.346428060157006001 
-2.359697364461949221 
-2.372051325351289819 
-2.383497347761101892 
-2.394042807565798014 
-2.403695051626611345 
-2.412461397840038657 
-2.420349135186320666 
-2.427365523777890388 
-2.433517794907844589 
-2.438813151098406351 
-2.443258766149380534 
-2.446861785186621674 
-2.449629324710491218 
-2.451568472644330754 
-2.452686288382912139 
-2.452989802840908951 
-2.452486018501344844 
-2.451181909464084541 
-2.449084421494255537 
-2.446200472070756859 
-2.442536950434680776 
-2.438100717637791348 
-2.432898606590997659 
-2.426937422112805720 
-2.420223940977766830 
-2.412764911964975667 
-2.404567055906486672 
-2.395637065735829907 
-2.385981606536418553 
-2.375607315590052337 
-2.364520802425362334 
-2.352728648866278860 
-2.340237409080483388 
-2.327053609627885322 
-2.313183749509084564 
-2.298634300213807435 
-2.283411705769404776 
-2.267522382789302071 
-2.250972720521446035 
-2.233769080896783166 
-2.215917798577725861 
-2.197425181006599004 
-2.178297508454114961 
-2.158541034067830822 
-2.138161983920610965 
-2.117166557059096732 
-2.095560925552149456 
-2.073351234539345000 
-2.050543602279391919 
-2.027144120198645538 
-2.003158852939533219 
-1.978593838409013372 
-1.953455087827077108 
-1.927748585775168166 
-1.901480290244672133 
-1.874656132685361243 
-1.847282018053871155 
-1.819363824862156420 
-1.790907405225956595 
-1.761918584913248154 
-1.732403163392717715 
-1.702366913882229937 
-1.671815583397270544 
-1.640754892799419551 
-1.609190536844817387 
-1.577128184232636343 
-1.544573477653507609 
-1.511532033838014044 
-1.478009443605150963 
-1.444011271910785155 
-1.409543057896106788 
-1.374610314936095534 
-1.339218530687997344 
-1.303373167139781685 
-1.267079660658582796 
-1.230343422039183565 
-1.193169836552486984 
-1.155564263993943186 
-1.117532038732033328 
-1.079078469756767689 
-1.040208840728075401 
-1.000928410024302551 
-0.961242410790703161 
-0.921156050987841368 
-0.880674513440128592 
-0.839802955884199065 
-0.798546511017438121 
-0.756910286546427002 
-0.714899365235407203 
-0.672518804954716387 
-0.629773638729286489 
-0.586668874787093841 
-0.543209496607612863 
-0.499400462970280401 
-0.455246708002984946 
-0.410753141230484786 
-0.365924647622897226 
-0.320766087644159370 
-0.275282297300488921 
-0.229478088188844964 
-0.183358247545390540 
-0.136927538293956985 
-0.090190699094495841 
-0.043152444391557410 
+0.004182535537250232 
+0.051809574532809322 
+0.099724030506026295 
+0.147921285389351453 
+0.196396745088348368 
+0.245145839433208224 
+0.294164022130299685 
+0.343446770713672578 
+0.392989586496677035 
+0.442787994523385464 
+0.492837543520238341 
+0.543133805847517692 
+0.593672377450902289 
+0.644448877812999754 
+0.695458949904907087 
+0.746698260137721448 
+0.798162498314082924 
+0.849847377579729724 
+0.901748634374998304 
+0.953862028386412319 
+1.006183342498166766 
+1.058708382743725807 
+1.111432978257303361 
+1.164352981225412975 
+1.217464266838446107 
+1.270762733242136733 
+1.324244301489196474 
+1.377904915490756110 
+1.431740541967966962 
+1.485747170403488582 
+1.539920812993097243 
+1.594257504597132780 
+1.648753302692126610 
+1.703404287322259236 
+1.758206561050954519 
+1.813156248912409119 
+1.868249498363074856 
+1.923482479233290299 
+1.978851383678726705 
+2.034352426132010727 
+2.089981843254178351 
+2.145735893886270951 
+2.201610859000845188 
+2.257603041653523768 
+2.313708766934546190 
+2.369924381920247569 
+2.426246255624674220 
+2.482670778951084678 
+2.539194364643452495 
+2.595813447238061400 
+2.652524483015036516 
+2.709323949949843602 
+2.766208347664841583 
+2.823174197380837747 
+2.880218041868634948 
+2.937336445400500651 
+2.994525993701802946 
+3.051783293902463612 
+3.109104974488530182 
+3.166487685253753348 
+3.223928097251030245 
+3.281422902744028924 
+3.338968815158694703 
+3.396562569034749401 
+3.454200919977317596 
+3.511880644608379676 
+3.569598540518346574 
+3.627351426217589214 
+3.685136141087994588 
+3.742949545334482764 
+3.800788519936543430 
+3.858649966599788428 
+3.916530807707459871 
+3.974427986272027979 
+4.032338465886645018 
+4.090259230676758229 
+4.148187285251611733 
+4.206119654655774198 
+4.264053384320715345 
+4.321985540016280325 
+4.379913207802316855 
+4.437833493980114064 
+4.495743525044038513 
+4.553640447632966826 
+4.611521428481918150 
+4.669383654373537418 
+4.727224332089640768 
+4.785040688362766303 
+4.842829969827717740 
+4.900589442973054766 
+4.958316394092690871 
+5.016008129237406798 
+5.073661974166380872 
+5.131275274298713107 
+5.188845394665009714 
+5.246369719858885894 
+5.303845653988485509 
+5.361270620628086903 
+5.418642062769546186 
+5.475957442773938588 
+5.533214242322993748 
+5.590409962370706864 
+5.647542123094838828 
+5.704608263848509608 
+5.761605943111632655 
+5.818532738442552699 
+5.875386246429521009 
+5.932164082642255920 
+5.988863881583516680 
+6.045483296640559168 
+6.102020000036725733 
+6.158471682782995060 
+6.214836054629492068 
+6.271110844017045771 
+6.327293798028660099 
+6.383382682341162351 
+6.439375281176705101 
+6.495269397254192612 
+6.551062851740990567 
+6.606753484204349824 
+6.662339152562976707 
+6.717817733038581096 
+6.773187120107383663 
+6.828445226451694161 
+6.883589982911402672 
+6.938619338435588091 
+6.993531260033927666 
+7.048323732728412061 
+7.102994759504721145 
+7.157542361263870667 
+7.211964576773649327 
+7.266259462620280551 
+7.320425093159851571 
+7.374459560469899699 
+7.428360974300957764 
+7.482127462028058673 
+7.535757168602309264 
+7.589248256502394874 
+7.642598905686133648 
+7.695807313542024630 
+7.748871694840760327 
+7.801790281686775685 
+7.854561323469813061 
+7.907183086816406359 
+7.959653855541441558 
+8.011971930599706582 
+8.064135630037453595 
+8.116143288943847622 
+8.167993259402617667 
+8.219683910443484010 
+8.271213627993777351 
+8.322580814829962037 
+8.373783890529129081 
+8.424821291420554914 
+8.475691470537315197 
+8.526392897567681928 
+8.576924058806767448 
+8.627283457108029907 
+8.677469611834817798 
+8.727481058811871861 
+8.777316350276889168 
+8.826974054832112060 
+8.876452757395755455 
+8.925751059153661515 
+8.974867577510734051 
+9.023800946042541682 
+9.072549814446823291 
+9.121112848495073422 
+9.169488729983992670 
+9.217676156687133471 
+9.265673842306320296 
+9.313480516423332745 
+9.361094924451268895 
+9.408515827586223068 
+9.455742002758759313 
+9.502772242585491469 
+9.549605355320535338 
+9.596240164807156248 
+9.642675510429230101 
+9.688910247062800352 
+9.734943245027631420 
+9.780773390038746129 
+9.826399583157909845 
+9.871820740745256728 
+9.917035794410724137 
+9.962043690965741050 
+10.006843392374570101 
+10.051433875705994225 
+10.095814133084793696 
+10.139983171643313753 
+10.183940013472984276 
+10.227683695575834122 
+10.271213269816080071 
+10.314527802871573670 
+10.357626376185519845 
+10.400508085917770984 
+10.443172042896573970 
+10.485617372569974393 
+10.527843214957439244 
+10.569848724601344614 
+10.611633070518491806 
+10.653195436151786879 
+10.694535019321531166 
+10.735651032177178976 
+10.776542701148821735 
+10.817209266898618836 
+10.857649984272491395 
+10.897864122251544217 
+10.937850963903652968 
+10.977609806334953646 
+11.017139960641491925 
+11.056440751860666438 
+11.095511518922721805 
+11.134351614602440605 
+11.172960405470542256 
+11.211337271845257746 
+11.249481607743939904 
+11.287392820834508456 
+11.325070332386987459 
+11.362513577225124450 
+11.399722003677842608 
+11.436695073530833255 
+11.473432261978086188 
+11.509933057573416448 
+11.546196962181937806 
+11.582223490931779608 
+11.618012172165391505 
+11.653562547391263848 
+11.688874171235399402 
+11.723946611392840111 
+11.758779448579195659 
+11.793372276482237737 
+11.827724701713369981 
+11.861836343759206258 
+11.895706834933140073 
+11.929335820326743445 
+11.962722957761478426 
+11.995867917740159925 
+12.028770383398491362 
+12.061430050456555918 
+12.093846627170393049 
+12.126019834283626508 
+12.157949404978840136 
+12.189635084829264500 
+12.221076631750150909 
+12.252273815950490032 
+12.283226419884451630 
+12.313934238202818960 
+12.344397077704810428 
+12.374614757289302602 
+12.404587107906644761 
+12.434313972509922763 
+12.463795206006720306 
+12.493030675210594183 
+12.522020258792505132 
+12.550763847232513370 
+12.579261342771223653 
+12.607512659361338692 
+12.635517722619189485 
+12.663276469776297617 
+12.690788849630903812 
+12.718054822499514245 
+12.745074360168379357 
+12.771847445845139646 
+12.798374074110252963 
+12.824654250868558591 
+12.850687993300926593 
+12.876475329815630033 
+12.902016299999987226 
+12.927310954571817447 
+12.952359355331164892 
+12.977161575111505698 
+13.001717697731658419 
+13.026027817947051446 
+13.050092041401386567 
+13.073910484578115998 
+13.097483274752054427 
+13.120810549940827627 
+13.143892458856470284 
+13.166729160856940339 
+13.189320825897654643 
+13.211667634483083233 
+13.233769777618185515 
+13.255627456759999205 
+13.277240883769211521 
+13.298610280861637989 
+13.319735880559761654 
+13.340617925644416175 
+13.361256669106019501 
+13.381652374096457692 
+13.401805313880363002 
+13.421715771786780991 
+13.441384041160688412 
+13.460810425314454264 
+13.479995237479503345 
+13.498938800757773748 
+13.517641448073280941 
+13.536103522123624998 
+13.554325375331563563 
+13.572307369796476451 
+13.590049877246070054 
+13.607553278987760237 
+13.624817965860245295 
+13.641844338184975882 
+13.658632805717921599 
+13.675183787600882823 
+13.691497712313072554 
+13.707575017622756874 
+13.723416150538643166 
+13.739021567261550771 
+13.754391733135907572 
+13.769527122601179059 
+13.784428219143583405 
+13.799095515247579158 
+13.813529512347244577 
+13.827730720778021123 
+13.841699659728218919 
+13.855436857190380096 
+13.868942849912993864 
+13.882218183352009078 
+13.895263411622320149 
+13.908079097449366657 
+13.920665812120546434 
+13.933024135436944846 
+13.945154655664707022 
+13.957057969486644566 
+13.968734681953730359 
+13.980185406436707041 
+13.991410764577601356 
+14.002411386241231384 
+14.013187909466743974 
+14.023740980419248103 
+14.034071253341075192 
+14.044179390503813920 
+14.054066062159234818 
+14.063731946491355274 
+14.073177729567689198 
+14.082404105290891039 
+14.091411775350207947 
+14.100201449173097146 
+14.108773843876727838 
+14.117129684219587915 
+14.125269702552827766 
+14.133194638772149432 
+14.140905240268835996 
+14.148402261881829034 
+14.155686465848908995 
+14.162758621758344546 
+14.169619506500428230 
+14.176269904219028106 
+14.182710606263173148 
+14.188942411138302901 
+14.194966124458252565 
+14.200782558896532848 
+14.206392534137819439 
+14.211796876829628999 
+14.216996420533778434 
+14.221992005677938309 
+14.226784479507205816 
+14.231374696035619110 
+14.235763515997625461 
+14.239951806799746592 
+14.243940442471981100 
+14.247730303619537295 
+14.251322277374168124 
+14.254717257345713932 
+14.257916143573840628 
+14.260919842479406583 
+14.263729266815929009 
+14.266345335621513968 
+14.268768974169798724 
+14.271001113921997216 
+14.273042692478206561 
+14.274894653528932054 
+14.276557946806754273 
+14.278033528037763489 
+14.279322358893104195 
+14.280425406940530308 
+14.281343645596029646 
+14.282078054075100226 
+14.282629617344626993 
+14.282999326074195423 
+14.283188176587710672 
+14.283197170814830201 
+14.283027316242709048 
+14.282679625867331197 
+14.282155118145151818 
+14.281454816944687991 
+14.280579751497787910 
+14.279530956351608850 
+14.278309471319692747 
+14.276916341433848245 
+14.275352616895478519 
+14.273619353027303447 
+14.271717610224708750 
+14.269648453907294083 
+14.267412954470692910 
+14.265012187237825714 
+14.262447232410305986 
+14.259719175020444837 
+14.256829104882466908 
+14.253778116544031818 
+14.250567309237933245 
+14.247197786833472932 
+14.243670657788131351 
+14.239987035099119339 
+14.236148036254624216 
+14.232154783185832159 
+14.228008402218112138 
+14.223710024022501841 
+14.219260783567673201 
+14.214661820070837450 
+14.209914276950005529 
+14.205019301774903795 
+14.199978046218760142 
+14.194791666009976439 
+14.189461320883491879 
+14.183988174532220938 
+14.178373394558917653 
+14.172618152427499894 
+14.166723623414435806 
+14.160690986560606319 
+14.154521424622707571 
+14.148216124024749263 
+14.141776274809547687 
+14.135203070590442564 
+14.128497708502640862 
+14.121661389154859023 
+14.114695316580878170 
+14.107600698191085087 
+14.100378744723812474 
+14.093030670197087773 
+14.085557691860278950 
+14.077961030145257126 
+14.070241908618259075 
+14.062401553931294984 
+14.054441195773707207 
+14.046362066823597559 
+14.038165402699656070 
+14.029852441912421313 
+14.021424425815808945 
+14.012882598559020408 
+14.004228207037531462 
+13.995462500844979559 
+13.986586732224703056 
+13.977602156021230684 
+13.968510029631742597 
+13.959311612957538529 
+13.950008168355900295 
+13.940600960591346791 
+13.931091256787228261 
+13.921480326377198011 
+13.911769441057122876 
+13.901959874736004252 
+13.892052903488064430 
+13.882049805504012241 
+13.871951861042646215 
+13.861760352382326289 
+13.851476563772497030 
+13.841101781385589220 
+13.830637293267924903 
+13.820084389291878324 
+13.809444361106884003 
+13.798718502091364968 
+13.787908107304055250 
+13.777014473435702513 
+13.766038898760378117 
+13.754982683087209949 
+13.743847127711894984 
+13.732633535368233169 
+13.721343210179437477 
+13.709977457610026619 
+13.698537584417135093 
+13.687024898602150103 
+13.675440709362327141 
+13.663786327041876234 
+13.652063063084254324 
+13.640272229982965513 
+13.628415141233476859 
+13.616493111284901474 
+13.604507455491100743 
+13.592459490062658745 
+13.580350532018014675 
+13.568181899135373314 
+13.555954909903833894 
+13.543670883475442679 
+13.531331139616305848 
+13.518936998658285020 
+13.506489781450571996 
+13.493990809311110723 
+13.481441403978246640 
+13.468842887562198385 
+13.456196582496600556 
+13.443503811490138844 
+13.430765897477968451 
+13.417984163573185796 
+13.405159933018556018 
+13.392294529138016657 
+13.379389275288080086 
+13.366445494809502392 
+13.353464510978731994 
+13.340447646959475492 
+13.327396225754437609 
+13.314311570156293740 
+13.301195002699943259 
+13.288047845613542464 
+13.274871420770224972 
+13.261667049639779492 
+13.248436053239663224 
+13.235179752087290694 
+13.221899466150961899 
+13.208596514801641320 
+13.195272216764614370 
+13.181927890070719300 
+13.168564852008209698 
+13.155184419073965074 
+13.141787906925298302 
+13.128376630331432651 
+13.114951903124932642 
+13.101515038153266346 
+13.088067347230451176 
+13.074610141088683690 
+13.061144729329317471 
+13.047672420375148405 
+13.034194521421483159 
+13.020712338387895102 
+13.007227175869495284 
+12.993740337088745207 
+12.980253123846910768 
+12.966766836475565938 
+12.953282773788046711 
+12.939802233031230116 
+12.926326509836851386 
+12.912856898173220799 
+12.899394690296363208 
+12.885941176702312205 
+12.872497646077714961 
+12.859065385252176128 
+12.845645679149271245 
+12.832239810738396812 
+12.818849060986222455 
+12.805474708807938811 
+12.792118031019350965 
+12.778780302287849224 
+12.765462795084383529 
+12.752166779634778848 
+12.738893523871333002 
+12.725644293384402062 
+12.712420351373602045 
+12.699222958600044464 
+12.686053373336996231 
+12.672912851322378103 
+12.659802645709397950 
+12.646724007018512737 
+12.633678183089305236 
+12.620666419031195460 
+12.607689957175665540 
+12.594750037027578671 
+12.581847895216711208 
+12.568984765449169316 
+12.556161878459253245 
+12.543380461960628836 
+12.530641740598047917 
+12.517946935898844885 
+12.505297266224594921 
+12.492693946722473797 
+12.480138189276765104 
+12.467631202460797368 
+12.455174191487900615 
+12.442768358163357689 
+12.430414900835669911 
+12.418115014348515501 
+12.405869889991782529 
+12.393680715453339047 
+12.381548674770780138 
+12.369474948282519478 
+12.357460712579674933 
+12.345507140457232964 
+12.333615400866525746 
+12.321786658865139685 
+12.310022075570266509 
+12.298322808108727244 
+12.286690009569683824 
+12.275124828955060963 
+12.263628411132250662 
+12.252201896784837842 
+12.240846422364183965 
+12.229563120041433422 
+12.218353117658605100 
+12.207217538680460223 
+12.196157502145588580 
+12.185174122618612103 
+12.174268510140858979 
+12.163441770182961577 
+12.152695003595329837 
+12.142029306560523594 
+12.131445770543907159 
+12.120945482246604286 
+12.110529523555342735 
+12.100198971495043310 
+12.089954898180378606 
+12.079798370766832605 
+12.069730451402355342 
+12.059752197179021138 
+12.049864660084958601 
+12.040068886954854221 
+12.030365919422584042 
+12.020756793872024559 
+12.011242541388842398 
+12.001824187712324843 
+11.992502753186251141 
+11.983279252710985929 
+11.974154695694794626 
+11.965130086005551391 
+11.956206421921848460 
+11.947384696085272537 
+11.938665895450908394 
+11.930051001240137509 
+11.921540988890935608 
+11.913136828010205903 
+11.904839482325408895 
+11.896649909635209852 
+11.888569061761860013 
+11.880597884502559936 
+11.872737317580924099 
+11.864988294598100893 
+11.857351742985263954 
+11.849828583954176153 
+11.842419732449251057 
+11.835126097099060161 
+11.827948580167831238 
+11.820888077506758407 
+11.813945478505790021 
+11.807121666045157227 
+11.800417516446954025 
+11.793833899426443779 
+11.787371678043717438 
+11.781031708655154588 
+11.774814840865467147 
+11.768721917478305983 
+11.762753774448697186 
+11.756911240834005739 
+11.751195138745638147 
+11.745606283300659811 
+11.740145482573463909 
+11.734813537546784801 
+11.729611242063764820 
+11.724539382779529006 
+11.719598739111932062 
+11.714790083194074555 
+11.710114179825451330 
+11.705571786423261571 
+11.701163652974011953 
+11.696890521985935152 
+11.692753128438605259 
+11.688752199736882176 
+11.684888455660209061 
+11.681162608315762697 
+11.677575362089370969 
+11.674127413596584901 
+11.670819451635329855 
+11.667652157136306101 
+11.664626203115503245 
+11.661742254624572368 
+11.659000968703855605 
+11.656402994332475842 
+11.653948972381279248 
+11.651639535562686945 
+11.649475308383893335 
+11.647456907097353707 
+11.645584939652410483 
+11.643860005647749034 
+11.642282696281851528 
+11.640853594304754637 
+11.639573273969903155 
+11.638442300985841982 
+11.637461232466826289 
+11.636630616885822675 
+11.635950994024398142 
+11.635422894925884663 
+11.635046841845284149 
+11.634823348202253612 
+11.634752918531738430 
+11.634836048435728273 
+11.635073224535117831 
+11.635464924420876542 
+11.636011616605600238 
+11.636713760475268842 
+11.637571806240565309 
+11.638586194888414838 
+11.639757358134071197 
+11.641085718371439128 
+11.642571688626016879 
+11.644215672505817238 
+11.646018064152276139 
+11.647979248192923407 
+11.650099599692003594 
+11.652379484102713292 
+11.654819257218255402 
+11.657419265123765584 
+11.660179844147265271 
+11.663101320811955830 
+11.666184011786899788 
+11.669428223839172887 
+11.672834253785781655 
+11.676402388443950287 
+11.680132904583613751 
+11.684026068878948124 
+11.688082137859360898 
+11.692301357861518696 
+11.696683964980593373 
+11.701230185021897157 
+11.705940233452912125 
+11.710814315353719195 
+11.715852625369397089 
+11.721055347661515356 
+11.726422655859098043 
+11.731954713010853908 
+11.737651671536820430 
+11.743513673178579637 
+11.749540848952214844 
+11.755733319099469725 
+11.762091193038649806 
+11.768614569317364271 
+11.775303535563086399 
+11.782158168434524015 
+11.789178533574538932 
+11.796364685559636243 
+11.803716667853596078 
+11.811234512757339488 
+11.818918241361767940 
+11.826767863498023559 
+11.834783377690428097 
+11.842964771106814226 
+11.851312019510650941 
+11.859825087212492178 
+11.868503927021148314 
+11.877348480196070923 
+11.886358676398467438 
+11.895534433642410477 
+11.904875658246499626 
+11.914382244786331455 
+11.924054076044397377 
+11.933891022963594608 
+11.943892944596708361 
+11.954059688060084454 
+11.964391088482853931 
+11.974886968960632316 
+11.985547140505429908 
+11.996371401997869555 
+12.007359540139418641 
+12.018511329402556953 
+12.029826531983086824 
+12.041304897751430758 
+12.052946164204751511 
+12.064750056417233637 
+12.076716286993343985 
+12.088844556017772192 
+12.101134551008099649 
+12.113585946865237375 
+12.126198405826269067 
+12.138971577414958247 
+12.151905098393552151 
+12.164998592714928449 
+12.178251671472716922 
+12.191663932854904573 
+12.205234962093255646 
+12.218964331416263036 
+12.232851599999921888 
+12.246896313919616972 
+12.261098006102164604 
+12.275456196276042675 
+12.289970390924208843 
+12.304640083234724912 
+12.319464753052862704 
+12.334443866832364378 
+12.349576877587466583 
+12.364863224843475109 
+12.380302334589277535 
+12.395893619228342430 
+12.411636477530372247 
+12.427530294582732395 
+12.443574441742226711 
+12.459768276586896008 
+12.476111142866583847 
+12.492602370455291094 
+12.509241275302867891 
+12.526027159385607845 
+12.542959310658568839 
+12.560037003007067824 
+12.577259496197466859 
+12.594626035830684074 
+12.612135853290746823 
+12.629788165698542457 
+12.647582175863115950 
+12.665517072232244544 
+12.683592028844934418 
+12.701806205282222706 
+12.720158746619606660 
+12.738648783377522378 
+12.757275431474006666 
+12.776037792174779639 
+12.794934952046078891 
+12.813965982906379892 
+12.833129941776700633 
+12.852425870832295374 
+12.871852797355515463 
+12.891409733686082006 
+12.911095677172562901 
+12.930909610125835840 
+12.950850499767105006 
+12.970917298183310962 
+12.991108942275854332 
+13.011424353713753277 
+13.031862438883694111 
+13.052422088842677184 
+13.073102179270106760 
+13.093901570417902036 
+13.114819107062730907 
+13.135853618457392855 
+13.157003918282700994 
+13.178268804598298303 
+13.199647059795179160 
+13.221137450545953129 
+13.242738727758885275 
+13.264449626525339099 
+13.286268866075193529 
+13.308195149726579132 
+13.330227164837056719 
+13.352363582757078575 
+13.374603058778687270 
+13.396944232089733617 
+13.419385725723586233 
+13.441926146512001239 
+13.464564085035160446 
+13.487298115574933632 
+13.510126796064934496 
+13.533048668043461404 
+13.556062256603020444 
+13.579166070344122375 
+13.602358601325347465 
+13.625638325015351882 
+13.649003700244600523 
+13.672453169156209896 
+13.695985157158375500 
+13.719598072875779593 
+13.743290308099906483 
+13.767060237741919337 
+13.790906219783867215 
+13.814826595230970341 
+13.838819688060596036 
+13.862883805177048657 
+13.887017236360756911 
+13.911218254221042301 
+13.935485114147038388 
+13.959816054259002627 
+13.984209295361690550 
+14.008663040893122087 
+14.033175476878383847 
+14.057744771879635337 
+14.082369076948756614 
+14.107046525577715101 
+14.131775233652154711 
+14.156553299399829982 
+14.181378803345932482 
+14.206249808260524858 
+14.231164359114240270 
+14.256120483025426893 
+14.281116189215822487 
+14.306149468959384663 
+14.331218295535535390 
+14.356320624178845691 
+14.381454392032406275 
+14.406617518097661446 
+14.431807903187802822 
+14.457023429877622789 
+14.482261962456243864 
+14.507521346878188950 
+14.532799410714629218 
+14.558093963104845159 
+14.583402794709193984 
+14.608723677658957740 
+14.634054365508209372 
+14.659392593185710751 
+14.684736076947700667 
+14.710082514326341396 
+14.735429584083680865 
+14.760774946162978694 
+14.786116241639138735 
+14.811451092670953500 
+14.836777102453442723 
+14.862091855168211296 
+14.887392915933986615 
+14.912677830761511544 
+14.937944126501612629 
+14.963189310799128506 
+14.988410872042518207 
+15.013606279317890824 
+15.038772982357610175 
+15.063908411493649453 
+15.089009977608837332 
+15.114075072088509089 
+15.139101066771345927 
+15.164085313902614160 
+15.189025146082844486 
+15.213917876221941583 
+15.238760797489501186 
+15.263551183267004774 
+15.288286287098443950 
+15.312963342642909481 
+15.337579563625848067 
+15.362132143789676064 
+15.386618256845785879 
+15.411035056427778045 
+15.435379676040037467 
+15.459649229011308336 
+15.483840808445940240 
+15.507951487175166250 
+15.531978317708922788 
+15.555918332185610709 
+15.579768542326425163 
+15.603525939386042154 
+15.627187494102324550 
+15.650750156650907741 
+15.674210856593665753 
+15.697566502832421165 
+15.720813983559683180 
+15.743950166209005559 
+15.766971897410023473 
+15.789876002936248156 
+15.812659287658027196 
+15.835318535495133574 
+15.857850509366134162 
+15.880251951141733713 
+15.902519581595260689 
+15.924650100355101756 
+15.946640185856232108 
+15.968486495289816673 
+15.990185664557401424 
+16.011734308220322731 
+16.033129019453159714 
+16.054366369994056640 
+16.075442910095645743 
+16.096355168478911679 
+16.117099652282277589 
+16.137672847013423194 
+16.158071216503383738 
+16.178291202854307329 
+16.198329226394836411 
+16.218181685627548916 
+16.237844957185021855 
+16.257315395776934963 
+16.276589334144770049 
+16.295663083011909578 
+16.314532931036108465 
+16.333195144759173445 
+16.351645968561268063 
+16.369881624610478354 
+16.387898312814364488 
+16.405692210771814388 
+16.423259473725117630 
+16.440596234511883011 
+16.457698603514778313 
+16.474562668614275651 
+16.491184495140682742 
+16.507560125823768971 
+16.523685580746512613 
+16.539556857294773096 
+16.555169930111883758 
+16.570520751044860219 
+16.585605249102005843 
+16.600419330399979856 
+16.614958878116624419 
+16.629219752444100777 
+16.643197790538099667 
+16.656888806470881548 
+16.670288591182085725 
+16.683392912430196731 
+16.696197514745247048 
+16.708698119379505442 
+16.720890424256737106 
+16.732770103929684780 
+16.744332809524554051 
+16.755574168698757376 
+16.766489785587626926 
+16.777075240758534846 
+16.787326091162128705 
+16.797237870082742717 
+16.806806087092176938 
+16.816026227998982279 
+16.824893754801149015 
+16.833404105636812886 
+16.841552694736300566 
+16.849334912374207107 
+16.856746124820809030 
+16.863781674291690393 
+16.870436878903490197 
+16.876707032619471249 
+16.882587405206479048 
+16.888073242183939016 
+16.893159764774708265 
+16.897842169860265216 
+16.902115629926555584 
+16.905975293020929939 
+16.909416282700846068 
+16.912433697984770475 
+16.915022613306668120 
+16.917178078464694124 
+16.918895118574017289 
+16.920168734019107148 
+16.920993900402855559 
+16.921365568500387866 
+16.921278664209356890 
+16.920728088502059450 
+16.919708717378167506 
+16.918215401812123133 
+16.916242967710605427 
+16.913786215858756634 
+16.910839921874849523 
+16.907398836160290045 
+16.903457683852366245 
+16.899011164774833560 
+16.894053953390177014 
+16.888580698750647713 
+16.882586024449434348 
+16.876064528572882750 
+16.869010783652196750 
+16.861419336614030584 
+16.853284708733408337 
+16.844601395584000159 
+16.835363866990036286 
+16.825566566977926186 
+16.815203913728446139 
+16.804270299525782661 
+16.792760090713692023 
+16.780667627641769002 
+16.767987224621357711 
+16.754713169873344469 
+16.740839725483741773 
+16.726361127351207614 
+16.711271585140980989 
+16.695565282235605764 
+16.679236375688880401 
+16.662278996171764334 
+16.644687247929716989 
+16.626455208731080404 
+16.607576929819650502 
+16.588046435866147021 
+16.567857724919083040 
+16.547004768358341664 
+16.525481510842499944 
+16.503281870265720244 
+16.480399737705202057 
+16.456828977374126310 
+16.432563426573768339 
+16.407596895645259139 
+16.381923167918653661 
+16.355535999666873437 
+16.328429120056817681 
+16.300596231099675038 
+16.272031007605676223 
+16.242727097130106984 
+16.212678119930991727 
+16.181877668916541779 
+16.150319309597758632 
+16.117996580039879007 
+16.084902990814143209 
+16.051032024950877997 
+16.016377137887271687 
+15.980931757423352479 
+15.944689283668740387 
+15.907643088999652292 
+15.869786518004623588 
+15.831112887440481174 
+15.791615486182493555 
+15.751287575176014855 
+15.710122387386441289 
+15.668113127753496627 
+15.625252973140227652 
+15.581535072285774390 
+15.536952545758417443 
+15.491498485902834403 
+15.445165956796982343 
+15.397947994198663224 
+15.349837605501587490 
+15.300827769682765478 
+15.250911437256274183 
+15.200081530225407533 
+15.148330942033425117 
+15.095652537513105429 
+15.042039152841645944 
+14.987483595491234212 
+14.931978644177698712 
+14.875517048817078702 
+14.818091530472155881 
+14.759694781308581923 
+14.700319464542175751 
+14.639958214393047342 
+14.578603636036859825 
+14.516248305555391696 
+14.452884769890268046 
+14.388505546790057110 
+14.323103124767868621 
+14.256669963047150063 
+14.189198491517679201 
+14.120681110683996451 
+14.051110191617310008 
+13.980478075910692581 
+13.908777075625675224 
+13.835999473246328506 
+13.762137521630625869 
+13.687183443961107088 
+13.611129433697009006 
+13.533967654527970126 
+13.455690240319484019 
+13.376289295072702146 
+13.295756892868777044 
+13.214085077823677139 
+13.131265864040969404 
+13.047291235558740041 
+12.962153146306384599 
+12.875843520054651492 
+12.788354250363576980 
+12.699677200539239763 
+12.609804203581601811 
+12.518727062137235961 
+12.426437548452422988 
+12.332927404321122111 
+12.238188341041061236 
+12.142212039361078624 
+12.044990149434841697 
+11.946514290771506950 
+11.846776052188419115 
+11.745766991762021547 
+11.643478636778922919 
+11.539902483688116774 
+11.435029998051591704 
+11.328852614496787155 
+11.221361736668679754 
+11.112548737179274383 
+11.002404957560472099 
+10.890921708216817265 
+10.778090268374713290 
+10.663901886034606648 
+10.548347777923842372 
+10.431419129445195892 
+10.313107094633647165 
+10.193402796101812768 
+10.072297324996915435 
+9.949781740947281961 
+9.825847072018628836 
+9.700484314661036223 
+9.573684433664398696 
+9.445438362108676600 
+9.315737001314452925 
+9.184571220795165303 
+9.051931858208524417 
+8.917809719308275263 
+8.782195577895189231 
+8.645080175771280295 
+8.506454222685009725 
+8.366308396291330496 
+8.224633342095110322 
+8.081419673409342863 
+7.936657971301093184 
+7.790338784547138573 
+7.642452629584349566 
+7.492989990459474114 
+7.341941318783119286 
+7.189297033680664306 
+7.035047521742384902 
+6.879183136976148916 
+6.721694200759033677 
+6.562571001788528591 
+6.401803796034880811 
+6.239382806691283534 
+6.075298224125990743 
+5.909540205833604176 
+5.742098876387267126 
+5.572964327391412453 
+5.402126617427911448 
+5.229575772016487711 
+5.055301783557265338 
+4.879294611288361949 
+4.701544181233272113 
+4.522040386155644853 
+4.340773085511965945 
+4.157732105396125810 
+3.972907238499439053 
+3.786288244056874142 
+3.597864847799949750 
+3.407626741908460488 
+3.215563584961125265 
+3.021665001889085822 
+2.825920583927486796 
+2.628319888563861007 
+2.428852439491628878 
+2.227507726562008905 
+2.024275205734846317 
+1.819144299031906442 
+1.612104394485578851 
+1.403144846092871489 
+1.192254973764493187 
+0.979424063279186186 
+0.764641366232797992 
+0.547896099990939689 
+0.329177447641534116 
+0.108474557945386962 
