+9.453815838720311504 
+9.271525811832599828 
+9.094539095075885982 
+8.915623581274957132 
+8.741927969522125252 
+8.569849547250855792 
+8.395918312527946625 
+8.227083656622978580 
+8.056446318134526052 
+7.887460387199834777 
+7.720117721261029686 
+7.557708378405035177 
+7.393595441931720913 
+7.231101637305247465 
+7.073420828220198686 
+6.917279737953009544 
+6.759531443755191660 
+6.606478229916477929 
+6.451865191662024657 
+6.301869244785658353 
+6.150360313749133390 
+6.000407329283086177 
+5.852002411532030379 
+5.710982817262197919 
+5.568482236117256789 
+5.427446290545752561 
+5.290701670107133658 
+5.152543490509543744 
+5.018603883386144382 
+4.883294879058535543 
+4.746696895584659792 
+4.614266492836003764 
+4.480590808945268400 
+4.351009552845272133 
+4.220226196482419923 
+4.093464796632750868 
+3.965543963426855889 
+3.841573293558510294 
+3.718973168855897349 
+3.595276443982791115 
+3.475423812172310001 
+3.356920415664914614 
+3.239759238887265802 
+3.121583344862965959 
+3.009435580795009280 
+2.896259166828397014 
+2.786666914003149031 
+2.676085678190935901 
+2.569022381919818798 
+2.461009292366534318 
+2.356448546799295940 
+2.250976723363060650 
+2.148892271124275055 
+2.048023535204001710 
+1.946300716871290248 
+1.847869299635609863 
+1.748621344776156050 
+1.652601357686680927 
+1.553839212386388446 
+1.458291643491708811 
+1.363964177421115309 
+1.270850166756464006 
+1.178942983341732642 
+1.090075227124359003 
+1.000537596644157645 
+0.913978404621412110 
+0.826784577092391615 
+0.740764990365651244 
+0.655913130570658254 
+0.572222502930841870 
+0.488014204598773205 
+0.406650000788740584 
+0.326427527943824458 
+0.247340367809135486 
+0.167802846319023757 
+0.089434007820901940 
+0.012227094043771203 
-0.065333930592434086 
-0.140214286791755072 
-0.213953003980320133 
-0.285115762691724228 
-0.356613710720001365 
-0.425593282292178188 
-0.494876475912978009 
-0.561698277478452468 
-0.628792573741058902 
-0.694791143667409017 
-0.758412966745259709 
-0.820994862705015649 
-0.882542944964184173 
-0.941838431701176759 
-1.001357941746787716 
-1.058677901361349427 
-1.116192579703110255 
-1.171560197878077858 
-1.227093641535146773 
-1.280531963572935084 
-1.334107626445012684 
-1.386703178359969257 
-1.438324549514589989 
-1.488977651764693988 
-1.538668378649317603 
-1.587402605414839130 
-1.635186189039195881 
-1.682971064942766048 
-1.728851757806328493 
-1.773799387318653942 
-1.817819737254822599 
-1.860918573242740237 
-1.903101642787332182 
-1.944374675294676891 
-1.984743382096196385 
-2.023416889868659752 
-2.062012174080489757 
-2.099720043099997824 
-2.136546136568204801 
-2.172496076171789525 
-2.207575465667238390 
-2.242479177264993240 
-2.275816725364196103 
-2.308300540367062226 
-2.340572985907602543 
-2.371348772244434855 
-2.401287479808313918 
-2.429808840700768968 
-2.457537330693332578 
-2.485030991738062411 
-2.511172822830515017 
-2.536537190280061083 
-2.561633317270938903 
-2.585929903379582839 
-2.609903713587176100 
-2.632601224883178048 
-2.654954425417686892 
-2.676074580540459991 
-2.696422014656558730 
-2.716393632755130128 
-2.735195909812453863 
-2.753241323179231870 
-2.770535087906390359 
-2.787412366015631804 
-2.803203334990318041 
-2.818557918345010904 
-2.832867165776535856 
-2.846450788654026454 
-2.859568943383973050 
-2.871702083809887895 
-2.883350743457096854 
-2.894054120646011086 
-2.903860273537652859 
-2.913182730785415231 
-2.921815077815027806 
-2.929762304655817218 
-2.937029384278760702 
-2.943748805303812333 
-2.949656813978599246 
-2.954899592511207373 
-2.959482045535004602 
-2.963482413465133192 
-2.966745635367081135 
-2.969409975180726136 
-2.971407218899148717 
-2.972722235945990832 
-2.973413718193825162 
-2.973453309546618684 
-2.972846076213164324 
-2.971628303298633256 
-2.969798902473081981 
-2.967306584357936927 
-2.964255822723480094 
-2.960607631459399869 
-2.956366677906860474 
-2.951432969377487225 
-2.946125070348720953 
-2.939876892012744491 
-2.933147474857729975 
-2.925825186054872518 
-2.917750707188201176 
-2.909421384916434761 
-2.900349523731177825 
-2.890902591887188677 
-2.880909304287683881 
-2.870153530670695119 
-2.859070045560674345 
-2.846968306649188207 
-2.834294317858224943 
-2.821053059762752113 
-2.807249493894866887 
-2.792888562773301331 
-2.777975189932940125 
-2.763130844933787245 
-2.747785398403829404 
-2.731943167688068996 
-2.715269994734118342 
-2.698437164682109923 
-2.681120493067494337 
-2.662956079858572522 
-2.644674810638532492 
-2.625534921015656664 
-2.605909031074768123 
-2.585801590771170666 
-2.565217032840651612 
-2.544159772826237287 
-2.522634209104920089 
-2.500200231182963861 
-2.477742039878121361 
-2.454828724035133192 
-2.430992762618068070 
-2.408134579835049749 
-2.384379787984322263 
-2.360701822310790732 
-2.336118044966713825 
-2.311635697757278507 
-2.286238596577087279 
-2.260436556771290739 
-2.234233528517606260 
-2.207633446476938488 
-2.180640229817544906 
-2.152694931270756840 
-2.124919317270469676 
-2.096762312318965371 
-2.067641531975640490 
-2.038131732597117107 
-2.008236979174913728 
-1.977961320088914121 
-1.947308787134105046 
-1.916283395547326407 
-1.885520618107447532 
-1.854407335816944169 
-1.822301655119321850 
-1.790491584367286393 
-1.758342237584049172 
-1.725857301979713654 
-1.692367287626936445 
-1.659215514421841675 
-1.625052653745221676 
-1.591248908437869147 
-1.557127931419492128 
-1.521987331313081171 
-1.487948652689507156 
-1.453615868650103948 
-1.418267925801007578 
-1.383350980095521265 
-1.348149972701811805 
-1.311926035352703579 
-1.275413006285305073 
-1.238614363780758509 
-1.201533571355918539 
-1.163408761321667484 
-1.125768418628323886 
-1.087856297851281795 
-1.049675803392721818 
-1.010442988005511467 
-0.971730596928578549 
-0.931962043506318949 
-0.891928219311642678 
-0.852441116425293188 
-0.811892481088225537 
-0.772726058211599565 
-0.732504691455478252 
-0.692045134550863139 
-0.651350645674924067 
-0.610424468604957582 
-0.568427585996579054 
-0.527043142956273414 
-0.485436722067991155 
-0.442755677827477712 
-0.401570676979895680 
-0.358452879926078438 
-0.315986027073938303 
-0.272440046674526926 
-0.228682750172961136 
-0.184717431368166984 
-0.141432755348144923 
-0.097954514831227968 
-0.055178850272518787 
-0.011326434193591695 
+0.031809941412875631 
+0.075120524885258888 
+0.119510171012287003 
+0.164075430484015072 
+0.207898604636051587 
+0.252802748771763675 
+0.297873685360588780 
+0.344033326366622205 
+0.389432317481421819 
+0.435920643615437697 
+0.481635831427063010 
+0.527503168674385847 
+0.573519792084130842 
+0.619682852104874726 
+0.665989512882820378 
+0.711487656660372281 
+0.758070278329745051 
+0.804788132042254745 
+0.852595924556478479 
+0.899578529040828911 
+0.947650725134220551 
+0.994886837686594916 
+1.042244298866933150 
+1.090690511527986573 
+1.138284881266416804 
+1.185992445126675676 
+1.232833563811148281 
+1.280757336070978525 
+1.327805158587711531 
+1.374951522632652967 
+1.423179186904297566 
+1.470517182001177758 
+1.518935374485193890 
+1.566455043381882462 
+1.615053650736270718 
+1.663739583262438870 
+1.712510299536641689 
+1.761363271278503007 
+1.810295983326873248 
+1.860306923436509940 
+1.909393122640704377 
+1.958551544747847650 
+2.007779727097623201 
+2.057075220027607010 
+2.107443599743919371 
+2.156867666064747446 
+2.206351722658553172 
+2.255893371876021902 
+2.306502967888306443 
+2.356153714564445778 
+2.405854890067924856 
+2.456619923628097446 
+2.507432543727848184 
+2.557272704155073129 
+2.608172286461391209 
+2.658092973768471978 
+2.709069961235835322 
+2.759061861812843297 
+2.809085595780394407 
+2.860160708540757213 
+2.910241926764239651 
+2.961371064299262557 
+3.011500712609018748 
+3.062674688716448657 
+3.112843816225387528 
+3.164053549887904992 
+3.213228697313694759 
+3.263440153113352338 
+3.313661441228630267 
+3.362865298844618600 
+3.413099816647443774 
+3.463337892576496380 
+3.512552147311382988 
+3.563816406168990092 
+3.614052718158829336 
+3.664284336879354065 
+3.715534143637462705 
+3.765750091668313537 
+3.815955245179151412 
+3.866147608564942217 
+3.916325198320071976 
+3.966486043014236351 
+4.016628183268213803 
+4.066749671729729343 
+4.117870750914203626 
+4.167944621563613339 
+4.217992031399699471 
+4.269031569564518236 
+4.319019735089074885 
+4.368975739613396136 
+4.417879256193265824 
+4.467766111070234913 
+4.516598346344181891 
+4.567424958145395841 
+4.617193305761335687 
+4.666918525951639474 
+4.717612229186954664 
+4.767244855767779121 
+4.816828975084238351 
+4.867373188749825275 
+4.917863209798916557 
+4.966280935138843056 
+5.015652414231412948 
+5.063960848083467248 
+5.113217417114541696 
+5.162413417826132722 
+5.211547173284509782 
+5.260617018002023748 
+5.309621297912833882 
+5.358558370348913691 
+5.408423186755865864 
+5.456224378968107303 
+5.503956415317867723 
+5.552609977535247765 
+5.601188321313255614 
+5.649689871633285954 
+5.698113064705841779 
+5.747442102687965182 
+5.795702256451016332 
+5.844861729555359986 
+5.892952598367390493 
+5.941936180331227391 
+5.989851610258526193 
+6.037677958183586213 
+6.086386996607138222 
+6.134028875979586459 
+6.182546645761681781 
+6.230965528413284105 
+6.279284004904129191 
+6.327500568034301054 
+6.375613722407562634 
+6.423621984404669583 
+6.471523882156551721 
+6.517408281018896687 
+6.564144775759193529 
+6.609824460491910969 
+6.656349335945892065 
+6.701819154070694395 
+6.747183240025634632 
+6.793382072375704794 
+6.838528741148474310 
+6.884503089875547488 
+6.929427391268571768 
+6.975172244152311407 
+7.019869308412360454 
+7.067234757302305326 
+7.112619979077113186 
+7.157883654305721599 
+7.203024567049354232 
+7.248958925762247318 
+7.293848140690286641 
+7.337698727268350041 
+7.381426943493903714 
+7.425938806707511830 
+7.469416402533706645 
+7.513670173077949599 
+7.556892757808110872 
+7.599987551512078277 
+7.643847254130037960 
+7.686680618438794355 
+7.730271293148050837 
+7.772839030988313525 
+7.815273796168924925 
+7.859334200088810896 
+7.902371280209542270 
+7.946140562100078242 
+7.988890223802346036 
+8.031496077915063481 
+8.074822148202045469 
+8.117134371803359727 
+8.159299758556011639 
+8.202173280837376623 
+8.244891854457979008 
+8.286604739330879710 
+8.329013506400388067 
+8.371264307251946590 
+8.412515877695041056 
+8.454450990576262370 
+8.496225213811769095 
+8.537837587355443958 
+8.578459771692381608 
+8.619748891562712956 
+8.660873362926594154 
+8.701832267342739513 
+8.741810485446812606 
+8.782438898348829071 
+8.822899068839804571 
+8.863190119659714483 
+8.902510433973077397 
+8.942464079963540868 
+8.981452101273287525 
+9.020274460353530088 
+9.058143151676569360 
+9.096635281646797466 
+9.134959458788280529 
+9.173114932900478635 
+9.211100963071494618 
+9.249686792782538802 
+9.286561774240592371 
+9.323272077545469827 
+9.360576631372392598 
+9.398464170051106237 
+9.438427484938584300 
+9.475193173095743049 
+9.511783767420253000 
+9.548939935761444175 
+9.585174771786176606 
+9.621232555143020448 
+9.657112655415573954 
+9.693541198360192013 
+9.729060419396123649 
+9.764400107609016999 
+9.800275330899559378 
+9.835962377637912368 
+9.871460635307327536 
+9.906769500959395458 
+9.941888381187395041 
+9.976816692099491846 
+10.011553859292035895 
+10.045410291005664405 
+10.079767336033725655 
+10.113931581623001321 
+10.147902490867954484 
+10.181005898544450261 
+10.213922631472579283 
+10.245986133687489783 
+10.278531921636519186 
+10.310231153627180234 
+10.342404184761454289 
+10.373737403996344142 
+10.405535932389868847 
+10.437144636061953307 
+10.468563094627493015 
+10.499790896089667314 
+10.531459047514122318 
+10.562300420887122954 
+10.592949943442256711 
+10.623407236662663067 
+10.654287569144344161 
+10.684966976109329551 
+10.714837494951449770 
+10.745117969777593814 
+10.775196425897320296 
+10.805072514075387602 
+10.833562854877289539 
+10.861866086006989107 
+10.890565673166758387 
+10.918489921115904551 
+10.946802056570387407 
+10.974346213813637618 
+11.002269797994106426 
+11.029432817709132308 
+11.056966812828832758 
+11.084303630204022539 
+11.111994836598986680 
+11.139480235958693299 
+11.166759588864003661 
+11.193293225821445702 
+11.219628544416279325 
+11.245765342894953775 
+11.271176066133183014 
+11.296395928020094956 
+11.321944161920642458 
+11.346777818968988072 
+11.371931473933027945 
+11.396378297648348976 
+11.420633484013098524 
+11.445196181282312864 
+11.469063702428764273 
+11.493230403294566244 
+11.516709774183809145 
+11.540963032839849589 
+11.564528746053843733 
+11.587893926972153480 
+11.611058486406589552 
+11.634488902344966021 
+11.657247882490427315 
+11.679806016442199734 
+11.702617422195579877 
+11.724769590290589960 
+11.746720754091002803 
+11.768470875815596699 
+11.790457607588320954 
+11.811801456416118228 
+11.833373582984977546 
+11.854736295146885539 
+11.875468577491448130 
+11.896416651386168439 
+11.917155328306749951 
+11.937684629311917206 
+11.958004583058722048 
+11.978115225775784580 
+11.998016601236439982 
+12.017708760732070061 
+12.036804152323350436 
+12.056082244823148386 
+12.074771984925611434 
+12.093261059471252850 
+12.111920698005050667 
+12.130004606306542314 
+12.147888120222024355 
+12.165571343110833880 
+12.183409098278966454 
+12.200687994347928722 
+12.218113421490702564 
+12.234988495123282348 
+12.252002136865584703 
+12.268473947122828349 
+12.284746385922504786 
+12.301145561895346248 
+12.317015674181680751 
+12.333004660039097899 
+12.348786755155055417 
+12.364052670388337773 
+12.379425702374820872 
+12.394291129199753954 
+12.409255914513211749 
+12.423428434475258797 
+12.437411438062188296 
+12.451490490492080454 
+12.465091154221715541 
+12.478502947795973910 
+12.492272970777824170 
+12.505569252547580561 
+12.518934762118911763 
+12.531835142063446398 
+12.544797215107722721 
+12.557302773860467227 
+12.569862538765439908 
+12.581974407232685564 
+12.594133043479661893 
+12.605852402438223692 
+12.617144661396295646 
+12.628480633225318996 
+12.639848792811513079 
+12.650794738358136726 
+12.661548128514750644 
+12.672109294232516419 
+12.682688194618336297 
+12.692862022175781078 
+12.702844660265338206 
+12.713032080221964293 
+12.723013174802366265 
+12.732788356787740014 
+12.742172377125509541 
+12.751541015744020768 
+12.760705011531873865 
+12.769317280796322223 
+12.777741443560563184 
+12.785977900630447479 
+12.794189379538233098 
+12.802047840089173292 
+12.809719839110329076 
+12.817205799553130774 
+12.824506149816754075 
+12.831477964197326003 
+12.838412166689401772 
+12.845026153729719454 
+12.851463707649795509 
+12.857853836592878949 
+12.864061010448310185 
+12.870206750641742133 
+12.876045706448438821 
+12.881816700074802284 
+12.887399187094459307 
+12.892793684591669745 
+12.898000715242357472 
+12.903119306011458178 
+12.907949270616647652 
+12.912411177724941069 
+12.916789868353058424 
+12.920907115586144798 
+12.924934985221407047 
+12.928786419621706827 
+12.932388695272681645 
+12.935892435359132691 
+12.939221341626069517 
+12.942375961298489884 
+12.945356846468172307 
+12.948164554069341747 
+12.950747590181665103 
+12.953214138213088091 
+12.955509196585662579 
+12.957716419019694953 
+12.959739145764162416 
+12.961543743232049053 
+12.963203050270328376 
+12.964679845888863241 
+12.965903653830608278 
+12.966987408055024034 
+12.967887456394464607 
+12.968628163074043869 
+12.969230920268294938 
+12.969662072882270465 
+12.969918753944401857 
+12.970012100328187188 
+12.969939025280030620 
+12.969697215562572268 
+12.969306778302033933 
+12.968748900858665607 
+12.968030724338099446 
+12.967172412826917238 
+12.966161532325926942 
+12.964972872650346147 
+12.963655591946542600 
+12.962155466920069813 
+12.960499013225687648 
+12.958648316566394598 
+12.956678103866764218 
+12.954508680769350804 
+12.952227531686791195 
+12.949793539426627476 
+12.947153050381652761 
+12.944412404018441620 
+12.941521052352202403 
+12.938543273919336229 
+12.935355702153289670 
+12.932089134083676996 
+12.928680690821915178 
+12.924980104688032156 
+12.921205649744923250 
+12.917367004913767659 
+12.913304956811876067 
+12.909186017248334366 
+12.904929438485698512 
+12.900442946717587844 
+12.895814517015690370 
+12.891044910566453296 
+12.886236495141265124 
+12.881189675521715898 
+12.876003968767591346 
+12.870790175235644170 
+12.865218999804469036 
+12.859505644372456246 
+12.853769418066113062 
+12.847777014383371608 
+12.841892885795571644 
+12.835754169731981023 
+12.829612191237210084 
+12.823343756048251052 
+12.816815080212521138 
+12.810293415031182462 
+12.803647593381350944 
+12.796736051065554562 
+12.789841675916806096 
+12.782678011384195571 
+12.775388215462285757 
+12.768125693103531404 
+12.760588657664298395 
+12.753085542488928894 
+12.745304542345028409 
+12.737401554967311412 
+12.729377425282679681 
+12.721065541958042289 
+12.712799245905234358 
+12.704414378028179300 
+12.695737053641778402 
+12.687115240465647759 
+12.678197929482763584 
+12.669342693882201800 
+12.660189003319205270 
+12.650917307715587867 
+12.641717453129306392 
+12.632214852148024420 
+12.622983938153470973 
+12.613452041114028290 
+12.603811231189400388 
+12.594062396892301336 
+12.584004177991669593 
+12.574039812406585526 
+12.563970122362938753 
+12.553587291050646968 
+12.543307548929314876 
+12.532712259649903430 
+12.522226157246535649 
+12.511639289194851798 
+12.500952567513618163 
+12.490166906694536664 
+12.479060093500770279 
+12.468077335548784390 
+12.457225470905370912 
+12.446282197689070514 
+12.435017559236175799 
+12.423892224989767641 
+12.412678119521505238 
+12.401139733475325500 
+12.389748916119216915 
+12.378271984053322186 
+12.366468042410122763 
+12.354576223344023944 
+12.342842798136008042 
+12.331026841370464453 
+12.318880516223739363 
+12.306650064408401590 
+12.294084280625632744 
+12.281686767124979198 
+12.268952502482267874 
+12.256134663077959956 
+12.243493079878730256 
+12.230512775683457960 
+12.217451944538511910 
+12.204575192394775840 
+12.191623056752936449 
+12.178596507835896645 
+12.165496517688008993 
+12.152593603754368701 
+12.139351103693217127 
+12.126038069255582030 
+12.112655479493900756 
+12.099204315161200540 
+12.085408968804658869 
+12.071544288886341789 
+12.057890644503785893 
+12.043891775708701175 
+12.029826699565498771 
+12.015979704851220689 
+12.001786644705919826 
+11.987816252130036432 
+11.974073200682175511 
+11.959985842904856668 
+11.946130127469244186 
+11.932220079049530526 
+11.906287961917382034 
+11.891934558507401221 
+11.877528340571256393 
+11.863070313896974639 
+11.848561485541832639 
+11.833705237691020784 
+11.819096847033705444 
+11.804440703881249775 
+11.789437281722737083 
+11.774687747820326678 
+11.759893521302640096 
+11.745055617480424814 
+11.730175052739420849 
+11.714642904950533620 
+11.699372622430333379 
+11.684367791947156690 
+11.669324438863515780 
+11.654243584635633368 
+11.638817361994151511 
+11.623973463191601851 
+11.608786243434762397 
+11.593876569583308367 
+11.578935803378611169 
+11.563652702818425055 
+11.548652050552320247 
+11.533309830158879450 
+11.517939277599507975 
+11.502855930545150542 
+11.487432329045311974 
+11.471983465211476272 
+11.456826383475668507 
+11.441014077528178561 
+11.425495618688914945 
+11.410273366418893559 
+11.394714076603172259 
+11.379135701656108992 
+11.363539276496668506 
+11.348244641393876009 
+11.332296417552200296 
+11.316652055868299698 
+11.300993788126097783 
+11.285322651362772461 
+11.269639682966618111 
+11.253945920653162460 
+11.238242402440487666 
+11.222530166625713122 
+11.207131136256570869 
+11.191404706252988888 
+11.175672653762530828 
+11.160257212743880828 
+11.144517094874441199 
+11.129095748085656936 
+11.113672954794811432 
+11.097928376333806355 
+11.082505642944548541 
+11.066763162877389703 
+11.051023291857630326 
+11.035608173704833490 
+11.019876533945303976 
+11.004150601168523949 
+10.988431414963665489 
+10.972720014814687062 
+10.957337805713400769 
+10.941965042346712522 
+10.926282770474523787 
+10.910932076369189048 
+10.895274368793668174 
+10.879949730947842568 
+10.863683068405215693 
+10.847433795942125201 
+10.831203083308432511 
+10.814992099847067664 
+10.799119258839361635 
+10.783267605467262484 
+10.767754602088208671 
+10.752264039749187319 
+10.736796953401334775 
+10.721039485352621412 
+10.705622985912951250 
+10.690233085336950936 
+10.674557595698313861 
+10.658599373523957254 
+10.642985345826794230 
+10.627092094959728286 
+10.612165271324547788 
+10.596960034924654437 
+10.581788718777696445 
+10.566343816607385975 
+10.551244169362005820 
+10.535874537466575873 
+10.520850749414666581 
+10.505560660184453781 
+10.490921481236082258 
+10.476018048216737100 
+10.461459642153776883 
+10.446942656648054992 
+10.432166954066525832 
+10.417736599240111417 
+10.403350559584946922 
+10.388413256005765817 
+10.373823398029456300 
+10.358986542003828291 
+10.344497193601798202 
+10.329765009252916741 
+10.315380305424875829 
+10.301048922235812810 
+10.286771869116222433 
+10.272260498459630185 
+10.258096289234744702 
+10.243989451448634043 
+10.229654901026963287 
+10.215951906342212396 
+10.202023203772572657 
+10.188155882094529048 
+10.174632043637103607 
+10.160889175775574600 
+10.147210661044553603 
+10.133874654068858234 
+10.120326464245815501 
+10.106845586790283775 
+10.093706048600662228 
+10.080361340773031031 
+10.067086890908786501 
+10.053614979946839725 
+10.040485484896441548 
+10.027429219177516728 
+10.014447163206414260 
+10.001277679975059343 
+9.988448542458499446 
+9.975696565492045309 
+9.963022722488151572 
+9.950427985055625868 
+9.937658762271743385 
+9.925226807488193970 
+9.912876881741388146 
+9.900609949148741151 
+9.888179220622280496 
+9.876082901925094859 
+9.864072476628795272 
+9.852391364815057173 
+9.840553791563548813 
+9.829043833827659782 
+9.817382844104109552 
+9.806047687915240729 
+9.794333657035567242 
+9.782947349496971867 
+9.771654488900587410 
+9.760228463794042852 
+9.749127268427596249 
+9.738122350831343255 
+9.727214643723543830 
+9.716405077536132140 
+9.705912165576290107 
+9.695299613308682396 
+9.684574494007794243 
+9.674166749242452568 
+9.663861762412173206 
+9.653453345567919897 
+9.643153848447289178 
+9.633166948212982916 
+9.623085965695391764 
+9.613315061775342230 
+9.603456368094660078 
+9.593905148708236297 
+9.584464020014859642 
+9.567038340642804783 
+9.557918991122170027 
+9.548913190415992958 
+9.540021823777788512 
+9.531067877541014255 
+9.522410404288486063 
+9.513870022165706430 
+9.505276953591730305 
+9.496975807386677459 
+9.488794383668103904 
+9.480570302651329939 
+9.472794162434110987 
+9.465135390885665245 
+9.457438959842928483 
+9.450019825803464002 
+9.442569694465216656 
+9.429359870662990417 
+9.416569734623346122 
+9.409847660862165952 
+9.403249906740919428 
+9.396643741588691867 
+9.390299595821392842 
+9.383953939970931302 
+9.377866565305211566 
+9.371784634820510718 
+9.365837141014287326 
+9.360024894769363613 
+9.354463178971034409 
+9.348921046057157014 
+9.343516556919063021 
+9.338356590299268234 
+9.333226928195800909 
+9.328337700738364546 
+9.323485963971362978 
+9.318870497517965035 
+9.314299757285658288 
+9.309961046946055419 
+9.305760387532812317 
+9.301615360761365636 
+9.297695884051634607 
+9.293916633548054307 
+9.290204028226094479 
+9.286639051254766741 
+9.283154277852332825 
+9.279889859400489271 
+9.276713331559681919 
+9.273693656850465317 
+9.270831617410960845 
+9.268180506275076169 
+9.265632875799935775 
+9.263245186553680455 
+9.261061163730612833 
+9.258992412074659839 
+9.255711857112201457 
+9.254126618488392353 
+9.252726700922506708 
+9.251454459753675863 
+9.250362485984311434 
+9.249405957978508397 
+9.248609936241056317 
+9.247986441615024589 
+9.247510160262580214 
+9.247196401039458280 
+9.247047269351039489 
+9.247057204104109474 
+9.247236916672719076 
+9.247571230485004179 
+9.248064652781129880 
+9.248717791585619352 
+9.249549907069352983 
+9.250527645707222746 
+9.251717896693438803 
+9.253084086236123440 
+9.254594287385982554 
+9.256310789111578785 
+9.258205193320662829 
+9.260234936189245758 
+9.262436766670113286 
+9.264761096945759888 
+9.267305361325600899 
+9.269966279186439451 
+9.272855300274960300 
+9.275919348381254537 
+9.279091127785697779 
+9.282503360342818866 
+9.289153520928898899 
+9.293064945013654210 
+9.297240009150410600 
+9.301512271157330147 
+9.305963956866671438 
+9.310595607434793308 
+9.315507849445250343 
+9.320504733529027419 
+9.325790763957295226 
+9.331155029587330674 
+9.336701912530250169 
+9.342431923848838693 
+9.348345569539144861 
+9.354317062131837446 
+9.360595701262230506 
+9.367059452147397991 
+9.373708800380107675 
+9.380685665699498799 
+9.387711456746904659 
+9.395073431425810639 
+9.402477583219296164 
+9.410226602196390289 
+9.417850237673487612 
+9.425819642781243957 
+9.433809959556553437 
+9.441982351118262784 
+9.450513227285219031 
+9.459054797611443632 
+9.468147174965798385 
+9.477438874692531101 
+9.486930333170763063 
+9.496426183229313978 
+9.506314427970080416 
+9.516403696242260679 
+9.526486609629372992 
+9.536763364526766651 
+9.547450055938682567 
+9.558119593611593245 
+9.568984093541532232 
+9.580043915318004366 
+9.591299412785815548 
+9.602750934020329865 
+9.614159144245165933 
+9.625999716376561821 
+9.638037314951409584 
+9.650272264844890202 
+9.662449180145502581 
+9.675075740151566350 
+9.688164382698071009 
+9.700924014355807756 
+9.714146325153858896 
+9.727567806147563445 
+9.740908766802840901 
+9.754725353049234826 
+9.768741935606232829 
+9.782958779612430433 
+9.797376144076633153 
+9.812294703452854705 
+9.827117966188993137 
+9.842142494226717275 
+9.857368521683493867 
+9.873113230577532207 
+9.889068219885613686 
+9.904908343745296051 
+9.921280355890742086 
+9.937863309229516773 
+9.954657411783442100 
+9.971662864636121171 
+9.988879861907312474 
+10.006308590726449737 
+10.023594340529836444 
+10.040724809046512433 
+10.058413919648764079 
+10.075939811304252203 
+10.094032870588799611 
+10.111954736308435443 
+10.130452281103780265 
+10.149154341405807855 
+10.168061034420865951 
+10.187172470666716606 
+10.206885097436680709 
+10.226410508314426551 
+10.246140955370282910 
+10.266485506603475031 
+10.286630457771503089 
+10.306563313332530285 
+10.327114670677239872 
+10.347445752445937117 
+10.368403735368991292 
+10.389133232025139719 
+10.410498006253829928 
+10.432068318858867428 
+10.454290737373234776 
+10.476727206857209040 
+10.498922626618528042 
+10.521782932219633011 
+10.544393704200778927 
+10.567677816260850676 
+10.590703882015239046 
+10.613935457432898346 
+10.637372506533910865 
+10.661014986117226755 
+10.685351674839177250 
+10.709409046371478169 
+10.733174466902086763 
+10.757136782987601009 
+10.781801327509244359 
+10.806161301259150420 
+10.831231610532453757 
+10.855988880279731745 
+10.880942598997407345 
+10.906618703982493557 
+10.931969072710067792 
+10.958049841700905347 
+10.983796357290788848 
+11.009738700599941197 
+11.036423349394178572 
+11.062760980395346166 
+11.089848829242466621 
+11.116581101045182933 
+11.144634602494379649 
+11.172332151677297318 
+11.200804052684516066 
+11.228911218924110926 
+11.257800657164237279 
+11.286316563322667861 
+11.315622610940250681 
+11.344546315458289953 
+11.373671491297915992 
+11.402997884030108722 
+11.433129920752669761 
+11.462862045003923583 
+11.492794569479499955 
+11.522927207759618540 
+11.553259665407349388 
+11.584416816736226252 
+11.615152059761406633 
+11.646086183907453204 
+11.677218862259293175 
+11.708549759762160392 
+11.740724035453466101 
+11.772454360814684549 
+11.804381843663094287 
+11.836506115978293607 
+11.868826801479436028 
+11.901343515601340073 
+11.934725498671220123 
+11.967637063222097638 
+12.001421110309625107 
+12.034725852707538252 
+12.068910221827332307 
+12.103296089258934742 
+12.137882983432863426 
+12.171972712584818055 
+12.206956212472492851 
+12.241433665381602935 
+12.276102303974184338 
+12.311675038540531801 
+12.346728455630648469 
+12.382692780026502533 
+12.418128916933543593 
+12.453753697220074415 
+12.490299420662774210 
+12.526303709780695073 
+12.563235554642062652 
+12.598872774121467444 
+12.636184555205485225 
+12.673689282208357554 
+12.710630513195209090 
+12.748515434300129456 
+12.786591424897061131 
+12.824857836106435371 
+12.893441127720372208 
+12.931455728289410700 
+12.968869491752455403 
+13.008025634943390259 
+13.046579623383383506 
+13.085312075010552491 
+13.125018240965946603 
+13.164109172044067719 
+13.203376479872433791 
+13.242819455248252325 
+13.281627106711042074 
+13.322229525773604308 
+13.363012582667666450 
+13.403975484499138560 
+13.444292840042502135 
+13.485609456150493557 
+13.526271880323129437 
+13.567938984078848463 
+13.608943276119706667 
+13.685539200935746607 
+13.727021328001407952 
+13.769520781235238260 
+13.811336728372531013 
+13.853316621666458275 
+13.896321354982703156 
+13.939494976992346409 
+13.982836554299137077 
+14.026345143056616394 
+14.068269626874993605 
+14.111224504956002335 
+14.153455639461164139 
+14.196721749552095204 
+14.241031466987777776 
+14.284611440211484990 
+14.328345320205912117 
+14.372232140532847922 
+14.417171250997304455 
+14.460460687113334544 
+14.503894045792314671 
+14.548379735331085527 
+14.592101041814458995 
+14.635963386425991928 
+14.680883995075763693 
+14.725028373738565435 
+14.770234834082577535 
+14.816511086569622790 
+14.862004987245676091 
+14.907639521917388947 
+14.954349204651009586 
+15.000264523112562642 
+15.046317134557723350 
+15.091561930597901409 
+15.137882993525298758 
+15.184337962223420249 
+15.230925679440026954 
+15.276690215032491693 
+15.324494678815696602 
+15.371473594793497952 
+15.419543217324974904 
+15.466779531679936355 
+15.514141408559726898 
+15.562598009995468828 
+15.610209809963315308 
+15.658918839720591620 
+15.706775454487686972 
+15.754751323594046397 
+15.802845163750500745 
+15.852040774919682775 
+15.901356487977198029 
+15.949801062666040252 
+15.999350442785001292 
+16.049015725434156110 
+16.098795478317391883 
+16.147689303635324620 
+16.197691436364408446 
+16.246800386774069125 
+16.296013716929110160 
+16.345330024197973984 
+16.394747895070981514 
+16.445277509409830685 
+16.493882619070554085 
+16.543596590580193606 
+16.592388888518648571 
+16.642291082026581250 
+16.692286158630221138 
+16.742372628235557386 
+16.792548989678643068 
+16.842813730703539932 
+16.893165327936152664 
+16.944632449314017464 
+16.995154837790064306 
+17.045759413514641523 
+17.097479828274934732 
+17.148245658836618333 
+17.200127317519029901 
+17.251047908160916933 
+17.303084135964944323 
+17.354152898735172528 
+17.405292533149626877 
+17.500448536278540246 
+17.551781540294900452 
+17.603178995693042452 
+17.655690060138745423 
+17.707212558003355696 
+17.759847655849327452 
+17.812542668488063669 
+17.864240129538679014 
+17.917048310137872136 
+17.968853090422847174 
+18.021767097340710251 
+18.073671954012155538 
+18.125623634221007308 
+18.176558733344307939 
+18.227535315821597806 
+18.279614909669440692 
+18.330670053117088969 
+18.383891010836133972 
+18.436083793727227942 
+18.488310562109472102 
+18.539502608438205300 
+18.591791063201299039 
+18.644107831226023109 
+18.695382506441795556 
+18.747749627166612640 
+18.800139282718465239 
+18.896417338080766513 
+18.948860194939516788 
+19.000247285158284427 
+19.052717762005116242 
+19.104128039940512451 
+19.156618214718495352 
+19.210186724865653929 
+19.262688736805912981 
+19.315193487107222836 
+19.366627361444386679 
+19.419131378552123124 
+19.470560502145701776 
+19.523055529015515219 
+19.575542844945921672 
+19.628020306050029120 
+19.680485756023770705 
+19.731866748145534984 
+19.784302012947545535 
+19.836718767865036739 
+19.889114806944387936 
+19.942556496145098066 
+19.994903898620766114 
+20.047223846164143879 
+20.099514082274012594 
+20.152838483856019280 
+20.205061753959064674 
+20.257248420270364875 
+20.310459993846407656 
+20.362565651822425394 
+20.414627697729990530 
+20.466643785605530326 
+20.519671603739084276 
+20.571587627178587354 
+20.622392649199593251 
+20.674201188871627721 
+20.724896306775402621 
+20.775533605014729233 
+20.827163829782527671 
+20.877677283173078138 
+20.930226552327333422 
+20.981654114015313439 
+21.033009163529186480 
+21.085334932900071436 
+21.136535834531354539 
+21.188699060668611196 
+21.239735498465464048 
+21.289647734024960357 
+21.340512920528045271 
+21.390252460530362555 
+21.440936285825554108 
+21.490493176381399110 
+21.540985427767566307 
+21.592404321702264980 
+21.643715562945317288 
+21.693893411593116127 
+21.743962483830603816 
+21.793920093222915568 
+21.844779545398591125 
+21.894503702476001195 
+21.944108200930891428 
+21.993590300183022634 
+22.043953208211547690 
+22.093179593633095692 
+22.142275219941286224 
+22.191237292019749816 
+22.242052949969199460 
+22.291725747570975358 
+22.341250486488988258 
+22.389638165152650373 
+22.437877874773903386 
+22.486946551420011531 
+22.534878506365927819 
+22.582653756413101576 
+22.631239446366684831 
+22.679655812217795585 
+22.728862819128991646 
+22.776927580292117170 
+22.824813511596687476 
+22.872517435089331883 
+22.920984621065677800 
+22.967366471076164913 
+23.013564277139565206 
+23.059574991168318547 
+23.105395551005656785 
+23.151022880404475757 
+23.195528708403891471 
+23.240764392724774012 
+23.285797596861719683 
+23.330625188247484658 
+23.374335539252019345 
+23.418746807169107171 
+23.462043250618986434 
+23.505130352629159063 
+23.548896046421326389 
+23.591550900088016363 
+23.634869022401581162 
+23.677079222476713483 
+23.719937053847523600 
+23.762557496094153464 
+23.804937260468861382 
+23.846215590454427513 
+23.889813796931193224 
+23.931446500598497096 
+23.972825157948502550 
+24.013946407315131637 
+24.055638020357577034 
+24.096228883615481209 
+24.136552096568248515 
+24.177418782832997834 
+24.217190780958905094 
+24.257487832873913192 
+24.296694532231505548 
+24.335616189295528500 
+24.375034711349513827 
+24.413369787799915400 
+24.451409220976291437 
+24.489149471245504230 
+24.527347837756174442 
+24.565227191446616928 
+24.602783723499484836 
+24.639272237126618847 
+24.676178282053321311 
+24.712750058770563300 
+24.748262359963987933 
+24.783446248922487598 
+24.817590132189558005 
+24.852113043091804911 
+24.885602338819033719 
+24.918762439014187748 
+24.952270172811140014 
+24.986100444576226920 
+25.019561798575576717 
+25.052650216672862626 
+25.085361664169340656 
+25.117692089777442277 
+25.149637425591699014 
+25.181193587065145323 
+25.211737095968373978 
+25.241899027488564400 
+25.272279132539587465 
+25.301658233589897407 
+25.331231379472548326 
+25.359811639200586342 
+25.387990550067222273 
+25.416326702737812582 
+25.443682598193042566 
+25.470625108847475104 
+25.497150218462625304 
+25.523782206800191830 
+25.549451677497867053 
+25.574691521400808369 
+25.599497659230706859 
+25.623865995970835030 
+25.648276084981052492 
+25.671747325500657411 
+25.694768300488128432 
+25.717790632396667405 
+25.740781360243634168 
+25.761961552653463770 
+25.782693451583313049 
+25.803390742384717527 
+25.823204584032339426 
+25.842558096614702379 
+25.862224178740930824 
+25.881003720909681931 
+25.899290695410869034 
+25.916722716311742403 
+25.934021857036960057 
+25.950815515951546786 
+25.966772129319505069 
+25.982235372956473896 
+25.997813827219356853 
+26.012552452581871876 
+26.026478968846294748 
+26.040169275917797620 
+26.053060317268375456 
+26.065684816279627967 
+26.077523187874316335 
+26.089294041131093849 
+26.100487919075249010 
+26.110893484532905262 
+26.120930688573192668 
+26.130193386894145391 
+26.138883493352889076 
+26.146996396812532737 
+26.154675074210437913 
+26.161607654736908302 
+26.167825529616930424 
+26.173583178595279719 
+26.178641106168452524 
+26.183205428545942794 
+26.187085325870789632 
+26.190375553255414331 
+26.193121454549586957 
+26.195206383816600493 
+26.196688079405653582 
+26.197573732140121194 
+26.197822577044135528 
+26.197440221712849251 
+26.196382292535581371 
+26.194686146662405690 
+26.192277440353752382 
+26.189247527047999853 
+26.185467587720332006 
+26.180987286591424379 
+26.175912019078985793 
+26.170029428236510682 
+26.163430708386268719 
+26.156110531676574738 
+26.148231648639050917 
+26.139649694486120524 
+26.130556308375073371 
+26.120567601823537984 
+26.110086398967887078 
+26.098670952102942522 
+26.086782287006961667 
+26.073919978096608219 
+26.060604073993722807 
+26.046574552208866749 
+26.031511595608623821 
+26.016025026043021029 
+25.999810015066941560 
+25.982139451776127714 
+25.963667517798032947 
+25.944388592732156695 
+25.924706868656134162 
+25.904239368900171314 
+25.882980750470039766 
+25.860467217879225643 
+25.837593842240487163 
+25.813913103103260482 
+25.788911218023987004 
+25.764107861464381699 
+25.737972478325456649 
+25.711566590388041931 
+25.683784560762017435 
+25.655755087667316161 
+25.626304850233577071 
+25.596003669132468161 
+25.564201161026360865 
+25.532163757900736556 
+25.499258577834023498 
+25.465480011672603666 
+25.430105942656055618 
+25.394545591910080873 
+25.358094804122259802 
+25.320747897874340993 
+25.280918763097528057 
+25.241725339546444928 
+25.200790349690727510 
+25.159745340233875766 
+25.116908972833620339 
+25.073988812008572324 
+25.029226944270089206 
+24.984407916763672119 
+24.937696272782059026 
+24.890954513031779527 
+24.842268663376245286 
+24.793580155164367085 
+24.743919173228412944 
+24.694323055184028703 
+24.642719440093685535 
+24.591208883326949319 
+24.538742474686586093 
+24.481943264680833039 
+24.425197477165976778 
+24.366228571138300651 
+24.307342497426908778 
+24.246177061204623016 
+24.183892236336706816 
+24.122989129864713220 
+24.061040187846778338 
+23.996742516212666629 
+23.932661733894832423 
+23.866175819416504567 
+23.799937882983819293 
+23.732622851541371745 
+23.664224467230312143 
+23.594736453403012177 
+23.524152514594394603 
+23.452466336500148003 
+23.379671585952650048 
+23.304241896576723292 
+23.229187975988420334 
+23.153006239412043499 
+23.077279534262544303 
+23.000458383973921173 
+22.920901614833582016 
+22.840191542984239703 
+22.760004133224825296 
+22.604905354611823043 
+22.521460532122414833 
+22.435104610479186249 
+22.349356031210291462 
+22.260635452872769235 
+22.092668388904336041 
+21.998595235753974464 
+21.905167602664764814 
+21.810509775969755708 
+21.716584490366280136 
+21.619471578268043999 
+21.521108425923106466 
+21.423533940789983632 
+21.320604314763421883 
+21.218449764471383645 
+21.117141461558144755 
+21.012451498398434069 
+20.908646370343991094 
+20.801394097359484192 
+20.695065721822430760 
+20.585224090260481944 
+20.476345896020141879 
+20.363887704962319702 
+20.250097357409998722 
+20.132604278948200260 
+20.016101053140133104 
+19.898244468438939236 
+19.779027465417037490 
+19.658442964854092594 
+19.536483867706586182 
+19.413143055086621303 
+19.288413388240343238 
+19.162287708519230023 
+19.034758837358424444 
+18.903173426733232532 
+18.772787551123904848 
+18.643680990326583213 
+18.510467168573114805 
+18.378576423510459392 
+18.245297584929769386 
+18.107803186281547170 
+17.971698225793765857 
+17.831304430190080268 
+17.689435009111100783 
+17.546082564548875382 
+17.401239678287289792 
+17.251896716943374344 
+17.104019812693721292 
+16.954629937785789195 
+16.676273832701923538 
+16.525703764501720627 
+16.370470799361211078 
+16.213688555577686401 
+16.052101760625308913 
+15.888885800250895031 
+15.727345720597284640 
+15.560880045456901399 
+15.396139589895604161 
+15.229803489566211994 
+15.065307436465980473 
+14.899265514271107236 
+14.728162293363039836 
+14.558974134893631458 
+14.384643860889701372 
+14.208671779919868072 
+14.031050047257032531 
+13.848094723364958725 
+13.667116000101131590 
+13.484463804890822303 
+13.300130209506548340 
+13.114107264891117666 
+12.922538246298973519 
+12.729193432933596952 
+12.534064311833112981 
+12.341098411815547564 
+12.142411157621930684 
+11.941914092404708470 
+11.576431174549835390 
+11.374951031858788753 
+11.175867091651886298 
+10.970876150000126614 
+10.768337342381553157 
+10.559803470935936076 
+10.349467604873774818 
+10.141669144292151827 
+9.923356818705718396 
+9.703142322051125035 
+9.481016807911785804 
+9.256971406789798351 
+9.026458007723544341 
+8.798507286690666618 
+8.577843144963809507 
+8.350722957623013087 
+8.121716331806744904 
+7.886082723433753827 
+7.653238832358989718 
+7.418482831301590252 
+7.181806177713358608 
+6.943200307508996083 
+6.707585116279897619 
+6.460166553125037403 
+6.220729708089292487 
+5.974361061021191688 
+5.726020230307513614 
+5.475698522614050212 
+5.228556378325950327 
+4.974287619535692428 
+4.718011952424644662 
+4.459720597157758704 
+4.204737614996817641 
+3.942430041230986504 
