+9.310802830115290973 
+9.130398064800401059 
+8.955363013359944446 
+8.781990508482442337 
+8.606712672084517735 
+8.429626362565798559 
+8.257806467338490108 
+8.087685383715989218 
+7.915834918905150452 
+7.749120596417888862 
+7.580729046965302587 
+7.414071262289254172 
+7.252420249874672820 
+7.089169378082969430 
+6.930840303250786150 
+6.770962030678163046 
+6.615921359059838913 
+6.459381561769072633 
+6.307595944703579427 
+6.157409134516225180 
+6.005796962106176196 
+5.858815697253891841 
+5.713408836907873933 
+5.569568346847932006 
+5.424398668267393475 
+5.286554452239792035 
+5.147365090704111523 
+5.009710185425300999 
+4.873581813473329305 
+4.741704083636089528 
+4.608574345120833193 
+4.476947664209216526 
+4.344175975946876100 
+4.215562201912570472 
+4.088427888385554709 
+3.960215993196435136 
+3.836047113827500077 
+3.713334298699594527 
+3.592069845876114442 
+3.469815639370062321 
+3.351454058742265651 
+3.234517710314282368 
+3.116656162372484218 
+3.002576155174938144 
+2.889898449160520855 
+2.778615496044080757 
+2.668719769254377816 
+2.558003465152999034 
+2.450887625118637558 
+2.345136409657222920 
+2.242859352406333606 
+2.139787616770174594 
+2.038058402506661260 
+1.937664334282517942 
+1.836590071480261877 
+1.738871127258983407 
+1.642465182970910043 
+1.547364949544531854 
+1.451662306012119430 
+1.357303945347890561 
+1.264282191820731427 
+1.172589392798137453 
+1.082217918716189331 
+0.993160163049559230 
+0.905408542281499251 
+0.820671879564207174 
+0.737175273055168390 
+0.654911649359545933 
+0.573873956195289026 
+0.492438849775897580 
+0.413856604732011135 
+0.336479117362786795 
+0.261842180639490607 
+0.186829092950169695 
+0.114494988753182980 
+0.041819158535556511 
-0.029686262313225242 
-0.098604174666158784 
-0.167812885580788773 
-0.235871577344939354 
-0.301432812570718411 
-0.365903390965716113 
-0.430598730755582082 
-0.492884652501789589 
-0.555363009187525236 
-0.615490071350514256 
-0.674558324870226045 
-0.733771542112267028 
-0.790719206308253320 
-0.847780643024110603 
-0.903764937496319476 
-0.958678667242061522 
-1.012528389312249644 
-1.065320640318661916 
-1.117061936461052341 
-1.167758773554277596 
-1.218420310520132332 
-1.267026651024755424 
-1.315568450295300451 
-1.362110559812823141 
-1.408559337705071357 
-1.453063314727947031 
-1.497445617270066975 
-1.539937393633652007 
-1.581442774941908880 
-1.621968053011752176 
-1.661519499575751624 
-1.700880761135289632 
-1.738483725078520337 
-1.775131679038995713 
-1.811549531954026904 
-1.846286846193761377 
-1.880767898145164096 
-1.914280484090530976 
-1.946831096452688925 
-1.977803626128672221 
-2.007864561471093268 
-2.037019953057525257 
-2.065275831709456611 
-2.092638208519403520 
-2.119644179132748718 
-2.145219578211236211 
-2.169919511889117913 
-2.194704197228583453 
-2.217635852127626706 
-2.239710019128887453 
-2.260932570786165385 
-2.281716447572890161 
-2.301236227391001421 
-2.319548966739878537 
-2.337423392759490071 
-2.354135460536635804 
-2.370710366635091049 
-2.386440778456126566 
-2.401043107740925109 
-2.415119320981439444 
-2.428369079524838270 
-2.440798395376390317 
-2.452188905401577301 
-2.462802835729107187 
-2.472838674703471185 
-2.481900665059269429 
-2.490364495065168882 
-2.497897248592140684 
-2.504681458046126963 
-2.510838218491246110 
-2.516126838155450685 
-2.520683480661604747 
-2.524513592898124159 
-2.527678581635575128 
-2.530015919594282181 
-2.531698933390503115 
-2.532677015644487994 
-2.532955518967140662 
-2.532539777195230712 
-2.531405424903516277 
-2.529603222801426909 
-2.527122772254751126 
-2.523969331894294399 
-2.520063242055789132 
-2.515566056683294249 
-2.510411651656390575 
-2.504479959088580898 
-2.498013500029184542 
-2.490905422190456520 
-2.483160853553501468 
-2.474607427482865774 
-2.465592458881618043 
-2.455956376185572054 
-2.445704233376053693 
-2.434613041832571767 
-2.423131552036624115 
-2.411049155983150172 
-2.398105922681665447 
-2.384824628201732466 
-2.370957414772883354 
-2.356208331421004942 
-2.341172332387069233 
-2.325565235912858242 
-2.309055983214532759 
-2.292309879727982391 
-2.275007335257194896 
-2.257153166036450997 
-2.238370979607102740 
-2.219416925164640730 
-2.199925683889334849 
-2.179901999880570429 
-2.159775259581932616 
-2.139146548615954657 
-2.117574886625975594 
-2.095945219358418043 
-2.073826852449307978 
-2.050271920141023330 
-2.026196355413315331 
-2.001605048626245775 
-1.976502870995428651 
-1.950894674622034586 
-1.925312360616812768 
-1.898716487135628128 
-1.872175479503036755 
-1.844610728507758424 
-1.816563743694022293 
-1.788039263863312911 
-1.759042008911507082 
-1.729576679858903177 
-1.699044689922565965 
-1.669872723793345060 
-1.639661297462312817 
-1.609647694853743261 
-1.579223778562377944 
-1.547747023622152440 
-1.516506311212696190 
-1.484867504872061872 
-1.452163104271436467 
-1.419732049993386980 
-1.385539280749144453 
-1.350932136619210411 
-1.315915081144645171 
-1.281204954744948665 
-1.246109585094782091 
-1.211360913233242798 
-1.175515140577740425 
-1.139296438585304827 
-1.102708906354695984 
-1.065756626116913353 
-1.027678447097635228 
-0.990001613994504481 
-0.951972260748457089 
-0.912807579753456722 
-0.874078224303529439 
-0.834207563818047504 
-0.794794456473439936 
-0.754234328272666232 
-0.714153581916178837 
-0.673748306964593979 
-0.633856720844908850 
-0.593661104736840528 
-0.552318256072165781 
-0.509812977176055782 
-0.466989824286590860 
-0.423852850628229305 
-0.380406091640224986 
-0.336653565006633571 
-0.292599270686372037 
-0.249137125163050754 
-0.206288258094954102 
-0.162270952603400076 
-0.118885371561722408 
-0.074327403431142969 
-0.030419248277125277 
+0.014665010833789793 
+0.059081723140682385 
+0.104678026827247805 
+0.150527615827803274 
+0.195683628516356123 
+0.242024054277154121 
+0.287654046374978378 
+0.334471374443241487 
+0.380561756559146147 
+0.427842176276127972 
+0.474379480082525617 
+0.522109304167006627 
+0.570060982538819871 
+0.618231069654918031 
+0.666616135755134565 
+0.715212766835033875 
+0.765015724653311580 
+0.814029450724149228 
+0.863244525475458602 
+0.912657597973657531 
+0.963279739241647448 
+1.012064410547120374 
+1.061029523631214389 
+1.111197652129108704 
+1.160517986610937413 
+1.210009467525798854 
+1.260705386745891943 
+1.311573253383233606 
+1.362609855161828420 
+1.414858638117854284 
+1.466226415214518575 
+1.518806522525128599 
+1.570492551496886158 
+1.623390860334771979 
+1.676444930268707445 
+1.729651463225605035 
+1.781938622476480383 
+1.834365982191576094 
+1.886930484188448887 
+1.939629085387793772 
+1.993538257968400451 
+2.046498570778799042 
+2.099583882875292851 
+2.152791211625665113 
+2.206117589364663623 
+2.260651914307362453 
+2.314209825631242445 
+2.367877912981842137 
+2.421653268593559005 
+2.476633652459452328 
+2.530616922099592436 
+2.584698767298206690 
+2.638876339750888533 
+2.693146805875026750 
+2.748617663775433151 
+2.804179331272702136 
+2.858715012886949403 
+2.914447756018113012 
+2.969145444179526194 
+3.025037768043303821 
+3.079886257779669734 
+3.134805278116379768 
+3.189792127926817322 
+3.245968290110382348 
+3.301084000440059896 
+3.356259469352596447 
+3.412619825487531955 
+3.466779124452946448 
+3.522118067225156857 
+3.577506281694781798 
+3.632941181853057699 
+3.687287547083039740 
+3.742807294871303370 
+3.798366107362659783 
+3.853961455020206373 
+3.909590822429951373 
+3.964115473203997375 
+4.019804822528160848 
+4.074383470075649605 
+4.130123108198106685 
+4.187022696426788038 
+4.242803778035244555 
+4.299740605849168951 
+4.355553262162985106 
+4.411377930555743454 
+4.466072679019958969 
+4.521914133420653847 
+4.576620804761979855 
+4.632469842520754000 
+4.687179474223269082 
+4.741887288092509145 
+4.798870336313988183 
+4.854707204607767501 
+4.910535337622065732 
+4.966352482291318537 
+5.023295101212915448 
+5.079083225831456438 
+5.134853639281694804 
+5.190604142938767929 
+5.247469620802628576 
+5.303173245107596578 
+5.358850400567254368 
+5.414498942559053063 
+5.470116739824424812 
+5.529103719066755573 
+5.586917957216346764 
+5.643559401706356837 
+5.700159831862164239 
+5.756717055683645334 
+5.813228895478753877 
+5.869693187833579628 
+5.924979992526321126 
+5.979090282317994109 
+6.033150966473611376 
+6.088284811546414765 
+6.142239571554718225 
+6.197261436656321010 
+6.252223830352656719 
+6.308244595972321456 
+6.363080950971523819 
+6.417852037929880460 
+6.472555963601768880 
+6.527190847585710998 
+6.581754822297321894 
+6.635134706927752646 
+6.689552852376342784 
+6.745002806641149817 
+6.799264723812017408 
+6.853446585095552379 
+6.908649816448278358 
+6.962664479750488411 
+7.017693410183301950 
+7.070435770067405201 
+7.123092800784520229 
+7.175662877742809087 
+7.229236799363107480 
+7.281626245555941068 
+7.333923900125946638 
+7.387214769729633090 
+7.440406671358327451 
+7.492415471581166386 
+7.545406589164018740 
+7.598293845079489017 
+7.651075621387995795 
+7.703750312399654909 
+7.756316324647192673 
+7.809841443326416055 
+7.862183067918426360 
+7.914411274760260184 
+7.967586847059539679 
+8.019581203365120814 
+8.071457513444750376 
+8.124269274088247172 
+8.175902493271749449 
+8.226363144542819583 
+8.277752307847602964 
+8.327971069657772674 
+8.379110454368722927 
+8.429081765994213882 
+8.479965741577592198 
+8.529684132390693563 
+8.580307160077538242 
+8.629767249138659224 
+8.680123881508297501 
+8.730343900996585305 
+8.780425952416006652 
+8.831386471903412527 
+8.881185684149519588 
+8.931854830793332312 
+8.981365815246949325 
+9.031738139149567246 
+9.080955602518001157 
+9.130025858663524119 
+9.177950734100637220 
+9.226725869128683755 
+9.275350070349617226 
+9.323822109743550968 
+9.372140770645261298 
+9.419323460457837527 
+9.467334950663584436 
+9.515189504263704023 
+9.561914140767946435 
+9.609454579047124412 
+9.656834622455303219 
+9.703091111645099076 
+9.750150292055565160 
+9.797045718460255515 
+9.842824255670215905 
+9.888443565138265612 
+9.934847980889820462 
+9.981084331270290377 
+10.026213104712763169 
+10.072113633748108086 
+10.117842966348685962 
+10.163400073396244849 
+10.207859473731033972 
+10.252151682168189950 
+10.297193218751173660 
+10.341144710169723808 
+10.384926209101466910 
+10.429443538776608236 
+10.472878752469544139 
+10.517040722838856937 
+10.560126027819514150 
+10.603036866814505856 
+10.645772382108841470 
+10.689216499342805378 
+10.731595136467246832 
+10.774673203722738180 
+10.816691579770827403 
+10.859400184371519771 
+10.902786688441969076 
+10.945114777853632404 
+10.987253273965661649 
+11.030055453029959267 
+11.070958221519381581 
+11.112523066378951597 
+11.153052709815717947 
+11.194235122431456020 
+11.236057661634877292 
+11.276846655633185890 
+11.317439793909757739 
+11.357836339587592533 
+11.397217150647014350 
+11.437222389579538628 
+11.477028900185995752 
+11.516635985683381094 
+11.555240740110992448 
+11.594451029471228409 
+11.632665795825523958 
+11.671476675017268931 
+11.709298930332485256 
+11.747707862227576570 
+11.785912808344097158 
+11.823913150598333033 
+11.862477468934205405 
+11.900062581972122189 
+11.937441283625609856 
+11.974612995014265238 
+12.012329352270771921 
+12.049081132108581116 
+12.085624231907516446 
+12.121958111552228132 
+12.158817279959841073 
+12.194726840601793683 
+12.231151955621353267 
+12.265913079583848244 
+12.300470972083306975 
+12.335538722623475394 
+12.369684541430443048 
+12.404330714441162087 
+12.438062676869517276 
+12.472981681392486308 
+12.507677313710608757 
+12.541461880279735297 
+12.575713906496167382 
+12.609741237737468467 
+12.642869614611138118 
+12.676450808470598020 
+12.709141184481500986 
+12.741614206651691532 
+12.773869512688566630 
+12.806558297473834784 
+12.838372659626136496 
+12.869968266253181355 
+12.901344791310336291 
+12.933135490796004774 
+12.964068423384725648 
+12.994781343833526677 
+13.025893964386392909 
+13.056161494111497845 
+13.085597174157841849 
+13.115427231950345544 
+13.144433870186524871 
+13.173825456565561254 
+13.202995188589440545 
+13.231942837149064829 
+13.260668181784772912 
+13.289171010659510230 
+13.317451120531428543 
+13.344937950336603905 
+13.372776601584881462 
+13.400391978945586757 
+13.427783913114170744 
+13.454952243246182775 
+13.482444375339472487 
+13.509160477733122008 
+13.535652541366658852 
+13.561920439135715100 
+13.588493218454431144 
+13.614307855865996899 
+13.639897993936036968 
+13.665263538861790238 
+13.690404405055584647 
+13.715826666425625646 
+13.740513362180283963 
+13.764975170296409601 
+13.788719656765241695 
+13.812736131112099969 
+13.836044293818257955 
+13.859615289896396462 
+13.882487017783107675 
+13.905612453246231297 
+13.928512800007510464 
+13.950727550175731295 
+13.973182328639421002 
+13.995412049587535819 
+14.017416739116328017 
+14.039196431131927056 
+14.061188717918156499 
+14.082513958372725682 
+14.103614350867612615 
+14.124913653265497970 
+14.145559967496469156 
+14.165981653574956312 
+14.186178799627221281 
+14.206151501371286017 
+14.225899862089926629 
+14.245027781560498426 
+14.264332372678946825 
+14.283025813133935600 
+14.301887127066695626 
+14.320524723020350066 
+14.338938748794463507 
+14.357129359564424931 
+14.375096717854438211 
+14.392840993510482406 
+14.410717622971331409 
+14.428011728690727011 
+14.445083308958871271 
+14.461932562784094003 
+14.478559696360033371 
+14.495297414549877857 
+14.511476432948114734 
+14.527433997238617280 
+14.543170342229910119 
+14.559000050777683555 
+14.574290187742834135 
+14.589359857316871683 
+14.604510081834781943 
+14.619135126922579104 
+14.633540520089944437 
+14.648013773813104876 
+14.661693492981388687 
+14.675441660983270964 
+14.688697419194134852 
+14.702013396670922774 
+14.714846388024412249 
+14.727731420135977913 
+14.740399248108165153 
+14.752850209641671597 
+14.764837128657561038 
+14.776859805062880326 
+14.788666660515481510 
+14.800023651076610776 
+14.811404348854479096 
+14.822570329419892943 
+14.833521976137427956 
+14.844476590727138543 
+14.854996391683174650 
+14.865303055782733921 
+14.875396992172284172 
+14.885478074425021688 
+14.895143488327914127 
+14.904597448722125108 
+14.913840390097792721 
+14.923054897634163041 
+14.931872845660329574 
+14.940481124755070397 
+14.948880194313607817 
+14.957070519857751378 
+14.965213306791767423 
+14.972983329551873055 
+14.980698237485036373 
+14.988049932581148482 
+14.995195322583448672 
+15.002274394329807805 
+15.009004501575116564 
+15.015529837917526379 
+15.021977801843274136 
+15.028091009485734730 
+15.034001034066445612 
+15.039822783889857050 
+15.045323941467660944 
+15.050729617496379831 
+15.055824149215371932 
+15.060816062386804148 
+15.065506256427408260 
+15.069997184629162490 
+15.074289424565527895 
+15.078465054545169721 
+15.082357648186015098 
+15.086126707859932594 
+15.089622081323515346 
+15.092921762367801364 
+15.096087694095206899 
+15.098993866102691896 
+15.101706207265522153 
+15.104225344730551228 
+15.106597391271520792 
+15.108728113761394241 
+15.110667559071060850 
+15.112450085448990933 
+15.114064499424186394 
+15.115448202606263095 
+15.116635531601859910 
+15.117627197890653790 
+15.118423918497025937 
+15.119016264697730634 
+15.119422764132686154 
+15.119644106992453203 
+15.119680988472048000 
+15.119529202752513442 
+15.119195538477509189 
+15.118679542705429242 
+15.117965807483656704 
+15.117063732210084481 
+15.115997713157867111 
+15.114725001833132723 
+15.113297253829374611 
+15.111656966279745973 
+15.109870507576658838 
+15.107865743558637206 
+15.105723631313939137 
+15.103406631410525307 
+15.100968081568076684 
+15.098307130067070148 
+15.095473577787860364 
+15.092531247911699310 
+15.089358311184607686 
+15.086085026478336601 
+15.082575783460079322 
+15.078897834942360134 
+15.075132139550417421 
+15.071122582745950069 
+15.066946713140193737 
+15.062605342404099318 
+15.058005617171462021 
+15.053332360742796681 
+15.048395689506882889 
+15.043393913296513986 
+15.038123748401455160 
+15.032796852980489177 
+15.027196681907263098 
+15.021548102054705254 
+15.015741585797433899 
+15.009654651210931675 
+15.003531648156577916 
+14.997253299663915627 
+14.990687586964551059 
+14.983961949217594167 
+14.977077314836622079 
+14.970177013392538257 
+14.962980321149423446 
+14.955924527011671188 
+14.948574116909881582 
+14.941229961746577359 
+14.933744384001087724 
+14.925957863155591809 
+14.918025751957095792 
+14.909948958198068425 
+14.901897591028429702 
+14.893537076334794733 
+14.885034605430437438 
+14.876213240380060654 
+14.867426777298813789 
+14.858501153987733190 
+14.849250893919762717 
+14.840046959705130547 
+14.830898667231039667 
+14.821425764718624052 
+14.812015806376894744 
+14.802277644219634212 
+14.792609665689372633 
+14.782609978391619165 
+14.772479608285514985 
+14.762219518081797887 
+14.751617322629815732 
+14.741098095434921333 
+14.730452075307923110 
+14.719680237705112802 
+14.708559887045923986 
+14.697536835784479337 
+14.686390932047498126 
+14.674891947187141739 
+14.663500848303680613 
+14.651989889497780695 
+14.640360067490412632 
+14.628371413019376490 
+14.616504491928717258 
+14.604521735705471741 
+14.592424152609993371 
+14.580463096928973243 
+14.568141187980284457 
+14.555707472870775376 
+14.543162970851536642 
+14.530768044652724313 
+14.518007246247371711 
+14.504874976092843042 
+14.491897572419418339 
+14.478814517960699959 
+14.465626847725733484 
+14.452063278084652964 
+14.438392964450640577 
+14.424617014564809381 
+14.410736538823751829 
+14.396752650249133865 
+14.382666464457402711 
+14.368194328000594595 
+14.353904915137231768 
+14.339516589666933655 
+14.325321150600625941 
+14.310740301700690225 
+14.296358359164768714 
+14.281885716021886168 
+14.267621518920140744 
+14.252972478771150477 
+14.238537541504079798 
+14.224019639228234979 
+14.209114756288951043 
+14.194432287023666106 
+14.179669916120023032 
+14.164518637034245074 
+14.149597906707846562 
+14.134600354794198296 
+14.119212177645996675 
+14.104062506904121221 
+14.088521179932879335 
+14.073223582866082992 
+14.057854340026006312 
+14.042092075869067713 
+14.026257323863180915 
+14.010676506297674138 
+13.994701506345492703 
+13.978657303754699726 
+13.962215480668799472 
+13.946034836410770907 
+13.929788334551577833 
+13.913477085731649652 
+13.896767366040712943 
+13.880328696966838464 
+13.863828644681269964 
+13.847268325800214939 
+13.830309077526283801 
+13.813630408345808576 
+13.796894853706533013 
+13.780103535761934808 
+13.763601911786127019 
+13.747048912670901899 
+13.730099166961831969 
+13.713445579052340406 
+13.696395358702718070 
+13.678946597112872752 
+13.661798394745090945 
+13.644252007551866512 
+13.626658107457227942 
+13.609017899332114254 
+13.591686729569918413 
+13.574313379905225574 
+13.556543172278388454 
+13.539088072471679780 
+13.521236817491384841 
+13.503346433590674991 
+13.485418132831920701 
+13.468172417870899693 
+13.450893950546907618 
+13.432861877912273485 
+13.415158269933387558 
+13.397423962710144352 
+13.379297274240901316 
+13.361504437787342425 
+13.343684363906753276 
+13.325838200041410175 
+13.307602126139538967 
+13.289706753394607830 
+13.271422859139896389 
+13.253482968478133230 
+13.235156042751874850 
+13.217176329305386773 
+13.198811165012749314 
+13.180796327630785569 
+13.162397721239671000 
+13.144352462037387497 
+13.126293886058531868 
+13.107854237022561250 
+13.089403147782787684 
+13.071311162086226787 
+13.052841036915747708 
+13.034732750816642621 
+13.016987881091399260 
+12.998868192754834183 
+12.981114368845453555 
+12.962987801473193628 
+12.945229454583863316 
+12.927470508552008965 
+12.909342093565262743 
+12.891585248987645684 
+12.873831083270736997 
+12.855710929191896952 
+12.837965488712864470 
+12.819856502955957467 
+12.802124217757601343 
+12.784400080491794327 
+12.766316220857941488 
+12.748243135357601119 
+12.730181976960718515 
+12.712502088134224110 
+12.694100051863134837 
+12.676081589527376181 
+12.657712456964272718 
+12.639728590363068506 
+12.621397156754657232 
+12.603452583460036607 
+12.585163640325419010 
+12.567263054030286540 
+12.549385974252690090 
+12.531169478766679859 
+12.513343394606652126 
+12.495544283210890057 
+12.477410918430837938 
+12.459308049429738574 
+12.441597997180203095 
+12.423559097924615102 
+12.405914070598790033 
+12.388662017423431649 
+12.371085225352455694 
+12.353902205739801801 
+12.336754966287010404 
+12.319288511042755019 
+12.301861596726206827 
+12.284120971147192591 
+12.266777415175880606 
+12.249124214916935927 
+12.231868652142662057 
+12.214307602316644363 
+12.197144658996259992 
+12.179680475715294108 
+12.162614769058814446 
+12.145252158972956735 
+12.128288296691788872 
+12.111031956527803288 
+12.094174536382661600 
+12.077371497533704314 
+12.060623962473881576 
+12.043593019000001121 
+12.026961043766155157 
+12.010387954524825105 
+11.993874868259364774 
+11.977087790271948364 
+11.960365534562376055 
+11.944041753732944855 
+11.927451331842224391 
+11.910929249858611456 
+11.894476684834192071 
+11.878094812082778731 
+11.862435810899475186 
+11.846844077984517440 
+11.830997977447886171 
+11.815545340496623083 
+11.799843386470213247 
+11.784534059727006294 
+11.768980547403032233 
+11.753818731592536651 
+11.738731460288764907 
+11.723407824071799155 
+11.708164024273120418 
+11.693309776380187870 
+11.678534198828389279 
+11.663532998145884179 
+11.648615918105230449 
+11.634085868584747914 
+11.619338487725849873 
+11.604976735676189037 
+11.590403258882787441 
+11.575919223871904862 
+11.561525697276231028 
+11.547223743532427420 
+11.533014424854577840 
+11.518611710258950254 
+11.504592784053848220 
+11.490952867445011876 
+11.477124665765664702 
+11.463673600298484700 
+11.450040240558296389 
+11.436782050554036516 
+11.423347631557726700 
+11.410286322904246603 
+11.396785976311923250 
+11.383660814735652167 
+11.370640809412217109 
+11.357726991296583918 
+11.344660153067504638 
+11.331964011467425379 
+11.319377155074674235 
+11.307154118394969089 
+11.294786608646100845 
+11.282531416256837531 
+11.270636207036357490 
+11.258606339583305811 
+11.246691797102036148 
+11.234893583371469816 
+11.222975542587130704 
+11.211180729615975338 
+11.199510201618631200 
+11.188194681210974935 
+11.176773343730960875 
+11.165479422449822167 
+11.154758100526970921 
+11.143936488792009598 
+11.133457219803460703 
+11.123099113415655381 
+11.112651135914560996 
+11.102540660581439624 
+11.092554094867409731 
+11.082488222689121926 
+11.072553376104732337 
+11.062949242651397341 
+11.053276585287688860 
+11.043931113026284052 
+11.034524359863809195 
+11.025441175193845922 
+11.016118971748221966 
+11.006757930602608653 
+10.998084645420354022 
+10.989368726348956784 
+10.980793207733226424 
+10.972529717748482625 
+10.964234845605968616 
+10.956248030956990291 
+10.948075407502118495 
+10.940212657133816521 
+10.932495756826945410 
+10.924772646537428855 
+10.917353160751106955 
+10.909935394258804209 
+10.902960734404476995 
+10.895989564414460204 
+10.889169597198257833 
+10.882501708407204433 
+10.876118193126641742 
+10.869753924713968729 
+10.863669495507393137 
+10.857612233059764861 
+10.851830191287044514 
+10.846083289388989357 
+10.840606905836798646 
+10.835282976052262427 
+10.830006202129169424 
+10.824684554636363032 
+10.819537747512146808 
+10.814854244882358358 
+10.810327217954087686 
+10.805868076857430893 
+10.801659606375084266 
+10.797527250117060049 
+10.793481970241797896 
+10.789686393206856962 
+10.786058710978871034 
+10.782530886520415692 
+10.779244834506659600 
+10.776067249232719192 
+10.773067788323690053 
+10.770247274735115894 
+10.767606526485941743 
+10.765146356629365698 
+10.762867573221221562 
+10.760851334984561589 
+10.758967014473462598 
+10.757259151065440506 
+10.755757948473805286 
+10.754401581191681103 
+10.753223867200768282 
+10.752244110374306274 
+10.751407304524750685 
+10.750781092620465884 
+10.750321507169198654 
+10.750047984086265274 
+10.749949817982123790 
+10.750031683596745324 
+10.750290398622521337 
+10.750748647236903821 
+10.751370434566267065 
+10.752171025613401767 
+10.753173383272658370 
+10.754337234239974563 
+10.755681786890757934 
+10.757241381502787192 
+10.758952985761359500 
+10.760888553441272819 
+10.763015005713816308 
+10.765283755801588583 
+10.767843108412064268 
+10.770546017724877075 
+10.773503455848533861 
+10.776597751742780673 
+10.779955841069240208 
+10.783444015577577701 
+10.787205276083209782 
+10.791089776213738105 
+10.795256681700402979 
+10.799539908984209902 
+10.804021360433502252 
+10.808799196658480213 
+10.813682879636992595 
+10.818660746170397857 
+10.823830989601201935 
+10.829307912649561274 
+10.834868486881049421 
+10.840744931195823497 
+10.846823990432250540 
+10.853236517422557128 
+10.859726539896918496 
+10.866420747670479940 
+10.873319648826843320 
+10.880423745514729461 
+10.887733533920856743 
+10.895094052929660933 
+10.902812466874566510 
+10.910574195864020552 
+10.918535135138331071 
+10.926867861366684309 
+10.935409101739230309 
+10.943978642865907602 
+10.952749131034885011 
+10.961910039343443657 
+10.971087869885227661 
+10.980467884711680782 
+10.990252276246419427 
+11.000042080502760555 
+11.010245609878399620 
+11.020661474465393681 
+11.031071033213454058 
+11.042131795472176492 
+11.053187028918101120 
+11.064456151572640508 
+11.076176124070588713 
+11.088119581253458534 
+11.100532537073965145 
+11.113178800383245459 
+11.125803963697020293 
+11.138913409031227175 
+11.152257299425595960 
+11.165299074851589012 
+11.178557923855283462 
+11.192311448319962608 
+11.206009816695370773 
+11.219926177530371803 
+11.234060821352656490 
+11.248709232233984778 
+11.262986085746021558 
+11.278081396858651075 
+11.293096420069305807 
+11.308331080625579901 
+11.324103317497860033 
+11.339782487067379790 
+11.356008800566229411 
+11.371802156045417220 
+11.388143103408541634 
+11.405045381848349706 
+11.422178021519856728 
+11.439541233568505163 
+11.457135221319163065 
+11.474960180245320274 
+11.493016297939458781 
+11.511303754082481632 
+11.529450071215659790 
+11.547818884973283460 
+11.566792078910419050 
+11.585610867000550428 
+11.605043500797227907 
+11.624708375649930758 
+11.644205392773194774 
+11.664330462743558670 
+11.684688119073921797 
+11.704864373569058955 
+11.725682836724541147 
+11.746734158645727675 
+11.767590445962410328 
+11.788670505604553540 
+11.809537381762380548 
+11.830619087304954817 
+11.852361623290919468 
+11.873877569963980250 
+11.895608437124552736 
+11.918473313480349773 
+11.941107171993678548 
+11.963965025409310172 
+11.987046866628951136 
+12.010830641388837492 
+12.034364975193820868 
+12.058123226973075148 
+12.082105357495695586 
+12.105815083216135974 
+12.129739545682440394 
+12.154383866533038372 
+12.178742086927570654 
+12.203314841572453275 
+12.228102048297913029 
+12.253626762163298380 
+12.278847059001529729 
+12.305345928452165793 
+12.332077046287604816 
+12.359040275852169799 
+12.386235471429653643 
+12.413662478214309459 
+12.440210340631917774 
+12.468091213375334547 
+12.495638876580629884 
+12.523408500005853483 
+12.551399895359653058 
+12.579612865801836463 
+12.608629802061383174 
+12.637289808926555068 
+12.666170744168677942 
+12.695272376308317064 
+12.724594465181702674 
+12.754741957013601805 
+12.784508690027855948 
+12.815109354406528652 
+12.845319643430279655 
+12.875749045379063062 
+12.907025017284382784 
+12.937896212944814067 
+12.969622356049733014 
+13.000934075227529974 
+13.033109055838810519 
+13.064859954576810708 
+13.096827704986788277 
+13.129671023630349325 
+13.162075805910260939 
+13.194696335547847710 
+13.227532228626017741 
+13.260583092080139522 
+13.294529641313042490 
+13.328013595789386159 
+13.361711277602015713 
+13.395622256631527947 
+13.429746093473347912 
+13.464082339410662570 
+13.498630536389390144 
+13.532678724924881664 
+13.567645110895456995 
+13.602102030020937207 
+13.637484700263076576 
+13.672348448236650853 
+13.708145424642516730 
+13.744150914301979327 
+13.780364384057769200 
+13.816785291171544969 
+13.853413083295976094 
+13.890247198448239629 
+13.928045118917658840 
+13.965294336521903773 
+14.002748120956749034 
+14.040405871227441992 
+14.077492272319418021 
+14.115551980988254144 
+14.153030937019146052 
+14.191490134475559515 
+14.229359188799769242 
+14.268215328897850824 
+14.306471949690822143 
+14.345722409332470448 
+14.384363989185056099 
+14.423195076512190127 
+14.463029923413314393 
+14.502241930294857752 
+14.542464214317682547 
+14.583707974216228109 
+14.624322697730203657 
+14.665130517423788703 
+14.706130663742833065 
+14.747322356904325247 
+14.789551327291238891 
+14.831127601990893083 
+14.873747324598967978 
+14.915704870897476653 
+14.956987906143179856 
+14.999315729018938725 
+15.040959858081270895 
+15.082781452807974887 
+15.125656528385498234 
+15.168714802516198858 
+15.212839734000613845 
+15.256265405587189576 
+15.299871543601916812 
+15.343657222199464485 
+15.387621504898683966 
+15.431763444554089659 
+15.476082083330389594 
+15.520576452673861212 
+15.564332218307225020 
+15.609171563938803118 
+15.654183690433656650 
+15.699367586316986589 
+15.743794924340397401 
+15.788385140179842736 
+15.834071302816635551 
+15.880862653935398754 
+15.926886455619630567 
+15.973075751075665352 
+16.019429452514810208 
+16.065946461105749421 
+16.111671416172743676 
+16.158508422278529792 
+16.206466175278070097 
+16.253625202374067271 
+16.300941875885456511 
+16.348415030158715666 
+16.397017106420562982 
+16.443826062189511816 
+16.491761552371542621 
+16.539848748110394183 
+16.588086427320728689 
+16.635484384512974287 
+16.684016310920938508 
+16.732695011985143196 
+16.782517138754119657 
+16.831488505238656472 
+16.880602783017653934 
+16.929858669864138676 
+16.980264388867947645 
+17.029802363147631183 
+17.079477942951772462 
+17.129289779422521178 
+17.180257228089303112 
+17.229316768571596441 
+17.279529165092519349 
+17.328843597239849572 
+17.379313449514455669 
+17.428877370786935330 
+17.479599117945774367 
+17.530445967761838943 
+17.582457957340949406 
+17.633553115680943080 
+17.685815414709772142 
+17.738201779319123119 
+17.789659246375649104 
+17.842286537818491610 
+17.895033098328696042 
+17.947897292328118368 
+17.999816741617127747 
+18.052908973257004277 
+18.106113886434190619 
+18.159429793171440792 
+18.211785428271547005 
+18.264244414242675418 
+18.317878840581570898 
+18.370541664035883400 
+18.423302890227592599 
+18.476160856137529009 
+18.528032273145257136 
+18.581076791206619703 
+18.633127702085857891 
+18.686352110433443130 
+18.739664827871127528 
+18.791973481972064519 
+18.845455880041946273 
+18.897927381854572104 
+18.951572555559700106 
+19.005297300047509168 
+19.059099815702509773 
+19.111877982274396715 
+19.165829096087819039 
+19.218749313514891242 
+19.272841824873239602 
+19.328109026762263056 
+19.382338323412518832 
+19.435523796543677122 
+19.489879638380298132 
+19.543185412463614625 
+19.597660298451238248 
+19.651078976462549974 
+19.706779874435490285 
+19.760305008202781352 
+19.814996106822530209 
+19.868618975895103063 
+19.923405931155087956 
+19.977118840902811314 
+20.030873430292068349 
+20.085788903155673779 
+20.141865675495232324 
+20.196858571399314286 
+20.253010022400726342 
+20.309195878010935843 
+20.365413896375393676 
+20.420536584282391601 
+20.475685857306253013 
+20.530859564978882759 
+20.587182208613860723 
+20.642398667846471483 
+20.698760386415450796 
+20.754010653274562515 
+20.810402263570367154 
+20.865677282793811287 
+20.920961168706455169 
+20.975123233532265488 
+21.030417995700680933 
+21.084586339540273059 
+21.139883018519320501 
+21.194048812812582128 
+21.248210048113818971 
+21.303492654926611038 
+21.359893774255574783 
+21.415154952860859794 
+21.471529260224453850 
+21.527886240382859029 
+21.584223332555055208 
+21.638285839493068607 
+21.693450913917601497 
+21.747464574873468734 
+21.802574967308064657 
+21.856530315652562990 
+21.911576307837375310 
+21.967708291083201999 
+22.022678420981446124 
+22.077607179822315686 
+22.133611640589183622 
+22.188449016263028568 
+22.243237274142188653 
+22.299090336514723276 
+22.352656048655145327 
+22.406167120413300609 
+22.460734072595208488 
+22.514127147852370570 
+22.567458056669615019 
+22.621833288089717939 
+22.676138418752877612 
+22.730370741212961860 
+22.785631968587523488 
+22.839708868456781943 
+22.893704694459017901 
+22.947616680739063355 
+23.001442046846399592 
+23.056273699064206539 
+23.109915513447056412 
+23.164554000428623226 
+23.218000732482305892 
+23.271346605413928188 
+23.325674224148464475 
+23.378807550546746086 
+23.431831306513487334 
+23.483663899898822081 
+23.535385800307651039 
+23.588068190491632947 
+23.639557939740758030 
+23.691997531799408705 
+23.743243717757252398 
+23.795428803717445732 
+23.847480836780675872 
+23.898338655740047898 
+23.950118340637878589 
+24.001755892718158236 
+24.053248234526147797 
+24.105638545023282404 
+24.156828050751403936 
+24.207862958847751855 
+24.258740130724014250 
+24.310489741238768602 
+24.361038582530554208 
+24.411420114933527259 
+24.461631138287092568 
+24.512687774902580884 
+24.562544473028658842 
+24.612220902801983158 
+24.662721927284128043 
+24.712024171700228692 
+24.761136247379170072 
+24.810054845274141400 
+24.857784307619347430 
+24.905321778683152445 
+24.954632419595171200 
+25.003727732449036125 
+25.052604118588003956 
+25.102228744345488565 
+25.149685630908003020 
+25.196921793601084971 
+25.244890851121198239 
+25.291670514826673610 
+25.339166519398403921 
+25.385475465718549515 
+25.431546130137789419 
+25.477374981480764404 
+25.522958472616011250 
+25.569215618749055352 
+25.614292493624915892 
+25.659113197352240832 
+25.704580794573423930 
+25.748872891638050930 
+25.792897860051262171 
+25.837542136712357888 
+25.881016211188821785 
+25.925090676936122236 
+25.967998782637053523 
+26.011487986691903984 
+26.053814914816264547 
+26.096703269470985731 
+26.138433676801199113 
+26.179863118577237913 
+26.221823865413689703 
+26.261803856522469403 
+26.302307487141817433 
+26.341677858554504610 
+26.381551594708376740 
+26.420297475595120318 
+26.459526072530053398 
+26.499213269930535830 
+26.538550871713511015 
+26.578310712251706605 
+26.616929289263445924 
+26.655946919041667798 
+26.693829168408939267 
+26.730593887605493819 
+26.766258968386182460 
+26.802306465358071819 
+26.837985590219531673 
+26.873292250278062454 
+26.908222335954306459 
+26.943472817236767014 
+26.977629460514897630 
+27.011397014016019114 
+27.044771300005351122 
+27.078416952116270977 
+27.110983860362630082 
+27.143144779178371095 
+27.174895462233003229 
+27.206866814133071841 
+27.237775626911265192 
+27.268261274161986307 
+27.298319440521396473 
+27.328545886177955992 
+27.357727128976215170 
+27.386467751946184990 
+27.414763370251321817 
+27.442609581709021427 
+27.469447504103996494 
+27.496391022568481333 
+27.522336141797083542 
+27.548359512846104735 
+27.573394664373836349 
+27.598480298067116223 
+27.623582611841612788 
+27.647692894556470833 
+27.671790476124961344 
+27.694906798520285918 
+27.717980584623710172 
+27.740084191939573088 
+27.761679573021638134 
+27.783186962311717139 
+27.803741318725165854 
+27.823773356141458635 
+27.843278372949285426 
+27.862633289589972208 
+27.881059091003926653 
+27.898943562615329483 
+27.916281930936875710 
+27.932732341378617491 
+27.948975499943244927 
+27.964658225672842207 
+27.979775673504029498 
+27.994322980317853933 
+28.008295264915091138 
+28.021687627989841474 
+28.034239652534807874 
+28.046225826196284459 
+28.058104695878775203 
+28.069140305289060677 
+28.079571326100356998 
+28.089586804849119517 
+28.098781009914567619 
+28.107355443863085043 
+28.115460738330867230 
+28.122910034819199154 
+28.129697913767252260 
+28.135818935627099791 
+28.141267640834975339 
+28.146038549781621896 
+28.150126162781752726 
+28.153524960042901171 
+28.156229401636977627 
+28.158200732188511495 
+28.159513926710715737 
+28.160111096637230332 
+28.160011089382031457 
+28.159212506030577572 
+28.157715059336489105 
+28.155461101240618405 
+28.152602172137285663 
+28.148975982731137435 
+28.144725373583227679 
+28.139778409579150775 
+28.134004805532747184 
+28.127634998089909857 
+28.120398193986702040 
+28.112414068630130259 
+28.103490923935389389 
+28.093980056765040842 
+28.083922517963131327 
+28.072893765230332974 
+28.061338604014672171 
+28.048770053854831019 
+28.035695732805855585 
+28.021565324747356840 
+28.006950160667123839 
+27.991235685215492879 
+27.975057848720425113 
+27.957736946941118106 
+27.939974462053356774 
+27.921024625155602905 
+27.901655368895866616 
+27.881053937816048460 
+27.859609534202093073 
+27.837316317975769664 
+27.814168429565192753 
+27.790159989880315550 
+27.765285100284678776 
+27.740072055985770305 
+27.713464476426786121 
+27.686542687928472617 
+27.658179074035707856 
+27.628919468049637942 
+27.598757854291854130 
+27.567688197344359935 
+27.535042151871017779 
+27.502119380779269875 
+27.468270216977096254 
+27.433488545430641636 
+27.397029428650704119 
+27.360344971196205677 
+27.322709415337030237 
+27.284116565982806435 
+27.243742859398381029 
+27.203196902087519504 
+27.161674818157841571 
+27.119170332024822301 
+27.075677148015067530 
+27.031188950337195820 
+26.985699403057047618 
+26.938242689298988353 
+26.889729944285278407 
+26.841156342404012491 
+26.790532582252637894 
+26.738832471400378665 
+26.686049147466000875 
+26.633263922040342209 
+26.579425266896961944 
+26.525657679401838607 
+26.469714413454902058 
+26.413872592718924182 
+26.355799004895629878 
+26.297857686780190534 
+26.237627907097959223 
+26.177561671588968295 
+26.113864397499561676 
+26.049008812261860157 
+25.982987792765051438 
+25.917149603092376253 
+25.848799921466039109 
+25.779263445763099583 
+25.708532963544136862 
+25.636601239852126355 
+25.564935711974861476 
+25.492102690003832777 
+25.418095301339501901 
+25.341359842162233917 
+25.264958698164072359 
+25.185766208517208042 
+25.105321791951698884 
+25.023618034098650043 
+24.940647497801151644 
+24.856402723087235529 
+24.770876227138217018 
+24.685809501796452281 
+24.597723032420969247 
+24.508332407227118921 
+24.419457003322680322 
+24.327461782494744114 
+24.236019259599704156 
+24.143295290487294835 
+24.049282660867859818 
+23.952015519028975632 
+23.857362456319208377 
+23.759440346101797559 
+23.660200504746761396 
+23.561701249259257906 
+23.459831225957977097 
+23.356621594143085474 
+23.252064968644589271 
+23.146153942754985167 
+23.036677614264341685 
+22.928007459010849800 
+22.817960401052111763 
+22.706528946822668757 
+22.591388517561565408 
+22.477137064573071257 
+22.359103365146772546 
+22.242001056717409568 
+22.121042509175765645 
+22.001058309092034193 
+21.882128607066615444 
+21.761811859953063220 
+21.634999181551354042 
+21.509247059567883298 
+21.382026359610829758 
+21.253329325357860569 
+21.120475912653642325 
+20.988772324228150978 
+20.852834729739857522 
+20.718092653841054585 
+20.579038199650035779 
+20.441225520747497768 
+20.301881110716358592 
+20.160997035121521748 
+20.015642397699473065 
+19.871623268567418563 
+19.723052955461334079 
+19.575866109728938369 
+19.424046697447842291 
+19.273659288024266090 
+19.118557165062306069 
+18.961784273116471411 
+18.803331966304170919 
+18.643191574387216747 
+18.481354402741910548 
+18.317811732327040630 
+18.152554819658313079 
+17.988931437562683868 
+17.823645001366060114 
+17.653262450502207770 
+17.484590624231699962 
+17.314230611963083106 
+17.138644965072082016 
+16.964848576891519372 
+16.789338663614067571 
+16.608471824265915728 
+16.429474129854913400 
+16.248737363301327008 
+16.066253020515972594 
+15.878234220360130990 
+15.692193018677127014 
+15.508229150130206975 
+15.318669003022844066 
+15.131241483084245658 
+14.938128615003783750 
+14.747204269885379802 
+14.550504726453858950 
+14.347909813526403155 
+14.143405588962835395 
+13.936982748304910018 
+13.732817931999800720 
+13.522568682980828925 
+13.310372941295385729 
+13.100523563722330067 
+12.884445996307384519 
+12.666393835478629626 
+12.446357601083851918 
+12.228787982554548464 
+12.009294760576553429 
+11.783329861231770508 
+11.559922709170184163 
+11.334564717581653071 
+11.102587210264259099 
+10.877959933796729430 
+10.646694941668780388 
+10.413442710093208987 
+10.183015088707159990 
+9.945801899711058880 
+9.711476509536021595 
+9.475209233779947837 
+9.232007698462174616 
+8.991789625103924877 
+8.744536785115949229 
+8.500332214306832057 
+8.248991533629421724 
+8.000764584348287300 
+7.745299341811636040 
+7.493013951458345367 
+7.233387240321844658 
+6.977007164310025544 
+6.713181891847876948 
+6.452670703197268764 
+6.184609590277471369 
+5.919930679206648172 
+5.647596259881322744 
+5.373088857225529757 
+5.096398838683212418 
+4.823230000237336945 
+4.542190790177077275 
+4.258940119546883452 
+3.973468259311190742 
+3.685765456124267203 
+3.389881317716359810 
+3.097641239938103475 
+2.803140612235238471 
+2.506369583248553745 
+2.207318277167569676 
+1.912149577559234537 
+1.608555032166878007 
+1.308916740000823253 
+1.000739968023124149 
+0.696593798385556795 
+0.390202709011797211 
+0.075103103018800965 
-0.242355846744059633 
-0.562184235315143610 
-0.890992702680101445 
-1.215639228132523897 
-1.542685833715546906 
-1.872142714002894337 
-2.204020088395701293 
