0.42589
0.42589
0.42589
0.42589
0.42589
0.42589
0.42589
0.42589
0.42589
0.42589
0.42589
0.42589
0.42589
0.42589
0.42589
0.42589
0.42589
0.42589
0.42589
3.71133
3.72654
0.42589
0.42589
0.42589
0.42589
0.42589
0.42589
0.42589
0.42589
0.42589
0.42589
0.42589
0.42589
0.42589
0.42589
0.42589
0.42589
0.42589
0.42589
3.89385
3.89385
3.89385
3.89385
0.42589
0.42589
0.42589
0.42589
0.42589
0.42589
0.42589
0.42589
0.42589
0.501942
0.501942
0.501942
0.501942
0.501942
0.501942
0.501942
0.501942
1.91651
1.91651
1.91651
1.91651
1.91651
1.91651
1.91651
5.21715
5.21715
1.91651
1.91651
1.91651
4.03075
4.03075
4.03075
4.03075
4.03075
4.03075
4.03075
4.03075
4.03075
4.03075
4.03075
4.03075
4.03075
4.03075
4.03075
4.03075
4.03075
4.03075
4.03075
4.03075
4.03075
4.03075
4.03075
4.03075
2.54013
2.54013
2.54013
2.54013
2.54013
2.54013
2.54013
2.54013
2.54013
2.54013
2.54013
2.54013
2.54013
2.54013
2.54013
2.54013
2.54013
2.54013
2.54013
2.54013
2.54013
2.54013
2.54013
2.54013
2.54013
2.54013
2.54013
2.54013
2.54013
2.54013
2.54013
2.54013
2.54013
5.82557
5.82557
5.82557
2.54013
2.54013
2.54013
2.54013
2.54013
0.42589
0.42589
0.42589
0.42589
0.42589
0.42589
0.42589
0.42589
0.42589
0.42589
0.42589
0.42589
0.42589
0.42589
0.42589
0.42589
0.42589
0.42589
0.42589
0.42589
0.42589
0.42589
0.42589
0.42589
0.42589
0.42589
0.42589
0.42589
0.42589
0.42589
0.42589
0.42589
0.42589
0.42589
0.42589
0.42589
0.42589
0.42589
0.42589
0.42589
0.42589
0.42589
0.42589
0.42589
0.42589
0.42589
0.42589
0.42589
0.42589
0.42589
0.42589
0.42589
0.42589
0.42589
0.42589
0.42589
0.42589
0.42589
0.42589
0.42589
0.42589
0.42589
0.42589
0.42589
0.42589
0.42589
0.42589
0.42589
0.42589
0.42589
0.42589
0.42589
0.42589
0.42589
0.42589
0.42589
0.42589
0.42589
0.42589
0.42589
0.42589
0.42589
0.42589
0.42589
0.42589
0.42589
0.42589
0.42589
0.42589
0.42589
0.42589
0.42589
0.42589
0.42589
0.42589
0.42589
0.42589
0.42589
0.42589
0.42589
0.42589
0.42589
0.42589
0.42589
0.42589
0.42589
0.42589
0.42589
0.42589
0.42589
0.42589
0.42589
0.42589
0.42589
0.42589
0.42589
0.42589
0.42589
0.42589
0.42589
0.42589
0.42589
0.42589
0.42589
0.42589
0.42589
0.42589
0.42589
0.42589
0.42589
0.42589
0.42589
0.42589
0.42589
0.42589
0.42589
0.42589
0.42589
0.42589
0.42589
0.42589
0.42589
0.42589
0.42589
0.42589
0.42589
0.42589
3.71133
0.42589
0.42589
0.42589
0.42589
0.42589
0.42589
0.42589
0.42589
0.42589
0.42589
3.71133
3.71133
3.71133
3.71133
6.55567
3.27023
3.27023
3.27023
0.42589
0.42589
0.42589
0.42589
0.42589
0.42589
0.42589
0.42589
0.42589
0.42589
5.00421
5.00421
0.42589
0.42589
3.72654
3.72654
6.57088
6.57088
0.42589
0.42589
0.42589
0.42589
9.81069
9.81069
5.01942
5.01942
5.01942
5.11068
5.11068
5.11068
5.11068
5.11068
0.42589
0.42589
0.42589
5.01942
5.01942
8.56344
8.54822
8.54822
7.80292
3.71133
0.42589
0.42589
0.42589
0.42589
0.42589
4.48706
0.42589
3.72654
0.42589
0.42589
0.82136
0.82136
0.42589
0.42589
0.882201
0.882201
0.42589
0.42589
0.42589
0.42589
0.42589
0.42589
0.42589
0.42589
0.42589
0.42589
0.42589
0.42589
0.42589
0.42589
0.42589
0.42589
0.42589
0.42589
0.882201
0.882201
0.42589
7.22492
5.11068
0.42589
2.54013
2.54013
2.54013
3.71133
0.42589
3.71133
0.42589
0.42589
0.42589
0.42589
5.11068
5.11068
9.81069
9.91716
9.91716
13.1113
3.72654
5.65826
4.51748
4.12201
7.55955
5.36926
5.36926
1.9013
2.50971
2.40324
6.79903
2.40324
2.40324
2.29677
5.08026
2.37282
3.11812
3.11812
2.37282
4.41101
2.37282
2.37282
2.31198
2.31198
2.31198
4.68479
6.70777
10.4952
10.4952
7.93981
1.29288
0.501942
0.501942
5.47573
0.958253
4.71521
15.7427
11.0884
14.5259
14.9974
9.85632
12.8223
15.4385
20.1689
17.7049
10.8602
11.4078
14.7541
11.1188
10.9667
1.68835
1.70356
12.4877
12.4877
12.4877
0.441101
8.86764
1.73398
0.699677
4.01554
3.98512
8.06149
8.06149
13.5829
5.77994
8.89806
5.7191
1.70356
5.7191
9.17185
4.50227
4.50227
0.42589
0.42589
1.81003
8.91327
10.8754
17.1421
15.7123
3.92427
7.62039
15.4689
11.1948
18.7696
20.0321
12.7159
8.16797
8.85243
9.74984
5.46052
4.1068
9.44564
9.44564
9.5369
5.99288
7.83334
6.66214
11.3926
15.4537
15.3929
10.2974
7.54434
7.54434
13.3243
15.7123
10.7994
14.1456
11.8337
19.0282
17.6744
23.8651
21.0968
22.1463
20.1385
26.6638
31.5919
29.2952
35.8965
29.356
29.7058
28.5803
19.1499
23.5761
23.3479
20.6253
18.5871
31.1052
33.8887
29.0062
16.5489
13.4003
16.488
21.7052
11.8489
16.3359
12.5638
8.10712
13.1722
13.446
17.1725
22.1615
23.6369
18.8456
15.5146
18.6479
14.2065
9.3848
9.47606
6.84466
7.1945
11.2405
10.5864
17.1877
19.1499
17.4919
17.4767
18.1916
19.2563
20.9751
20.8838
19.4693
14.9366
20.6405
20.6557
14.7388
23.9107
20.0473
27.1961
32.9609
28.9149
15.4842
16.2447
22.9677
22.9677
18.6783
19.1955
0.441101
20.9903
22.5722
22.0398
22.0398
21.6748
12.1531
17.2029
14.2065
7.36182
6.87509
4.7
8.79159
3.98512
13.3547
14.5867
6.63172
11.4382
17.8113
15.5906
15.8796
19.8039
26.7855
28.2304
24.2453
24.3974
10.1605
5.77994
11.2405
22.7243
22.1767
15.332
10.5256
10.267
17.1269
23.2262
13.0353
19.4084
22.1007
19.2867
16.9748
15.0735
15.8948
19.378
17.5375
22.2223
16.5641
23.6369
10.2822
10.2822
7.05761
4.21327
8.82201
12.8223
18.1003
15.256
14.6172
11.788
10.5864
6.37314
6.37314
6.84466
8.50259
12.0922
9.06538
8.63949
8.3657
5.06505
5.36926
3.72654
1.04952
6.57088
10.3735
12.1075
11.1796
8.63949
5.11068
13.0961
4.94337
6.79903
4.94337
4.94337
6.99677
5.44531
5.4301
7.62039
3.14855
0.0
0.441101
9.58253
19.2867
14.8757
17.6744
13.2939
13.2482
12.0314
7.25534
1.99256
12.4421
11.5295
15.8492
11.5295
9.18706
9.18706
8.70033
8.97412
8.97412
5.21715
5.21715
4.94337
2.58576
4.07638
12.6398
9.11101
6.95114
3.6657
3.6657
3.6657
3.6657
3.65049
0.42589
4.94337
3.6657
5.06505
5.06505
7.14887
6.20583
1.82524
0.42589
0.42589
0.42589
5.50615
3.6657
2.29677
9.59774
9.29353
13.0961
12.655
9.64337
9.64337
0.42589
0.517152
3.8178
8.41133
3.8178
3.8178
14.7236
16.1838
10.2974
5.77994
5.77994
9.56732
9.56732
9.56732
4.91295
6.61651
6.63172
11.4686
3.8178
2.17508
6.00809
5.61262
5.56699
2.14466
9.61295
9.59774
6.12978
6.09936
5.44531
6.78382
5.55178
5.47573
5.47573
8.33528
8.56344
15.043
8.38091
8.38091
9.59774
17.568
21.3858
9.88674
22.1159
21.0968
13.9783
17.4007
17.2638
15.9861
8.06149
1.04952
3.43754
11.6359
11.5751
14.9822
24.367
20.7926
12.4269
16.7314
5.23237
5.15631
8.97412
16.3359
12.1683
9.40001
17.1877
6.55567
3.89385
0.517152
2.67702
2.58576
5.33884
8.04628
4.989
6.1602
1.64272
0.517152
6.08415
3.60486
9.11101
8.71554
11.0884
8.79159
5.8712
6.19062
6.08415
1.64272
1.64272
0.42589
3.74175
1.77961
0.501942
0.517152
0.517152
8.73075
0.82136
0.42589
5.62784
4.24369
4.94337
0.42589
4.2589
5.1411
1.30809
1.23204
1.23204
1.23204
5.70389
4.97379
6.09936
5.11068
8.56344
9.79548
1.44948E-22
7.51028E-14
4.19086E-14
9.27832
3.80259
8.53302
8.53302
13.1722
8.74596
8.74596
0.441101
16.412
13.5676
9.23269
6.0233
11.9401
14.7997
24.4278
19.6974
12.4725
10.343
6.70777
16.199
10.0997
10.0693
20.3515
25.2796
17.0356
14.9822
12.3812
24.2301
17.7657
11.9097
11.7272
12.0314
11.9858
9.93237
13.4612
13.4916
6.06894
9.74984
9.93237
8.09191
12.001
12.001
7.49871
10.4495
2.75308
10.6016
10.6016
10.6777
7.34661
12.6246
25.6295
22.055
21.2945
18.6479
19.6822
23.5152
26.968
20.8838
20.2298
16.5337
15.8644
18.4958
12.1227
18.9217
19.3628
20.6557
19.8647
15.621
20.9751
15.4233
19.5149
15.4994
16.0774
20.0625
20.8078
16.0165
9.88674
11.9706
8.10712
4.73042
17.2029
16.123
2.29677
14.5715
0.441101
4.13722
8.95891
8.95891
12.1227
12.579
13.0049
15.1343
14.3586
8.38091
12.8984
11.1188
19.8495
21.477
14.6628
13.7654
10.2974
16.3816
14.8605
11.499
10.4495
11.3469
9.55211
7.11845
10.2822
10.2822
10.2822
0.441101
10.2062
0.441101
22.846
22.846
15.2256
14.313
9.52169
12.655
20.9143
20.2146
20.245
17.7201
16.8683
16.9443
12.3508
10.6016
10.7537
11.712
14.9974
18.8761
12.944
19.2107
23.6977
21.6139
23.0589
14.5715
20.7926
8.32007
19.8343
25.5686
27.7437
23.8651
19.7583
18.2524
16.3511
8.66991
16.3207
12.1379
4.97379
4.07638
7.87897
12.7311
12.8375
19.3324
15.8492
18.2829
13.6893
13.6133
10.9515
17.355
24.5343
13.4916
22.6482
16.9139
21.6291
18.146
26.4965
14.1152
14.5411
12.8071
7.34661
19.4236
14.6324
22.8308
25.5838
21.5683
17.1421
18.5871
14.389
11.2557
7.7725
11.1644
9.58253
19.5149
17.1421
19.013
11.9706
8.39612
6.35793
5.77994
1.7644
4.51748
8.6547
9.61295
5.1411
9.59774
19.0586
14.6324
23.3023
22.1007
17.4767
17.4463
14.5563
11.6511
11.0579
3.68091
0.882201
1.12557
7.84855
17.6288
18.3133
16.0926
20.3058
17.6592
15.0278
17.1421
19.1499
19.1499
13.8719
7.49871
14.7845
17.7961
19.1499
14.1
15.3168
14.2977
10.9971
10.1757
4.21327
13.6285
13.6741
5.09547
9.33916
11.21
21.0816
18.8761
11.6816
14.8149
10.343
10.4191
10.4191
10.3583
7.43787
12.2596
12.0922
12.0922
10.2518
14.1456
8.10712
11.499
7.68123
7.43787
9.08059
4.21327
7.11845
6.95114
3.80259
5.17152
8.56344
20.2754
16.8531
14.3738
8.42654
12.1379
14.1
18.8456
12.7767
6.32751
0.517152
3.6657
3.95469
3.62007
11.8489
0.441101
4.95858
7.93981
0.42589
2.37408E-5
7.9246
7.9246
3.43754
3.43754
9.73463
3.8178
6.84466
3.45275
6.84466
11.3165
3.43754
7.90939
11.499
15.545
7.4835
3.43754
3.43754
3.43754
3.43754
6.82945
3.8178
6.84466
7.24013
6.84466
1.21683
4.95858
0.42589
8.48738
11.0275
19.667
12.1683
10.9971
14.5867
11.1948
14.0392
11.1948
8.48738
4.95858
0.42589
11.3469
10.9515
15.3929
18.9825
19.4388
15.7731
3.45275
0.42589
0.42589
0.42589
0.42589
0.42589
0.42589
0.42589
0.42589
0.42589
