25
75
124
174
223
272
322
371
421
471
521
570
620
670
719
768
818
867
917
966
1016
1066
1116
1164
1213
1262
1310
1359
1407
1456
1506
1555
1605
1654
1704
1753
1803
1852
1901
1951
2000
2049
2098
2148
2196
2245
2293
2342
2390
2439
2487
2536
2584
2632
2681
2729
2778
2826
2876
2925
2974
3023
3072
3120
3169
3217
3266
3315
3364
3413
3463
3512
3561
3610
3660
3710
3760
3811
3861
3911
3960
4010
4059
4109
4158
4208
4258
4307
4356
4405
4453
4502
4550
4599
4647
4696
4744
4793
4842
4891
4940
4989
5038
5087
5137
5186
5235
5284
5333
5382
5431
5480
5528
5577
5626
5675
5724
5773
5823
5872
5921
5971
6020
6069
6117
6165
6214
6262
6310
6359
6408
6458
6507
6557
6606
6655
6705
6754
6803
6852
6902
6951
7001
7050
7099
7149
7198
7248
7297
7345
7394
7443
7492
7541
7591
7640
7689
7738
7788
7837
7887
7937
7986
8036
8086
8136
8185
8234
8284
8333
8382
8431
8481
8529
8580
8630
8680
8731
8780
8830
8879
8928
8978
9027
9078
9129
9180
9231
9282
9333
9382
9431
9480
9530
9579
9628
9678
9727
9777
9827
9877
9927
9977
10027
10078
10128
10178
10229
10277
10326
10374
10423
10471
10520
10569
10618
10667
10716
10766
10815
10864
10914
10964
11014
11064
11114
11164
11213
11262
11312
11361
11410
11459
11509
11558
11608
11657
11706
11756
11804
11852
11901
11949
11997
12046
12095
12144
12193
12243
12292
12341
12390
12440
12489
12539
12589
12638
12688
12736
12785
12834
12883
12932
12982
13031
13080
13130
13178
13228
13277
13327
13377
13427
13476
13525
13573
13622
13670
13718
13767
13816
13864
13913
13962
14012
14061
14111
14160
14209
14258
14307
14356
14404
14453
14502
14552
14601
14651
14700
14749
14799
14848
14897
14945
14994
15042
15090
15139
15187
15236
15284
15333
15382
15431
15480
15529
15579
15628
15677
15726
15775
15825
15874
15923
15972
16022
16071
16120
16170
16220
16269
16319
16368
16418
16467
16516
16566
16615
16665
16714
16764
16813
16863
16911
16960
17009
17057
17106
17155
17203
17253
17302
17351
17401
17450
17499
17548
17597
17646
17695
17744
17794
17843
17892
17942
17991
18040
18088
18137
18185
18235
18284
18333
18383
18432
18481
18531
18581
18629
18678
18726
18775
18824
18873
18922
18971
19020
19070
19118
19166
19215
19264
19313
19362
19412
19461
19511
19560
19610
19659
19708
19758
19807
19857
19907
19957
20007
20057
20107
20157
20205
20254
20302
20351
20399
20447
20496
20544
20593
20641
20690
20738
20789
20838
20887
20936
20986
21035
21083
21131
21180
21228
21277
21325
21373
21422
21470
21519
21567
21615
21665
21714
21764
21813
21862
21912
21961
22010
22060
22110
22159
22209
22259
22308
22358
22408
22458
22507
22557
22607
22657
22706
22756
22806
22856
22905
22955
23004
23053
23101
23150
23199
23248
23297
23347
23395
23443
23492
23542
23595
23644
23693
23743
23792
23841
23890
23940
23989
24038
24088
24138
24188
24238
24288
24338
24388
24437
24487
24537
24587
24636
24685
24733
24782
24830
24879
24927
24976
25025
25074
25123
25173
25222
25271
25320
25370
25420
25469
25519
25569
25619
25667
25715
25764
25812
25861
25909
25958
26006
26055
26104
26154
26204
26254
26303
26352
26401
26449
26497
26546
26594
26643
26691
26739
26788
26836
26885
26933
26983
27032
27081
27130
27180
27229
27278
27328
27377
27426
27475
27525
27574
27624
27674
27723
27773
27823
27873
27923
27973
28023
28073
28122
28172
28221
28270
28320
28369
28418
28467
28517
28566
28616
28665
28715
28764
28813
28863
28912
28962
29012
29061
29111
29160
29210
29258
29306
29355
29403
29451
29501
29550
29600
29649
29699
29748
29798
29847
29897
29946
29994
30043
30093
30142
30191
30240
30290
30339
30388
30439
30490
30541
30591
30642
30693
30742
30791
30840
30890
30939
30988
31037
31086
31134
31183
31231
31279
31328
31377
31427
31476
31526
31576
31626
31676
31727
31777
31825
31874
31922
31971
32020
32068
32117
32166
32215
32264
32313
32361
32410
32459
32510
32561
32611
32662
32713
32761
32810
32858
32906
32956
33006
33055
33105
33154
33204
33252
33301
33350
33398
33446
33495
33543
33592
33641
33691
33740
33790
33839
33888
33938
33987
34036
34084
34133
34181
34229
34279
34328
34376
34425
34473
34521
34570
34619
34668
34716
34765
34814
34862
34912
34962
35011
35061
35109
35158
35206
35254
35303
35351
35399
35448
35496
35545
35594
35642
35691
35739
35788
35837
35886
35936
35985
36034
36084
36133
36183
36232
36282
36332
36381
36431
36479
36528
36577
36626
36676
36725
36774
36824
36873
36923
36972
37021
37070
37119
37169
37218
37266
37314
37363
37411
37459
37508
37556
37604
37653
37702
37750
37798
37847
37896
37946
37995
38045
38095
38144
38194
38244
38293
38342
38391
38440
38488
38537
38586
38635
38684
38734
38784
38833
38883
38933
38982
39032
39081
39129
39178
39226
39274
39363
39412
39461
39510
39559
39609
39658
39707
39757
39806
39855
39904
39953
40004
40054
40103
40152
40201
40251
40299
40348
40396
40444
40493
40541
40590
40639
40687
40736
40785
40833
40883
40932
40980
41029
41078
41127
41175
41225
41274
41323
41372
41421
41470
41519
41568
41616
41665
41714
41762
41811
41859
41907
41956
42004
42053
42102
42150
42199
42248
42297
42346
42394
42442
42491
42539
42588
42636
42687
42738
42789
42840
42890
42940
42989
43038
43087
43137
43186
43235
43285
43336
43386
43437
43485
43534
43583
43633
43682
43732
43781
43831
43879
43928
43976
44024
44073
44121
44169
44219
44268
44318
44367
44417
44466
44515
44564
44614
44663
44712
44762
44810
44859
44908
44956
45005
45054
45102
45151
45200
45248
45297
45346
45396
45445
45494
45543
45593
45642
45691
45740
45789
45839
45888
45937
45986
46036
46085
46134
46182
46231
46279
46328
46376
46426
46475
46524
46574
46623
46672
46721
46770
46818
46867
46917
46966
47015
47065
47115
47164
47214
47263
47313
47362
47411
47503
47552
47601
47650
47700
47749
47798
47848
47897
47946
47996
48044
48092
48141
48189
48238
48327
48416
48464
48512
48561
48609
48658
48706
48755
48804
48853
48901
48950
48999
49047
49096
49144
49193
49241
49290
49338
49386
49435
49483
49531
49580
49629
49679
49728
49778
49828
49878
49927
49977
50027
50076
50126
50215
50264
50312
50361
50409
50458
50507
50555
50604
50653
50701
50750
50800
50848
50896
50944
50993
51041
51091
51141
51190
51240
51290
51339
51388
51436
51485
51533
51582
51631
51679
51728
51817
51866
51916
51965
52014
52063
52113
52162
52212
52261
52310
52359
52408
52456
52505
52554
52603
52653
52702
52752
52801
52851
52899
52948
52996
53044
53093
53141
53191
53241
53291
53340
53390
53440
53489
53538
53588
53637
53686
53735
53784
53833
53881
53930
53979
54028
54076
54125
54175
54223
54272
54321
54369
54418
54467
54516
54565
54615
54664
54713
54762
54812
54862
54911
54961
55011
55061
55111
55161
55211
55260
55308
55357
55405
55454
55502
55551
55600
55649
55698
55748
55797
55846
55896
55945
55993
56042
56090
56139
56187
56236
56285
56335
56385
56434
56484
56533
56583
56632
56681
56730
56779
56829
56878
56926
56974
57023
57071
57120
57168
57216
57265
57313
57362
57410
57458
57507
57555
57604
57652
57702
57751
57801
57850
57900
57949
57999
58048
58097
58146
58196
58245
58294
58343
58392
58442
58491
58540
58589
58638
58688
58737
58786
58835
58884
58933
58983
59032
59082
59131
59181
59231
59281
59330
59380
59429
59478
59528
59577
59627
59676
59725
59775
59824
59874
59922
59972
60022
60071
60121
60171
60221
60310
60359
60407
60457
60506
60555
60605
60654
60703
60752
60800
60850
60900
60950
60999
61049
61098
61148
61197
61288
61337
61387
61436
61485
61535
61585
61635
61685
61733
61782
61830
61879
61929
61978
62027
62076
62126
62174
62222
62271
62319
62367
62416
62464
62513
62563
62612
62661
62711
62760
62809
62857
62906
62955
63004
63052
63102
63151
63201
63250
63299
63349
63398
63448
63497
63546
63595
63645
63695
63744
63794
63844
63894
63943
63993
64042
64091
64140
64189
64239
64287
64336
64384
64433
64482
64531
64580
64629
64678
64728
64777
64826
64876
64925
64975
65024
65074
65123
65172
65263
65312
65361
65411
65460
65510
65560
65609
65659
65708
65758
65807
65856
65904
65952
66001
66049
66099
66148
66197
66245
66294
66343
66391
66440
66489
66579
66628
66676
66725
66773
66822
66872
66921
66970
67018
67067
67115
67164
67213
67262
67311
67359
67408
67457
67506
67556
67605
67654
67703
67753
67802
67851
67901
67950
67999
68048
68098
68147
68195
68244
68292
68340
68389
68437
68487
68536
68585
68635
68684
68734
68783
68831
68880
68928
68977
69025
69074
69124
69174
69223
69272
69321
69371
69420
69469
69518
69568
69617
69666
69715
69766
69816
69866
69915
69964
70014
70063
70112
70162
70212
70263
70313
70363
70413
70464
70513
70562
70611
70660
70709
70757
70806
70855
70904
70952
71001
71049
71097
71146
71194
71243
71291
71340
71389
71438
71486
71537
71586
71635
71684
71734
71783
71832
71882
71931
71981
72030
72079
72129
72178
72227
72276
72326
72376
72426
72475
72525
72575
72624
72673
72721
72770
72818
72866
72915
72965
73015
73065
73115
73165
73215
73265
73314
73363
73413
73462
73512
73561
73610
73660
73709
73758
73807
73857
73906
73955
74004
74053
74103
74152
74201
74251
74302
74350
74398
74447
74495
74543
74593
74642
74691
74739
74788
74837
74885
74933
74983
75032
75080
75129
75177
75226
75274
75324
75374
75423
75473
75522
75571
75620
75670
75719
75767
75816
75864
75913
75961
76009
76058
76106
76154
76203
76251
76300
76350
76399
76449
76498
76548
76598
76647
76697
76747
76797
76846
76895
76943
76992
77040
77089
77137
77186
77234
77282
77331
77379
77427
77477
77527
77577
77626
77675
77724
77774
77823
77872
77922
77970
78019
78067
78116
78164
78213
78262
78312
78361
78410
78459
78509
78558
78607
78656
78707
78756
78806
78855
78905
78954
79004
79053
79103
79152
79202
79251
79300
79348
79397
79445
79493
79544
79594
79645
79695
79746
79797
79846
79895
79945
79994
80044
80093
80142
80191
80240
80289
80338
80387
80437
80486
80535
80583
80631
80680
80729
80777
80868
80916
80965
81013
81062
81153
81203
81252
81301
81349
81398
81447
81495
81545
81594
81642
81691
81739
81788
81836
81885
81933
81982
82031
82081
82130
82179
82228
82277
82326
82375
82424
82473
82522
82572
82621
82669
82718
82766
82814
82863
82911
82960
83009
83058
83107
83157
83206
83255
83345
83393
83442
83491
83541
83591
83640
83690
83739
83788
83836
83884
83933
83981
84030
84079
84128
84178
84227
84276
84325
84374
84424
84474
84524
84573
84623
84673
84763
84812
84860
84909
84957
85006
85055
85103
85153
85203
85253
85303
85354
85404
85452
85501
85550
85600
85649
85698
85747
85796
85844
85894
85942
85991
86040
86089
86137
86186
86235
86284
86332
86381
