45
94
144
193
243
292
342
391
441
490
540
588
637
686
734
783
831
880
928
978
1027
1077
1127
1177
1226
1276
1326
1375
1424
1473
1523
1572
1621
1670
1720
1769
1818
1868
1917
1966
2016
2065
2114
2163
2213
2262
2311
2360
2409
2458
2507
2556
2604
2654
2703
2752
2800
2849
2897
2945
2995
3045
3095
3144
3193
3242
3292
3341
3389
3438
3487
3536
3585
3634
3684
3733
3782
3831
3880
3930
3979
4028
4077
4126
4176
4226
4276
4326
4376
4425
4473
4522
4570
4618
4667
4715
4764
4812
4861
4909
4958
5006
5055
5103
5152
5203
5253
5303
5354
5404
5454
5503
5551
5601
5651
5700
5750
5800
5850
5898
5947
5995
6044
6092
6141
6189
6238
6286
6335
6384
6433
6483
6532
6581
6630
6678
6727
6775
6823
6872
6920
6970
7020
7069
7117
7166
7214
7262
7311
7361
7410
7460
7510
7559
7609
7658
7706
7755
7804
7853
7902
7952
8001
8050
8100
8149
8199
8248
8298
8347
8396
8444
8494
8543
8592
8641
8691
8740
8789
8838
8888
8936
8985
9033
9082
9132
9181
9230
9280
9329
9378
9427
9476
9526
9575
9624
9674
9723
9773
9822
9872
9921
9972
10021
10070
10119
10169
10218
10267
10316
10365
10413
10462
10510
10559
10607
10656
10706
10755
10805
10855
10904
10954
11003
11052
11102
11150
11199
11247
11296
11346
11395
11444
11494
11543
11592
11641
11691
11740
11789
11838
11888
11937
11986
12035
12084
12134
12182
12231
12280
12329
12378
12427
12477
12526
12576
12625
12674
12722
12771
12819
12868
12916
12965
13014
13064
13113
13163
13211
13259
13309
13358
13408
13457
13506
13556
13605
13654
13702
13750
13799
13847
13895
13944
13995
14044
14093
14142
14192
14241
14291
14339
14388
14436
14485
14533
14581
14630
14678
14727
14775
14824
14872
14921
14969
15018
15067
15117
15166
15215
15264
15313
15363
15412
15461
15511
15561
15611
15661
15711
15761
15811
15861
15910
15960
16009
16058
16108
16156
16205
16254
16304
16353
16403
16452
16502
16551
16599
16648
16696
16745
16794
16842
16891
16939
16988
17036
17085
17133
17183
17233
17283
17332
17381
17431
17480
17529
17579
17627
17676
17724
17772
17821
17869
17918
17966
18015
18064
18114
18163
18213
18262
18311
18361
18410
18460
18509
18558
18608
18657
18707
18756
18805
18855
18904
18953
19002
19050
19099
19147
19196
19244
19293
19341
19390
19438
19486
19535
19583
19632
19681
19729
19779
19828
19878
19926
19975
20023
20072
20120
20168
20217
20265
20314
20362
20411
20459
20509
20559
20607
20656
20704
20752
20801
20849
20899
20948
20997
21046
21096
21145
21194
21243
21292
21340
21388
21437
21485
21534
21582
21631
21679
21727
21776
21824
21873
21921
21971
22020
22069
22117
22166
22215
22264
22313
22363
22413
22462
22512
22562
22612
22661
22710
22760
22810
22861
22911
22961
23011
23060
23109
23158
23207
23256
23304
23354
23403
23452
23501
23550
23600
23649
23698
23746
23796
23845
23895
23944
23994
24043
24092
24140
24189
24238
24288
24338
24388
24438
24487
24536
24585
24634
24684
24733
24782
24831
24881
24930
24978
25026
25075
25123
25172
25221
25269
25318
25366
25415
25464
25512
25602
25651
25700
25750
25799
25848
25898
25947
25997
26045
26094
26143
26192
26241
26290
26339
26389
26439
26488
26538
26588
26638
26687
26737
26787
26837
26886
26936
26986
27036
27085
27134
27184
27233
27282
27332
27381
27430
27480
27529
27578
27627
27677
27726
27775
27825
27874
27923
27973
28022
28072
28121
28170
28218
28267
28316
28364
28413
28462
28510
28559
28607
28656
28705
28754
28803
28852
28902
28951
29000
29049
29098
29148
29197
29247
29296
29346
29395
29445
29493
29542
29591
29640
29689
29737
29786
29836
29885
29934
29983
30033
30082
30131
30181
30230
30279
30328
30377
30425
30473
30523
30573
30622
30672
30721
30770
30819
30868
30916
30966
31015
31065
31114
31164
31213
31262
31311
31361
31410
31459
31508
31558
31606
31655
31703
31752
31800
31848
31898
31948
31998
32048
32097
32147
32197
32246
32296
32344
32393
32441
32490
32538
32586
32636
32686
32735
32785
32834
32884
32933
32983
33033
33081
33129
33177
33226
33274
33323
33371
33419
33468
33516
33564
33613
33662
33712
33761
33810
33860
33909
33958
34008
34057
34107
34156
34206
34255
34304
34354
34404
34453
34503
34552
34602
34650
34698
34747
34795
34843
34892
34940
34989
35038
35087
35137
35187
35236
35286
35335
35384
35434
35483
35532
35580
35629
35677
35726
35774
35823
35872
35921
35971
36020
36070
36119
36169
36218
36267
36315
36364
36412
36460
36509
36559
36608
36658
36707
36756
36806
36855
36904
36954
37003
37053
37102
37152
37202
37251
37301
37351
37400
37450
37499
37548
37597
37647
37696
37745
37794
37844
37893
37942
37992
38041
38091
38139
38187
38236
38286
38335
38384
38433
38483
38532
38581
38630
38680
38729
38778
38828
38877
38927
38976
39025
39074
39124
39173
39224
39274
39325
39376
39427
39478
39527
39577
39626
39674
39723
39772
39820
39869
39919
39969
40019
40068
40118
40168
40217
40265
40314
40362
40410
40459
40507
40556
40604
40653
40701
40749
40798
40846
40895
40945
40994
41043
41092
41141
41190
41239
41288
41336
41385
41434
41484
41533
41583
41633
41682
41732
41781
41831
41880
41929
41978
42027
42077
42126
42175
42224
42274
42323
42372
42420
42469
42518
42567
42617
42666
42715
42765
42814
42863
42912
42962
43011
43061
43110
43160
43209
43258
43307
43357
43406
43456
43505
43555
43604
43653
43703
43752
43801
43850
43899
43947
43995
44045
44094
44143
44192
44242
44291
44340
44389
44438
44488
44537
44586
44636
44685
44733
44782
44830
44879
44927
44976
45024
45074
45123
45173
45222
45271
45320
45369
45418
45467
45516
45566
45615
45664
45712
45761
45810
45860
45909
45958
46007
46056
46105
46153
46202
46252
46301
46350
46400
46449
46498
46548
46597
46646
46695
46745
46794
46843
46892
46942
46991
47040
47090
47139
47189
47238
47287
47335
47383
47432
47480
47528
47578
47628
47678
47727
47777
47825
47874
47922
47971
48019
48068
48116
48166
48214
48262
48311
48360
48408
48456
48505
48554
48602
48651
48700
48748
48797
48847
48896
48945
48995
49044
49093
49142
49191
49241
49289
49337
49386
49434
49482
49530
49580
49629
49678
49727
49777
49826
49875
49924
49974
50023
50072
50121
50171
50220
50270
50319
50369
50418
50468
50517
50566
50614
50662
50711
50759
50807
50856
50904
50953
51001
51049
51098
51146
51195
51244
51293
51342
51391
51439
51487
51536
51584
51634
51683
51732
51781
51829
51878
51927
51975
52023
52072
52120
52169
52217
52267
52316
52366
52416
52465
52515
52564
52612
52661
52709
52757
52806
52854
52903
52951
53000
53048
53098
53147
53196
53246
53295
53344
53393
53442
53490
53540
53589
53638
53687
53737
53785
53834
53882
53931
53979
54028
54076
54125
54173
54222
54271
54320
54369
54418
54468
54517
54565
54614
54663
54711
54760
54809
54858
54907
54957
55006
55055
55105
55154
55204
55253
55302
55352
55401
55450
55500
55549
55599
55648
55697
55747
55796
55845
55895
55944
55993
56042
56091
56139
56188
56237
56287
56336
56385
56434
56483
56533
56583
56632
56682
56730
56779
56828
56876
56925
56973
57022
57071
57121
57170
57219
57268
57318
57367
57416
57466
57515
57564
57612
57661
57709
57758
57806
57856
57904
57953
58001
58049
58098
58147
58195
58244
58292
58341
58389
58437
58486
58535
58584
58634
58684
58733
58783
58832
58882
58931
58980
59030
59079
59129
59178
59228
59276
59324
59373
59423
59473
59523
59573
59623
59673
59721
59770
59818
59867
59915
59965
60015
60064
60114
60164
60215
60265
60315
60365
60415
60465
60515
60565
60615
60665
60714
60763
60813
60862
60912
60961
61009
61058
61106
61155
61203
61252
61301
61350
61398
61447
61495
61544
61593
61643
61692
61742
61792
61841
61889
61938
61986
62034
62082
62131
62179
62228
62278
62327
62376
62425
62474
62522
62572
62622
62672
62721
62771
62821
62870
62919
62969
63018
63067
63116
63166
63215
63264
63313
63363
63412
63461
63510
63560
63609
63658
63707
63755
63803
63852
63900
63948
63997
64045
64094
64142
64190
64239
64287
64336
64384
64434
64483
64532
64581
64629
64678
64726
64775
64825
64874
64924
64974
65023
65072
65120
65170
65219
65268
65317
65366
65416
65465
65513
65562
65612
65661
65711
65761
65810
65860
65909
65958
66007
66056
66104
66153
66201
66250
66299
66347
66395
66444
66492
66541
66589
66639
66688
66736
66785
66834
66883
66931
66980
67029
67078
67126
67175
67223
67272
67320
67369
67417
67466
67515
67564
67614
67663
67713
67762
67812
67862
67911
67961
68010
68059
68108
68157
68206
68255
68303
68352
68401
68451
68501
68551
68600
68650
68699
68749
68797
68846
68894
68943
68992
69040
69091
69141
69190
69240
69289
69338
69387
69436
69485
69534
69582
69631
69680
69728
69778
69828
69877
69927
69976
70025
70074
70123
70172
70220
70270
70319
70369
70418
70468
70517
70566
70615
70665
70714
70763
70813
70862
70910
70960
71009
71058
71106
71155
71203
71252
71300
71350
71399
71448
71497
71545
71594
71642
71691
71740
71789
71839
71889
71938
71988
72037
72086
72134
72183
72231
72280
72328
72377
72426
72476
72525
72575
72625
72674
72724
72773
72823
72872
72920
72968
73017
73066
73115
73165
73214
73263
73313
73362
73411
73461
73510
73559
73608
73658
73707
73756
73805
73855
73904
73953
74002
74052
74102
74152
74202
74252
74302
74351
74399
74448
74496
74545
74593
74643
74692
74741
74790
74840
74889
74938
74986
75035
75084
75134
75183
75232
75281
75331
75381
75429
75478
75526
75575
75623
75672
75720
75769
75818
75867
75916
75965
76015
76064
76112
76161
76209
76258
76306
76354
76403
76452
76500
76549
76597
76645
76694
76743
76793
76842
76890
76939
76987
77036
77084
77133
77182
77232
77281
77329
77378
77426
77475
77523
77572
77622
77671
77720
77770
77819
77869
77918
77968
78017
78066
78115
78165
78214
78263
78313
78362
78412
78461
78511
78560
78611
78662
78713
78762
78811
78861
78910
78959
79008
79058
79107
79156
79205
79254
79304
79353
79402
79451
79500
79549
79599
79648
79697
79746
79795
79845
79894
79943
79992
80040
80089
80138
80187
80236
80285
80334
80383
80432
80482
80531
80581
80630
80680
80729
80779
80829
80879
80929
80980
81028
81078
81127
81176
81226
81275
81324
81374
81423
81472
81521
81571
81620
81669
81719
81768
81817
81867
81916
81966
82015
82065
82114
82164
82213
82263
82314
82364
82413
82463
82512
82562
82611
82661
82709
82758
82806
82855
82903
82952
83002
83052
83101
83151
83200
83249
83299
83348
83398
83446
83496
83546
83596
83646
83696
83746
83796
83845
83895
83944
83994
84043
84092
84140
84190
84239
84289
84338
84388
84437
84486
84536
84585
84634
84683
84733
84781
84829
84878
84926
84975
85023
85072
85122
85170
85219
85267
85316
85364
85413
85462
85511
85561
85610
85659
85708
85758
85807
85856
85905
85965
86014
86064
86113
86162
86212
86262
86311
86361
