+1.836858348968530619 
+1.825907978944155241 
+1.815064215471893228 
+1.804540283288466052 
+1.794117802691979291 
+1.783796313585428450 
+1.773367809720104882 
+1.763454475600330307 
+1.753433212669504693 
+1.743712616724129250 
+1.733887216645611407 
+1.724357616143492367 
+1.714726304619476949 
+1.705385966110864349 
+1.695946978306826614 
+1.686414813971489624 
+1.677170305333865574 
+1.668021380656500741 
+1.658967595660439054 
+1.649826651650100562 
+1.641143673645776735 
+1.632550719663069083 
+1.623871173563273373 
+1.615458883373168231 
+1.606962907327322831 
+1.598729603072987393 
+1.590415488928344390 
+1.582359501876034358 
+1.574225550781521932 
+1.566018750131006776 
+1.558066934668024484 
+1.550204619052224952 
+1.542431375738231525 
+1.534590869879490782 
+1.527150401779374000 
+1.519641821984490937 
+1.512371198774725922 
+1.505035175031902206 
+1.497785691810946007 
+1.490767662803050175 
+1.483831882724844453 
+1.476836037206598951 
+1.470065273298934105 
+1.463375577625258828 
+1.456629728814585301 
+1.450102673290153188 
+1.443522046207298182 
+1.436892522385972981 
+1.430478866971679253 
+1.424147237869007876 
+1.417897228593388403 
+1.411603382847973931 
+1.405640449396497793 
+1.399632872313077314 
+1.393825474501116268 
+1.387975887140228570 
+1.382205513203300207 
+1.376513954289005470 
+1.370900813148181019 
+1.365365693682331516 
+1.360018805000453357 
+1.354636972930961303 
+1.349331989131954401 
+1.344209405031221882 
+1.339159821838933784 
+1.334079956962080038 
+1.329075396891518990 
+1.324045927026845870 
+1.319192333705765385 
+1.314412879711444493 
+1.309707181457836711 
+1.304981080558315742 
+1.300515523491054815 
+1.296028802263785806 
+1.291703685816927960 
+1.287359589418152650 
+1.283173462718313784 
+1.278970514413095394 
+1.274838309081744336 
+1.270776473233849568 
+1.266703894629383376 
+1.262783098831422590 
+1.258931551213943845 
+1.255148882777930019 
+1.251509842356524516 
+1.247862442692829532 
+1.244355207498918592 
+1.240841643561900964 
+1.237395145295236309 
+1.234015350312761328 
+1.230634964090516092 
+1.227388835759660735 
+1.224208322858825637 
+1.221093067433278279 
+1.217981133757801926 
+1.215056902680031969 
+1.212194268521508578 
+1.209392898910338410 
+1.206596015630912788 
+1.203917441074578321 
+1.201299133129812624 
+1.198635460631398697 
+1.196087804130348431 
+1.193601906943218438 
+1.191177423050089335 
+1.188861632323961359 
+1.186557705440645538 
+1.184359352376743724 
+1.182130676068973596 
+1.180006891212150189 
+1.177900957910453794 
+1.175896769228558902 
+1.173912169011099849 
+1.172026199200036256 
+1.170198234923530700 
+1.168427942004707232 
+1.166749374639254100 
+1.165092266086580342 
+1.163523936854900631 
+1.161978715525836314 
+1.160519357789942863 
+1.159084734768712766 
+1.157733089938249194 
+1.156407784512893500 
+1.155162602022651974 
+1.153945341662073965 
+1.152759002612898875 
+1.151650711361817070 
+1.150595869719592379 
+1.149594158207297490 
+1.148645258390867507 
+1.147731103257367602 
+1.146887937272076829 
+1.146081016070452208 
+1.145342296896784351 
+1.144654800106325920 
+1.144005749893130641 
+1.143420791844022233 
+1.142886116500029470 
+1.142401414826701656 
+1.141958015514367597 
+1.141573342327895979 
+1.141237715648534934 
+1.140950830573083108 
+1.140708019173670262 
+1.140518685888158856 
+1.140377179484577841 
+1.140283199166818306 
+1.140235980632141821 
+1.140237108768762164 
+1.140286318544976973 
+1.140381339800329741 
+1.140522386349393624 
+1.140713449401989266 
+1.140946587770158116 
+1.141218736096622166 
+1.141540947196231226 
+1.141899791622095428 
+1.142301125483635271 
+1.142754365085831836 
+1.143240735713616729 
+1.143780220972689055 
+1.144375185036536902 
+1.145014766715235943 
+1.145698664596878302 
+1.146426578345452807 
+1.147198208699190314 
+1.148013257468912141 
+1.148836276521881805 
+1.149717160846060349 
+1.150619690400836781 
+1.151581198560110986 
+1.152562176374803737 
+1.153603227805598763 
+1.154706522371345745 
+1.155827650818265662 
+1.156988002328792842 
+1.158212185325801613 
+1.159476639915430596 
+1.160781080419146960 
+1.162125222209876796 
+1.163508781710352880 
+1.164902640795422162 
+1.166363414852352731 
+1.167862767768056198 
+1.169369293547618760 
+1.170944209276108205 
+1.172556874276656114 
+1.174207012232844516 
+1.175860238390558088 
+1.177548931066174864 
+1.179308379572892251 
+1.181067945383089013 
+1.182862203844202931 
+1.184728577800629346 
+1.186630540921074450 
+1.188528734954932498 
+1.190500374506031189 
+1.192466339239043993 
+1.194465469727667317 
+1.196497517386063247 
+1.198562234566474816 
+1.200659374557733416 
+1.202788691583762226 
+1.204905516096624662 
+1.207052753454819438 
+1.209275857519982011 
+1.211530174698098428 
+1.213768517270221725 
+1.216036354696313104 
+1.218381628036038222 
+1.220757165108430353 
+1.223113336706972420 
+1.225498099077670711 
+1.227961804327973638 
+1.230506020364944941 
+1.233080526044879166 
+1.235632690114262910 
+1.238213474670955438 
+1.240822648622788016 
+1.243514096506855182 
+1.246179927228028950 
+1.248873454869579458 
+1.251650266972577086 
+1.254399060654185494 
+1.257231795837994381 
+1.260034934570492204 
+1.262864632912067631 
+1.265720667959943757 
+1.268661907452984572 
+1.271570476933252980 
+1.274504715298147017 
+1.277525068490065419 
+1.280510500242564964 
+1.283520941193349474 
+1.286618374893689243 
+1.289678684582387103 
+1.292763351877181499 
+1.295872162824706297 
+1.299069085536971535 
+1.302226027298761135 
+1.305406471831177306 
+1.308675832156757313 
+1.311903120749006613 
+1.315153279227938121 
+1.318426099812977315 
+1.321653901970151423 
+1.324970974896437337 
+1.328241731614967502 
+1.331602252783346207 
+1.334915179665754792 
+1.338388026068530579 
+1.341882988420534772 
+1.345329302721048670 
+1.348796452177985827 
+1.352355630404855402 
+1.355864268592751554 
+1.359465370179061994 
+1.363014691174409876 
+1.366583852106475261 
+1.370246102243708242 
+1.373854754265124267 
+1.377482660254509383 
+1.381204252953453837 
+1.384870473935064572 
+1.388555370626902041 
+1.392182990498159079 
+1.395904298649274011 
+1.399567225053663488 
+1.403324207546204461 
+1.407021721586665608 
+1.410813647784562530 
+1.414622950244250887 
+1.418605990994424193 
+1.422607449671067226 
+1.426548129941253018 
+1.430585457804787186 
+1.434640593983425916 
+1.438713335860310361 
+1.442562406789654972 
+1.446507394737107433 
+1.450387110302220339 
+1.454363034886434036 
+1.458272717914108174 
+1.462196981647654104 
+1.466300084698438644 
+1.470336125787165660 
+1.474386841916340618 
+1.478535175009815683 
+1.482698428196126628 
+1.486792717796772134 
+1.490900994150478054 
+1.495023088947810219 
+1.499158834679494845 
+1.503223252782178943 
+1.507300454376639731 
+1.511475622191974288 
+1.515663785567833433 
+1.519864780941002191 
+1.524078445539516879 
+1.528390994883920051 
+1.532629763062085093 
+1.536880713616851191 
+1.541143686942337387 
+1.545418524216410905 
+1.549792668653979799 
+1.554090994541128090 
+1.558400709412668617 
+1.562809956075261519 
+1.567142207115203689 
+1.571485379270579630 
+1.575928286158340796 
+1.580293056331122603 
+1.584757685078014955 
+1.589143433658462223 
+1.593629155244247197 
+1.598035268956227162 
+1.602541460810826823 
+1.606967332686914496 
+1.611402761235675385 
+1.615847600064677980 
+1.620301703539650751 
+1.624764926782988006 
+1.629237125672257980 
+1.633718156838704916 
+1.638116164786681761 
+1.642798035699569503 
+1.647489010449450175 
+1.652096690519013533 
+1.656805228305560984 
+1.661522400912672781 
+1.666062575202072127 
+1.670610439410461501 
+1.675258902406502770 
+1.679728692193901196 
+1.684298809918527651 
+1.688782591697676194 
+1.693460356426017555 
+1.698145286685127209 
+1.702837242103814486 
+1.707536083101781177 
+1.712241670887960643 
+1.716953867458871796 
+1.721578099696582376 
+1.726302977597875099 
+1.731034057687765637 
+1.735771205080967050 
+1.740324450205526841 
+1.744978072168306360 
+1.749542007862649351 
+1.754206299291054760 
+1.758780449209584651 
+1.763454926599305139 
+1.768134367412898644 
+1.772914297567998787 
+1.777603397248428641 
+1.782392933064898433 
+1.787091202422827818 
+1.791889847689878579 
+1.796596803335294590 
+1.801307881195893579 
+1.806022964966070177 
+1.810741939036618842 
+1.815464688493235057 
+1.820191099115026079 
+1.825017623280079881 
+1.829751085263534582 
+1.834487867613387779 
+1.839227858881449684 
+1.843970948305438728 
+1.848620137937321939 
+1.853369036462832353 
+1.858023707301729832 
+1.862777988848070221 
+1.867534829343792779 
+1.872391275295197666 
+1.877152961030305489 
+1.881916885479203883 
+1.886682943971803361 
+1.891548360850093813 
+1.896318414351801263 
+1.900992887066829784 
+1.905766448430762372 
+1.910444162291745851 
+1.915220834425815033 
+1.919901402965753956 
+1.924680793919502531 
+1.929461410916508468 
+1.934243155902539701 
+1.939025931479465337 
+1.943809640903772173 
+1.948691839957720662 
+1.953477143617398548 
+1.958263092878942180 
+1.963147282389581916 
+1.967934249499642130 
+1.972819283638295840 
+1.977606889695827208 
+1.982394673454450862 
+1.987182544034120424 
+1.991970411194369683 
+1.996758185332808466 
+2.001643480930489272 
+2.006430796331022393 
+2.011217751932982356 
+2.016004260684246319 
+2.020692569091752766 
+2.025477938993488713 
+2.030360244762389854 
+2.035144108178835953 
+2.039927098912777126 
+2.044611551229096325 
+2.049392569365500183 
+2.054074931240168045 
+2.058853655194461840 
+2.063631099498548505 
+2.068504640321466859 
+2.073279255068392501 
+2.077954955348583432 
+2.082726484955875090 
+2.087399013195224473 
+2.092167152877193459 
+2.096933465749899916 
+2.101697875845972341 
+2.106557479168369884 
+2.111317815552469224 
+2.116076023367222447 
+2.120832029063584923 
+2.125682750403840249 
+2.130434084949987206 
+2.135182998852874992 
+2.139929420957624284 
+2.144770066993422653 
+2.149511239957213604 
+2.154346384629704403 
+2.159082025270620431 
+2.163911382089632962 
+2.168641212062659029 
+2.173464499460934007 
+2.178091873133242373 
+2.182812571956163961 
+2.187433851921305017 
+2.192148202757952635 
+2.196763140649697910 
+2.201470892190792394 
+2.206271186416595143 
+2.210971948074135440 
+2.215669156404392659 
+2.220458499696146060 
+2.225148342477994312 
+2.229834448582746820 
+2.234516758441048800 
+2.239290651157724188 
+2.243965111584542260 
+2.248635599245903727 
+2.253302056821923305 
+2.257869318348648680 
+2.262432605288670739 
+2.267086806698146884 
+2.271641902447699035 
+2.276287634534040372 
+2.280834329554082274 
+2.285376791293175724 
+2.290009469452976454 
+2.294543224987362962 
+2.299166913365509934 
+2.303880202043320224 
+2.308494507796196693 
+2.313104093434616537 
+2.317802835050157828 
+2.322402732948794402 
+2.327091487232896938 
+2.331775120961646408 
+2.336360065339125658 
+2.341033411805228504 
+2.345701488784224686 
+2.350271044695552369 
+2.354835447445082774 
+2.359487642674367613 
+2.364041497427469274 
+2.368682837496284499 
+2.373225965198029197 
+2.377856269578448423 
+2.382388495442822052 
+2.386915262090824275 
+2.391528741435227090 
+2.396044352856618875 
+2.400554381979153273 
+2.405058789075380954 
+2.409557534924179123 
+2.414050580809245172 
+2.418629406212859934 
+2.423110819768985902 
+2.427586419472290036 
+2.432147326818754784 
+2.436611068696982407 
+2.441068887383945452 
+2.445429953172687298 
+2.449966614860033864 
+2.454315906212444887 
+2.458749809041810508 
+2.463177618245524059 
+2.467509124085912831 
+2.471924774235199962 
+2.476244307655995236 
+2.480647674109955680 
+2.484955114846957969 
+2.489256528218014797 
+2.493641308139501689 
+2.498019748203743617 
+2.502302657354699367 
+2.506668462129000297 
+2.511027842144268440 
+2.515291999260915290 
+2.519727218142273628 
+2.524155662742013639 
+2.528577305277682541 
+2.532992118470482446 
+2.537400075543637890 
+2.541801150220728278 
+2.546195316724045199 
+2.550494873220927605 
+2.554787747494265737 
+2.559073916667174320 
+2.563440623656558337 
+2.567713177841877581 
+2.571978960579348605 
+2.576324798104866254 
+2.580576835957113513 
+2.584908605640114487 
+2.589233238917729718 
+2.593550715331318646 
+2.597774879369904255 
+2.602078126709097550 
+2.606374159052009087 
+2.610577252867820164 
+2.614858945212530372 
+2.619133368639228632 
+2.623315234754557412 
+2.627490087606491720 
+2.631657911910900705 
+2.635818692811926933 
+2.640057112151622754 
+2.644203618917873921 
+2.648427444104812789 
+2.652643877475144407 
+2.656768797615388422 
+2.660802628031173622 
+2.664913433312484869 
+2.669017091122037666 
+2.673030060008093400 
+2.677036149568111867 
+2.681118593534511874 
+2.685110752136824708 
+2.689178956048006164 
+2.693157147497001080 
+2.697128414929039764 
+2.701175267173539840 
+2.705132519100629906 
+2.709165048901966966 
+2.713190332979018127 
+2.717290289783892199 
+2.721382688568512620 
+2.725385900612304013 
+2.729463316647352311 
+2.733451834908524170 
+2.737514247208559848 
+2.741488052733537018 
+2.745454570172326303 
+2.749413796053880255 
+2.753365727292083953 
+2.757390787917451291 
+2.761327973148557380 
+2.765257856736946351 
+2.769180437128992089 
+2.773175540678954665 
+2.777083362434796143 
+2.781063404888364676 
+2.785035840465114987 
+2.788921447482057836 
+2.792878822886978085 
+2.796749672765412420 
+2.800691992508979489 
+2.804548091181963798 
+2.808475362855616275 
+2.812316719263111331 
+2.816228953513841393 
+2.820055579577789295 
+2.823874920187103843 
+2.827686979343456919 
+2.831569334277678429 
+2.835366695586237995 
+2.839156789676575254 
+2.842939621967706998 
+2.846715198227430577 
+2.850560353746303122 
+2.854321288878368001 
+2.858074987502668307 
+2.861897840108341029 
+2.865713173244198941 
+2.869444912360298527 
+2.873245381894253825 
+2.877038357881999797 
+2.880748213192489526 
+2.884526380111825272 
+2.888221741669226184 
+2.891909944297413215 
+2.895666047390193398 
+2.899339817541071618 
+2.903006460588099635 
+2.906591374549551077 
+2.910318410459504790 
+2.913963740634759603 
+2.917601990404928181 
+2.921233172245147003 
+2.924931187348148498 
+2.928548128444940168 
+2.932231639815185975 
+2.935907847661733072 
+2.939576766925179996 
+2.943238412881796329 
+2.946892801141896001 
+2.950467075582524412 
+2.954034410355031781 
+2.957522228740182335 
+2.961075872150300548 
+2.964550309422131047 
+2.968018148410925150 
+2.971551444538808262 
+2.975005997986206907 
+2.978525765571446549 
+2.981967100216901478 
+2.985473408526641670 
+2.988972944871600035 
+2.992465727792615660 
+2.995951776117792953 
+2.999360169167678336 
+3.002832942386112425 
+3.006369706077038906 
+3.009829009993019167 
+3.013281677710424766 
+3.016797988602977654 
+3.020237311390110868 
+3.023740048617055365 
+3.027166112514013463 
+3.030585646455348225 
+3.033998672341499780 
+3.037474666190407291 
+3.040874611071532563 
+3.044268115674575892 
+3.047655202973506228 
+3.050966966225598043 
+3.054341418664717089 
+3.057709523807738083 
+3.061002760921232912 
+3.064358372074727832 
+3.067639416999393465 
+3.071050794185710586 
+3.074387654946217907 
+3.077718315798696480 
+3.081110584825742293 
+3.084428797486588714 
+3.087740888104284487 
+3.091046882953675023 
+3.094414090966089770 
+3.097707851041590743 
+3.100995596184077829 
+3.104344266128275187 
+3.107619942032257221 
+3.110889686022099809 
+3.114153526057882981 
+3.117477918418444016 
+3.120729916322424469 
+3.123976096133856739 
+3.127282557087146309 
+3.130583021070850513 
+3.133877519267978862 
+3.137100369780270182 
+3.140383148666228585 
+3.143594575309774264 
+3.146800393283966990 
+3.150000633055661137 
+3.153130182756041400 
+3.156319470662661608 
+3.159503272424837750 
+3.162681619363151952 
+3.165919240305906435 
+3.169086662700272505 
+3.172248726145551867 
+3.175469830760131451 
+3.178621165278029181 
+3.181831389629857121 
+3.185036170679210521 
+3.188235543466145572 
+3.191365715676978354 
+3.194490761032731552 
+3.197610713110544012 
+3.200789122474511750 
+3.203898887296114051 
+3.206940348351952963 
+3.210040266951225796 
+3.213135263041550616 
+3.216225371342921857 
+3.219310626760574223 
+3.222391064383506531 
+3.225529438405472682 
+3.228600249924848065 
+3.231603824098750355 
+3.234602911535660930 
+3.237659887172293693 
+3.240650011073157089 
+3.243635750907031046 
+3.246679207267055389 
+3.249656192511325870 
+3.252690783900142435 
+3.255659155945540562 
+3.258623318474509034 
+3.261644928852879932 
+3.264600691895351847 
+3.267613801402362128 
+3.270684034574689480 
+3.273688620696888485 
+3.276750235768600916 
+3.279746454119552901 
+3.282799610534438361 
+3.285848555909486990 
+3.288832476495889168 
+3.291873205608497166 
+3.294788459141807735 
+3.297760599431095674 
+3.300668352246171278 
+3.303572449345181461 
+3.306533316393839961 
+3.309430139696187823 
+3.312383659438550509 
+3.315333527220541310 
+3.318339873553802111 
+3.321282485572491616 
+3.324221567349701090 
+3.327157159450805146 
+3.330089302571291654 
+3.333077772436652708 
+3.335943405293858355 
+3.338865446923958480 
+3.341843736175615476 
+3.344759183509250278 
+3.347730830081074416 
+3.350639852306007693 
+3.353605029341828470 
+3.356507796626009732 
+3.359466678257127192 
+3.362363361723766708 
+3.365257097604335890 
+3.368206894746225810 
+3.371094804357199770 
+3.373979894355028097 
+3.376862207324300869 
+3.379741785954162303 
+3.382677357293401244 
+3.385551542115695867 
+3.388481699011230752 
+3.391350665535435294 
+3.394275587493137181 
+3.397197934024521970 
+3.400117751226172658 
+3.402976762648965536 
+3.405891708162645859 
+3.408746034354571020 
+3.411656290047777151 
+3.414564246499753430 
+3.417353764888003909 
+3.420141248674388290 
+3.422984749460443510 
+3.425826217344009272 
+3.428607767602709799 
+3.431445341737208388 
+3.434338866438245041 
+3.437172645951647176 
+3.440004614558528573 
+3.442834816878514115 
+3.445721004085484651 
+3.448547774214237194 
+3.451372913244346918 
+3.454196466067706695 
+3.457076053980687291 
+3.459896539254503800 
+3.462715574295785803 
+3.465533204244568566 
+3.468349474298871638 
+3.471221864412021851 
+3.474035525063235319 
+3.476847962673171644 
+3.479659222657824014 
+3.482469350483636816 
+3.485335708042025971 
+3.488143687372077473 
+3.491007947530196276 
+3.493813964544361106 
+3.496676317468681461 
+3.499480558707177558 
+3.502341194919187828 
+3.505143847257705225 
+3.508002957608484351 
+3.510804208233254897 
+3.513719133094414637 
+3.516576295857126944 
+3.519432907108182462 
+3.522289015744080931 
+3.525087561722035190 
+3.527885718053286990 
+3.530626435748184022 
+3.533423956719789594 
+3.536221225472866436 
+3.539018288172933069 
+3.541815191004307195 
+3.544554903670107837 
+3.547351626299241723 
+3.550091251163647321 
+3.552887974760321477 
+3.555684767751468911 
+3.558481676402478477 
+3.561278746987148303 
+3.564018936077196109 
+3.566759368479454295 
+3.569500087707241143 
+3.572298246299976832 
+3.575039677978062436 
+3.577838654570258736 
+3.580580976406959159 
+3.583380952401665986 
+3.586124342084943351 
+3.588925498852917784 
+3.591727321028699738 
+3.594529854871622465 
+3.597390364881982272 
+3.600194477684936167 
+3.603056695159120082 
+3.605862575601130438 
+3.608669400699383800 
+3.611534529631290624 
+3.614343404178672614 
+3.617210720480334984 
+3.620021832777802651 
+3.622891528496693603 
+3.625705066650133368 
+3.628577333621977541 
+3.631393485517331321 
+3.634268515340711936 
+3.637087468619047748 
+3.639907877778557399 
+3.642787394662597045 
+3.645610885208258267 
+3.648493641772634799 
+3.651320400626022256 
+3.654206587440881115 
+3.657036801191672737 
+3.659868793864508252 
+3.662644759495360169 
+3.665480408078403141 
+3.668260042355042660 
+3.671099525083921122 
+3.673883002414679133 
+3.676668445848265243 
+3.679513991528304828 
+3.682361675659380218 
+3.685153360714636506 
+3.687947183567698239 
+3.690801460111610588 
+3.693658053568890764 
+3.696517008861852638 
+3.699436791364109745 
+3.702359127383322068 
+3.705225539897091025 
+3.708094495094305998 
+3.710966037555607500 
+3.713840211789303680 
+3.716775801640131327 
+3.719655428630016303 
+3.722537821371422417 
+3.725481935322313642 
+3.728370050800020152 
+3.731320096083712290 
+3.734214114068757695 
+3.737111119794191971 
+3.740011157045107559 
+3.742973549038790537 
+3.745820500825527866 
+3.748729894482544012 
+3.751583020781890099 
+3.754439264081238736 
+3.757358269749562218 
+3.760220935963699773 
+3.763146582802980422 
+3.766135461247446692 
+3.769187831805581368 
+3.772184039846171899 
+3.775183944862622543 
+3.778187592042196563 
+3.781255214083385940 
+3.784206293059104276 
+3.787161095528515542 
+3.790119663577322662 
+3.793082039178324649 
+3.796108839768478127 
+3.799079035778301527 
+3.802053165414682745 
+3.805031270181446601 
+3.808013391462024444 
+3.811060555487261858 
+3.814050917535502627 
+3.817045420346248275 
+3.820105346272502089 
+3.823047011664598038 
+3.826054181555618605 
+3.829004153048046089 
+3.831958292149381329 
+3.834916636680245183 
+3.838002758126029867 
+3.841093526118453116 
+3.844127027608521541 
+3.847227120445388060 
+3.850207698716696214 
+3.853192712069928305 
+3.856244526167441400 
+3.859238614574470816 
+3.862237249122998595 
+3.865240466304050937 
+3.868311015100275085 
+3.871386415866054698 
+3.874529621242340127 
+3.877614941879536925 
+3.880705229903365527 
+3.883800523211316857 
+3.886837536714350616 
+3.889879424828270871 
+3.892989750145501748 
+3.896168864341358340 
+3.899353384199919059 
+3.902543348949934376 
+3.905738797637876569 
+3.908939769126306363 
+3.912082116681106392 
+3.915229841707421166 
+3.918382980259026205 
+3.921541568214035767 
+3.924705641273351642 
+3.927875234959183004 
+3.931115241683565298 
+3.934296096936411580 
+3.937482579007309358 
+3.940739927667844977 
+3.943937884163097873 
+3.947141571983014963 
+3.950351025349443823 
+3.953566278293515257 
+3.956721569665729632 
+3.959948403017271801 
+3.963115102860029104 
+3.966353647716880815 
+3.969598158048991632 
+3.972782269634244745 
+3.976038685900130876 
+3.979301164967258941 
+3.982636508379125750 
+3.985844440340188477 
+3.989125300548094000 
+3.992345206600944163 
+3.995638352149684547 
+3.998870352950899765 
+4.002175906190332810 
+4.005487773220311354 
+4.008805984623528218 
+4.012130570765236826 
+4.015461561791727974 
+4.018798987628887431 
+4.022074570507335523 
+4.025424822030455374 
+4.028850169924977465 
+4.032213629802330779 
+4.035583670760789055 
+4.038960321372206508 
+4.042343609977522512 
+4.045802817039968247 
+4.049199602625248140 
+4.052603110388564467 
+4.056083035285659832 
+4.059500207941127314 
+4.062994132911168954 
+4.066425080322892960 
+4.069933116456221356 
+4.073307574848856305 
+4.076759174078357972 
+4.080147057110883324 
+4.083612410749416277 
+4.087084750145732137 
+4.090564100240939638 
+4.093979264512524807 
+4.097472565493418983 
+4.100972949979519555 
+4.104552097533655797 
+4.108066866319686206 
+4.111588790078108069 
+4.115117891944999329 
+4.118581953217383074 
+4.122125332008281795 
+4.125603421983345065 
+4.129088485473363157 
+4.132653368701429741 
+4.136152586837581246 
+4.139731961554485196 
+4.143391963339912110 
+4.146986213203888383 
+4.150661436586894126 
+4.154270645063899536 
+4.157961174041094665 
+4.161585422292312764 
+4.165291338495770823 
+4.168930705352685173 
+4.172652088024542572 
+4.176381311395560125 
+4.180043575931092548 
+4.183713407050585253 
+4.187465950698829431 
+4.191151122691318953 
+4.194843913418370818 
+4.198619938069784396 
+4.202328172309127474 
+4.206044074725878268 
+4.209767661085889401 
+4.213498946852242355 
+4.217237947183685165 
+4.220908135702272190 
+4.224662451231983695 
+4.228424524674756491 
+4.232194369963496960 
+4.236049176383266612 
+4.239834765209145928 
+4.243628166065059659 
+4.247429391621420969 
+4.251316271889466591 
+4.255133343894028641 
+4.259036418723493256 
+4.262869384959556029 
+4.266631771328647460 
+4.270480354479186502 
+4.274336842251294399 
+4.278201244724751717 
+4.281994465295285934 
+4.285874564082568838 
+4.289842036195661734 
+4.293738191654735914 
+4.297722066006713248 
+4.301714237279819386 
+4.305714713686750628 
+4.309643245767485809 
+4.313660189122995092 
+4.317604872823789464 
+4.321638310994325494 
+4.325599172202370113 
+4.329568049157012766 
+4.333626191886233769 
+4.337611279702299427 
+4.341604398175561208 
+4.345687291413944386 
+4.349696647622343093 
+4.353714046170424012 
+4.357739490207747757 
+4.361855382512610291 
+4.365897089858841618 
+4.369946850016065198 
+4.374004664677936915 
+4.377987477691696938 
+4.382061240547434622 
+4.386059677783255673 
+4.390149391179335225 
+4.394163453528793006 
+4.398269116933240852 
+4.402298802456948934 
+4.406420412436411027 
+4.410465716341578357 
+4.414603266538350113 
+4.418664181156264803 
+4.422817662265356553 
+4.426894177028947830 
+4.431063576775116530 
+4.435241012278694051 
+4.439426479255749847 
+4.443619973032811643 
+4.447907317247233649 
+4.452203008152125996 
+4.456507039517959790 
+4.460733075756733612 
+4.465053601176407483 
+4.469382445942962079 
+4.473632777588391285 
+4.477978070798608989 
+4.482244505411458135 
+4.486518897247572468 
+4.490801237199844920 
+4.495179155049100927 
+4.499389722984522777 
+4.503695848558319170 
+4.507921761264697125 
+4.512243529832502986 
+4.516484744481838121 
+4.520733514415178789 
+4.525167337916544241 
+4.529520413279028546 
+4.533881323566706811 
+4.538250055123059568 
+4.542626593867563400 
+4.547010925294053152 
+4.551403034469418074 
+4.555713035246636622 
+4.560120495471486457 
+4.564445503300710527 
+4.568868251032713879 
+4.573208202023218760 
+4.577555522920835784 
+4.582091800933957515 
+4.586545075382460368 
+4.591005974884103225 
+4.595474480180167021 
+4.599859147067475895 
+4.604342650198411491 
+4.608833699106016368 
+4.613424158583969259 
+4.618022430242742615 
+4.622536293376851013 
+4.627057614533875096 
+4.631678871709931755 
+4.636122539033260992 
+4.640573295964975031 
+4.645124066044777678 
+4.649589079952892945 
+4.654154355226494566 
+4.658633529622292713 
+4.663213209795712189 
+4.667800127398201049 
+4.672300425839692295 
+4.676807617631977720 
+4.681415792270303022 
+4.685936833858820094 
+4.690559090778542384 
+4.695188417992838481 
+4.699919478561595199 
+4.704562999276488355 
+4.709213498860464142 
+4.713870946080183977 
+4.718630572090453335 
+4.723301959096871450 
+4.728075741796470055 
+4.732856622059521179 
+4.737644564097482913 
+4.742343563628961256 
+4.747049275729649409 
+4.751665427501005290 
+4.756287953382297928 
+4.761013321276163168 
+4.765745259583825444 
+4.770386962607505055 
+4.775131797644263543 
+4.779786061490737481 
+4.784543643834050286 
+4.789307607492863994 
+4.794175331755678116 
+4.799049616530814077 
+4.803832738983287776 
+4.808719885573358610 
+4.813515528027235035 
+4.818317303757097214 
+4.823125170030840181 
+4.828037389394269852 
+4.832857428553356094 
+4.837584877036831266 
+4.842416667811129116 
+4.847254327690157183 
+4.851998906322124938 
+4.856848048894605974 
+4.861702922394025350 
+4.866563479395937364 
+4.871429671945895379 
+4.876301451557964128 
+4.881178769213187607 
+4.886061575358095155 
+4.891049636268352430 
+4.895843452221741110 
+4.900642389186245396 
+4.905546535678405817 
+4.910355672493715851 
+4.915169781984011443 
+4.920089262522440166 
+4.924913267482878609 
+4.929842743601219546 
+4.934777187457370928 
+4.939817397506548247 
+4.944761708345263074 
+4.949811869436803846 
+4.954765816196310624 
+4.959724445355654154 
+4.964789037248209524 
+4.969756948341876424 
+4.974830888434855325 
+4.979807838911929352 
+4.984789172263339729 
+4.989774827365909715 
+4.994764742529105739 
+4.999860819435520298 
+5.004757103429336773 
+5.009657294504076930 
+5.014663540460125191 
+5.019571443003386868 
+5.024585434067404321 
+5.029500798138633932 
+5.034419760718337855 
+5.039547438882589603 
+5.044576216610197505 
+5.049505806578067357 
+5.054541540955868939 
+5.059580686777119141 
+5.064623174299136110 
+5.069565926285102719 
+5.074614821018105459 
+5.079666846145311609 
+5.084721929568482679 
+5.089883255066462553 
+5.094944295070689577 
+5.100111545426567972 
+5.105178240339569129 
+5.110351105199232968 
+5.115423148392940433 
+5.120497723743158147 
+5.125574754307723246 
+5.130654162536812279 
+5.135735870271420644 
+5.140923574951585806 
+5.146009687646373010 
+5.151097860060808387 
+5.156188011571742891 
+5.161280060939308356 
+5.166373926305549702 
+5.171469525192810224 
+5.176566774502282087 
+5.181665590512546160 
+5.186869991439717609 
+5.191971714818061301 
+5.197074748228601493 
+5.202283186080318700 
+5.207492805877945941 
+5.212599290389867690 
+5.217810975441182997 
+5.222919303311641670 
+5.228028408798851778 
+5.233138201820591640 
+5.238144292621292664 
+5.243255178509403258 
+5.248366479728320044 
+5.253478103643224983 
+5.258485631762006562 
+5.263597618760307739 
+5.268605321668591301 
+5.273717301182652584 
+5.278724813407154492 
+5.283732094576533811 
+5.288843360938353833 
+5.293849895854513932 
+5.298960208179074094 
+5.303965618968954132 
+5.309074588956833374 
+5.314078492738010695 
+5.319185726964537508 
+5.324187735822627943 
+5.329397008957348802 
+5.334500851308618508 
+5.339707474611538274 
+5.344912594714007703 
+5.350116099978008855 
+5.355213860131269321 
+5.360309855035890081 
+5.365507919007777460 
+5.370600019844149919 
+5.375690029821345917 
+5.380777839769075754 
+5.385863339834617847 
+5.390842708088601221 
+5.395819649166509357 
+5.400897663721993425 
+5.405869378193115971 
+5.410941836015711104 
+5.416011317423434335 
+5.421077707787157252 
+5.426037594312351331 
+5.431097524890435402 
+5.436154018754590922 
+5.441206958503894242 
+5.446256226037212045 
+5.451301702551644368 
+5.456446116083475850 
+5.461586330116283250 
+5.466619541683175321 
+5.471751060881683060 
+5.476775502484102276 
+5.481795417873769338 
+5.486912986315512164 
+5.491821174099248637 
+5.496724660077628499 
+5.501725329295240385 
+5.506618951675905649 
+5.511507512610581472 
+5.516390891712498856 
+5.521370537257451971 
+5.526344527166472176 
+5.531312731220566548 
+5.536376227112293158 
+5.541332341075108303 
+5.546484176153946066 
+5.551528347107510086 
+5.556666472232592469 
+5.561596370429948699 
+5.566419129657547593 
+5.571235298511467704 
+5.576144872815192777 
+5.580947330162500108 
+5.585842636933751493 
+5.590630851664434076 
+5.595411820327701236 
+5.600185410797260843 
+5.605149911933628992 
+5.610007070507528226 
+5.614856114114471275 
+5.619696899203471041 
+5.624529281469499153 
+5.629451471427048048 
+5.634168256533396146 
+5.638876558510716563 
+5.643674056200005396 
+5.648364791742704227 
+5.653144066136784218 
+5.657816663885705921 
+5.662577128756923983 
+5.667424718664312522 
+5.672165375529520048 
+5.676895998270149235 
+5.681616433447658210 
+5.686326526850162821 
+5.691121923239609970 
+5.695810648329309167 
+5.700488561149956723 
+5.705155504365077235 
+5.709811319857406531 
+5.714550516392142399 
+5.719183363689378297 
+5.723710407078874240 
+5.728320114835920407 
+5.732824180643691037 
+5.737410113842551951 
+5.741890577008887497 
+5.746359127483342100 
+5.750908323944204703 
+5.755444778416708651 
+5.759876137021466391 
+5.764386874990504950 
+5.768792719569064253 
+5.773277081345997708 
+5.777656762626602216 
+5.782204903696266385 
+5.786648021997523372 
+5.791077048856340781 
+5.795491811116839642 
+5.799892134812390410 
+5.804188488100781029 
+5.808559713092259713 
+5.812827223739247984 
+5.817168658787643665 
+5.821582908007636448 
+5.825893219539830525 
+5.830187855592578572 
+5.834379473322718113 
+5.838642545235434689 
+5.842889401454091747 
+5.847119859030107669 
+5.851247903705601772 
+5.855445355870100066 
+5.859625859361986322 
+5.863874014907065835 
+5.868104130212676850 
+5.872316005584546694 
+5.876509440420404573 
+5.880684233208350875 
+5.884757248548199371 
+5.888811974291042084 
+5.892848218223397438 
+5.896783984029903891 
+5.900783071340181429 
+5.904844124338486822 
+5.908804501970934986 
+5.912825647040312660 
+5.916826324670713788 
+5.920726928310881654 
+5.924607473743572328 
+5.928546330094160766 
+5.932385738904748074 
+5.936282200052056091 
+5.940156929334548863 
+5.944009710648184175 
+5.947840326951543410 
+5.951724495121756497 
+5.955434191664262578 
+5.959121970176174621 
+5.962787622843905844 
+5.966430940981669373 
+5.970125372167053968 
+5.973722925115400706 
+5.977297507906021323 
+5.980776663902639179 
+5.984305148468852309 
+5.987810027988812678 
+5.991220285116538591 
+5.994607481916806258 
+5.998041247895804950 
+6.001381221365846841 
+6.004697517016391650 
+6.007989928790337331 
+6.011326082171044582 
+6.014569596302727916 
+6.017788599102048330 
+6.021049164370243290 
+6.024217993944798621 
+6.027492115168530340 
+6.030674050771155592 
+6.033893439210054943 
+6.037021273838985458 
+6.040184983003609176 
+6.043257785367462276 
+6.046303002695741391 
+6.049320404103249338 
+6.052370471339865610 
+6.055330965024253942 
+6.058262939883420017 
+6.061166161360758586 
+6.064040393982581101 
+6.066943156766465783 
+6.069815237110222306 
+6.072599863780832052 
+6.075410445088892608 
+6.078134313553423596 
+6.080882395605068602 
+6.083544521828629925 
+6.086122335116185944 
+6.088723004624935875 
+6.091344369880605569 
+6.093881326351295868 
+6.096386376043830602 
+6.098859271351514622 
+6.101299763729574721 
+6.103756401542693055 
+6.106178774504751772 
+6.108566615511156428 
+6.110919656433869918 
+6.113237628119618350 
+6.115520260388411344 
+6.117767282031683962 
+6.119934551453045657 
+6.122067101784754328 
+6.124164674883316728 
+6.126268731442014115 
+6.128294844693562560 
+6.130285195211061300 
+6.132239521003919336 
+6.134196323067635070 
+6.136077060889571833 
+6.137920976829220443 
+6.139727805024519647 
+6.141497278646840030 
+6.143229129899224539 
+6.144923090015128153 
+6.146545480669307615 
+6.148163635356830525 
+6.149743092329505778 
+6.151283578947055908 
+6.152754578072910263 
+6.154217111402035201 
+6.155639856220290973 
+6.157022535990035017 
+6.158391845815803123 
+6.159692730033332175 
+6.160952707970694497 
+6.162195941595339121 
+6.163372415257075687 
+6.164484394164365888 
+6.165577932092229929 
+6.166650162156851245 
+6.167678025311761125 
+6.168661217170127387 
+6.169599432262952377 
+6.170474951166566413 
+6.171323206825728214 
+6.172109973503408398 
+6.172837666926879407 
+6.173536320051612236 
+6.174177135665481764 
+6.174786524853820957 
+6.175339331919492913 
+6.175858298957790815 
+6.176321959054981825 
+6.176749337876536572 
+6.177122704880934734 
+6.177457321542826563 
+6.177739241603529052 
+6.177979914263946881 
+6.178172678863773193 
+6.178314764676024140 
+6.178411791476821513 
+6.178459999524538837 
+6.178459081132581687 
+6.178410251395288100 
+6.178311171250071787 
+6.178158475002461181 
+6.177953334462336521 
+6.177706751404952179 
+6.177404555205938230 
+6.177058779209735562 
+6.176654705481845475 
+6.176208523663103911 
+6.175701330215217055 
+6.175153521771466814 
+6.174541958317247392 
+6.173891294504826988 
+6.173174102639795713 
+6.172419346751327751 
+6.171612621519471986 
+6.170735167271893751 
+6.169822486378901516 
+6.168836228654764220 
+6.167816335427111163 
+6.166742921408651767 
+6.165591616991838997 
+6.164409097102672597 
+6.163119387497426160 
+6.161797796138073657 
+6.160447493984683831 
+6.159011888338229213 
+6.157549253177602822 
+6.156030551278579566 
+6.154422047817736718 
+6.152789070792740844 
+6.151063244178369693 
+6.149240576337175135 
+6.147393624873314977 
+6.145486203258831992 
+6.143477162308103701 
+6.141446511227783844 
+6.139397657893828075 
+6.137244890638786643 
+6.135075743001539017 
+6.132799488934736587 
+6.130508700192438098 
+6.128157217238162424 
+6.125693795284947285 
+6.123166421852501706 
+6.120521177143094960 
+6.117863507485468588 
+6.115084562023935355 
+6.112237522260841160 
+6.109380988864850259 
+6.106397990591071689 
+6.103345752422812076 
+6.100287009694370433 
+6.097096534202225193 
+6.093901572405282963 
+6.090571333793786124 
+6.087238653066165739 
+6.083767116181271639 
+6.080295207477067976 
+6.076680827780700511 
+6.072993715242956725 
+6.069385291096460300 
+6.065631807216780302 
+6.061886106997409485 
+6.057991748436215573 
+6.054107322782668277 
+6.050153710799354378 
+6.045961408417525718 
+6.041779349156348289 
+6.037436436369953086 
+6.033105995695397183 
+6.028610871707468455 
+6.024130476157073311 
+6.019481530610424791 
+6.014849597340178988 
+6.010142072066241070 
+6.005260147051181718 
+6.000398700235659355 
+5.995358894054120036 
+5.990341919337866194 
+5.985142588020171850 
+5.979968469575411838 
+5.974607959477239660 
+5.969165414387792801 
+5.963640408776168300 
+5.958145488778209042 
+5.952570560958782231 
+5.946915221302480070 
+5.941179064632994944 
+5.935361684611593525 
+5.929341432927651034 
+5.923358703989855201 
+5.917293517318384488 
+5.911145461886201602 
+5.904786085320394839 
+5.898469342244255564 
+5.891936973253080190 
+5.885449850255336735 
+5.878742757083088577 
+5.872220310594546966 
+5.865338542806266098 
+5.858507308419385495 
+5.851589427350718076 
+5.844584476734290490 
+5.837492032519149276 
+5.830164213018477426 
+5.823042961155278974 
+5.815685479966429483 
+5.808391664695017553 
+5.801011847284818224 
+5.793389154353654646 
+5.785834302734784274 
+5.778032080763670919 
+5.770300530722052734 
+5.762317076177671638 
+5.754407154387294554 
+5.746408344461757522 
+5.738150778423676712 
+5.729799710857255590 
+5.721354699906006758 
+5.712815302504594683 
+5.704003875109873611 
+5.695272421710754429 
+5.686445236269808134 
+5.677521870847376029 
+5.668316785475536079 
+5.659197725492278508 
+5.649981125176518404 
+5.640666531689967123 
+5.631060359844882512 
+5.621546393443716205 
+5.611933058688466147 
+5.602219897818011773 
+5.592205130008947478 
+5.582288877883142320 
+5.572271409553664512 
+5.561944687138051790 
+5.551930972217450133 
+5.541607074090670437 
+5.531393930273385884 
+5.520865533386018598 
+5.510451165485929614 
+5.499936555917189551 
+5.488876766152980480 
+5.477707224388002061 
+5.466427427184549437 
+5.455036869752395212 
+5.443535045947076156 
+5.431921448267994279 
+5.420195567857188479 
+5.408594776641989732 
+5.397125239818370446 
+5.385550837223407328 
+5.373626663149408955 
+5.361838954528074908 
+5.349696078620716833 
+5.337441998505671137 
+5.324822696075409034 
+5.312342444811104514 
+5.299749508599187919 
+5.287043394646499195 
+5.273960793549592907 
+5.260759307336536850 
+5.247705999973820923 
+5.234537510632481627 
+5.220981026562698801 
+5.207303559663005288 
+5.193781750742040515 
+5.179863163569235596 
+5.166104028622380717 
+5.151942220185820709 
+5.137943694948416962 
+5.123825916645364131 
+5.109588375697411422 
+5.094936288697265780 
+5.080455218205408130 
+5.065852838094137667 
+5.050826867528128261 
+5.036282088622881403 
+5.021312685826782918 
+5.006529159118526806 
+4.991626751545788387 
+4.975976467950374627 
+4.960512989207414236 
+4.944604605578450496 
+4.928887118272477608 
+4.913043115122061266 
+4.896744802070006841 
+4.880643573480485387 
+4.864414230878857381 
+4.847721062767886835 
+4.831231253678391013 
+4.814611720424291974 
+4.797518734680648933 
+4.780635469633917722 
+4.763620858244091316 
+4.746123055229064747 
+4.728841422402741301 
+4.711070020265657021 
+4.693519151870691353 
+4.675471885708036623 
+4.657649556659584356 
+4.639692041723824545 
+4.621228124614605193 
+4.602995802155842142 
+4.584626631192065815 
+4.566120058574744789 
+4.547475529816056294 
+4.528307715588717031 
+4.509382761762528169 
+4.490318168868492776 
+4.471506716651823865 
+4.452164042888637319 
+4.433079106437195271 
+4.413456147271846319 
+4.394095561914366677 
+4.374597769193017349 
+4.354551693128362544 
+4.334774996487286813 
+4.314443089328074521 
+4.294385298421985908 
+4.273765318920835554 
+4.253424233074172278 
+4.232513929426886534 
+4.211887337611549320 
+4.190684447434116500 
+4.168895594318605902 
+4.147391741055331593 
+4.125738046835943251 
+4.103933927497902090 
+4.081529157141860154 
+4.059872069946342421 
+4.037613156534229475 
+4.015660380024885789 
+3.993098460376658387 
+3.970847725697342678 
+3.947980478332661303 
+3.924958107297710441 
+3.902254598835900978 
+3.878923385660629108 
+3.855435267333406912 
+3.831305435216695976 
+3.807498470250583189 
+3.783042029045802668 
+3.758913754042103594 
