43
93
143
192
241
290
340
388
437
485
534
582
631
679
728
778
827
876
925
975
1023
1071
1120
1168
1217
1265
1314
1362
1411
1461
1510
1559
1608
1658
1706
1755
1803
1852
1901
1949
1997
2046
2094
2142
2191
2239
2288
2338
2387
2436
2485
2535
2583
2632
2680
2729
2778
2827
2876
2925
2973
3022
3071
3119
3167
3216
3265
3315
3364
3413
3462
3512
3560
3609
3657
3706
3754
3803
3852
3901
3951
4000
4049
4098
4146
4195
4243
4292
4341
4390
4440
4489
4538
4587
4637
4685
4733
4781
4830
4878
4926
4976
5025
5074
5123
5171
5220
5268
5318
5367
5417
5466
5516
5565
5614
5663
5711
5760
5808
5857
5905
5954
6002
6051
6099
6148
6198
6247
6296
6345
6394
6444
6493
6543
6592
6641
6691
6740
6789
6838
6888
6937
6986
7035
7085
7134
7183
7232
7282
7331
7381
7430
7479
7529
7578
7626
7675
7723
7771
7820
7868
7917
7967
8017
8067
8117
8167
8217
8265
8314
8362
8411
8459
8508
8558
8607
8656
8706
8756
8806
8856
8906
8955
9005
9055
9104
9154
9204
9254
9303
9352
9402
9451
9500
9550
9600
9649
9699
9748
9797
9846
9895
9944
9993
10041
10089
10138
10187
10235
10283
10332
10381
10429
10477
10526
10576
10626
10675
10724
10773
10823
10872
10921
10971
11020
11070
11119
11168
11217
11267
11316
11365
11415
11464
11513
11563
11612
11661
11710
11760
11809
11858
11908
11957
12006
12055
12103
12152
12200
12249
12297
12347
12397
12446
12495
12545
12594
12644
12693
12742
12792
12841
12890
12940
12989
13038
13086
13135
13183
13232
13280
13329
13378
13429
13480
13530
13581
13632
13683
13731
13780
13828
13877
13925
13973
14023
14072
14121
14171
14221
14270
14319
14368
14417
14465
14513
14562
14611
14660
14709
14759
14808
14857
14906
14955
15005
15054
15103
15153
15202
15251
15301
15350
15400
15449
15499
15548
15598
15647
15696
15745
15794
15843
15892
15941
15989
16040
16091
16141
16192
16243
16292
16341
16391
16439
16488
16536
16586
16636
16686
16736
16786
16836
16885
16935
16985
17035
17083
17132
17180
17229
17277
17326
17375
17425
17474
17524
17573
17623
17672
17721
17770
17819
17868
17917
17967
18016
18065
18114
18163
18211
18260
18308
18357
18406
18456
18505
18554
18603
18653
18702
18750
18799
18847
18896
18944
18993
19042
19091
19140
19189
19239
19288
19337
19387
19436
19486
19535
19584
19633
19682
19731
19781
19830
19879
19928
19976
20025
20075
20124
20173
20221
20270
20318
20367
20416
20466
20515
20563
20612
20660
20709
20758
20807
20857
20906
20955
21004
21054
21103
21152
21201
21251
21300
21350
21399
21449
21498
21548
21596
21645
21693
21742
21790
21839
21889
21938
21987
22037
22086
22135
22184
22234
22283
22332
22381
22429
22477
22526
22574
22623
22671
22719
22768
22816
22865
22915
22964
23013
23063
23112
23162
23212
23261
23311
23361
23410
23459
23509
23558
23608
23657
23707
23756
23805
23855
23904
23953
24002
24051
24100
24150
24199
24248
24298
24347
24396
24444
24494
24542
24591
24640
24688
24737
24785
24834
24882
24930
24979
25028
25076
25125
25174
25222
25272
25322
25372
25422
25472
25522
25572
25621
25670
25719
25769
25818
25867
25917
25966
26016
26066
26116
26165
26215
26265
26314
26364
26414
26463
26512
26561
26610
26660
26709
26759
26809
26858
26906
26955
27004
27052
27100
27149
27197
27246
27294
27342
27391
27439
27488
27537
27587
27637
27686
27736
27785
27835
27884
27933
27982
28031
28081
28130
28179
28228
28278
28327
28377
28427
28476
28526
28575
28625
28674
28724
28773
28823
28872
28921
28970
29020
29069
29118
29167
29216
29266
29315
29364
29414
29464
29513
29563
29613
29662
29712
29761
29810
29860
29909
29958
30006
30056
30105
30154
30203
30253
30302
30352
30402
30452
30502
30552
30601
30650
30698
30747
30795
30843
30892
30940
30989
31037
31086
31135
31184
31233
31281
31330
31380
31429
31478
31528
31577
31627
31676
31725
31774
31824
31873
31922
31971
32019
32068
32117
32165
32214
32262
32312
32361
32410
32460
32509
32558
32607
32657
32706
32755
32805
32854
32903
32952
33002
33051
33100
33150
33200
33250
33299
33349
33398
33447
33496
33544
33593
33642
33691
33741
33790
33839
33889
33938
33988
34038
34088
34137
34186
34235
34285
34334
34382
34431
34480
34529
34578
34627
34677
34726
34774
34822
34871
34919
34967
35016
35064
35113
35161
35209
35258
35306
35355
35405
35454
35504
35553
35603
35653
35702
35752
35800
35849
35897
35945
35994
36042
36091
36140
36190
36239
36288
36337
36386
36436
36484
36533
36583
36632
36682
36731
36781
36830
36880
36929
36978
37028
37077
37126
37175
37224
37274
37323
37373
37422
37472
37522
37572
37621
37671
37720
37770
37820
37868
37916
37965
38014
38062
38111
38161
38210
38259
38308
38358
38407
38456
38505
38555
38604
38653
38702
38751
38801
38850
38899
38948
38997
39047
39096
39146
39195
39245
39294
39344
39393
39443
39492
39543
39593
39643
39693
39742
39791
39839
39888
39937
39986
40035
40083
40132
40180
40229
40278
40327
40376
40424
40472
40520
40569
40617
40666
40714
40763
40811
40860
40909
40958
41008
41057
41107
41156
41205
41255
41304
41354
41403
41453
41502
41552
41601
41651
41700
41749
41799
41848
41898
41947
41997
42046
42095
42143
42192
42240
42289
42337
42385
42434
42483
42531
42579
42628
42677
42726
42776
42826
42875
42924
42973
43022
43072
43121
43170
43220
43269
43319
43368
43417
43466
43516
43564
43613
43661
43709
43758
43806
43855
43905
43956
44006
44056
44106
44157
44206
44255
44304
44353
44403
44452
44501
44550
44599
44649
44698
44747
44797
44845
44894
44942
44990
45038
45088
45138
45187
45237
45285
45333
45382
45430
45478
45526
45575
45624
45674
45723
45772
45821
45869
45917
45966
46016
46066
46116
46166
46216
46265
46314
46363
46412
46461
46510
46560
46609
46658
46708
46757
46806
46855
46904
46952
47001
47049
47098
47147
47195
47244
47293
47343
47391
47440
47488
47537
47585
47634
47683
47732
47781
47830
47879
47927
47976
48026
48075
48124
48173
48222
48272
48321
48370
48420
48469
48519
48568
48618
48666
48715
48763
48812
48861
48910
48958
49007
49056
49106
49155
49204
49253
49301
49350
49398
49446
49495
49543
49592
49642
49691
49741
49790
49840
49889
49939
49988
50038
50088
50137
50186
50236
50285
50334
50384
50433
50482
50531
50580
50629
50677
50726
50775
50824
50874
50923
50972
51021
51071
51120
51170
51219
51267
51316
51365
51414
51462
51511
51561
51610
51660
51710
51760
51809
51859
51908
51958
52007
52056
52106
52155
52204
52254
52303
52352
52401
52451
52500
52549
52598
52646
52695
52743
52792
52840
52889
52937
52986
53034
53083
53131
53180
53228
53277
53326
53375
53424
53474
53524
53574
53623
53673
53723
53772
53822
53871
53920
53969
54019
54067
54116
54164
54213
54261
54309
54359
54408
54457
54506
54555
54604
54653
54701
54750
54798
54847
54895
54943
54993
55042
55091
55140
55188
55237
55286
55336
55386
55435
55484
55534
55582
55630
55679
55727
55776
55824
55873
55922
55970
56018
56067
56115
56164
56213
56263
56312
56361
56410
56460
56509
56559
56609
56659
56708
56757
56805
56853
56902
56951
56999
57048
57096
57145
57194
57244
57294
57343
57393
57442
57491
57540
57590
57639
57687
57736
57785
57833
57882
57931
57980
58029
58078
58127
58176
58226
58274
58322
58371
58419
58467
58516
58564
58613
58662
58712
58761
58811
58860
58909
58959
59008
59058
59107
59156
59205
59254
59304
59352
59400
59449
59497
59546
59594
59642
59692
59741
59789
59838
59887
59936
59984
60033
60082
60131
60181
60230
60280
60329
60379
60428
60477
60526
60575
60624
60674
60723
60772
60821
60870
60919
60968
61017
61066
61116
61165
61214
61264
61314
61363
61413
61462
61511
61560
61608
61657
61706
61755
61803
61852
61900
61949
61997
62045
62094
62142
62191
62239
62288
62336
62385
62433
62483
62532
62582
62632
62682
62731
62780
62830
62879
62928
62977
63026
63074
63122
63171
63219
63268
63317
63366
63414
63463
63512
63561
63610
63659
63709
63759
63808
63858
63907
63956
64006
64054
64102
64151
64199
64247
64295
64344
64393
64442
64492
64541
64592
64642
64693
64742
64790
64838
64887
64935
64984
65032
65080
65128
65178
65227
65276
65325
65374
65424
65472
65520
65569
65617
65666
65714
65763
65813
65862
65911
65960
66009
66059
66108
66157
66206
66255
66305
66354
66402
66451
66499
66548
66596
66644
66693
66742
66790
66839
66887
66936
66984
67034
67083
67132
67181
67230
67278
67327
67375
67424
67474
67523
67572
67620
67669
67718
67767
67815
67864
67913
67963
68013
68063
68113
68163
68212
68261
68310
68358
68407
68457
68506
68556
68606
68655
68704
68754
68803
68853
68903
68953
69003
69054
69103
69152
69201
69250
69300
69349
69398
69446
69495
69544
69592
69640
69689
69737
69785
69833
69882
69930
69978
70027
70075
70125
70174
70224
70273
70323
70372
70421
70470
70520
70569
70618
70667
70716
70766
70816
70865
70915
70964
71014
71063
71111
71160
71210
71259
71308
71357
71406
71456
71506
71556
71606
71656
71706
71756
71805
71854
71903
71953
72002
72051
72100
72150
72199
72248
72297
72346
72395
72444
72492
72541
72590
72639
72687
72736
72785
72834
72884
72933
72982
73032
73081
73129
73178
73228
73278
73328
73378
73427
73477
73526
73574
73623
73671
73720
73768
73817
73865
73914
73962
74011
74059
74108
74157
74205
74254
74303
74352
74400
74449
74499
74549
74597
74646
74694
74743
74791
74840
74888
74937
74985
75034
75082
75130
75179
75227
75276
75324
75372
75421
75469
75519
75568
75616
75665
75713
75761
75810
75858
75907
75957
76006
76055
76105
76154
76202
76251
76299
76348
76396
76444
76493
76542
76592
76641
76691
76741
76790
76840
76890
76939
76989
77038
77088
77137
77187
77236
77286
77336
77384
77433
77481
77530
77578
77626
77676
77725
77775
77824
77874
77923
77973
78022
78071
78121
78170
78220
78269
78319
78368
78418
78468
78518
78567
78616
78665
78714
78763
78813
78862
78911
78960
79010
79059
79109
79158
79208
79256
79306
79355
79404
79453
79502
79552
79600
79649
79697
79745
79794
79842
79891
79939
79988
80036
80084
80133
80182
80231
80280
80330
80379
80428
80477
80527
80576
80625
80674
80724
80773
80822
80871
80921
80970
81019
81069
81117
81166
81214
81263
81311
81359
81409
81459
81509
81559
81609
81659
81709
81758
81806
81854
81903
81951
82000
82049
82099
82148
82197
82246
82296
82346
82395
82444
82494
82544
82593
82643
82692
82742
82791
82840
82889
82939
82988
83037
83087
83135
83184
83232
83280
83330
83379
83429
83478
83527
83577
83626
83675
83725
83774
83823
83873
83922
83971
84021
84070
84120
84169
84219
84268
84317
84367
84416
84465
84514
84563
84613
84662
84711
84759
84808
84856
84905
84953
85001
85050
85098
85147
85195
85244
85292
85341
85389
85438
85488
85537
85586
85635
85685
85733
85782
85830
85879
85927
85976
86025
86073
86122
86171
86221
86270
86320
86369
