+7.250505152882016802 
+7.194588418750598180 
+7.138960991709553561 
+7.083622258225601875 
+7.028571605135974565 
+6.973808419648867662 
+6.920440987867388039 
+6.866245065114881641 
+6.813432144854049355 
+6.759801087779890416 
+6.707540332319275045 
+6.653391665516562803 
+6.600612079557779843 
+6.548115097158438758 
+6.494837428807959334 
+6.442909561770801652 
+6.391262458656669310 
+6.338850118909997278 
+6.287768417807219734 
+6.235931753159446700 
+6.185412974014839804 
+6.134149455388781647 
+6.084191121266112390 
+6.033498222768966635 
+5.984097859856438717 
+5.934972750258928009 
+5.885128196405164935 
+5.836557365637165873 
+5.788259962378913492 
+5.739258125948375699 
+5.691511316163470724 
+5.644036111565984726 
+5.596831909589051079 
+5.549898108049390544 
+5.504183738842419515 
+5.457783445352291096 
+5.411651760317687021 
+5.365788083086303395 
+5.320191813391662805 
+5.274862351353561962 
+5.229799097478522896 
+5.184089976420445112 
+5.139562744083143286 
+5.095299911546515403 
+5.050405684075701451 
+5.005785500890529427 
+4.961438727536158666 
+4.917364729980464588 
+4.873562874614526308 
+4.830032528253132895 
+4.786773058135277203 
+4.743783831924648808 
+4.701064217710136717 
+4.658613584006323194 
+4.616431299753982032 
+4.574516734320575040 
+4.532869257500750315 
+4.492313252651262800 
+4.451192753728893337 
+4.411151978639069604 
+4.371365322703933742 
+4.331028031920784116 
+4.291752997086895505 
+4.251936538736721616 
+4.213170715186894455 
+4.174656034972906937 
+4.135613613144391465 
+4.097604547781482864 
+4.059844847521105748 
+4.022333924427160312 
+3.985071190963916710 
+3.948056059996457368 
+3.911287944791131288 
+3.874766259016001690 
+3.838490416741296318 
+3.802459832439855969 
+3.766673920987582136 
+3.731132097663889979 
+3.695833778152154192 
+3.661491370520951083 
+3.627381520354277633 
+3.592097129646677267 
+3.557762074284454457 
+3.523667619105606441 
+3.489124770414086640 
+3.455514650747593564 
+3.422143374956556183 
+3.389010362380213248 
+3.356783994009266525 
+3.324120934468449473 
+3.292353815680299167 
+3.260158438465876163 
+3.228848346449443518 
+3.196473274783567575 
+3.164982332286664146 
+3.133089571076127733 
+3.102070114766597442 
+3.070657260679927170 
+3.040106936993888453 
+3.009171590172882382 
+2.979699696126235864 
+2.949841628727266851 
+2.920815535162915033 
+2.891411430515509196 
+2.862828933666585307 
+2.833876543704232809 
+2.805735442964082615 
+2.777232522849771179 
+2.749530620778711132 
+2.721474928911828073 
+2.693644305313596554 
+2.666599329267131502 
+2.638655980269943413 
+2.611497138546396535 
+2.584013684895579033 
+2.557304378661418021 
+2.530278449918592187 
+2.504016357880294308 
+2.477445587152032225 
+2.451628391493870573 
+2.425510415439335432 
+2.400135801830866278 
+2.374468260669454267 
+2.349533918272998179 
+2.324314455791974154 
+2.299320401299310035 
+2.275044340832245382 
+2.250494825543462696 
+2.227137682348804937 
+2.203505957720023112 
+2.180087885803542846 
+2.156411548139528733 
+2.132956490364914970 
+2.109722116036545358 
+2.087165961909103196 
+2.064366782999280225 
+2.042685528111354287 
+2.020760128740518802 
+1.999484964321706748 
+1.977973020358008149 
+1.957101801370678018 
+1.936001124763315318 
+1.914683118510837723 
+1.893579975261792114 
+1.872691103624418041 
+1.852015912677608789 
+1.831553811971406986 
+1.811304211527508201 
+1.791665202718741412 
+1.771834614088616533 
+1.752214770387298337 
+1.733191221520501202 
+1.713986918233668000 
+1.695369470594035199 
+1.676578405831953056 
+1.658364805374636930 
+1.640350256078193070 
+1.622534207084205704 
+1.604558612192974465 
+1.587141935835276740 
+1.570271559935973116 
+1.553244012374997318 
+1.536412217433839267 
+1.520113201539474268 
+1.503333693007717464 
+1.486756297465840149 
+1.470380433866151471 
+1.454205521642416343 
+1.438548511640001415 
+1.423083392703438754 
+1.407809619757033559 
+1.392726648170986792 
+1.377531978021228731 
+1.362832843096772883 
+1.348322867240281830 
+1.334001507619182902 
+1.319868221849056944 
+1.305639809618519998 
+1.291606086459062830 
+1.278041371117090819 
+1.264391436931020074 
+1.250934480268365512 
+1.237933336952160346 
+1.225116439382804678 
+1.212739236276269672 
+1.200285481655318343 
+1.188262977632650319 
+1.176415231579475140 
+1.164500390319244794 
+1.153004260784622481 
+1.141681365733227871 
+1.130300739757792883 
+1.119326386372902604 
+1.108523747807438120 
+1.097672650828445562 
+1.087215486813274623 
+1.076716016268671083 
+1.066184548696308632 
+1.056041801262840529 
+1.046074810117724851 
+1.036283043738895238 
+1.026471519520942621 
+1.017032158773764294 
+1.007766420170166377 
+0.998673774037612816 
+0.989753691164729332 
+0.980828898776941571 
+0.972255851265706461 
+0.963853771384378000 
+0.955622131780182293 
+0.947560405563768526 
+0.939668066309649497 
+0.931788720601882225 
+0.924237007803708543 
+0.916704146173278112 
+0.909490916667202498 
+0.902302354171732546 
+0.895425468636402933 
+0.888579024258248751 
+0.882036347222300954 
+0.875529843876195812 
+0.869319243725734658 
+0.863272217434233546 
+0.857506698892425590 
+0.851897157013499218 
+0.846331126918475896 
+0.841035296767451257 
+0.835893968417655842 
+0.830804386390156857 
+0.825874784933410488 
+0.821104646530434579 
+0.816400999544716122 
+0.811951464468720907 
+0.807659832206880424 
+0.803525587146045162 
+0.799389197097227111 
+0.795650843076460390 
+0.792062026160813559 
+0.788552183272630103 
+0.785264082444885325 
+0.782060215398027836 
+0.779010150025965409 
+0.776113374515724708 
+0.773369377532587166 
+0.770777648220537515 
+0.768337676202710540 
+0.766003814180597153 
+0.763826894672160250 
+0.761806376956704945 
+0.759941720834989454 
+0.758232386629708266 
+0.756677835186013503 
+0.755277527871982102 
+0.754054355763947193 
+0.752957864803949661 
+0.752014015956537385 
+0.751236620374921671 
+0.750616244872765570 
+0.750126544984817123 
+0.749781425499809195 
+0.749580383361450941 
+0.749522915999861539 
+0.749608521332025823 
+0.749836697762244597 
+0.750206944182574276 
+0.750706902948622634 
+0.751356914010584021 
+0.752129968435470531 
+0.753078176339819549 
+0.754171721557920449 
+0.755383892023441916 
+0.756763644082251830 
+0.758255281977309181 
+0.759919169926086546 
+0.761688247747037472 
+0.763593895468814843 
+0.765635617891804898 
+0.767858763290189650 
+0.770173903201969878 
+0.772623625108912471 
+0.775261559349530671 
+0.777981687428697555 
+0.780834909312595471 
+0.783820733286652249 
+0.787003671596260723 
+0.790255907613997444 
+0.793639263561310315 
+0.797226320460190152 
+0.800948874049965731 
+0.804806405093695609 
+0.808798394895986483 
+0.812924325303490569 
+0.817183678705402095 
+0.821575938033952013 
+0.825917065413378282 
+0.830474008160505761 
+0.835157136802889610 
+0.839866574013392153 
+0.844798070393788514 
+0.849958794148971464 
+0.855141824937247996 
+0.860448623422265690 
+0.865878707477333087 
+0.871546195026492221 
+0.877223897241917072 
+0.883143054919739434 
+0.889310753727948544 
+0.895484605070363315 
+0.901783773554037715 
+0.908207750757189736 
+0.914888258753935091 
+0.921293449062647873 
+0.927949283651462231 
+0.934583640114611036 
+0.941472482078522965 
+0.948334177599080341 
+0.955600679628526350 
+0.963136989121794684 
+0.970647052591056436 
+0.978276931287262563 
+0.986026122814464223 
+0.994052693812252919 
+1.001719555122359218 
+1.009658138272159000 
+1.017543969215291888 
+1.025705161948304855 
+1.033808157295598384 
+1.042190118774831475 
+1.050508477219045389 
+1.059109370614271128 
+1.067999073705377278 
+1.076821523213999932 
+1.085936331539576472 
+1.094978432260317547 
+1.104128545813185092 
+1.113576255540849047 
+1.122943180562461229 
+1.132416715259380702 
+1.141996396120092960 
+1.151880517809260596 
+1.161673245099824392 
+1.171570721729494835 
+1.181572486286829538 
+1.191470806520113612 
+1.201677659867143255 
+1.211776000266052478 
+1.222186140349110772 
+1.232482737630704150 
+1.242876790473508741 
+1.253807096047599323 
+1.264620469122704982 
+1.275757794667403466 
+1.286773115686709268 
+1.298115561036474297 
+1.309330970014870310 
+1.320412852611273280 
+1.331822507566425173 
+1.343093800916569158 
+1.354695924548556363 
+1.366154889638522718 
+1.377706081269540306 
+1.389592610612310430 
+1.401574356164350554 
+1.413650867547358914 
+1.425821694915896387 
+1.438086388957853679 
+1.450191363696423430 
+1.462640552421644813 
+1.474925396779808828 
+1.487557325669359720 
+1.500280900906961534 
+1.513095676367973930 
+1.526001206464200344 
+1.538997046144344516 
+1.552350738683780484 
+1.565527684828927235 
+1.578793599585814889 
+1.592421498323916218 
+1.605865815196571234 
+1.619397764623317748 
+1.633016905345759717 
+1.646722796646016285 
+1.660232664999217178 
+1.674108989392077973 
+1.687784969275521796 
+1.701830006004923845 
+1.715670413840524766 
+1.730173360913213720 
+1.744470804660587682 
+1.758851510555609288 
+1.773315042742953374 
+1.788158676319440588 
+1.802488845298698017 
+1.816897242799101697 
+1.831686081976452662 
+1.846251322487751700 
+1.861199424085887344 
+1.875919846957360804 
+1.890716448174173614 
+1.905899466597402281 
+1.920848775524190089 
+1.935873040533119038 
+1.951287206607360325 
+1.966461714002303296 
+1.981709959836816637 
+1.997671526876860781 
+2.014033832814310365 
+2.030154757756387873 
+2.046353888944564048 
+2.062957102030515522 
+2.079312831623346014 
+2.095416002513186271 
+2.111592549554614173 
+2.128174428634516779 
+2.144497934726446786 
+2.160893540406792823 
+2.177697634544793814 
+2.194237625220373467 
+2.211188174837444897 
+2.227870834402087219 
+2.244966090715724505 
+2.261445676059469889 
+2.278337021275676832 
+2.294950284308623800 
+2.311977274469708910 
+2.329421744962298035 
+2.346585493939989497 
+2.364168648601374656 
+2.381467460886951493 
+2.398832496839793826 
+2.416263342800267999 
+2.434117329893066284 
+2.451679879062612422 
+2.469306992238956333 
+2.487359969365446233 
+2.505116273518830816 
+2.522935900826637656 
+2.540818441602697320 
+2.558763486726984837 
+2.576770627646095768 
+2.595208847436095922 
+2.613340202935247270 
+2.631532423675909449 
+2.649785103387181096 
+2.668472188063908845 
+2.686845782274061456 
+2.705278611806586575 
+2.723770272680351212 
+2.741941206866053804 
+2.760548140599392575 
+2.778831222455583116 
+2.797934499440903444 
+2.816713121706603040 
+2.835548171595150713 
+2.854825361888409851 
+2.873773198745137591 
+2.893164646546972918 
+2.912223642332836704 
+2.931337055320192952 
+2.950504488417273308 
+2.970118367140453408 
+2.989393733646460660 
+3.008721924382486534 
+3.028498610584059669 
+3.047932323882600159 
+3.067417670799184926 
+3.086954258307565091 
+3.106941964244137822 
+3.126580881818502355 
+3.145867542812159634 
+3.165605174016583589 
+3.184987784713807280 
+3.204822600730767412 
+3.224299665723775909 
+3.244230142248307303 
+3.263800170553156299 
+3.283824787799728195 
+3.303486292863058615 
+3.323603535572495993 
+3.344178971510065601 
+3.364389191747347851 
+3.384644850452856790 
+3.404945563886011328 
+3.425706623282902985 
+3.446097197173604076 
+3.466531670300956769 
+3.487009661284645734 
+3.507950034354233360 
+3.528514787897144789 
+3.549121910945273850 
+3.569771024485796751 
+3.590884440430239355 
+3.611617237862649432 
+3.632815259266557462 
+3.653630200722354004 
+3.674485231128723939 
+3.694953157202358174 
+3.715886440690157944 
+3.736430303906327577 
+3.757440373800128963 
+3.778058739671012134 
+3.799144133902025544 
+3.820698491414567410 
+3.841859260253659869 
+3.863489757933295188 
+3.885158124008112335 
+3.906863965890189583 
+3.928606891639069509 
+3.949950560536333644 
+3.971329101302788267 
+3.992742146859882713 
+4.013751294271497017 
+4.034792856871145972 
+4.056305863906829678 
+4.077411884654025265 
+4.098989978701287562 
+4.120159059849285654 
+4.141800816373775618 
+4.163474192213791447 
+4.185622100282696323 
+4.207358256980123556 
+4.229124942290292566 
+4.250921796315585865 
+4.272748459762762963 
+4.294158238775105829 
+4.316042855453925853 
+4.338403722778473082 
+4.360346043084285306 
+4.382316385427305505 
+4.404763618684231830 
+4.426789492418228278 
+4.448391991142988999 
+4.470470871137623092 
+4.492576000961870264 
+4.514707028000390920 
+4.536863600247624362 
+4.559498315276901081 
+4.581705427718643975 
+4.603937025875563194 
+4.626192760198184928 
+4.648927211099145751 
+4.671230646275742693 
+4.693557165553862376 
+4.715906421847375185 
+4.738734863616514303 
+4.760671760205783087 
+4.783087151169430840 
+4.805065792986832562 
+4.827523124208450866 
+4.849542190632384120 
+4.872040116367061025 
+4.894558038517899945 
+4.917555768325993171 
+4.940113049830506142 
+4.962689297954263168 
+4.985284172994230545 
+5.007435662178117752 
+5.030066411484260591 
+5.052252393731801128 
+5.074454965595759148 
+5.097136874019640551 
+5.119372005452889951 
+5.142086493982583661 
+5.164816941436074060 
+5.188027379554131180 
+5.210789051581377507 
+5.234030657521364205 
+5.256822195187927704 
+5.279628013667206687 
+5.302913634429161860 
+5.326213429146782197 
+5.349527047468650487 
+5.372854139722460509 
+5.396194356915549939 
+5.419080167897631028 
+5.442445345534752121 
+5.465822612148214965 
+5.488743728427141200 
+5.511675797103711361 
+5.534618493524463112 
+5.558040027257199256 
+5.581003208043915365 
+5.603976039816158661 
+5.626958200456220638 
+5.650418667525753946 
+5.672949223028910026 
+5.695957443887255778 
+5.718503913390471816 
+5.741057804697674349 
+5.764088913285677407 
+5.787597365959785023 
+5.810642502128954057 
+5.833694103045418800 
+5.856751852917304824 
+5.880286180506930194 
+5.903355392827778658 
+5.926429804149121239 
+5.949038048402616852 
+5.972121828460941195 
+5.995209876102219226 
+6.018301879998396942 
+6.040926155281574950 
+6.064025075284892985 
+6.086655531015100706 
+6.109288606386565235 
+6.131924011724864343 
+6.155033091043980775 
+6.177672323101254470 
+6.200784708160941960 
+6.223426591269211272 
+6.246541084402618793 
+6.269656188709697986 
+6.293243344659619432 
+6.316358757787246425 
+6.339945598381185654 
+6.363060085916991682 
+6.386173660284479858 
+6.409757687126734105 
+6.432868500455835914 
+6.456449086219262945 
+6.479555917403348353 
+6.503131818787428742 
+6.526704883522710610 
+6.550274796569414804 
+6.573369950648602078 
+6.596461480763342600 
+6.619077957732656614 
+6.642161445843791867 
+6.664769481440397492 
+6.687843778354385371 
+6.710912997012107084 
+6.733976846105056424 
+6.757505549290471869 
+6.780557663494366061 
+6.803603532231986328 
+6.827112987269865485 
+6.850145357471340901 
+6.873640439338236874 
+6.897127807820233159 
+6.920137652531585637 
+6.943608852652440433 
+6.967071435888851028 
+6.990056116531428110 
+7.013500748745902236 
+7.036935866910915216 
+7.059892763405478000 
+7.083308160443160695 
+7.106245156663805851 
+7.129639663419119699 
+7.152555616318337250 
+7.175928069198195480 
+7.198821841182874159 
+7.222171082163734823 
+7.245041541102721361 
+7.267900044098254853 
+7.291212436969759736 
+7.314045944642920460 
+7.336866666760085920 
+7.359674329988825647 
+7.382468661662357157 
+7.405714159050201140 
+7.428480726296283088 
+7.451233142468347559 
+7.474435026250381142 
+7.497158028380979999 
+7.519866066007860006 
+7.543021829155237334 
+7.565698815441661118 
+7.588360029896182191 
+7.611467184185183754 
+7.633634080202130967 
+7.656246386176823293 
+7.678380898419981726 
+7.700959629467885037 
+7.723060747309099305 
+7.745604874355492164 
+7.767671592278136750 
+7.790639258046422100 
+7.813128994176211428 
+7.835600080609805396 
+7.858510267805639771 
+7.880942885984045354 
+7.903356075539372583 
+7.925749579942872103 
+7.948123143342680663 
+7.970020522953941366 
+7.992809427110999287 
+8.016031898249751819 
+8.038776977785355271 
+8.061499956606592576 
+8.084654349476531721 
+8.107331869808856339 
+8.129533617857914507 
+8.151713117149794741 
+8.174322066433493461 
+8.196455855226256304 
+8.218566645379839386 
+8.240654189994511825 
+8.263168283320014851 
+8.286107188891334019 
+8.308571077313811060 
+8.331009719797155100 
+8.353870858555547230 
+8.376257716153959976 
+8.398171589076806498 
+8.420060226547498416 
+8.441923387944028079 
+8.463315429813182078 
+8.485127452031337114 
+8.506468939805511553 
+8.528228887931337709 
+8.549962176859951413 
+8.571668570072210613 
+8.593347831738999076 
+8.615441315533439948 
+8.637065043659802654 
+8.658660932134942811 
+8.680668613481426377 
+8.702207544126869365 
+8.724156622058131916 
+8.745637649263466429 
+8.767527161787914025 
+8.788949345661908552 
+8.810342059096180733 
+8.831705073938667994 
+8.853038162732822514 
+8.874341098717982490 
+8.896047471752190461 
+8.916855608701258262 
+8.938066732661816616 
+8.958814869264051239 
+8.979964304700187583 
+9.000651583821667856 
+9.021738458452327691 
+9.042793400310470631 
+9.063816188890498893 
+9.084806604387278384 
+9.105764427696470875 
+9.127116138328528194 
+9.148007446446705160 
+9.168865504852766080 
+9.190539366654750353 
+9.212176731744307290 
+9.233777357894835447 
+9.254073581942629190 
+9.274758647194019545 
+9.295409153926033952 
+9.315604509798227184 
+9.336185980264630757 
+9.356732262666122679 
+9.377243147122587885 
+9.397718424461089626 
+9.418574643707206206 
+9.438977344793503477 
+9.459343811272587388 
+9.479259303953700311 
+9.499553432891566729 
+9.519397670306172898 
+9.539618658664766215 
+9.559390856862346908 
+9.579127118498330873 
+9.599237287548934461 
+9.619309607690519570 
+9.638935397221677803 
+9.658932200770680154 
+9.678890559524100823 
+9.698810274912498031 
+9.719096475395533119 
+9.738937512454608481 
+9.759143019118548423 
+9.778904576091745682 
+9.798626499633371623 
+9.818709854864621889 
+9.838351110748668304 
+9.858351749754927340 
+9.878310308440816812 
+9.898624476327562149 
+9.918894437440455292 
+9.938723826812845275 
+9.958510319340732053 
+9.977859270611233455 
+9.997560237677195261 
+10.016824991747506957 
+10.036439654777511876 
+10.055619451620891880 
+10.074756919579142433 
+10.094241123662927251 
+10.113292509304789846 
+10.132301012498338366 
+10.151653051528402472 
+10.170574360654860868 
+10.189452240378082948 
+10.208670428613757508 
+10.227460015883014677 
+10.246587737964919285 
+10.264907103775126274 
+10.283564250258447004 
+10.301797492925761190 
+10.320366377932860047 
+10.338512824679391144 
+10.356616073738337036 
+10.375427514377967952 
+10.393816902722164741 
+10.412160757645258613 
+10.430085934579295781 
+10.448339148603373872 
+10.466175208510090755 
+10.484337117594044742 
+10.502452652920844400 
+10.520521647223237238 
+10.538911248239744012 
+10.556885703306843283 
+10.574813116591256446 
+10.592693323778528125 
+10.610526161289826064 
+10.628673935628105696 
+10.646410570952946628 
+10.664099346997620188 
+10.681740103145109799 
+10.699332679516267319 
+10.717234458199817126 
+10.735085736527461009 
+10.752530832423833118 
+10.769927110025260930 
+10.787274413178689514 
+10.804925097774297882 
+10.822172979123266146 
+10.839371418876568853 
+10.856520263861199282 
+10.873619361646523984 
+10.890668560544739307 
+10.907667709611242657 
+10.924962031815702801 
+10.941859602268783291 
+10.959049962358403008 
+10.975503091537316180 
+10.991907476492595919 
+11.008943396004667648 
+11.025586988253598619 
+11.042179346974247522 
+11.058720327946822692 
+11.075545769828050169 
+11.091982509789431788 
+11.108033573396893345 
+11.124034788512643601 
+11.140317808046653170 
+11.156217885307043503 
+11.172397386868180291 
+11.188195792682773089 
+11.204271234476678387 
+11.220293905874179075 
+11.236263670859422348 
+11.252504672025306576 
+11.268367132526021734 
+11.284176280362835598 
+11.299931982548670817 
+11.315634106850898988 
+11.330963704118303781 
+11.346241638982871081 
+11.361784449183772949 
+11.376957610697948198 
+11.392393212272676095 
+11.408087802598778637 
+11.423413468917548386 
+11.438684531842259418 
+11.454210832619576621 
+11.469371192402853410 
+11.484476572188778931 
+11.499833422708871211 
+11.514827345461050356 
+11.529765918544661929 
+11.544952179464116782 
+11.560080555054046414 
+11.575451733225023077 
+11.590462794634426302 
+11.605415590392771819 
+11.620309996228865401 
+11.635442008869439690 
+11.649628175483442760 
+11.663760193174297797 
+11.678130663898350861 
+11.692152929646230319 
+11.706701533120281056 
+11.720901707686707027 
+11.735332936522663516 
+11.749704710629341520 
+11.763731254398887671 
+11.777700477878134677 
+11.791328933910252275 
+11.804902181486195190 
+11.818701155674204983 
+11.832162532201596861 
+11.845847098859882962 
+11.859196202531103737 
+11.872765954472217942 
+11.886002389341509655 
+11.899456925365441862 
+11.912580301355802703 
+11.925919226256999295 
+11.938929159166816518 
+11.951882815003182614 
+11.965316264155870130 
+11.978688445955384623 
+11.991999258163447806 
+12.005248599383140373 
+12.018173217713371770 
+12.031300550530488636 
+12.044105409861213474 
+12.056850854766111070 
+12.069536793738073754 
+12.082163136048745145 
+12.094729791749035286 
+12.107491291090678232 
+12.119937084209489342 
+12.132322923770756162 
+12.144899644120398463 
+12.157164088953287262 
+12.169368320406825035 
+12.181759460982405585 
+12.193841779969350370 
+12.206108346660718311 
+12.218068414911337882 
+12.230210065843284184 
+12.242047551553710605 
+12.254063951452650372 
+12.265778529292393983 
+12.277669349494061635 
+12.289024752983753075 
+12.300556244974647058 
+12.312260006211211305 
+12.323899983976758676 
+12.335706969867644034 
+12.347217865606840093 
+12.358664742561410677 
+12.369593444825749629 
+12.380688830446960225 
+12.391497959455969990 
+12.402247819339205392 
+12.413160433529586868 
+12.423790324356463799 
+12.434360753523822751 
+12.445090002555414088 
+12.455974206207830690 
+12.466577930576235644 
+12.477333914020976025 
+12.487811853077893431 
+12.498439353690871556 
+12.508791253343190419 
+12.519080677869954599 
+12.529515627910399189 
+12.539885401766316164 
+12.550189937575758847 
+12.560429174341809500 
+12.570400215285758350 
+12.580509983380284922 
+12.590354031981515703 
+12.600334102388693225 
+12.610050937508990643 
+12.619901087944043638 
+12.629490495045363474 
+12.639016754374804208 
+12.648479815796386916 
+12.657879629976417135 
+12.667216148383964480 
+12.676300708305818787 
+12.685511786934718259 
+12.694659429952544372 
+12.703928321792218981 
+12.712947661501278418 
+12.721903431135364926 
+12.730795587795377344 
+12.739803599802213441 
+12.748388894629300694 
+12.757089963038662717 
+12.765727254945820945 
+12.774126400719184815 
+12.782464273475721228 
+12.790912614435278272 
+12.799297029766190548 
+12.807617483809670134 
+12.816041774269447018 
+12.824399393699650318 
+12.832525142507572369 
+12.840586794195443687 
+12.848746864003118162 
+12.856678917864890366 
+12.864706681812325684 
+12.872509015685412948 
+12.880247101584799907 
+12.888076850973575915 
+12.895530420404258010 
+12.903228914126575688 
+12.910860400919581537 
+12.918424855091410919 
+12.925922251835714860 
+12.933352567232063279 
+12.940569171793875114 
+12.947575991022969077 
+12.954664956017314381 
+12.961689414241689633 
+12.968790714751101234 
+12.975684787640453521 
+12.982514300648155370 
+12.989279237839280512 
+12.996115653216982366 
+13.002750075638653371 
+13.009319879101894912 
+13.015825050976266297 
+13.022396345644359883 
+13.028900319828279564 
+13.035336962760101898 
+13.041706264565634754 
+13.048008216264985748 
+13.054118778061166495 
+13.060041904035362137 
+13.066024385246429063 
+13.071822033872527058 
+13.077676414358883505 
+13.083466078550724632 
+13.089191023774514377 
+13.094966089066225834 
+13.100446750766682413 
+13.105977531332097641 
+13.111332685231975148 
+13.116735345318851103 
+13.121964997041796863 
+13.127239545613019089 
+13.132343707097103191 
+13.137490159565075487 
+13.142571911600864354 
+13.147690684990976706 
+13.152641736178868115 
+13.157528108848723036 
+13.162349811932397614 
+13.167106855196466952 
+13.171799249242649665 
+13.176520776568676041 
+13.181082588573241665 
+13.185670895380461332 
+13.190102178929297594 
+13.194468879433888020 
+13.198771012550768233 
+13.202922758632087863 
+13.207097124129617782 
+13.211123744142390990 
+13.215170413169637698 
+13.219152604849305987 
+13.223070339840472087 
+13.226845644809298363 
+13.230635846084219054 
+13.234361657214215313 
+13.238097155546668660 
+13.241692946432893407 
+13.245224422262291242 
+13.248691609590549589 
+13.252163314380457138 
+13.255500697176007208 
+13.258707718790576635 
+13.261982883225110541 
+13.265191260475969415 
+13.268395035997784248 
+13.271468606671575685 
+13.274416010029440827 
+13.277357584041384442 
+13.280232548212140387 
+13.282985425067645124 
+13.285674403378656905 
+13.288352429985701875 
+13.290912423027849698 
+13.293408633948040176 
+13.295890081812721917 
+13.298257550524875015 
+13.300607715319003432 
+13.302846613171894319 
+13.305065673327657549 
+13.307176178701546121 
+13.309223204442178101 
+13.311246618144071618 
+13.313165531204536052 
+13.315058316762700130 
+13.316849313099133667 
+13.318611674068694839 
+13.320274956694895252 
+13.321907103836476693 
+13.323473568809724554 
+13.324945034118833576 
+13.326381616069596703 
+13.327725907261928739 
+13.329032835034578142 
+13.330250179920529519 
+13.331427689591730967 
+13.332518323073060174 
+13.333546329897355776 
+13.334511770209990900 
+13.335396902165356892 
+13.336238667074630015 
+13.337018049792607854 
+13.337721102438933940 
+13.338389923830229478 
+13.338982544897223903 
+13.339533377671397574 
+13.340008151687342774 
+13.340418386374480519 
+13.340770413183477672 
+13.341045531217851305 
+13.341258879084163524 
+13.341410528255648771 
+13.341499329398462947 
+13.341529054520695041 
+13.341498561183552596 
+13.341404137932915575 
+13.341249646950899432 
+13.341028862590157189 
+13.340750695097344902 
+13.340403872642337291 
+13.340002348785706232 
+13.339539890412771328 
+13.339027866159959501 
+13.338445022220689395 
+13.337815227323371658 
+13.337112322250856522 
+13.336365077840373061 
+13.335525025656156828 
+13.334640805795675789 
+13.333696320792947532 
+13.332670529396722259 
+13.331604553685806991 
+13.330454978264615562 
+13.329267878375038237 
+13.327994896629729027 
+13.326687046327396757 
+13.325319571177114852 
+13.323862823641498210 
+13.322375170351264728 
+13.320828179470044716 
+13.319221947872307510 
+13.317521970951650800 
+13.315796348114911751 
+13.313974749776933848 
+13.312130142013529621 
+13.310187340574607617 
+13.308224161474281999 
+13.306160582680719884 
+13.304122312552534524 
+13.301983851590886587 
+13.299832585063031232 
+13.297578981690840294 
+13.295315128108459390 
+13.292995714814903607 
+13.290570779075721930 
+13.288088161685781330 
+13.285600388968088481 
+13.283057476650094841 
+13.280404822418816480 
+13.277750806571333442 
+13.274984957704784705 
+13.272162099549555947 
+13.269341686760133925 
+13.266406317335317055 
+13.263475915189994581 
+13.260428497167801254 
+13.257388562284145195 
+13.254164510507205677 
+13.250948184207576475 
+13.247675798976262129 
+13.244278971753681517 
+13.240893702057817904 
+13.237452748886594733 
+13.233956238345330192 
+13.230477339255749314 
+13.226945369388475982 
+13.223285201781617815 
+13.219646355032777407 
+13.215877338858408763 
+13.212132116354247557 
+13.208334441745751775 
+13.204322889806284991 
+13.200336619897786505 
+13.196296091943850115 
+13.192117314985381427 
+13.188052806432718711 
+13.183850323393787818 
+13.179594131346812347 
+13.175372858669028631 
+13.171010757026703430 
+13.166686006524233932 
+13.162218549009081059 
+13.157790866535805208 
+13.153218613878705057 
+13.148593638868117495 
+13.144012072104089839 
+13.139283159166279091 
+13.134600058051386640 
+13.129767785504341759 
+13.124783303333920514 
+13.119846143680121031 
+13.114857298087958526 
+13.109713518267565036 
+13.104620711054590032 
+13.099476680115753169 
+13.094281580308422264 
+13.089143136774881171 
+13.083847401716113268 
+13.078501064597066517 
+13.073214925456429825 
+13.067768885180630178 
+13.062272717742864359 
+13.056726584342126074 
+13.051015926856880611 
+13.045369337405416488 
+13.039673274423051907 
+13.033927902782259878 
+13.028133388270337178 
+13.022170133895937028 
+13.016276840324199071 
+13.010334910185836321 
+13.004344512950755330 
+12.998182078672503081 
+12.992094278961523912 
+12.985958529592162236 
+12.979648313073308685 
+12.973416215126487572 
+12.967136693338666475 
+12.960680315175464372 
+12.954305515649952696 
+12.947883826492130765 
+12.941282933143479994 
+12.934767054054255198 
+12.928204827945075195 
+12.921596436318576906 
+12.914805780527615298 
+12.907967440450697438 
+12.901219792591035684 
+12.894287616292166021 
+12.887308342198089406 
+12.880423150894554141 
+12.873351210646548637 
+12.866375591275147627 
+12.859211772059445877 
+12.852146499883872366 
+12.844891596686878188 
+12.837737454618519450 
+12.830539618444372962 
+12.823446498648975123 
+12.816162740780237428 
+12.808985828951893637 
+12.801616919186999510 
+12.794205289490506061 
+12.786903688303691951 
+12.779408078987101405 
+12.771870346054072343 
+12.764290691492632845 
+12.756669318223654130 
+12.748849613797592184 
+12.741144574686236624 
+12.733398435439905683 
+12.725611402734703148 
+12.717623512649961270 
+12.709754492906750301 
+12.701683377922893925 
+12.693570562827513726 
+12.685579763047833524 
+12.677385045364882643 
+12.669314415426798703 
+12.661038683621125500 
+12.652889098089644904 
+12.644700759465592910 
+12.636473884832380321 
+12.628039617367411651 
+12.619735550482250375 
+12.611393608978126224 
+12.603014013720937214 
+12.594424822259700392 
+12.585969828816580218 
+12.577477854446236449 
+12.568949123804168622 
+12.560208682456082130 
+12.551782297046479187 
+12.543144654962471662 
+12.534293783008603640 
+12.525583949368606085 
+12.516838731935102658 
+12.508058361998692476 
+12.499062805947414034 
+12.490212123199974315 
+12.481145306051887545 
+12.472225266313822445 
+12.463088167386024097 
+12.454099734300339009 
+12.444893340896030054 
+12.435837485935884672 
+12.426562793351966008 
+12.417440495827957392 
+12.408285677312015594 
+12.399098580584393403 
+12.389690972003544189 
+12.380439404786269364 
+12.371346063221903222 
+12.362032300503742022 
+12.352878506966733951 
+12.343503518829322729 
+12.334097973532337278 
+12.324662121467909515 
+12.315196213984043183 
+12.305894589635524738 
+12.296369929703168111 
+12.286620686844443640 
+12.277037090297323374 
+12.267424709425583274 
+12.257783801322130302 
+12.247917001357217615 
+12.238219244973901567 
+12.228493743709783814 
+12.218740758516538847 
+12.208960551306670794 
+12.199153384953980606 
+12.189319523294042114 
+12.179660724020926921 
+12.169774798414401573 
+12.159862969329731541 
+12.150128564321551750 
+12.140166247253169729 
+12.130178827090176696 
+12.120371152494801237 
+12.110334837257212826 
+12.100479787472199433 
+12.090395644843653145 
+12.080494269434570498 
+12.070363374596091433 
+12.060416730476234193 
+12.050240166113308504 
+12.040249317550593133 
+12.030028173859765417 
+12.019784927558900378 
+12.009310143317083686 
+11.999023099386640467 
+11.988925388706331177 
+11.978596552528701480 
+11.968458448549945672 
+11.958088936859651241 
+11.947911537219871647 
+11.937715100548633274 
+11.927286884022613833 
+11.917052806274465837 
+11.906800514349015430 
+11.896316130479318574 
+11.885813344005967451 
+11.875292448563445902 
+11.864538479634401114 
+11.853981896620739533 
+11.843408097462326367 
+11.832817379720546924 
+11.822210041934683389 
+11.811586383622357133 
+11.800946705279828919 
+11.790291308382622404 
+11.779620495385948686 
+11.768716334384535571 
+11.758015301442643619 
+11.747299771891929865 
+11.736570052130751662 
+11.725607049951545235 
+11.714849599080025655 
+11.704078889409469610 
+11.693075023990971317 
+11.682498936049658056 
+11.671690316009375010 
+11.661090631677563323 
+11.650258538493529770 
+11.639415056923198222 
+11.628782133293199763 
+11.617917040960033859 
+11.607263557399106091 
+11.596378101223926649 
+11.585482834630488114 
+11.574800717521039672 
+11.563886978339162681 
+11.553187384832728668 
+11.542256439187358552 
+11.531317285394369065 
+11.520370249494680692 
+11.509192019071402768 
+11.498230056976192159 
+11.487037279975416126 
+11.476061734822282645 
+11.464855785967603907 
+11.453643709794885552 
+11.442650271449892330 
+11.431427108205987508 
+11.420198875349004908 
+11.408965929959453689 
+11.397953416543394667 
+11.386712198022591380 
+11.375467337470741569 
+11.364444188898389143 
+11.353643276102051374 
+11.342614897375433713 
+11.331809518777088641 
+11.320777254468451289 
+11.309968730994100383 
+11.298708724345626564 
+11.287673151703565111 
+11.276637171122636971 
+11.265601131690088366 
+11.254565383494128383 
+11.243530277624953939 
+11.232721339855359588 
+11.221463402238219587 
+11.210432339913353417 
+11.199178276464834880 
+11.188151736627359512 
+11.176903030696113461 
+11.165882471169473078 
+11.154865413484433390 
+11.144076935918604931 
+11.132843245312040281 
+11.121838858177024889 
+11.110614995328736754 
+11.099620981704784839 
+11.088408463656502789 
+11.077426314401346730 
+11.066450591529884306 
+11.055481663312196616 
+11.044296266741167045 
+11.033118722934494471 
+11.021726127333336009 
+11.010342532082038502 
+10.998968358224994191 
+10.987604027994448685 
+10.976917559071791786 
+10.966018203886816806 
+10.955351195180465851 
+10.944694353284123878 
+10.933826351156140433 
+10.923191144691843490 
+10.912124770131534035 
+10.901291955406385625 
+10.890250945626243961 
+10.879443772387212164 
+10.868429729537076867 
+10.857649772085151696 
+10.846664306876110828 
+10.835913147906058640 
+10.825176830852086596 
+10.814455746512116718 
+10.803750286704065786 
+10.792842861917741004 
+10.782170169739567100 
+10.771514291739471503 
+10.760875623839769588 
+10.750037992760177019 
+10.739435308517240486 
+10.728851036429212229 
+10.718285576530226066 
+10.707524303227291540 
+10.697212698555977894 
+10.686920303576318503 
+10.676647498169554495 
+10.666181277523822502 
+10.655949222754459882 
+10.645737910853181774 
+10.635335657379343388 
+10.625167435449840880 
+10.614809972401971550 
+10.604686415118486309 
+10.594375353965016728 
+10.584298043817792490 
+10.574035004009632033 
+10.563796840606153538 
+10.553583969929867692 
+10.543396809334327102 
+10.533028684199354785 
+10.522894746119993314 
+10.512787784963812499 
+10.502708222233728463 
+10.492656480466173718 
+10.482837259272541175 
+10.472841841838466337 
+10.463078611448224819 
+10.453141186251446726 
+10.443233692735098828 
+10.433155304590481904 
+10.423309594431717784 
+10.413295146654411027 
+10.403512978389070298 
+10.393762913376097146 
+10.384045385547118201 
+10.374163532251410302 
+10.364513071086328466 
+10.354896464063749306 
+10.345314149293514561 
+10.335961064495254647 
+10.326447930527615782 
+10.317163460549275911 
+10.307913571706556866 
+10.298507078923249125 
+10.289137501681784315 
+10.279805285320581021 
+10.270510876221976559 
+10.261254721812138158 
+10.252037270561634941 
+10.242672070598382916 
+10.233720276646160130 
+10.224621636148720327 
+10.215747955106838418 
+10.206729942815062628 
+10.197570575474507848 
+10.188636691345399399 
+10.179564119425741353 
+10.170716228313068541 
+10.161911591986779513 
+10.153329024769288225 
+10.144611372934042137 
+10.135938349625778443 
+10.127486044433510415 
+10.118902734292754886 
+10.110365435748253304 
+10.101701820237007468 
+10.093258907696778692 
+10.084863418301264204 
+10.076515821504434811 
+10.068047722575713010 
+10.059966188793019626 
+10.051765097057646869 
+10.043779638829869683 
+10.035677553360200065 
+10.027789993036027028 
+10.019788778242944005 
+10.012000946198710949 
+10.004263143682493364 
+9.996416209337347425 
+9.988780886214065902 
+9.981039509717671621 
+9.973508516420320547 
+9.965874590864963523 
+9.958449785877657945 
+9.950925212577926615 
+9.943456604508346786 
+9.936044450009912765 
+9.928838772417549308 
+9.921539817312119425 
+9.914445971307483063 
+9.907262141702890546 
+9.900282018125478700 
+9.893215248379432225 
+9.886350746153658164 
+9.879402978880786890 
+9.872376155335468084 
+9.865551855883101240 
+9.858789421292410537 
+9.852089352611585582 
+9.845452151956203934 
+9.838744826100862539 
+9.832236180953067617 
+9.825791926909097640 
+9.819412570380134042 
+9.813098618846431975 
+9.806850580858577970 
+9.800543505832006730 
+9.794430196191328264 
+9.788384342627384882 
+9.782406457997010918 
+9.776377172868585319 
+9.770538182454357568 
+9.764651699856043976 
+9.758953710390347425 
+9.753326291409035065 
+9.747882642692452748 
+9.742396457134381293 
+9.737092159411346870 
+9.731857560274182362 
+9.726586309980586265 
+9.721388730192220606 
+9.716161564040131537 
+9.711114433986315575 
+9.706142565649034992 
+9.701246488015609515 
+9.696329167167103691 
+9.691587836164453407 
+9.686923900176413582 
+9.682337892531039714 
+9.677921550518357563 
+9.673581004730747779 
+9.669316759523203686 
+9.665042902283929038 
+9.660934391352054007 
+9.656820569372278840 
+9.652788395122330556 
+9.648838410500500729 
+9.645049251431585091 
+9.641263571129211840 
+9.637561701521336843 
+9.634017168788020058 
+9.630482822086888106 
+9.627103444927339382 
+9.623806573830481881 
+9.620460625348838946 
+9.617269562388420567 
+9.614166133878104148 
+9.611150893601948297 
+9.608224396433319825 
+9.605444204045886281 
+9.602695022697302463 
+9.600089597661183305 
+9.597519919290688151 
+9.595091408273283662 
+9.592751238852336826 
+9.590408072021721964 
+9.588205902362176403 
+9.586055435348432852 
+9.584043265056504168 
+9.582087854346674760 
+9.580267997291546322 
+9.578544184398257499 
+9.576916985814223793 
+9.575356763966878404 
+9.573926509854864264 
+9.572594598786874798 
+9.571361605319513188 
+9.570228105107196015 
+9.569174630502248036 
+9.568225966046249198 
+9.567382726899740675 
+9.566659230164439975 
+9.566038157055032798 
+9.565520089889492539 
+9.565105612086718168 
+9.564790064231365463 
+9.564586663871375904 
+9.564488621726511042 
+9.564496525646617897 
+9.564610964584483455 
+9.564838169876306750 
+9.565169654577365677 
+9.565609459877506993 
+9.566170515737443480 
+9.566830984584576925 
+9.567601569692712360 
+9.568502010441179095 
+9.569496897260286516 
+9.570603706095937468 
+9.571849097161274855 
+9.573183866276908205 
+9.574632373270199892 
+9.576195221567370908 
+9.577873015704119197 
+9.579628603401930675 
+9.581495644670816603 
+9.583474710883601588 
+9.585611152190665507 
+9.587818350333632722 
+9.590188872673698128 
+9.592678553681484033 
+9.595342512249624534 
+9.598074814990326331 
+9.600928132325812214 
+9.603903080958152927 
+9.607064764057765771 
+9.610287343813439520 
+9.613633424329092847 
+9.617103626791703164 
+9.620773243012497034 
+9.624496122420813649 
+9.628345006797008665 
+9.632320521820439296 
+9.636508353787061054 
+9.640741628069390501 
+9.645193788642227872 
+9.649687390034532797 
+9.654310793048539452 
+9.659163009773681807 
+9.663949534835143851 
+9.669069897377543299 
+9.674328068243957190 
+9.679506190546087296 
+9.684924457303235812 
+9.690362326103905133 
+9.696047004282252857 
+9.701747077619423010 
+9.707823605223380170 
+9.713791091124621246 
+9.720018953290409769 
+9.726253611010703182 
+9.732755477751307893 
+9.739259791075543404 
+9.746038202293156871 
+9.753099954489988122 
+9.760017674499508189 
+9.767071629145071654 
+9.774413700985933318 
+9.781744839932001057 
+9.789371154974984890 
+9.796981996401655124 
+9.804895129674155996 
+9.812954132234704474 
+9.820990735660648951 
+9.829168570969372354 
+9.837663100894840085 
+9.846128244812494046 
+9.854736505624886789 
+9.863672375855554009 
+9.872571764199614464 
+9.881806135487350318 
+9.890999216846768860 
+9.900534712527473857 
+9.910024061016962094 
+9.919660970636197561 
+9.929651511611904624 
+9.939588552372860875 
+9.949886800998664071 
+9.960126568577713613 
+9.970735179023115791 
+9.981280277750856911 
+9.992426458248964138 
+10.003510489548306239 
+10.014754358885841867 
+10.026393169269461225 
+10.037962065250805921 
+10.049692869051540356 
+10.061586268233526198 
+10.073642951501650344 
+10.085612563924788887 
+10.097994518631162819 
+10.110541816264838388 
+10.122994030043422242 
+10.135870684838511835 
+10.148646868107615404 
+10.161855605681360259 
+10.174958432788606899 
+10.188501987652022862 
+10.202215719421086959 
+10.216100329311048611 
+10.230156519685078109 
+10.244677169900599623 
+10.258786457084523747 
+10.273361614583254919 
+10.287808414150047653 
+10.303342255328397314 
+10.318756420544310970 
+10.334354424002441419 
+10.350137021793200276 
+10.366104971256305589 
+10.382259030981451531 
+10.398599960809123743 
+10.415128521830652630 
+10.431845476388902583 
+10.448411607160144499 
+10.465160124293127808 
+10.481744370370352115 
+10.498856065570080887 
+10.515797465122115995 
+10.533275172850954604 
+10.550576506890537942 
+10.568423070588478296 
+10.586457047427357381 
+10.604679166450853955 
+10.623467864108908643 
+10.642072336359076346 
+10.660867159844951146 
+10.680242530583374361 
