6.67735
3.49838
3.49838
3.49838
7.72687
7.72687
5.20194
9.55211
4.48706
1.0343
4.48706
1.0343
4.33495
0.927832
6.00809
0.927832
0.927832
1.0343
1.35372
1.3233
1.42977
1.42977
1.38414
0.927832
0.927832
4.44143
3.98512
3.98512
3.77217
3.77217
5.88641
5.88641
5.88641
3.77217
3.98512
3.98512
4.01554
4.01554
0.471521
0.471521
0.471521
0.471521
0.471521
0.471521
5.50615
5.20194
5.20194
0.471521
0.471521
0.471521
0.471521
0.471521
0.471521
0.471521
4.01554
0.471521
0.471521
4.01554
0.471521
0.471521
0.471521
0.471521
0.471521
3.77217
3.77217
7.55955
0.471521
0.471521
0.471521
0.471521
0.471521
0.471521
0.471521
0.471521
0.471521
0.471521
0.471521
0.471521
0.471521
0.471521
0.471521
0.471521
0.471521
0.471521
0.471521
0.471521
0.471521
0.471521
0.471521
0.471521
0.471521
0.471521
0.471521
3.98512
3.98512
3.98512
3.98512
0.471521
0.471521
0.471521
0.471521
0.471521
0.471521
0.471521
3.98512
3.98512
3.75696
3.98512
5.52136
5.52136
3.75696
3.98512
3.98512
3.98512
3.98512
7.55955
0.471521
0.471521
0.471521
0.471521
0.471521
0.471521
0.471521
3.98512
8.6547
8.6547
5.03463
5.03463
5.03463
5.03463
5.03463
5.03463
5.03463
5.03463
5.03463
0.471521
0.471521
0.471521
0.471521
0.471521
0.471521
0.471521
0.471521
0.471521
0.471521
0.471521
0.471521
0.471521
0.471521
0.471521
0.471521
0.471521
0.471521
0.471521
0.471521
0.471521
0.471521
0.471521
0.471521
0.471521
0.471521
0.471521
0.471521
0.471521
0.471521
0.927832
0.927832
0.927832
0.927832
0.927832
0.927832
0.927832
0.927832
0.471521
3.98512
3.98512
3.98512
0.471521
0.471521
0.471521
0.471521
0.471521
0.471521
0.471521
0.471521
0.471521
0.471521
0.471521
0.471521
0.471521
0.471521
0.471521
0.471521
0.471521
0.471521
0.471521
0.471521
0.471521
0.471521
0.471521
0.471521
0.471521
0.471521
0.471521
0.471521
0.471521
0.471521
0.471521
0.471521
0.471521
0.471521
0.471521
0.471521
0.471521
0.471521
5.03463
0.471521
0.471521
0.471521
0.471521
0.471521
0.471521
0.471521
0.471521
0.471521
0.471521
0.471521
0.471521
0.471521
0.471521
0.471521
0.471521
0.471521
0.471521
0.471521
0.471521
0.471521
0.471521
0.471521
0.471521
0.471521
3.98512
0.471521
0.471521
0.471521
0.471521
0.471521
0.471521
0.471521
0.471521
0.471521
0.471521
0.471521
0.471521
0.471521
0.471521
0.471521
0.471521
0.471521
0.471521
0.471521
0.471521
0.471521
0.471521
0.471521
0.471521
0.471521
0.471521
0.471521
0.471521
0.471521
0.471521
0.471521
3.98512
3.98512
3.98512
3.98512
0.471521
0.471521
0.471521
0.471521
0.471521
0.471521
0.471521
0.471521
0.471521
0.471521
0.471521
0.471521
0.471521
0.471521
0.471521
0.471521
0.471521
0.471521
0.471521
0.471521
0.471521
0.471521
0.471521
0.471521
0.471521
0.471521
0.471521
0.471521
0.471521
0.471521
0.471521
0.471521
0.471521
0.471521
0.471521
0.471521
0.471521
0.471521
0.471521
0.471521
0.471521
0.471521
0.471521
0.471521
0.471521
0.471521
0.471521
0.471521
0.471521
0.471521
0.471521
0.471521
0.471521
0.471521
0.471521
0.471521
0.471521
0.471521
0.471521
0.471521
0.471521
0.471521
0.471521
0.471521
0.471521
0.471521
0.471521
0.471521
0.471521
0.471521
0.471521
0.471521
0.471521
0.471521
0.471521
0.471521
0.471521
0.471521
0.471521
0.471521
0.471521
0.471521
0.471521
0.471521
0.471521
0.471521
0.471521
0.471521
0.471521
0.471521
0.471521
0.471521
0.471521
0.471521
0.471521
0.471521
0.471521
0.471521
0.471521
0.471521
3.75696
3.75696
3.98512
3.98512
3.98512
0.471521
0.471521
0.471521
0.471521
0.471521
0.471521
0.471521
0.471521
0.471521
0.471521
0.471521
0.471521
0.471521
3.75696
3.75696
3.75696
7.0424
7.0424
7.0424
7.0424
3.77217
3.98512
0.471521
5.52136
5.52136
5.52136
5.52136
5.52136
5.52136
5.52136
4.44143
9.49127
8.8068
3.77217
3.77217
3.98512
3.98512
3.98512
0.471521
0.471521
0.471521
0.471521
0.471521
0.471521
0.471521
0.471521
3.98512
3.98512
3.98512
0.471521
3.74175
3.74175
3.74175
3.74175
3.74175
3.98512
3.98512
3.98512
3.98512
0.471521
0.471521
0.471521
0.471521
0.471521
0.471521
0.471521
0.471521
5.1411
5.1411
5.1411
5.1411
5.1411
5.1411
5.1411
5.03463
0.471521
0.471521
0.471521
0.471521
0.471521
0.471521
0.471521
0.471521
0.471521
3.98512
3.98512
0.471521
0.471521
0.471521
0.471521
0.471521
0.471521
0.471521
0.471521
0.471521
0.471521
0.471521
0.471521
0.471521
0.471521
0.471521
0.471521
0.958253
0.958253
0.958253
0.958253
0.471521
0.471521
0.471521
0.471521
0.471521
3.75696
3.75696
3.75696
3.98512
3.77217
3.77217
0.471521
0.927832
0.927832
0.958253
0.471521
0.471521
0.471521
0.471521
0.471521
0.471521
0.471521
0.927832
0.927832
3.42233
3.86343
0.471521
0.471521
0.471521
4.7
4.68479
4.68479
0.471521
0.471521
0.471521
4.44143
1.00388
3.98512
3.98512
3.98512
0.471521
3.77217
0.471521
0.471521
0.471521
3.98512
3.98512
3.98512
3.98512
3.77217
0.471521
0.471521
0.927832
4.44143
0.471521
5.00421
0.471521
4.01554
3.75696
0.471521
2.02298
2.02298
5.32363
5.70389
2.02298
2.02298
2.23592
2.4945
2.4945
2.4945
2.4945
2.4945
2.4945
2.95081
2.95081
2.95081
2.4945
4.41101
4.41101
4.36537
4.36537
9.41522
4.41101
7.71166
7.71166
8.76117
4.41101
7.87897
7.87897
5.79515
4.1068
4.24369
4.24369
4.24369
4.21327
4.21327
7.49871
8.73075
8.71554
8.71554
7.46829
9.94758
5.44531
5.44531
2.4945
2.4945
2.4945
2.95081
2.95081
2.95081
6.12978
2.4945
2.4945
2.4945
2.4945
5.79515
6.00809
6.00809
6.00809
5.79515
5.79515
2.95081
2.4945
2.4945
3.46796
2.4945
2.4945
2.4945
2.4945
2.4945
2.95081
11.21
7.34661
7.4835
6.99677
6.08415
4.06117
0.471521
4.56311
7.6356
4.12201
4.12201
0.471521
0.471521
0.471521
4.68479
0.471521
0.471521
0.471521
3.98512
4.44143
4.44143
4.22848
0.471521
0.927832
0.927832
0.471521
4.2589
4.2589
1.44498
1.44498
0.471521
0.471521
0.471521
0.927832
0.471521
5.01942
0.471521
3.77217
3.77217
0.471521
4.2589
0.471521
3.42233
3.42233
3.42233
3.42233
0.471521
0.471521
3.75696
0.471521
0.927832
5.44531
0.927832
0.471521
0.471521
0.471521
0.927832
0.471521
3.07249
7.54434
7.6356
7.6356
2.58576
4.2589
3.77217
0.471521
0.471521
0.471521
5.00421
8.77638
0.471521
3.75696
3.77217
3.77217
0.471521
0.471521
0.760518
4.28932
0.760518
1.21683
4.74563
4.50227
8.8068
1.21683
4.68479
4.45664
5.68868
1.1712
9.87153
5.1411
1.62751
4.35016
0.471521
3.98512
4.44143
0.927832
1.87088
5.11068
10.2062
6.44919
5.39968
4.71521
4.71521
0.958253
4.33495
4.33495
7.62039
7.86376
8.83722
8.30486
0.988674
8.15276
0.988674
0.988674
1.41456
5.93204
1.3233
1.3233
1.41456
9.26311
9.03496
10.5256
9.30874
4.53269
8.44175
3.90906
0.958253
1.01909
4.74563
5.47573
0.988674
9.23269
8.98933
0.927832
0.927832
1.0343
0.471521
4.989
0.927832
0.927832
0.471521
4.2589
4.989
7.49871
3.36149
8.35049
4.989
0.471521
3.77217
3.77217
4.2589
0.471521
5.03463
0.471521
0.471521
0.471521
0.471521
0.471521
5.00421
0.471521
3.98512
0.471521
0.471521
0.927832
13.9175
8.00065
11.3165
6.95114
12.0922
7.9246
7.9246
3.8178
5.65826
5.65826
8.54822
3.86343
3.86343
7.98544
6.61651
3.42233
3.75696
5.97767
5.97767
9.20227
4.80648
6.14499
10.7385
8.89806
13.3091
16.0317
11.5142
11.5142
3.93948
14.1304
2.58576
7.10324
10.2974
9.14143
10.4191
10.3735
10.2822
5.73431
6.23625
14.2217
14.2217
7.10324
9.01975
14.1913
14.2825
10.845
7.57476
8.2136
8.28965
12.0618
12.5333
8.28965
8.28965
8.2136
5.01942
1.7644
4.85211
8.70033
8.6547
12.1835
8.70033
4.19806
14.4955
12.868
8.83722
4.989
5.53657
4.79126
4.989
8.32007
3.92427
6.09936
10.8906
15.3016
9.91716
2.54013
2.37282
15.6819
10.8146
4.85211
5.278
0.471521
0.471521
0.471521
5.01942
5.01942
0.471521
3.75696
5.03463
2.4945
11.1948
6.54046
8.19839
4.989
0.471521
4.07638
5.52136
5.00421
0.958253
1.07994
8.30486
8.42654
4.97379
0.471521
0.471521
4.21327
7.42266
0.958253
0.927832
0.927832
0.471521
5.01942
7.16408
6.1602
11.0123
14.4194
5.64305
3.46796
7.80292
7.36182
11.8945
4.00033
16.6706
15.7123
19.4084
11.1644
4.04596
13.3547
13.157
12.8375
12.8375
5.21715
0.471521
0.471521
0.958253
0.927832
4.21327
3.77217
8.8068
0.471521
0.471521
9.71942
5.00421
4.989
5.44531
4.989
4.989
3.63528
3.84822
3.75696
6.40356
12.0162
9.90195
2.96602
0.471521
0.958253
1.07994
4.989
14.6932
10.2822
14.0087
4.22848
5.46052
4.989
4.989
14.2977
9.8259
9.8259
10.9971
5.7191
5.26279
8.77638
8.77638
5.01942
5.44531
8.89806
8.2136
4.95858
9.64337
4.56311
8.09191
7.78771
10.0084
0.912622
2.23592
2.23592
2.6466
6.1602
6.08415
6.85987
6.87509
4.68479
0.471521
3.77217
0.471521
0.471521
0.912622
0.958253
0.471521
0.471521
3.77217
0.471521
9.90195
6.3123
6.3123
1.67314
5.68868
5.70389
6.22104
1.1712
6.37314
1.84045
1.84045
0.517152
4.00033
4.00033
3.98512
4.97379
9.76506
4.97379
0.912622
6.38835
6.41877
5.01942
8.74596
4.1068
0.958253
5.00421
5.03463
0.471521
3.02686
11.423
11.3621
3.5288
0.958253
3.42233
0.471521
0.471521
5.77994
9.29353
8.92848
7.22492
7.10324
12.3356
0.471521
0.471521
4.12201
8.33528
0.471521
1.44498
4.74563
1.44498
0.471521
1.44498
1.44498
8.73075
5.01942
0.471521
1.44498
1.9013
5.41489
3.98512
4.44143
4.44143
0.471521
7.7725
13.3547
16.6553
7.65081
3.75696
4.15243
5.09547
4.79126
9.64337
9.62816
5.04984
5.04984
0.471521
0.471521
0.471521
3.75696
3.8178
5.00421
4.989
0.562784
5.08026
0.562784
5.96246
0.471521
4.44143
0.471521
3.75696
0.958253
0.912622
4.56311
7.80292
5.44531
1.44498
1.91651
1.44498
5.96246
1.44498
0.958253
3.75696
3.98512
0.471521
4.71521
3.07249
4.47185
4.41101
4.41101
4.41101
7.95502
4.41101
9.44564
4.41101
11.4838
4.41101
8.91327
0.471521
0.471521
5.00421
4.989
5.01942
7.42266
7.46829
3.84822
7.54434
4.15243
3.98512
17.9178
17.0052
4.45664
5.44531
5.46052
8.19839
3.63528
4.989
5.00421
9.65858
10.632
8.73075
5.04984
4.989
5.4301
8.74596
10.8602
13.9023
13.6893
12.8071
16.7618
9.689
9.50648
5.00421
2.35761
8.8068
8.28965
3.65049
7.84855
8.32007
5.00421
21.4922
5.59741
5.70389
6.84466
6.90551
5.55178
9.03496
5.68868
9.67379
12.8528
5.93204
5.91683
10.5864
6.90551
23.5304
9.36958
8.71554
4.03075
0.471521
4.15243
6.70777
6.61651
3.02686
6.57088
6.64693
3.0877
0.471521
0.471521
0.958253
1.00388
3.75696
1.3233
1.33851
4.12201
14.1456
14.1456
14.1456
9.87153
5.23237
2.35761
2.35761
6.87509
6.82945
9.689
3.78738
11.0275
7.45308
5.88641
5.94725
9.18706
13.446
13.5981
10.4799
4.07638
12.3508
4.989
4.989
7.65081
12.868
12.2139
4.989
4.2589
8.83722
8.77638
8.97412
10.9971
12.7007
12.7919
10.0236
14.389
14.2217
14.2521
14.3282
14.2369
10.4647
10.1301
14.6932
10.4799
11.9097
8.19839
12.1075
9.61295
6.70777
6.52525
6.25146
7.78771
8.24402
10.9667
10.9667
6.22104
1.74919
10.6168
13.9935
5.1411
3.68091
9.05017
9.689
6.63172
7.20971
8.35049
9.46085
8.89806
9.14143
6.87509
8.8068
10.2366
10.2214
8.59386
13.2026
11.0123
15.6819
9.67379
18.0091
8.70033
6.28188
1.81003
18.3437
9.71942
9.62816
8.53302
13.7045
10.4039
6.34272
4.97379
0.471521
9.65858
1.84045
5.17152
10.9667
9.73463
8.28965
12.9897
3.68091
10.556
20.0625
16.8683
12.5942
5.21715
13.6437
9.65858
9.59774
9.33916
7.97023
11.5142
5.00421
5.04984
13.446
17.9482
14.3586
14.5107
8.45696
9.0958
11.8337
14.3586
18.6935
17.2486
10.1605
13.3243
13.3395
1.87088
6.84466
9.70421
8.06149
1.87088
12.0466
7.36182
8.70033
14.6172
14.1152
14.2825
5.53657
9.52169
6.29709
16.2447
12.1075
11.0123
2.35761
0.988674
18.5262
19.4693
11.2405
0.501942
4.01554
0.775729
9.06538
0.501942
4.13722
5.01942
8.57865
8.45696
4.50227
0.958253
5.01942
5.01942
5.04984
0.501942
5.00421
6.8903
7.86376
15.7427
11.8489
11.499
11.6968
10.7385
6.70777
10.5408
11.1948
7.60518
6.87509
7.52913
11.2557
6.55567
5.46052
4.48706
6.70777
12.2596
8.04628
5.29321
1.65793
9.03496
3.77217
7.57476
1.44498
1.93172
9.978
11.6664
5.00421
3.87864
5.4301
5.44531
5.00421
5.01942
8.00065
9.33916
8.6547
9.11101
0.958253
1.07994
2.9356
7.46829
7.4835
9.56732
9.11101
11.0579
11.5751
3.39191
0.471521
0.471521
4.2589
9.30874
11.0275
15.4689
13.4916
8.70033
8.12234
6.19062
8.0767
13.7502
12.6702
11.1644
18.3589
14.9822
13.4308
10.267
13.1113
8.63949
9.06538
9.3848
12.5333
17.568
12.7919
14.2217
13.9479
19.7431
12.1987
11.9858
4.31974
4.62395
8.2136
4.09159
3.80259
14.8605
13.8719
14.3282
14.6324
13.9631
11.3926
6.84466
8.66991
7.02719
7.20971
7.36182
12.4269
6.19062
0.501942
0.988674
0.943043
1.04952
0.593204
3.89385
17.2486
17.2942
7.4835
3.80259
0.958253
0.958253
10.6777
0.501942
9.17185
9.26311
4.21327
4.18285
4.12201
0.958253
3.98512
3.98512
0.471521
0.471521
0.471521
4.2589
4.2589
0.471521
5.52136
0.471521
5.01942
0.471521
0.471521
0.471521
0.471521
5.15631
9.96279
5.15631
4.989
2.26634
4.95858
3.98512
18.8913
13.4916
11.134
11.2405
11.3013
15.1039
9.91716
9.00454
5.278
7.9246
9.21748
6.29709
1.74919
1.74919
6.29709
1.74919
2.15987
5.67347
5.21715
6.29709
9.20227
10.4647
7.60518
6.43398
1.74919
1.74919
6.38835
6.38835
10.921
11.0427
6.29709
1.70356
8.76117
8.77638
8.88285
7.60518
5.03463
1.74919
1.74919
6.70777
6.28188
6.28188
4.27411
12.5638
8.8068
8.82201
20.7469
20.8382
12.1835
13.157
7.68123
10.3887
8.28965
4.92816
6.12978
7.24013
10.5408
11.9249
12.5029
7.93981
7.93981
9.73463
9.5369
9.99321
9.5369
10.9667
6.28188
4.94337
8.10712
7.01198
6.99677
4.16764
4.88253
4.42622
1.14078
2.29677
5.81036
5.35405
6.52525
5.82557
1.14078
1.68835
1.59709
5.65826
8.22881
3.71133
8.74596
8.74596
3.69612
4.15243
6.99677
6.99677
6.99677
3.69612
1.14078
14.4346
13.2026
11.4078
3.51359
3.75696
7.68123
4.38059
4.41101
11.2557
9.978
6.46441
6.92072
10.2214
10.1301
1.82524
0.471521
0.471521
0.471521
0.471521
3.04207
3.04207
3.02686
3.02686
3.02686
5.5822
9.12622
10.0693
5.64305
9.15664
5.8712
5.8712
2.58576
8.54822
6.54046
6.32751
3.02686
3.04207
3.02686
0.471521
5.03463
5.03463
6.54046
6.54046
9.94758
6.43398
6.43398
6.43398
6.19062
3.02686
3.14855
3.27023
3.48317
3.02686
6.99677
3.02686
3.98512
0.912622
3.57444
3.5288
0.471521
8.09191
7.01198
6.79903
6.34272
3.04207
3.04207
6.55567
6.55567
3.04207
3.98512
6.99677
3.02686
3.98512
8.03107
4.63916
1.82524
5.32363
1.82524
1.82524
3.07249
6.44919
9.96279
13.6741
6.17541
10.7081
10.6168
6.87509
6.41877
6.54046
3.02686
3.02686
3.02686
3.02686
3.02686
3.02686
7.34661
3.04207
9.61295
7.13366
7.1945
6.90551
7.1945
7.11845
7.13366
10.8754
13.8871
11.6511
7.11845
7.1945
6.7534
5.84078
6.8903
3.02686
3.48317
6.78382
3.48317
3.23981
2.7835
6.57088
6.82945
2.7835
2.7835
2.7835
5.73431
5.73431
7.02719
3.23981
6.8903
6.8903
6.8903
6.8903
6.6013
6.8903
7.05761
7.05761
6.6013
6.8903
6.6013
6.6013
6.90551
6.29709
2.7835
11.3469
6.8903
13.9935
10.2062
6.08415
2.7835
11.3469
9.96279
6.44919
10.7537
10.7537
