+9.802084034445240235 
+9.631575743467980288 
+9.462600255021197171 
+9.291748766040289098 
+9.125847941899328575 
+8.961457961776053693 
+8.798571594774319493 
+8.637181629435879415 
+8.474033048796922429 
+8.315644501150417867 
+8.158730691404475266 
+8.003284486015500576 
+7.849298770761578226 
+7.693668629806365900 
+7.542612072514635280 
+7.392994634583013536 
+7.244809279237001576 
+7.095068670078011230 
+6.949755313778609001 
+6.802930761134193816 
+6.660460915902334023 
+6.519387974102923700 
+6.376868766502907349 
+6.235789521088688225 
+6.101701373898110958 
+5.968927104869603539 
+5.834735244543454158 
+5.704596483280296226 
+5.575752216783561366 
+5.445552295457858349 
+5.314071922330485975 
+5.186563446115467713 
+5.060376923098664825 
+4.935505640234326918 
+4.809434792945586068 
+4.687200425881463239 
+4.568716384131617403 
+4.449039307301605461 
+4.333047643387735626 
+4.215901917477622440 
+4.102377292496804273 
+3.990064142107207168 
+3.874352887019238523 
+3.762218057408349914 
+3.651326126154677887 
+3.541670603665187045 
+3.433245018881452282 
+3.326042919256521735 
+3.217907537872979340 
+3.113157765030095447 
+3.011713283050905687 
+2.909340968010798001 
+2.810213198695215908 
+2.710193416650567677 
+2.611352597182744262 
+2.515665982253008970 
+2.419140448521867270 
+2.325709817563178738 
+2.231475000922874763 
+2.140276356063847807 
+2.050173365960366034 
+1.961160204873186430 
+1.871410692288701938 
+1.784582180512272132 
+1.695276012497867413 
+1.608878576167031227 
+1.521857064218355760 
+1.437686143945612116 
+1.354608058974321239 
+1.270954738009796969 
+1.190066176016175703 
+1.108634512533519967 
+1.029910913104519210 
+0.953824158864877703 
+0.877198106617209206 
+0.803154664429696297 
+0.728602861851380013 
+0.656579977457322883 
+0.585548582491519198 
+0.514054319826694694 
+0.445009720792661767 
+0.375532186362617537 
+0.308451965970446551 
+0.240968344132017620 
+0.175830219549281352 
+0.111644931832737271 
+0.045792643702883495 
-0.019037710675670283 
-0.081585831754642513 
-0.144410658838021178 
-0.205004977350382589 
-0.265847942591477704 
-0.323323847443777623 
-0.381059674255620706 
-0.437853916670595922 
-0.493712168747551416 
-0.548640007164397758 
-0.602642991241230774 
-0.655726662963495244 
-0.706840953209843192 
-0.757083549900354313 
-0.808498221448632037 
-0.857977975729717457 
-0.906565757205836320 
-0.955231306703208105 
-1.002033516286266135 
-1.047960128128625712 
-1.093927024401235570 
-1.138100990685741110 
-1.181415578052742887 
-1.224733808384096179 
-1.266328361502095490 
-1.307079598922587849 
-1.346992804696196089 
-1.386073245910207419 
-1.424326172711733562 
-1.461001112556227000 
-1.497631316091608156 
-1.534172114495961026 
-1.569167147125295259 
-1.604050180113230084 
-1.637431128883530818 
-1.670020946455146316 
-1.702465656641836134 
-1.733472656309782423 
-1.763703923494020387 
-1.793164522846968367 
-1.822437177611657688 
-1.850356098694147633 
-1.877519548195252241 
-1.903400952329674212 
-1.929083599971987084 
-1.953523968366353003 
-1.977745271055052712 
-2.000763600754529747 
-2.023085228871293495 
-2.045158050058139665 
-2.066514521561508388 
-2.086745264158411217 
-2.106697994321967471 
-2.125562938957621384 
-2.144130874470366876 
-2.161648519082820741 
-2.178850479968446052 
-2.195369527091282080 
-2.211210414482605913 
-2.226377879949250627 
-2.240876645096745889 
-2.254435679328672393 
-2.267624552414934769 
-2.280407712146121924 
-2.292278568856380261 
-2.303504091065757819 
-2.314298281309296712 
-2.324234059357156212 
-2.333538423025558473 
-2.342386546353109722 
-2.350429142657905146 
-2.357999229234463812 
-2.364798608127713919 
-2.371109519476510386 
-2.376684099687766505 
-2.381754563628296850 
-2.386039405776337219 
-2.389757578313780328 
-2.392973039575473138 
-2.395606733552378742 
-2.397626838140299199 
-2.399146409849587158 
-2.400061148007521794 
-2.400410089457439611 
-2.400212038857647556 
-2.399479214880580358 
-2.398185318246905950 
-2.396387266527623794 
-2.393960294944367462 
-2.391037706846525168 
-2.387504649352072406 
-2.383506747372903689 
-2.378885225004140125 
-2.373720628735448201 
-2.368017403392912001 
-2.361779977118144913 
-2.355153269191724519 
-2.348021888084319997 
-2.340229018202418132 
-2.331919319474133445 
-2.323278575606410712 
-2.313958360706669382 
-2.304134218593613781 
-2.293810445843261547 
-2.283212531871923190 
-2.271912101837166631 
-2.260124747477494367 
-2.248104804080380603 
-2.235365806786289156 
-2.222421334923351921 
-2.209025221200214162 
-2.195468364127727057 
-2.181189735397241591 
-2.166775858596025728 
-2.151629967153398937 
-2.136373954860683710 
-2.120045011477262875 
-2.103613627630428695 
-2.086761401931749305 
-2.069135387730241860 
-2.051444478395415771 
-2.033717630438411916 
-2.015219920105174367 
-1.996709936743242153 
-1.977022305733072471 
-1.957329845544007796 
-1.936832648125964340 
-1.916354349421217407 
-1.895062935448088126 
-1.873376196883260292 
-1.851743377165339766 
-1.829285292700872034 
-1.806903939890739608 
-1.783689552127549760 
-1.760574348163775227 
-1.737101319974494018 
-1.713274020594626634 
-1.688598932220278570 
-1.664570748371893671 
-1.640212751472175157 
-1.615010517880760332 
-1.589471491671977432 
-1.563067686422993319 
-1.536858766095337003 
-1.509778571431350969 
-1.482362194030322655 
-1.455171470946888590 
-1.427664752339008913 
-1.399845419262396362 
-1.372293960355365883 
-1.343865694331622507 
-1.315724152028947103 
-1.286700037962678067 
-1.257981176694800141 
-1.228374190482746542 
-1.199090668071020716 
-1.168913676957547665 
-1.139078044962458236 
-1.108343807895028732 
-1.077968511964431997 
-1.046689679949135865 
-1.015787060166504219 
-0.984628028332689809 
-0.952558467856173152 
-0.920890362596992418 
-0.888307301222633683 
-0.854796727073447116 
-0.821024240134047290 
-0.787676274480036298 
-0.753394918371803612 
-0.719554555908702653 
-0.684777148733330066 
-0.650456895012062830 
-0.616611186815784862 
-0.581832757772092535 
-0.547544013675850039 
-0.513040295339500574 
-0.477598922717104912 
-0.442669322353911099 
-0.405330376108210544 
-0.368500411814826734 
-0.331452635225522485 
-0.293442724799398036 
-0.256716019450859534 
-0.219033331260046538 
-0.181904891100092669 
-0.144581939788048786 
-0.106299744771897409 
-0.068592476483633646 
-0.029924010143801638 
+0.007377104145279034 
+0.045633814229413261 
+0.083281961584722453 
+0.121097899772795614 
+0.159872050401537180 
+0.198019171975564845 
+0.237126044370000955 
+0.275593870286680698 
+0.315829151373700157 
+0.355419991220815135 
+0.395979544442452536 
+0.435882718526270807 
+0.476755443693832603 
+0.516960127053090801 
+0.557310070126426638 
+0.597802659917549661 
+0.639265973764471696 
+0.680038847670653368 
+0.720946553683740277 
+0.761986530182547028 
+0.803997759083495467 
+0.845297211849988628 
+0.886721275100022410 
+0.928267438213303819 
+0.969933203196971405 
+1.010862218450236938 
+1.052757428558003028 
+1.093906471706544536 
+1.135160912855530668 
+1.177381157968744319 
+1.219706428845196200 
+1.262134314473133401 
+1.305531363459474292 
+1.348159267079461543 
+1.390882578669883074 
+1.433698937106921534 
+1.476605993617274848 
+1.518723086344282436 
+1.560922786014726782 
+1.604084594989579671 
+1.646444606952480072 
+1.689765573163153789 
+1.732277114235927229 
+1.775748318888336286 
+1.820181443772481700 
+1.863796886123807894 
+1.907480348974690543 
+1.952123129064465168 
+1.995937274583254428 
+2.040708828939571617 
+2.084644714091907325 
+2.128637576134532416 
+2.171785794333824349 
+2.216785624620765560 
+2.260936537800081858 
+2.305135881294754441 
+2.349381548239071194 
+2.393671443632210405 
+2.438003484315108160 
+2.482375598947332840 
+2.526785727983880570 
+2.573046684517754201 
+2.619344308365587182 
+2.665676317910087967 
+2.712040445265566646 
+2.758434436249492805 
+2.803945571273404269 
+2.849481158189821173 
+2.894127746222562081 
+2.938793862859128581 
+2.983477568064421881 
+3.028176933338461829 
+3.072890041693284502 
+3.118527851583916544 
+3.163262924357199246 
+3.208006019786647123 
+3.252755266933649914 
+3.298422175504452269 
+3.343178189544117274 
+3.387934773399430277 
+3.432690101806895377 
+3.478355627593786359 
+3.523102896381357318 
+3.567843465211736564 
+3.613488353178046175 
+3.659122532466192901 
+3.703831839243701296 
+3.748527322334453515 
+3.793207246929877208 
+3.838781179859414472 
+3.883424422076616978 
+3.928046933366895921 
+3.972647023472447358 
+4.017223013158494282 
+4.061773234190167337 
+4.106296029309323359 
+4.151697473176635178 
+4.196159844850594567 
+4.240589851427651880 
+4.285891555886450099 
+4.330251260296281046 
+4.375477902026542409 
+4.419760807900789068 
+4.464003326393046756 
+4.509105503515578484 
+4.553261677752253433 
+4.598272535826777307 
+4.642336090990264452 
+4.687249272152800295 
+4.731214021551159554 
+4.775127605254217755 
+4.819883102346278925 
+4.863688795000761900 
+4.907438873500032273 
+4.951131886249195091 
+4.994766392163857205 
+5.039229603490031906 
+5.082741547499658452 
+5.127076749219805052 
+5.170460377737231106 
+5.214661742678282863 
+5.257029421051876206 
+5.300212090026703571 
+5.343325043887543480 
+5.386366935522424626 
+5.430212593354468709 
+5.473981457589855992 
+5.518545136309512600 
+5.562154623972554113 
+5.605683129011860721 
+5.649129286507232450 
+5.691625322386383523 
+5.734039707241817219 
+5.776371187070436619 
+5.818618517935445489 
+5.861640016228068184 
+5.903713577347821762 
+5.996988973264455680 
+6.037923112742005216 
+6.078769288590207154 
+6.120374550643587597 
+6.161039613383644031 
+6.202457721471981600 
+6.243779580631672488 
+6.285004057927931598 
+6.326130030210327604 
+6.367156384089649457 
+6.408082015914646767 
+6.449737903086433022 
+6.490456707459204111 
+6.531071515191236188 
+6.572406889717281153 
+6.613631749992345377 
+6.653923821834239583 
+6.694926597616865038 
+6.735815580374826084 
+6.776589690438303393 
+6.816435838180829876 
+6.856979355372380347 
+6.896597497117985753 
+6.936101305861511079 
+6.976292452987981285 
+7.015562317314412155 
+7.055512758403452267 
+7.094544802531710381 
+7.134250622008467602 
+7.173041047096910816 
+7.212498407699419189 
+7.251043491460066548 
+7.289465789998667233 
+7.327764419313284705 
+7.366716264664360025 
+7.404762371879739291 
+7.441909589414743564 
+7.479704885012855797 
+7.516604791749044168 
+7.554145990407058697 
+7.590795402500184252 
+7.627319702022685277 
+7.664475091309530086 
+7.700744264647120474 
+7.737637665923192465 
+7.775146368592825041 
+7.811769244311518534 
+7.848257073991383947 
+7.884609108317596871 
+7.921562271810924649 
+7.958372492444627966 
+7.994307085530442336 
+8.030102945124294678 
+8.065759366193335111 
+8.101275652419637652 
+8.137371593350916754 
+8.172602660887775983 
+8.207691543094931319 
+8.243349270891346947 
+8.278857568276920986 
+8.314215750929296433 
+8.348720478001295575 
+8.383779450855767479 
+8.417989681876056451 
+8.452053227278824465 
+8.486660116718329760 
+8.519737865180719183 
+8.553357780717739445 
+8.586147071098197969 
+8.618792809478243555 
+8.651970052103601816 
+8.684324098635926248 
+8.717871909963879062 
+8.751261690956731343 
+8.784492882434697947 
+8.816905056189213497 
+8.848507075225406027 
+8.880615197313771247 
+8.911918414927717080 
+8.943720551630631732 
+8.976011637208401339 
+9.006858500591071959 
+9.038193382363758133 
+9.068736874348752863 
+9.099761184355887877 
+9.129999595766664200 
+9.160086425993531734 
+9.191265260325762299 
+9.221660102399372505 
+9.251895740735921692 
+9.281971777492451281 
+9.311887822683901916 
+9.342249080259190208 
+9.371238417581196245 
+9.400073149276176210 
+9.429348783612406137 
+9.457870060849263183 
+9.486825029796825959 
+9.515031533691228560 
+9.543664520742364488 
+9.572713692183784318 
+9.601016762742762722 
+9.629156076197590508 
+9.657131334742050655 
+9.684942248127759612 
+9.712588533640985844 
+9.740069916079438173 
+9.767386127729281498 
+9.795089281597499919 
+9.822070994482835715 
+9.848886773205654421 
+9.876078517583302130 
+9.902019584170639988 
+9.928336162823493183 
+9.953953901087867706 
+9.979939999691287866 
+10.005233608966097592 
+10.030888438410030972 
+10.056375643564587463 
+10.081180000645625583 
+10.106334854765002262 
+10.130813318803031819 
+10.155635172916158027 
+10.180288581388285962 
+10.204275395775368906 
+10.228594931617557506 
+10.252745612440705258 
+10.276727314864096741 
+10.300539922511052993 
+10.324664081884460387 
+10.348134722494391369 
+10.371435959114069902 
+10.395038014309747609 
+10.417996722989197877 
+10.440785781513147512 
+10.463405122164395777 
+10.485854684043610874 
+10.508134413046391842 
+10.530244261839952102 
+10.552184189840055240 
+10.573954163187860189 
+10.595554154726755769 
+10.616984143979184552 
+10.638676223801196485 
+10.659762703757046154 
+10.680679159893744057 
+10.701425598352708235 
+10.722420189028490256 
+10.742408479594690363 
+10.762644967382483330 
+10.782303704146450229 
+10.802203841922136007 
+10.821533173264713312 
+10.841097137508739934 
+10.861279361658439768 
+10.880887422996620373 
+10.899931994407397795 
+10.919190485986412398 
+10.938272556138329605 
+10.957178300457984577 
+10.975907821327616887 
+10.993722471591844680 
+11.011740952493701329 
+11.029590514977318350 
+11.046912134770670022 
+11.064427671191166880 
+11.081422331945049109 
+11.098255393587132644 
+11.115272601812378639 
+11.131779521449040260 
+11.148125271742920006 
+11.164645477014600417 
+11.180666004928884405 
+11.196854549549151159 
+11.212875820882228339 
+11.228730005753316590 
+11.244417296880195423 
+11.260252905445366167 
+11.275603615090988185 
+11.290788048620536088 
+11.306111192104570051 
+11.321261664428998728 
+11.336239707711756708 
+11.351045570281979025 
+11.365388511127752835 
+11.379566579320838926 
+11.393295680951842641 
+11.407148114101229197 
+11.420836438912038702 
+11.434086549104447883 
+11.447450801155039102 
+11.460651758806163159 
+11.473689706244583064 
+11.486303798011693544 
+11.499019911369188662 
+11.511319308680606710 
+11.523714765525546966 
+11.535700642544878036 
+11.547531822398863000 
+11.559450234354169851 
+11.570969725441585751 
+11.582570601171909175 
+11.594011572359139706 
+11.605292981853533973 
+11.616640506024911161 
+11.627600603311476490 
+11.638402206205837430 
+11.649261248297140270 
+11.659956031700952295 
+11.670068858236049891 
+11.680031026963966667 
+11.690045717562888683 
+11.699704539505800582 
+11.709410331340947664 
+11.718767320168037571 
+11.727975519827355200 
+11.737409591466128944 
+11.746499174972667490 
+11.755615711543894619 
+11.764394970903397919 
+11.773195738272260513 
+11.781666424135726956 
+11.789985041674597710 
+11.797986873693028897 
+11.806005770455847426 
+11.813873934290015200 
+11.821435813986461483 
+11.829006942335482222 
+11.836278740275579580 
+11.843554662962098689 
+11.850538189358726271 
+11.857520772322189373 
+11.864217872593986414 
+11.870909017535366203 
+11.877585718093385481 
+11.883981413659400417 
+11.890357679055714613 
+11.896583011330859492 
+11.902657955033593140 
+11.908583059521642866 
+11.914244821934179441 
+11.919874884188843112 
+11.925248583248492906 
+11.930585812532706669 
+11.935673631220803159 
+11.940720273237115379 
+11.945427783006461908 
+11.950095215861383124 
+11.954532596317324789 
+11.958925366122869605 
+11.963094768464699769 
+11.967215087447501176 
+11.971278504470987514 
+11.975123069587098712 
+11.978832025811533057 
+11.982477493826664272 
+11.985914254128612555 
+11.989151112059076354 
+11.992323523751466041 
+11.995363292098854657 
+11.998271022147186216 
+12.001047322867108846 
+12.003745438820221381 
+12.006258072691357697 
+12.008641140169279637 
+12.010895265770630047 
+12.013021077820583926 
+12.015058661597054268 
+12.016927160519152551 
+12.018703508224165333 
+12.020317305233040983 
+12.021835097005183712 
+12.023170282733698144 
+12.024410768551398121 
+12.025528128684214835 
+12.026523024839651299 
+12.027396122301571069 
+12.028133949994252561 
+12.028767911681498504 
+12.029272777716201404 
+12.029670251929109881 
+12.029944763798024354 
+12.030108425777019221 
+12.030155217188497119 
+12.030090304257758049 
+12.029909499288692132 
+12.029620851015945249 
+12.029203514658792784 
+12.028679743811100167 
+12.028028901215719770 
+12.027261252610481179 
+12.026377558646647259 
+12.025399687753409950 
+12.024288481637304571 
+12.023063517423048907 
+12.021725569449019488 
+12.020305513082126581 
+12.018778429117157103 
+12.017145055719701929 
+12.015369552113327245 
+12.013523695411164383 
+12.011573797221251070 
+12.009477635753745162 
+12.007319823570378858 
+12.005013076813462192 
+12.002650437446385823 
+12.000187568324045984 
+11.997625234342544687 
+11.995019491471499151 
+11.992262524552449676 
+11.989467602406797653 
+11.986519032808818253 
+11.983474833030154372 
+11.980270740193720513 
+11.977035715566170637 
+11.973638539474766418 
+11.970215901983296547 
+11.966628931318053830 
+11.962947361710199345 
+11.959248460133775183 
+11.955382086922252682 
+11.951503713296785847 
+11.947537724680689308 
+11.943484928680272006 
+11.939260780455148492 
+11.935035072340690832 
+11.930725010994839508 
+11.926331413780742352 
+11.921855100430054364 
+11.917203021448171896 
+11.912562098495419249 
+11.907743769966305791 
+11.902941612202937449 
+11.898060905656389963 
+11.893102483874715247 
+11.888170706813378175 
+11.883060907483457669 
+11.877875889537961029 
+11.872724567633593296 
+11.867393133338454803 
+11.862100005668521518 
+11.856625471664809623 
+11.851193795041034207 
+11.845694767436640404 
+11.840012540609425429 
+11.834379861189363581 
+11.828682262450701757 
+11.822920552959997664 
+11.816851472574144921 
+11.810838019867611948 
+11.804760349091024452 
+11.798493347385051067 
+11.792288579134506676 
+11.786022218943234208 
+11.779565389703128275 
+11.773177254333921482 
+11.766730169288711849 
+11.760358345784185374 
+11.753931624053116423 
+11.747315247245854408 
+11.740780116199131200 
+11.734192594702403056 
+11.727275781048485115 
+11.720303967445156346 
+11.713419139870447694 
+11.706341215854081383 
+11.699211112772591292 
+11.692173902974575483 
+11.685088387999762460 
+11.677955464677813424 
+11.670776031236343329 
+11.663403068804598206 
+11.656132412232471651 
+11.648817966806527480 
+11.641460636140484652 
+11.633758433814051614 
+11.626011775977802998 
+11.618221685810709687 
+11.610389187912154796 
+11.602515308273261496 
+11.594601074249242245 
+11.586803838135123712 
+11.579126809880014193 
+11.571257597009346085 
+11.563353481289905034 
+11.555415436746917734 
+11.547604175109558611 
+11.539601829367635233 
+11.531729428831846818 
+11.523828157637993286 
+11.515898937446531036 
+11.507780043507205292 
+11.499797170799142876 
+11.491625453552508418 
+11.483592701414989889 
+11.475536659478335011 
+11.467458254506755821 
+11.459358414027803974 
+11.451072137912392535 
+11.442931822060661062 
+11.434772876613127579 
+11.426596231932665049 
+11.418570193006283731 
+11.410361257393724088 
+11.402137398396568813 
+11.393899548815781486 
+11.385817152219871673 
+11.377723103769895374 
+11.369449323074110936 
+11.361334409574068260 
+11.353041161353704780 
+11.344739472896826271 
+11.336430280378824165 
+11.328114520369531704 
+11.319793129809808008 
+11.311297083617617432 
+11.302967177268653742 
+11.294804549321893816 
+11.286470012586034883 
+11.278304649771772716 
+11.270139266264823874 
+11.261804665920266189 
+11.253641934638329403 
+11.245311881940345700 
+11.236815645357307147 
+11.228494029887183814 
+11.220008359478656601 
+11.211699016652655558 
+11.203227826407879064 
+11.194934592132840478 
+11.186481796344784456 
+11.178208506631971630 
+11.169946507577940054 
+11.161528510082852961 
+11.153292189591208938 
+11.144902351267964136 
+11.136528221738466016 
+11.128337777039662981 
+11.119997694301533286 
+11.111676293044222774 
+11.103706248919477773 
+11.095589784623633989 
+11.087659081432640562 
+11.079584615108689860 
+11.071696852131109878 
+11.063668056782155702 
+11.055826830738890720 
+11.047847376578307177 
+11.039894241660748619 
+11.031806898999178657 
+11.023909793128304102 
+11.016041830150316017 
+11.008044306781480159 
+11.000238073219005486 
+10.992305482277730633 
+10.984407161525869157 
+10.976544100730997400 
+10.968717288980364799 
+10.960927714656747867 
+10.953176365411060544 
+10.945618080226948265 
+10.938251453744154418 
+10.930770454877036357 
+10.923329878417698424 
+10.916081235452656628 
+10.908723408560620172 
+10.901557601123972319 
+10.894138213977726082 
+10.886765707746119958 
+10.879587079128882010 
+10.872310284774297173 
+10.865083286152149356 
+10.857907059317021492 
+10.850782579239362846 
+10.843851732013911615 
+10.836972433206963018 
+10.830145597281452652 
+10.823234465905862578 
+10.816516412154362214 
+10.809853576602350245 
+10.803246869176547307 
+10.796697198617710711 
+10.790073597942619443 
+10.783641932939961094 
+10.777270042133201500 
+10.770958829259235756 
+10.764836118780584329 
+10.758773347907697016 
+10.752646973530575636 
+10.746584842136861937 
+10.740587850776975642 
+10.734656895084075501 
+10.728673898412505849 
+10.722879088586962482 
+10.717153010765196441 
+10.711381847922996968 
+10.705910608403122808 
+10.700396058641320707 
+10.695064128748752452 
+10.689802390666743648 
+10.684504294548592185 
+10.679386931061490174 
+10.674342258866699851 
+10.669268324145381399 
+10.664271875281544411 
+10.659453365896817800 
+10.654612881723734219 
+10.649852480760440443 
+10.645267715229902450 
+10.640668404893482091 
+10.636243103510887309 
+10.631808271550772460 
+10.627545745793014476 
+10.623278765302440974 
+10.619182312114761046 
+10.615086541174893142 
+10.610997652890493015 
+10.607080068291482533 
+10.603251960002802790 
+10.599514174869550942 
+10.595867557651711621 
+10.592312951000788956 
+10.588851195436356889 
+10.585415374673116773 
+10.582143771984375391 
+10.578903723905641598 
+10.575763868746705043 
+10.572784867134737752 
+10.569903764239761301 
+10.567065635331408302 
+10.564384842077268800 
+10.561752821223162613 
+10.559275685278333157 
+10.556900581910419135 
+10.554628324006515072 
+10.552459722018561195 
+10.550354552038974987 
+10.548397840108870938 
+10.546547216971429606 
+10.544803483055432025 
+10.543167436238851664 
+10.541639871824706631 
+10.540193781192787270 
+10.538887811517748005 
+10.537692710520863315 
+10.536609262921807328 
+10.535619610359285403 
+10.534764131531026976 
+10.534036647214865212 
+10.533407606249189925 
+10.532903421197282512 
+10.532510826864131204 
+10.532225902981458887 
+10.532061008510892108 
+10.532010019798958567 
+10.532078333635984890 
+10.532266704052421602 
+10.532568359864795227 
+10.533006616002555944 
+10.533559650785569772 
+10.534235728600242155 
+10.535035588526833195 
+10.535959966585707548 
+10.537009595715097987 
+10.538210514643868265 
+10.539543381087234764 
+10.541008963701854029 
+10.542608027701884765 
+10.544341334831811352 
+10.546209643341526885 
+10.548172291393861144 
+10.550310125821638962 
+10.552538348978377059 
+10.554899077793731266 
+10.557393009289942398 
+10.560075865283890195 
+10.562783251572117393 
+10.565620446318369829 
+10.568651309699133023 
+10.571884866004477743 
+10.575192461063005922 
+10.578709801924846445 
+10.582371529951293709 
+10.586178352549676873 
+10.590050487486095676 
+10.594146669143400530 
+10.598217461385500471 
+10.602513606519673672 
+10.606952388463076531 
+10.611534451124553513 
+10.616260434700508952 
+10.621231884069082696 
+10.626250584722402692 
+10.631415117169314755 
+10.636726106447410345 
+10.642184173765405930 
+10.647905881962895336 
+10.653662986629468534 
+10.659569022159130824 
+10.665624594134891723 
+10.671958518823000617 
+10.678318047070696650 
+10.684828916824805844 
+10.691491717667293671 
+10.698447715392532587 
+10.705419261461591063 
+10.712544494787207938 
+10.719823988576974827 
+10.727258311907467814 
+10.735004543858625681 
+10.742753405430086389 
+10.750495887460518318 
+10.758555136291994003 
+10.766602727173872012 
+10.774974511029759228 
+10.783329298471752367 
+10.792015731904333720 
+10.801044106388465238 
+10.810053822565667048 
+10.819413169569342514 
+10.828748300104855673 
+10.838245271727812380 
+10.848103416246567932 
+10.857928920779921000 
+10.868123348481203649 
+10.878279425867386720 
+10.888599863324632366 
+10.899300852049236710 
+10.909954842073148029 
+10.920997188204971451 
+10.931986676666038960 
+10.943372346255291205 
+10.954932146277986504 
+10.966666563084231711 
+10.978336168545922646 
+10.990174386251812422 
+11.002428469267393041 
+11.014608700231141469 
+11.026958867779176998 
+11.039479400652847829 
+11.052431510549579841 
+11.065561896831615840 
+11.078870999253860319 
+11.092087728690856352 
+11.105751965424245142 
+11.119596196868577920 
+11.133620841286010261 
+11.147826311474009486 
+11.161923501982911944 
+11.176195126974109328 
+11.190344984614938539 
+11.204662933612535625 
+11.219452908260363344 
+11.234111578371138052 
+11.249250068591432949 
+11.264565133357082871 
+11.280057114947650732 
+11.295726350372346403 
+11.311898427232796038 
+11.327926794370265284 
+11.344133401007949757 
+11.360518562729970071 
+11.377082589733204188 
+11.394169352389457828 
+11.411095684601281874 
+11.428201786071511492 
+11.445487945104861893 
+11.462954444502514662 
+11.480963589350142939 
+11.498795290161506699 
+11.516808151863356713 
+11.535002434897357659 
+11.553378394085866532 
+11.572316906929849267 
+11.591060680528276094 
+11.609986865593580063 
+11.629095694121726723 
+11.648783006155790432 
+11.668261533420897891 
+11.688326542070781144 
+11.708582640099480798 
+11.729030042965250757 
+11.749668959780114719 
+11.770499593284958095 
+11.791522139824285986 
+11.812736789319780328 
+11.833713700964162641 
+11.855309249358398915 
+11.876659775906263761 
+11.898195459406130325 
+11.919916448334891612 
+11.941373960351356232 
+11.963462192533549810 
+11.986192641360140954 
+12.008656215141304102 
+12.031305745309705202 
+12.054141343610274006 
+12.077634886874028197 
+12.100371160547561900 
+12.123286271138919545 
+12.146863329019874200 
+12.170140082409357518 
+12.193595901645799984 
+12.217725150814191082 
+12.242041133238165784 
+12.267045906208185357 
+12.291739328642590223 
+12.317129339741621052 
+12.342200375654543976 
+12.367458358945057739 
+12.392903312541955430 
+12.418535252847441086 
+12.444354189713397574 
+12.469827523808394432 
+12.496016640858801594 
+12.522392744765426187 
+12.548955819085751529 
+12.576253705880121814 
+12.603746216590637985 
+12.630877663653105714 
+12.658755407601688603 
+12.686827637656927337 
+12.713959894629732972 
+12.741842165068621995 
+12.770485804226135329 
+12.798744987455997091 
+12.827190599103126090 
+12.855822547572040904 
+12.885230799053232431 
+12.914238916152367409 
+12.943433051297370540 
+12.972813084924702309 
+13.002378890456199656 
+13.032739438550867916 
+13.062067275705938840 
+13.091572974630347304 
+13.121876682997250185 
+13.151741359953724952 
+13.182411200967962372 
+13.212634207433346489 
+13.243669491226924606 
+13.274889100127438724 
+13.306292836581267380 
+13.337234012586126397 
+13.369001635362396385 
+13.400952753882020119 
+13.433087141530650754 
+13.465404564334587434 
+13.497239685661314823 
+13.530587542571549164 
+13.563452593048342720 
+13.596499668720275267 
+13.629728498466047171 
+13.663822534217104021 
+13.697417723436403847 
+13.731193802207400267 
+13.765150469118925258 
+13.799287415168794979 
+13.833604323739091768 
+13.868806749872369721 
+13.903486258857931546 
+13.938344727578368065 
+13.973381808566429640 
+14.008597146623388952 
+14.043990378796326723 
+14.079561134355348173 
+14.115309034768433349 
+14.150498773114387419 
+14.186596201044007870 
+14.222869599482436342 
+14.258572950181763517 
+14.295942660750540654 
+14.332741480199899797 
+14.369714583350376103 
+14.406861528594646416 
+14.444945308085834768 
+14.482442105097234730 
+14.519340880544426398 
+14.557178617567066325 
+14.594410457860924168 
+14.632587246479120680 
+14.671718941236647993 
+14.710239759456499087 
+14.748930082134389608 
+14.787789386534655023 
+14.827615376677501402 
+14.866814464423782738 
+14.906180904891188632 
+14.946522675633033828 
+14.986225531757334295 
+15.026094035790364956 
+15.066127606486443113 
+15.107147730927463769 
+15.147512995760280319 
+15.188041520542967078 
+15.229564811289755255 
+15.270421301966337069 
+15.312277943719401208 
+15.353459818943594684 
+15.395647141727595297 
+15.438000437478777371 
+15.480518997404242754 
+15.523202103346960712 
+15.564332014682559446 
+15.605612249328647323 
+15.647906856997703784 
+15.689488847537774063 
+15.731219143482842782 
+15.773971082037160585 
+15.815998981646934851 
+15.859053272105910537 
+15.902259177927824396 
+15.947388792937385205 
+15.991791317252797455 
+16.037241985374432574 
+16.082853446478864612 
+16.128624798855049960 
+16.174555130247192380 
+16.218833163929904373 
+16.264164371458555536 
+16.308734653410251525 
+16.353448310518704290 
+16.398304487674366214 
+16.444222112619655718 
+16.489363591960355393 
+16.533719451277558932 
+16.579136974630255708 
+16.624692605108489118 
+16.670385432490981259 
+16.717151237611837189 
+16.763118443533105761 
+16.810162282384379040 
+16.856400036716909341 
+16.902770258140758841 
+16.949271980106601632 
+16.995904226659387604 
+17.042666012414464660 
+17.090514619467576551 
+17.137535081976299267 
+17.185645543012615377 
+17.233886638061726160 
+17.280319970720636746 
+17.327842783243394109 
+17.375487928170294083 
+17.422278313508890335 
+17.470162485214039805 
+17.517184953283695847 
+17.565303914962420606 
+17.613539847324673815 
+17.661891640299501205 
+17.711348473811021620 
+17.760923578874809436 
+17.809620761954263912 
+17.859426461994669211 
+17.909346793623992511 
+17.958378736584545976 
+18.007518398603622245 
+18.057770715268176787 
+18.107124373828742847 
+18.157592545417504226 
+18.207155262589473921 
+18.257834208372937468 
+18.307600963760439328 
+18.357466824925936066 
+18.407430531626935988 
+18.458513448533484080 
+18.508670956525175910 
+18.558922442162952393 
+18.609266604442552762 
+18.659702132161910981 
+18.711259766263843574 
+18.761875846872406726 
+18.812579270408974708 
+18.863368684442306744 
+18.915281843540206808 
+18.966240824703383794 
+19.017281648756878099 
+19.068402921666113059 
+19.120648956557531051 
+19.171928472896681228 
+19.223284164260064699 
+19.274714594634929199 
+19.327270166841753252 
+19.378847175967553795 
+19.430494522918792200 
+19.481154618042928917 
+19.532936835004548470 
+19.583726179938761192 
+19.635637391239658456 
+19.686550189803607935 
+19.737521910124215196 
+19.789614812068222705 
+19.841766054218489046 
+19.893974073702914040 
+19.947304456971373554 
+20.000690636525906285 
+20.054130917069372231 
+20.107623591544975028 
+20.161166941111570594 
+20.214759235117654157 
+20.268398731076974428 
+20.321009541787098840 
+20.374737310478742813 
+20.427431224475903093 
+20.481240295760066772 
+20.534010436901439789 
+20.587893747876172768 
+20.639654471286618787 
+20.693604224367973643 
+20.747585145746171520 
+20.801595374378791803 
+20.855633037108404437 
+20.909696248637644089 
+20.963783111502714007 
+21.017891716047831352 
+21.070937390168744230 
+21.124000279012605574 
+21.175995179333131802 
+21.228003109103063650 
+21.281106166756089237 
+21.333135096671501429 
+21.386255926226453994 
+21.439382926464496393 
+21.492514198133697789 
+21.546732201470291557 
+21.599866261169012205 
+21.652998786007227494 
+21.706127830452821570 
+21.760335522246130324 
+21.813451551283463914 
+21.866558153287456889 
+21.919653336072997263 
+21.973818243130843086 
+22.026884228105878094 
+22.079932705742528753 
+22.132961636827083396 
+22.187050513382391870 
+22.240033682252033032 
+22.292991073840962457 
+22.345920601532867522 
+22.398820166862780212 
+22.452766239102711410 
+22.504520957196380238 
+22.557317925818843207 
+22.610076419272143511 
+22.662794279501063954 
+22.714394777527715519 
+22.767025789129263558 
+22.818537011552869842 
+22.871072577318276586 
+22.922486056573777802 
+22.974917485677764262 
+23.028361265188916462 
+23.080677351456351687 
+23.133998727029357667 
+23.186190219379248845 
+23.239379699821405723 
+23.291437246500510838 
+23.344485237695074886 
+23.397458090528836294 
+23.449296190403288165 
+23.502112919467819552 
+23.554847059654548502 
+23.606443954162639187 
+23.657956712777341579 
+23.710431528972655713 
+23.761766953052269713 
+23.813010944523718138 
+23.865203947822401176 
+23.916255747370065876 
+23.968247513267144200 
+24.019097053627170624 
+24.193663496370099608 
+24.305549924210922086 
+24.355658546919769947 
+24.406665236299126320 
+24.456527091389851591 
+24.506262885850429001 
+24.555870004769701609 
+24.605345820396365752 
+24.655693255836229838 
+24.704895714724383282 
+24.754958674426482901 
+24.804873724046025529 
+24.853644212924514534 
+24.903257945833324527 
+24.952715200668173168 
+25.000044255921899605 
+25.048205144744049022 
+25.095229478335056683 
+25.143073879411794280 
+25.189782852224809062 
+25.236331804572166959 
+25.284647287620643397 
+25.332783270793960639 
+25.380736739811304403 
+25.428504666044194238 
+25.475134287570273983 
+25.522525847738915417 
+25.568780743866664551 
+25.615783896274678000 
+25.661652211177287342 
+25.708254801857698624 
+25.753724569488731788 
+25.799914331808537327 
+25.844973475517932116 
+25.890738029786042773 
+25.935374361932979070 
+25.979796880490667377 
+26.024902436573395192 
+26.068883715836353332 
+26.112641998883475480 
+26.156174218195278769 
+26.200358621221727873 
+26.243424684043791473 
+26.286255335102758579 
+26.328847451929824786 
+26.370336039958491625 
+26.412446693903586237 
+26.453457586042890881 
+26.495074380274793668 
+26.535595380276351563 
+26.576705810863156643 
+26.616724617391870567 
+26.658141701057587625 
+26.698460682617106698 
+26.739323828684852913 
+26.779902032573605908 
+26.820191800550329475 
+26.859392551065788268 
+26.899100849281744274 
+26.937724975466625921 
+26.976058657112535144 
+27.014871776208895682 
+27.052608376884339947 
+27.090805188838519513 
+27.127176274543955969 
+27.164000753429899504 
+27.200514349948896609 
+27.235978023655750491 
+27.271866027497654983 
+27.307432843419384483 
+27.343390806487121836 
+27.378298036762576118 
+27.412873502772431067 
+27.447808936996040075 
+27.481015005625696546 
+27.515255224238931220 
+27.548461086186158298 
+27.581984183326142102 
+27.615139401397332364 
+27.647922896373433588 
+27.679686355977263901 
+27.711722436862025631 
+27.743375245881022551 
+27.774019383218050194 
+27.804287982175829086 
+27.834177336165435435 
+27.864281881355037029 
+27.893393636020064719 
+27.921532642122006251 
+27.949867656435827712 
+27.978370644699985803 
+28.005897627419020779 
+28.033568173916410871 
+28.060271571894670473 
+28.087093743618702035 
+28.112957881214153844 
+28.138400790117334083 
+28.163418585156808405 
+28.188504683598491596 
+28.213139918637828885 
+28.236840996677859295 
+28.260571185955448925 
+28.283838018765816713 
+28.306185894984491114 
+28.328080714617343006 
+28.349518470948535054 
+28.370918408194469862 
+28.391420422741848739 
+28.411453180023016785 
+28.431012612294040309 
+28.449710006603901036 
+28.468320392372497452 
+28.486810052901400780 
+28.504435202590563847 
+28.521910905293456295 
+28.538533902197446679 
+28.554978320525062685 
+28.570895261887738314 
+28.586280256948700895 
+28.601128819623827582 
+28.615436447054271696 
+28.629198619583899443 
+28.642410800731212817 
+28.655068437164960216 
+28.666693810310171386 
+28.678025669269445075 
+28.688597345581538178 
+28.698845051443964138 
+28.708346339919213364 
+28.717311742015045439 
+28.725906883776520573 
+28.733934863310480523 
+28.741391254941166977 
+28.748271617219732121 
+28.754448755936550697 
+28.760064655069157880 
+28.765214269727806595 
+28.769683103798929125 
+28.773577908210477005 
+28.777019994663348257 
+28.779779790036112530 
+28.781927734041730105 
+28.783459243217578205 
+28.784381800467130574 
+28.784653809025474658 
+28.784295441567017804 
+28.783302050150879836 
+28.781668970739836766 
+28.779391523179725709 
+28.776398495146501944 
+28.772804814662890749 
+28.768552531947150896 
+28.763636901807185353 
+28.758053162814285031 
+28.751661811142657399 
+28.744862231244624695 
+28.737407733135242438 
+28.729117694180590803 
+28.720135593897381909 
+28.710661102759235774 
+28.700294657656648667 
+28.689221625041135155 
+28.677189153599158544 
+28.664673533549319018 
+28.651158760463623310 
+28.637180382718621985 
+28.622162656607340381 
+28.607024150078522950 
+28.590498176055451296 
+28.573548516226651373 
+28.555478080360035875 
+28.537004541388341750 
+28.517769103526426022 
+28.497350440327632981 
+28.476560102520409146 
+28.454544149554308774 
+28.431713352473149570 
+28.408543326542012863 
+28.384580282984973820 
+28.359305348949803260 
+28.333724222408651627 
+28.307334340630180947 
+28.280130459231870077 
+28.251526848633492506 
+28.223259635349499774 
+28.193582119343059134 
+28.163069456623926357 
+28.131067669168654533 
+28.098851390676191642 
+28.065783816836997744 
+28.031158277360677999 
+27.996354303513346196 
+27.960682729731313856 
+27.924892694299082052 
+27.887487588417045004 
+27.849988922762037191 
+27.810828862093558200 
+27.770774091199513123 
+27.730663943326284482 
+27.689684733094221514 
+27.646949959319172763 
+27.603298526783618172 
+27.559643771214048513 
+27.514161235442653464 
+27.468701973384828108 
+27.422341762370741947 
+27.374080892736387227 
+27.325883770357418001 
+27.275736587997617022 
+27.225680710717128363 
+27.173624849019670791 
+27.119503878053560442 
+27.065476778209333730 
+27.010465298299639159 
+26.953310401090405435 
+26.896292369811980905 
+26.838272399639397037 
+26.778029458944001107 
+26.717967298266664500 
+26.656885478238415033 
+26.593499878660903590 
+26.530339901789698587 
+26.464821384427114737 
+26.399559008870372878 
+26.333247038250469529 
+26.267264919147148561 
+26.198857488009984706 
+26.130811119530932274 
+26.061734691198562786 
+25.990150777714550401 
+25.918975355182954701 
+25.845236785041691974 
+25.771938954384438603 
+25.696021755800956043 
+25.620577965731861525 
+25.542458026523682690 
+25.461587244735081725 
+25.381194138388956105 
+25.299666536478198964 
+25.216998195137350081 
+25.131460348084949885 
+25.048214227437952673 
+24.962086022014140951 
+24.872998222573478699 
+24.784507897378897923 
+24.694838855674941414 
+24.602118174744397550 
+24.510048181623201202 
+24.414864220276818685 
+24.320367111052384246 
+24.224658975140350492 
+24.127733347031789179 
+24.027567899532442652 
+23.928162636721879153 
+23.827520240652340533 
+23.725634171185859600 
+23.624615232512372387 
+23.520247836376661610 
+23.414617169412764497 
+23.307716617243123380 
+23.199539546776705379 
+23.087832016193317486 
+22.977055542024935164 
+22.862681645776131489 
+22.746950489510780358 
+22.632210253713015646 
+22.513770613871631809 
+22.393952351622019137 
+22.275185967394588005 
+22.152616744039413277 
+22.028647353918877627 
+21.908312713776219027 
+21.784126492546569409 
+21.661150934764993536 
+21.534255276079981911 
+21.408612314240791363 
+21.278980105940426881 
+21.150643108675041049 
+21.015530509124737080 
+20.881699150566745971 
+20.746454073267088347 
+20.606984302944340470 
+20.468861457584914376 
+20.326440481053261067 
+20.185411000007086102 
+20.042932152247537658 
+19.898996807656907038 
+19.750615200229916013 
+19.603715302823349731 
+19.452293690276992066 
+19.302399895791054973 
+19.147908253323357997 
+18.994991057309114524 
+18.840566465314150690 
+18.684627190652861373 
+18.523936533150742179 
+18.364914668045202006 
+18.201063231805736820 
+18.035603792638706722 
+17.865170462065236734 
+17.696438899906805631 
+17.526075571818772403 
+17.350615727116952769 
+17.183911161099253206 
+17.008638170544507773 
+16.835256879972440913 
+16.660270552901152996 
+16.483671643342720614 
+16.301798539172025926 
+16.121918449139315044 
+15.940402864147454665 
+15.757244158332483153 
+15.576222859112473174 
+15.389788876653804905 
+15.205544411006506778 
+15.015805034847828026 
+14.828307824378965663 
+14.635232782265925167 
+14.436468503991800816 
+14.239957642862151488 
+14.045796986839590659 
+13.845888815996804766 
+13.648385144440045025 
+13.449216039768440822 
+13.244172041123162487 
+13.041614731060775512 
+12.833096430985854397 
+12.627120493324245132 
+12.415096757192879195 
+12.205671615596934032 
+11.994528295016099406 
+11.777206074931157787 
+11.562567555370558026 
+11.332606308367516590 
+11.105237287803252144 
+10.875961756795536672 
+10.644771079244502943 
+10.416337795867020688 
+10.181329562915166775 
+9.944380315927093150 
+9.710278473882283379 
+9.474295870371095774 
+9.236424252338551355 
+8.996655346085198346 
+8.750028824997373889 
+8.506401292662269853 
+8.260851356593006400 
+8.013370659869194057 
+7.763950824811408857 
+7.512583452959741948 
+7.264449595933850645 
+7.009202046093554905 
+6.757250979107294775 
+6.503398951642973103 
+6.242289261735793460 
+5.979181729029472869 
+5.714067810230386790 
+5.446938941081959307 
+5.172272500084228675 
+4.901046391440980976 
+4.627779337364190226 
+4.352462689074523716 
+4.075087776710424770 
+3.795645909307092225 
+3.514128374772401919 
+3.224716880459904012 
+2.933125738348000944 
+2.633447629840925508 
