38
87
136
185
233
282
330
380
429
479
528
577
627
676
725
775
824
873
922
972
1021
1070
1119
1169
1218
1267
1316
1366
1415
1464
1513
1563
1612
1662
1711
1761
1810
1859
1908
1957
2007
2057
2105
2154
2202
2250
2299
2348
2398
2446
2495
2543
2592
2640
2690
2740
2789
2839
2889
2938
2988
3038
3086
3135
3183
3231
3280
3328
3378
3427
3476
3526
3575
3625
3674
3723
3773
3822
3871
3921
3969
4018
4066
4115
4163
4212
4260
4309
4358
4408
4457
4506
4555
4605
4654
4703
4752
4801
4851
4900
4949
4999
5048
5097
5146
5195
5245
5294
5343
5392
5442
5491
5541
5591
5641
5689
5738
5786
5835
5884
5932
5981
6030
6079
6128
6177
6225
6273
6322
6370
6419
6467
6516
6564
6612
6661
6709
6758
6806
6854
6903
6951
7000
7050
7099
7148
7197
7247
7295
7343
7392
7440
7489
7537
7586
7634
7683
7731
7780
7828
7878
7927
7976
8026
8075
8125
8174
8222
8270
8319
8367
8416
8464
8514
8564
8614
8663
8713
8763
8814
8865
8915
8966
9017
9068
9116
9164
9213
9261
9310
9359
9408
9458
9507
9557
9606
9656
9705
9754
9804
9853
9902
9951
9999
10048
10096
10145
10193
10243
10293
10342
10390
10438
10487
10535
10584
10633
10681
10730
10778
10827
10877
10926
10975
11024
11074
11123
11172
11220
11269
11318
11366
11415
11464
11513
11562
11611
11661
11710
11759
11808
11857
11905
11954
12003
12051
12100
12149
12198
12247
12297
12346
12395
12444
12494
12543
12593
12642
12692
12741
12789
12838
12887
12936
12985
13035
13084
13133
13181
13230
13278
13327
13375
13424
13472
13521
13570
13619
13669
13718
13767
13816
13866
13915
13964
14013
14062
14112
14161
14210
14259
14308
14356
14404
14453
14501
14550
14598
14648
14697
14747
14796
14844
14892
14941
14989
15039
15088
15137
15187
15236
15285
15335
15385
15435
15485
15535
15585
15635
15684
15733
15782
15832
15881
15930
15979
16027
16076
16125
16173
16222
16271
16320
16369
16417
16466
16515
16563
16614
16664
16714
16765
16815
16865
16914
16963
17012
17062
17112
17162
17212
17262
17312
17361
17409
17458
17506
17555
17604
17654
17703
17752
17801
17850
17899
17949
17997
18046
18094
18143
18191
18240
18288
18337
18385
18434
18483
18531
18580
18628
18678
18727
18777
18826
18875
18925
18974
19024
19073
19122
19172
19221
19270
19320
19369
19419
19468
19517
19567
19615
19663
19712
19760
19808
19857
19906
19955
20005
20054
20103
20153
20202
20251
20300
20349
20399
20448
20497
20547
20596
20644
20692
20741
20789
20838
20886
20934
20983
21032
21082
21132
21182
21232
21281
21330
21380
21429
21478
21528
21577
21626
21675
21725
21773
21822
21870
21919
21968
22017
22066
22116
22165
22214
22263
22312
22360
22409
22457
22505
22554
22603
22653
22702
22751
22801
22850
22899
22947
22995
23045
23094
23143
23193
23243
23293
23344
23394
23444
23492
23541
23589
23638
23686
23735
23785
23835
23884
23934
23984
24034
24084
24134
24184
24233
24282
24332
24381
24430
24478
24527
24575
24623
24673
24722
24771
24820
24869
24919
24967
25016
25064
25113
25161
25209
25258
25307
25357
25406
25455
25505
25554
25603
25653
25702
25751
25801
25850
25898
25947
25995
26044
26092
26141
26190
26238
26287
26335
26384
26432
26481
26529
26578
26627
26675
26724
26773
26822
26871
26921
26969
27019
27068
27117
27165
27214
27262
27311
27359
27408
27456
27505
27554
27603
27652
27702
27751
27800
27849
27899
27947
27996
28045
28093
28142
28190
28238
28288
28337
28386
28436
28485
28534
28583
28631
28680
28728
28776
28825
28873
28922
28970
29019
29067
29116
29164
29214
29263
29311
29360
29408
29457
29505
29554
29603
29653
29703
29752
29802
29851
29900
29950
29999
30048
30098
30147
30196
30245
30295
30344
30393
30442
30492
30541
30590
30639
30689
30738
30787
30836
30886
30935
30984
31032
31081
31129
31178
31227
31276
31325
31373
31422
31470
31518
31568
31618
31668
31717
31767
31817
31866
31915
31965
32014
32063
32113
32161
32210
32259
32308
32356
32405
32454
32504
32553
32602
32652
32701
32750
32798
32846
32895
32943
32993
33042
33091
33141
33190
33240
33289
33338
33388
33437
33486
33535
33584
33634
33683
33733
33782
33831
33881
33930
33979
34027
34075
34124
34173
34223
34273
34322
34372
34422
34470
34519
34567
34616
34665
34714
34762
34811
34859
34909
34958
35008
35057
35106
35155
35236
35284
35333
35381
35430
35478
35527
35577
35626
35676
35725
35775
35825
35873
35922
35970
36019
36067
36116
36166
36216
36266
36316
36365
36414
36463
36512
36562
36611
36660
36709
36759
36808
36857
36906
36955
37004
37053
37101
37150
37198
37246
37295
37343
37392
37440
37489
37537
37586
37634
37682
37731
37779
37828
37876
37924
37974
38023
38073
38122
38171
38221
38270
38320
38368
38417
38466
38514
38563
38611
38660
38708
38757
38807
38857
38906
38956
39005
39055
39103
39152
39200
39248
39296
39345
39394
39443
39492
39541
39591
39640
39688
39737
39785
39834
39882
39930
39980
40029
40078
40127
40176
40226
40274
40322
40371
40419
40467
40516
40564
40613
40661
40710
40759
40808
40857
40907
40956
41005
41054
41104
41152
41201
41250
41300
41349
41399
41448
41497
41547
41596
41646
41695
41744
41793
41841
41890
41938
41986
42035
42083
42132
42181
42230
42280
42328
42377
42426
42474
42523
42572
42620
42670
42719
42767
42816
42864
42912
42961
43010
43059
43108
43157
43206
43256
43304
43353
43401
43450
43498
43547
43595
43644
43693
43742
43791
43840
43889
43939
43988
44037
44086
44134
44183
44232
44281
44329
44378
44426
44475
44524
44572
44621
44669
44718
44767
44817
44866
44916
44965
45015
45064
45112
45161
45209
45258
45306
45355
45404
45453
45502
45552
45601
45650
45700
45750
45800
45849
45899
45949
45999
46049
46099
46149
46197
46246
46294
46343
46391
46439
46489
46538
46587
46636
46685
46733
46782
46830
46879
46928
46977
47026
47074
47123
47171
47220
47268
47319
47399
47449
47499
47548
47597
47646
47695
47745
47795
47845
47894
47944
47993
48042
48091
48141
48190
48239
48288
48337
48386
48435
48485
48534
48583
48632
48681
48729
48777
48826
48875
48925
48973
49021
49070
49118
49167
49215
49264
49312
49361
49409
49457
49506
49554
49603
49653
49702
49751
49800
49850
49899
49949
49998
50047
50097
50146
50196
50245
50293
50342
50391
50439
50488
50537
50585
50634
50682
50731
50779
50828
50876
50925
50973
51022
51071
51121
51170
51219
51268
51317
51368
51418
51468
51519
51569
51619
51667
51716
51764
51813
51861
51909
51958
52006
52054
52103
52151
52200
52248
52297
52345
52394
52442
52491
52539
52588
52637
52686
52735
52784
52832
52882
52931
52980
53029
53079
53128
53177
53227
53276
53326
53375
53425
53474
53523
53572
53621
53671
53720
53769
53818
53867
53917
53967
54017
54066
54116
54165
54214
54263
54313
54362
54411
54459
54508
54557
54605
54654
54703
54753
54802
54852
54901
54951
55000
55049
55098
55148
55197
55246
55296
55346
55395
55445
55495
55545
55594
55644
55693
55743
55792
55841
55890
55940
55990
56040
56089
56139
56188
56237
56286
56336
56385
56434
56485
56535
56585
56635
56685
56735
56784
56833
56882
56931
56981
57030
57080
57128
57177
57226
57275
57325
57374
57423
57472
57522
57571
57620
57669
57719
57768
57817
57867
57916
57965
58015
58064
58113
58161
58210
58258
58306
58355
58403
58451
58500
58549
58598
58646
58695
58744
58793
58841
58890
58938
58987
59035
59083
59132
59180
59229
59277
59326
59374
59423
59471
59519
59568
59616
59664
59713
59762
59811
59859
59908
59956
60004
60053
60103
60153
60203
60253
60303
60353
60401
60450
60498
60548
60598
60647
60696
60744
60793
60841
60890
60938
60986
61035
61084
61134
61183
61233
61282
61332
61380
61430
61480
61530
61579
61627
61676
61724
61773
61821
61870
61918
61966
62015
62063
62111
62160
62208
62257
62306
62354
62403
62451
62502
62552
62603
62653
62703
62754
62802
62851
62899
62947
62996
63044
63092
63142
63191
63240
63290
63339
63388
63437
63487
63536
63585
63634
63684
63733
63782
63831
63881
63930
63979
64028
64076
64125
64173
64221
64270
64318
64366
64415
64465
64515
64565
64615
64665
64714
64762
64811
64859
64908
64956
65005
65053
65102
65151
65200
65248
65297
65345
65394
65442
65490
65539
65589
65639
65688
65738
65788
65838
65887
65937
65986
66034
66083
66131
66180
66228
66278
66327
66375
66424
66472
66521
66569
66618
66667
66715
66764
66812
66861
66909
66958
67006
67055
67103
67152
67200
67249
67297
67346
67395
67444
67493
67543
67592
67641
67690
67740
67789
67838
67887
67937
67986
68036
68085
68134
68184
68233
68283
68333
68382
68432
68481
68531
68580
68629
68679
68728
68777
68827
68876
68925
68975
69024
69073
69122
69172
69220
69268
69318
69367
69416
69466
69515
69564
69613
69661
69709
69758
69806
69855
69903
69951
70001
70051
70100
70150
70200
70249
70299
70348
70398
70447
70497
70547
70597
70646
70696
70746
70796
70844
70892
70941
70989
71038
71086
71136
71185
71233
71281
71330
71379
71427
71476
71526
71575
71624
71673
71721
71770
71818
71867
71915
71963
72012
72060
72109
72157
72205
72254
72302
72351
72401
72451
72500
72550
72600
72651
72701
72751
72801
72850
72898
72947
72995
73044
73092
73140
73189
73238
73287
73337
73386
73436
73484
73533
73581
73629
73678
73727
73776
73825
73875
73924
73974
74023
74073
74125
74173
74222
74271
74319
74368
74417
74466
74515
74564
74613
74661
74710
74759
74807
74856
74906
74955
75004
75054
75103
75152
75202
75252
75301
75351
75400
75450
75499
75548
75597
75646
75694
75743
75792
