29
77
126
174
223
271
320
369
418
467
517
566
616
666
715
765
813
863
913
962
1012
1062
1111
1161
1210
1258
1307
1356
1404
1453
1501
1550
1600
1649
1699
1748
1797
1846
1896
1946
1995
2045
2094
2144
2193
2243
2293
2343
2393
2442
2491
2539
2588
2637
2685
2734
2782
2832
2882
2932
2981
3031
3080
3128
3178
3229
3279
3329
3379
3429
3479
3529
3578
3628
3678
3728
3777
3827
3876
3925
3975
4025
4074
4124
4173
4223
4273
4322
4372
4422
4472
4522
4572
4621
4669
4718
4766
4815
4864
4914
4963
5013
5062
5112
5161
5210
5260
5309
5358
5407
5457
5506
5556
5606
5656
5705
5755
5805
5855
5904
5953
6002
6051
6100
6150
6199
6248
6298
6347
6397
6446
6495
6544
6594
6643
6692
6741
6789
6838
6887
6936
6986
7035
7085
7134
7184
7233
7281
7330
7378
7427
7475
7524
7572
7621
7670
7719
7768
7818
7867
7916
7966
8015
8065
8114
8164
8213
8263
8312
8362
8411
8460
8508
8558
8607
8657
8706
8756
8805
8854
8903
8951
9000
9049
9098
9147
9196
9245
9294
9343
9391
9440
9488
9537
9585
9635
9684
9734
9783
9832
9882
9931
9979
10028
10076
10125
10174
10223
10272
10322
10372
10421
10471
10521
10569
10618
10666
10715
10763
10812
10860
10909
10958
11007
11056
11105
11154
11202
11251
11299
11349
11398
11447
11495
11544
11592
11642
11691
11741
11790
11840
11889
11938
11988
12037
12086
12136
12185
12235
12284
12334
12384
12434
12483
12533
12583
12632
12681
12730
12780
12829
12878
12928
12977
13026
13075
13123
13172
13220
13269
13317
13366
13414
13463
13511
13561
13611
13661
13709
13757
13806
13854
13903
13953
14002
14051
14100
14149
14200
14250
14301
14350
14399
14448
14498
14547
14596
14645
14693
14743
14792
14842
14891
14941
14990
15040
15090
15139
15189
15238
15288
15337
15387
15437
15488
15539
15590
15641
15692
15742
15792
15842
15892
15942
15992
16041
16090
16140
16189
16239
16288
16338
16387
16437
16486
16536
16586
16636
16686
16736
16786
16835
16884
16934
16984
17034
17083
17133
17183
17233
17283
17333
17383
17433
17481
17530
17579
17627
17676
17724
17773
17823
17872
17921
17971
18020
18069
18119
18168
18218
18267
18317
18366
18416
18465
18515
18564
18614
18663
18712
18762
18811
18861
18910
18959
19009
19058
19108
19157
19206
19256
19305
19354
19404
19453
19502
19552
19600
19649
19697
19746
19794
19843
19891
19940
19990
20039
20089
20138
20187
20237
20285
20333
20382
20431
20480
20530
20581
20631
20682
20732
20783
20832
20881
20931
20980
21029
21078
21128
21177
21226
21276
21325
21374
21423
21473
21521
21570
21618
21668
21717
21766
21816
21865
21914
21963
22013
22062
22111
22160
22210
22259
22308
22356
22404
22453
22502
22551
22600
22650
22699
22748
22797
22845
22894
22942
22991
23040
23089
23139
23188
23237
23286
23336
23385
23435
23484
23534
23584
23634
23684
23735
23785
23834
23884
23933
23983
24032
24082
24131
24181
24230
24280
24330
24379
24429
24478
24527
24575
24624
24672
24721
24769
24818
24867
24916
24965
25014
25064
25113
25162
25211
25260
25310
25359
25408
25458
25507
25556
25605
25654
25702
25751
25799
25848
25897
25946
25995
26043
26092
26141
26189
26239
26288
26338
26387
26437
26487
26536
26587
26637
26687
26737
26786
26835
26884
26934
26983
27032
27081
27130
27179
27228
27278
27327
27376
27426
27475
27523
27572
27620
27669
27717
27765
27814
27863
27913
27962
28011
28061
28110
28159
28208
28258
28308
28358
28408
28458
28508
28558
28608
28657
28707
28756
28805
28855
28904
28954
29003
29052
29101
29151
29200
29249
29299
29348
29397
29446
29496
29545
29594
29643
29692
29741
29791
29841
29891
29942
29992
30042
30092
30142
30192
30242
30292
30342
30391
30440
30489
30538
30588
30637
30686
30735
30785
30834
30883
30933
30982
31031
31081
31130
31179
31229
31278
31327
31377
31426
31475
31525
31574
31623
31672
31722
31771
31820
31870
31919
31968
32018
32067
32117
32166
32216
32265
32315
32364
32413
32463
32512
32561
32610
32658
32706
32755
32803
32852
32900
32949
32998
33048
33098
33148
33198
33247
33297
33346
33396
33446
33496
33545
33595
33645
33694
33742
33791
33841
33890
33940
33989
34039
34087
34136
34184
34233
34282
34330
34379
34429
34479
34528
34578
34627
34676
34725
34775
34824
34873
34923
34972
35022
35072
35121
35171
35221
35271
35321
35370
35420
35470
35520
35570
35620
35670
35720
35770
35819
35869
35917
35966
36014
36063
36111
36160
36209
36259
36309
36358
36407
36457
36505
36554
36602
36651
36699
36748
36796
36845
36893
36941
36990
37040
37089
37138
37188
37237
37287
37337
37386
37436
37486
37535
37585
37634
37683
37733
37782
37831
37880
37930
37979
38029
38079
38128
38178
38228
38277
38326
38375
38425
38474
38523
38572
38621
38671
38721
38770
38820
38870
38920
38970
39020
39068
39117
39165
39214
39263
39312
39362
39411
39460
39509
39558
39606
39655
39703
39753
39802
39852
39901
39951
40000
40051
40100
40149
40199
40248
40297
40347
40396
40445
40494
40543
40592
40642
40692
40740
40789
40837
40886
40935
40983
41032
41082
41130
41179
41227
41276
41324
41373
41421
41470
41520
41569
41618
41667
41717
41766
41815
41865
41914
41963
42013
42062
42110
42159
42207
42256
42305
42353
42402
42451
42501
42550
42600
42649
42698
42747
42795
42844
42893
42941
42989
43038
43086
43135
43183
43232
43282
43331
43380
43429
43478
43528
43577
43627
43676
43726
43775
43825
43873
43922
43970
44019
44067
44115
44164
44212
44261
44309
44357
44406
44454
44502
44552
44601
44650
44700
44749
44798
44847
44896
44944
44993
45042
45090
45139
45187
45236
45286
45335
45385
45435
45484
45534
45583
45633
45682
45731
45781
45830
45879
45929
45978
46027
46077
46126
46175
46225
46274
46323
46373
46423
46473
46523
46573
46623
46671
46720
46768
46817
46866
46914
46963
47011
47060
47109
47157
47206
47255
47303
47352
47400
47449
47497
47546
47595
47643
47692
47740
47789
47837
47885
47934
47982
48031
48081
48130
48180
48230
48279
48329
48379
48427
48475
48524
48572
48621
48669
48718
48767
48815
48864
48912
48961
49010
49058
49107
49156
49204
49254
49304
49354
49405
49455
49505
49554
49602
49651
49699
49748
49796
49845
49894
49944
49993
50042
50092
50141
50191
50239
50288
50336
50385
50433
50482
50532
50581
50630
50680
50729
50778
50828
50876
50925
50974
51023
51073
51122
51171
51220
51270
51318
51367
51415
51464
51513
51561
51609
51658
51708
51757
51807
51857
51907
51956
52005
52053
52102
52151
52201
52250
52299
52349
52398
52448
52497
52546
52595
52644
52693
52742
52792
52840
52889
52939
52988
53037
53086
53135
53185
53234
53283
53332
53382
53431
53479
53527
53576
53626
53675
53723
53772
53821
53870
53918
53968
54017
54065
54114
54162
54211
54260
54309
54359
54408
54457
54507
54556
54606
54655
54704
54754
54803
54852
54901
54950
54998
55046
55095
55143
55191
55240
55290
55340
55390
55440
55490
55540
55590
55638
55686
55735
55783
55831
55880
55929
55979
56028
56078
56127
56177
56225
56274
56324
56374
56424
56473
56523
56573
56621
56669
56718
56767
56815
56863
56912
56960
57010
57060
57110
57160
57209
57259
57308
57356
57406
57455
57504
57554
57603
57653
57702
57752
57802
57852
57901
57950
57999
58047
58096
58144
58193
58241
58290
58338
58386
58434
58483
58531
58580
58628
58677
58725
58774
58822
58871
58919
58968
59016
59065
59113
59162
59210
59258
59308
59357
59406
59455
59504
59554
59603
59652
59701
59750
59798
59847
59895
59944
59993
60041
60089
60138
60186
60235
60283
60333
60382
60431
60480
60529
60579
60628
60678
60727
60776
60826
60875
60925
60973
61022
61070
61119
61169
61218
61267
61316
61365
61414
61462
61512
61561
61611
61660
61710
61759
61808
61858
61906
61955
62003
62052
62100
62149
62199
62248
62297
62345
62394
62442
62490
62539
62587
62636
62684
62732
62780
62829
62877
62925
62974
63023
63072
63122
63171
63221
63270
63320
63369
63418
63466
63515
63563
63612
63660
63710
63759
63808
63858
63907
63956
64006
64055
64105
64154
64203
64251
64299
64348
64396
64445
64494
64543
64591
64641
64690
64740
64789
64839
64888
64937
64985
65034
65082
65131
65179
65228
65277
65326
65375
65424
65472
65521
65569
65617
65666
65714
65763
65812
65862
65911
65961
66010
66060
66108
66157
66205
66253
66302
66350
66400
66449
66498
66547
66597
66646
66695
66744
66793
66841
66890
66938
66987
67035
67084
67133
67183
67232
67281
67330
67379
67428
67476
67525
67574
67622
67671
67719
67768
67817
67866
67914
67963
68011
68059
68109
68158
68208
68257
68306
68355
68404
68454
68503
68553
68603
68653
68702
68752
68801
68851
68900
68949
68998
69048
69097
69147
69196
69245
69293
69342
69391
69439
69488
69537
69587
69636
69685
69735
69784
69833
69882
69932
69980
70029
70078
70126
70175
70224
70272
70321
70370
70419
70468
70516
70565
70613
70662
70711
70761
70810
70859
70909
70959
71008
71057
71106
71156
71205
71254
71304
71352
71401
71449
71497
71546
71594
71643
71691
71740
71788
71836
71885
71934
71982
72030
72079
72127
72176
72224
72273
72321
72369
72418
72467
72516
72565
72614
72664
72714
72763
72813
72863
72912
72962
73012
73062
73112
73162
73212
73260
73308
73357
73405
73454
73502
73551
73600
73649
73699
73748
73797
73847
73897
73946
73996
74046
74096
74146
74195
74244
74293
74342
74392
74440
74488
74537
74585
74634
74682
74732
74781
74830
74879
74929
74978
75027
75076
75125
75173
75222
75271
75320
75370
75420
75469
75519
75569
75618
75667
75716
75765
75815
75864
75913
75962
76011
76060
76110
76159
76208
76257
76307
76357
76406
76456
76506
76555
76603
76652
76701
76750
76799
76848
76896
76945
76993
77041
77089
77138
77187
77235
77284
77334
77383
77432
77481
77531
77580
77630
77679
77728
77778
77828
77878
77928
77976
78025
78075
78124
78173
78222
78272
78321
78369
78418
78467
78516
78564
78613
78662
78711
78761
78810
78860
78909
78959
79008
79058
79108
79157
79207
79256
79306
79355
79405
79454
79503
79553
79602
79651
79701
79750
79799
79848
79898
79947
79996
80045
80093
80143
80191
80239
80288
80337
80385
80434
80482
80531
80579
80627
80676
80724
80773
80821
80869
80918
80966
81015
81063
81111
81160
81208
81257
81305
81353
81402
81450
81499
81547
81596
81644
81693
81742
81791
81839
81888
81936
81985
82033
82082
82130
82178
82227
82275
82324
82372
82421
82469
82518
82566
82615
82663
82712
82760
82809
82858
82906
82955
83003
83051
83100
83148
83197
83245
83294
83342
83392
83441
83490
83539
83588
83638
83687
83736
83786
83835
83884
83933
83982
84032
84080
84129
84177
84226
84275
84325
84374
84423
84472
84522
84571
84620
84669
84718
84766
84815
84864
84912
84960
85009
85058
85106
85155
85203
85252
85301
85351
85401
85450
85500
85550
85599
85648
85698
85747
85796
85845
85894
85944
85993
86042
86092
86142
86192
86241
86291
86340
86388
