6.57088
6.57088
0.471521
0.471521
0.471521
3.60486
3.60486
0.501942
0.501942
0.501942
0.988674
0.471521
0.471521
0.471521
4.47185
4.7
4.7
4.7
4.7
8.01586
3.77217
3.77217
3.77217
3.77217
6.90551
3.77217
0.927832
0.927832
0.927832
0.471521
0.471521
3.77217
3.98512
3.98512
4.22848
4.22848
4.22848
0.471521
0.927832
3.77217
3.75696
4.01554
4.01554
0.471521
0.471521
0.471521
0.471521
3.60486
3.60486
0.471521
0.471521
0.471521
0.471521
3.77217
3.77217
3.98512
3.98512
0.471521
0.471521
0.471521
3.60486
3.60486
3.60486
3.60486
3.60486
0.471521
0.471521
0.471521
0.471521
0.471521
3.98512
3.98512
3.98512
3.98512
3.98512
3.98512
4.7
0.471521
0.927832
0.927832
0.927832
0.927832
0.471521
0.471521
0.471521
0.471521
0.471521
3.98512
3.98512
8.8068
8.8068
8.8068
5.29321
4.8369
0.471521
0.471521
0.471521
0.471521
0.471521
0.471521
0.471521
0.471521
0.471521
0.471521
0.471521
0.471521
0.471521
0.471521
0.471521
0.471521
0.471521
0.471521
0.471521
0.471521
0.471521
0.471521
0.471521
0.471521
0.471521
0.471521
0.471521
4.7
4.97379
4.95858
4.68479
4.68479
4.68479
4.7
4.7
5.15631
5.1411
5.1411
5.1411
5.1411
5.1411
5.1411
0.958253
0.958253
0.958253
0.958253
0.471521
0.471521
0.471521
0.471521
0.471521
0.471521
0.471521
0.471521
0.471521
0.471521
0.471521
4.82169
4.82169
4.82169
0.471521
0.471521
0.471521
0.471521
0.471521
0.471521
0.471521
0.471521
0.471521
0.471521
0.471521
0.471521
0.471521
0.471521
0.471521
0.471521
0.471521
0.471521
0.471521
0.471521
0.471521
0.471521
0.471521
0.471521
0.471521
0.471521
0.471521
0.471521
0.471521
0.471521
0.471521
0.471521
0.471521
0.471521
0.471521
0.471521
0.471521
0.471521
0.471521
0.471521
0.471521
0.471521
0.471521
0.471521
0.471521
0.471521
0.471521
0.471521
0.471521
0.471521
0.471521
0.471521
0.471521
0.471521
0.471521
0.471521
0.471521
0.471521
0.471521
0.471521
0.471521
0.471521
0.471521
0.471521
0.471521
0.471521
0.471521
0.471521
0.471521
0.471521
0.471521
0.471521
0.471521
0.471521
0.471521
0.471521
0.471521
0.471521
0.471521
0.471521
0.471521
0.471521
0.471521
0.471521
0.471521
0.471521
0.471521
0.471521
0.471521
0.471521
0.471521
0.471521
0.471521
0.471521
0.471521
0.471521
0.471521
4.00033
4.00033
4.00033
0.471521
0.471521
0.471521
0.471521
0.471521
0.471521
0.471521
0.471521
0.471521
0.471521
0.471521
0.471521
0.471521
0.471521
0.471521
0.471521
0.471521
3.98512
3.98512
3.98512
3.98512
3.98512
3.98512
3.98512
3.98512
0.471521
0.471521
0.471521
0.471521
0.471521
0.471521
0.471521
0.471521
0.471521
0.471521
0.471521
0.471521
0.471521
0.471521
0.471521
0.471521
5.15631
5.15631
0.471521
0.471521
0.471521
0.471521
0.471521
0.471521
0.471521
0.471521
0.471521
0.471521
0.471521
0.471521
0.471521
0.471521
0.471521
0.471521
0.471521
0.471521
0.471521
0.471521
0.471521
0.471521
0.471521
0.471521
3.98512
3.98512
0.471521
3.98512
3.98512
3.98512
7.02719
3.51359
3.51359
3.51359
3.51359
3.51359
3.51359
3.51359
3.51359
0.471521
0.471521
0.471521
0.471521
0.471521
0.471521
0.471521
4.50227
4.50227
4.50227
0.471521
0.471521
0.471521
0.471521
0.471521
0.471521
0.471521
0.471521
0.471521
0.471521
0.471521
0.471521
0.669256
0.471521
0.471521
0.471521
0.471521
0.471521
0.471521
0.471521
0.471521
0.471521
0.471521
0.471521
0.471521
0.471521
0.471521
0.471521
0.471521
0.471521
5.85599
5.85599
2.38803
2.38803
2.38803
2.38803
2.38803
2.38803
2.38803
2.38803
2.38803
2.38803
2.38803
2.38803
2.38803
0.471521
0.471521
0.471521
0.471521
0.471521
0.471521
0.471521
0.471521
0.471521
4.82169
0.471521
0.471521
0.471521
0.471521
0.471521
0.471521
3.60486
3.60486
3.60486
6.8903
6.8903
10.1605
10.1605
7.25534
3.74175
3.74175
7.02719
3.74175
3.74175
3.74175
3.74175
3.74175
3.74175
0.471521
0.471521
0.927832
0.927832
0.927832
0.471521
0.471521
0.471521
0.471521
0.471521
0.471521
3.98512
0.471521
0.471521
0.471521
0.471521
0.471521
0.471521
0.471521
0.471521
0.471521
0.471521
0.471521
0.471521
0.471521
3.60486
3.60486
3.60486
3.60486
0.471521
0.471521
0.471521
0.471521
0.471521
0.471521
0.471521
0.471521
0.471521
0.471521
0.471521
0.471521
0.471521
0.471521
3.98512
0.471521
0.471521
0.471521
0.471521
0.471521
0.471521
0.471521
0.471521
0.471521
0.471521
0.471521
0.471521
3.98512
3.98512
3.98512
7.57476
4.44143
4.44143
4.44143
0.927832
3.19418
3.19418
3.19418
4.44143
4.01554
0.471521
0.471521
3.6657
0.669256
0.669256
6.98156
6.98156
4.04596
8.66991
5.15631
1.11036
7.16408
7.16408
2.35761
5.8712
2.79871
6.3123
2.35761
2.35761
2.35761
2.35761
2.35761
2.35761
2.35761
2.35761
5.64305
5.70389
5.70389
5.70389
5.70389
2.81392
2.81392
2.81392
2.85955
6.70777
10.2214
5.67347
8.97412
8.76117
5.62784
2.40324
2.40324
6.70777
6.70777
7.16408
2.79871
6.09936
6.3123
6.09936
6.08415
6.09936
2.79871
0.927832
0.927832
0.927832
2.79871
2.79871
2.79871
2.79871
6.3123
2.37282
2.41845
2.41845
2.41845
5.93204
2.41845
2.41845
2.87476
2.3424
5.85599
2.3424
2.3424
2.3424
2.3424
2.3424
2.3424
6.08415
6.09936
5.85599
2.38803
2.38803
2.38803
0.471521
0.471521
0.471521
0.471521
0.471521
0.471521
4.07638
3.75696
3.98512
0.471521
0.471521
0.471521
0.471521
0.471521
0.471521
0.471521
3.98512
3.77217
0.471521
0.471521
3.8178
0.471521
0.471521
0.471521
0.471521
4.00033
4.00033
0.471521
0.471521
0.471521
1.84045
0.471521
0.471521
3.77217
8.45696
3.75696
0.471521
0.471521
0.471521
4.00033
4.00033
8.57865
8.57865
8.01586
8.01586
3.75696
4.01554
4.01554
0.471521
0.471521
0.471521
0.471521
4.01554
5.79515
0.471521
0.471521
1.81003
4.989
4.989
0.471521
0.471521
0.501942
1.93172
5.08026
6.95114
3.34628
7.78771
2.82913
0.988674
0.501942
0.471521
0.471521
0.517152
3.98512
3.77217
3.75696
4.18285
0.501942
5.18673
0.988674
0.958253
5.47573
5.04984
0.501942
2.67702
5.74952
10.5104
6.73819
5.04984
0.501942
0.501942
8.88285
0.501942
4.1068
0.593204
4.04596
8.73075
5.17152
0.501942
4.04596
4.04596
0.501942
0.501942
0.501942
1.47541
0.501942
0.501942
0.501942
0.501942
5.04984
5.04984
0.501942
2.61618
0.501942
0.501942
0.501942
1.53625
4.989
5.41489
1.9013
2.02298
1.53625
0.593204
0.593204
0.593204
0.593204
0.501942
0.501942
0.501942
0.501942
0.471521
0.958253
0.471521
4.01554
3.77217
5.03463
0.760518
0.760518
1.84045
5.01942
0.471521
4.38059
9.43043
4.03075
0.471521
0.562784
0.517152
3.98512
0.927832
0.927832
8.66991
3.84822
0.562784
0.806149
8.15276
8.77638
8.82201
5.03463
5.03463
5.46052
8.85243
8.57865
4.68479
0.471521
0.471521
0.471521
0.471521
0.471521
3.77217
3.77217
2.02298
5.70389
5.52136
2.23592
6.55567
6.37314
6.32751
1.97735
5.32363
2.02298
2.43366
2.52492
4.989
2.41845
2.73787
6.78382
2.41845
2.41845
6.37314
10.2974
9.65858
4.2589
0.958253
0.958253
5.99288
5.47573
7.22492
3.14855
7.7725
7.20971
10.9971
4.62395
5.91683
5.53657
8.51781
3.5288
1.00388
5.44531
4.989
12.077
8.53302
8.53302
12.1531
12.2596
0.927832
8.82201
8.88285
5.46052
5.44531
12.001
8.3657
8.33528
6.96635
3.68091
8.83722
12.8984
13.0049
8.6547
10.2974
16.4272
17.3854
13.0353
0.973463
1.01909
5.08026
9.44564
9.30874
10.0084
8.35049
1.21683
1.23204
5.68868
5.68868
9.91716
4.38059
1.1712
1.1712
4.35016
5.68868
5.68868
10.0388
9.01975
5.7191
9.14143
15.9253
7.6356
5.00421
11.8641
12.5942
8.24402
8.24402
3.6657
0.958253
4.44143
3.98512
3.98512
0.471521
0.471521
0.958253
8.50259
8.8068
2.22071
6.7534
9.29353
0.958253
5.4301
4.38059
5.73431
0.973463
0.927832
0.912622
5.59741
5.59741
7.57476
12.2596
14.9822
11.9553
8.82201
10.0845
13.6741
15.2408
7.42266
7.46829
11.4534
19.302
8.22881
9.59774
1.91651
9.05017
15.3929
13.9327
8.24402
9.46085
9.46085
15.4842
15.1039
19.8799
15.3168
19.5757
7.98544
13.6133
17.355
6.78382
14.2065
9.99321
9.99321
13.0049
8.59386
9.74984
9.99321
8.39612
10.6016
11.3013
10.4343
14.1913
8.97412
12.3508
13.9023
13.5981
14.1456
19.1346
12.001
5.56699
9.01975
8.33528
16.5641
13.4308
1.01909
4.24369
12.2291
11.8032
8.62428
8.77638
8.28965
9.26311
8.8068
11.3469
13.3851
8.68512
8.73075
7.46829
9.01975
0.958253
5.53657
4.16764
0.958253
5.47573
7.05761
8.77638
4.36537
7.62039
4.36537
11.0123
10.6473
17.279
5.44531
5.74952
4.57832
9.11101
8.66991
15.4842
11.9249
8.98933
21.9942
18.4806
13.9327
7.08803
6.98156
8.88285
12.1379
16.4424
5.5822
5.8712
0.912622
5.26279
15.834
13.3395
0.912622
0.912622
1.20162
1.18641
9.12622
8.83722
22.4809
22.9372
17.568
21.7356
8.77638
8.33528
10.1453
5.68868
10.4495
10.4495
5.59741
5.97767
5.70389
15.1495
8.86764
16.6858
11.6055
7.24013
3.75696
5.11068
0.471521
0.471521
5.03463
8.82201
5.09547
0.471521
9.35437
5.85599
4.82169
9.2479
1.94693
7.71166
6.37314
6.35793
9.65858
12.7159
13.0201
8.28965
15.834
6.12978
7.11845
7.0424
6.63172
6.26667
6.79903
3.80259
1.79482
5.278
1.79482
1.74919
1.74919
1.74919
4.21327
13.3395
18.1612
7.87897
11.0275
14.967
7.22492
7.17929
6.09936
6.12978
2.58576
2.58576
6.11457
5.03463
0.471521
0.517152
4.31974
3.84822
8.53302
9.62816
14.5563
5.53657
5.04984
0.562784
1.01909
0.517152
0.562784
0.958253
0.927832
0.471521
4.00033
0.471521
4.00033
4.00033
3.77217
0.471521
0.958253
1.07994
4.989
4.989
0.471521
4.01554
4.00033
13.6285
4.989
4.989
5.44531
4.989
0.471521
0.471521
5.00421
5.00421
0.471521
0.471521
4.16764
5.03463
9.27832
5.49094
0.471521
0.517152
4.00033
0.471521
0.471521
3.98512
3.98512
0.471521
0.471521
0.471521
1.91651
4.989
0.958253
4.56311
4.53269
5.44531
5.44531
5.5822
11.9097
3.57444
8.09191
8.06149
6.46441
6.51004
5.44531
0.927832
4.44143
8.59386
11.7728
5.61262
0.973463
0.958253
0.517152
0.532363
0.517152
4.04596
3.80259
5.08026
11.788
7.25534
4.7
4.74563
4.989
5.50615
0.973463
0.927832
2.37282
7.31619
7.34661
6.90551
5.82557
5.44531
9.84111
10.3126
17.7201
5.04984
0.517152
5.04984
5.53657
9.11101
5.44531
5.04984
8.22881
8.22881
0.562784
5.1411
8.54822
8.53302
3.77217
8.89806
6.99677
7.05761
7.02719
4.04596
8.86764
11.7728
8.22881
8.25923
3.80259
8.54822
17.4311
13.9631
13.446
13.157
8.56344
5.06505
9.8259
6.37314
8.18318
8.32007
6.96635
3.36149
5.39968
8.32007
11.8641
13.6741
8.60907
12.2443
11.9249
10.8146
1.85566
10.8146
16.7466
12.3812
12.9288
16.3359
11.6511
15.6667
5.49094
8.77638
12.5181
9.27832
4.18285
5.47573
5.44531
5.44531
8.68512
9.0958
10.5408
18.7392
12.8984
7.46829
10.0845
13.6893
10.6625
11.0884
3.25502
6.38835
9.71942
17.5223
11.1948
14.7236
9.46085
9.47606
17.5528
22.0398
12.7463
14.1761
5.18673
1.96214
4.989
8.68512
9.74984
5.84078
13.5524
13.3547
13.4308
14.0696
2.32719
9.56732
9.12622
13.7806
9.74984
10.2062
10.2366
9.58253
8.62428
20.7317
12.8832
9.90195
13.3091
2.37282
5.55178
5.44531
10.0388
9.93237
18.4654
18.3133
15.834
15.8036
15.545
19.3932
15.2256
9.76506
13.233
13.2786
13.233
12.2443
11.9097
15.4081
19.7735
16.2295
16.3055
15.5906
15.7427
17.8874
18.6479
10.7994
14.1608
8.18318
7.75729
9.79548
16.0165
6.63172
11.9706
12.0162
12.3812
14.024
16.0317
11.9249
11.788
9.17185
14.9366
15.4994
13.3243
5.41489
12.7767
11.9097
11.9097
3.96991
11.0579
17.5832
20.2146
20.1689
16.3055
16.6401
3.93948
6.19062
10.343
13.233
25.0515
21.5227
18.724
15.1343
11.712
11.7424
7.25534
7.52913
6.25146
12.6854
20.3363
16.3664
24.4735
17.9634
8.53302
8.66991
14.0696
20.8686
19.6974
18.5566
14.4651
14.4651
11.8185
16.4728
12.077
11.1492
15.9405
14.1304
15.4081
22.6482
18.6175
20.5188
17.5071
19.591
18.7544
14.8453
11.1188
14.7693
11.3013
19.4997
15.4385
27.8958
23.135
16.6706
17.4159
10.4952
10.4952
14.0848
7.36182
4.07638
8.9437
12.2443
11.6511
11.6511
15.0126
11.6664
12.1227
2.44887
14.2825
10.5256
6.29709
9.62816
9.61295
9.61295
6.37314
11.0731
7.27056
10.6168
14.1608
14.0696
14.0696
13.446
13.3851
9.50648
10.1605
4.86732
1.50583
6.05373
9.74984
5.79515
5.79515
5.79515
11.9706
5.7191
5.7191
4.48706
4.45664
1.73398
7.68123
12.4573
16.0165
12.655
9.14143
12.8528
4.94337
5.49094
7.86376
7.84855
4.56311
10.9667
11.0427
15.7579
6.85987
11.3317
10.7689
8.2136
1.59709
1.14078
5.65826
1.20162
1.14078
3.84822
5.03463
5.47573
1.20162
1.20162
0.760518
1.21683
4.42622
0.912622
1.01909
0.562784
3.65049
2.67702
6.96635
13.6133
6.00809
13.0961
16.1534
14.1913
13.7197
4.12201
12.0922
11.9706
11.9401
8.41133
7.08803
11.4838
17.0052
15.1647
10.9515
10.9515
1.74919
10.4647
5.68868
5.49094
14.8605
10.0997
10.9667
14.0848
16.2599
20.3667
7.45308
3.84822
3.84822
3.90906
3.68091
3.90906
4.36537
7.75729
14.024
10.4647
7.43787
10.7689
11.6511
11.4078
22.0398
10.5712
10.2974
14.8453
6.69256
10.1149
7.62039
6.90551
7.13366
4.95858
9.2479
0.517152
0.562784
0.471521
1.9013
9.0958
4.82169
0.471521
4.8369
0.927832
0.471521
0.517152
0.471521
4.22848
3.98512
0.471521
0.471521
0.471521
4.88253
3.11812
1.07994
1.07994
0.562784
4.989
5.59741
4.2589
4.04596
4.50227
0.471521
1.74919
2.2055
0.562784
3.84822
5.00421
0.973463
4.51748
4.15243
8.73075
10.8298
7.69644
2.6466
6.1602
3.0877
1.00388
4.15243
9.79548
8.18318
4.989
5.08026
0.517152
0.714887
12.4269
4.88253
4.88253
8.88285
5.01942
5.44531
0.912622
0.471521
5.15631
7.72687
4.44143
0.927832
0.927832
0.562784
5.08026
4.989
4.989
5.44531
0.958253
7.58997
3.65049
5.00421
5.00421
4.989
3.11812
3.11812
3.04207
6.63172
6.1602
0.562784
6.61651
3.11812
0.912622
0.471521
0.912622
4.44143
4.01554
0.471521
4.27411
0.471521
3.75696
1.44498
7.60518
7.08803
6.63172
11.134
0.471521
4.50227
4.50227
0.927832
8.09191
8.09191
4.94337
8.09191
7.11845
3.07249
3.07249
3.02686
7.60518
3.02686
3.02686
7.45308
6.76861
6.35793
6.35793
6.99677
6.99677
6.6013
6.61651
3.75696
9.30874
4.45664
1.1712
4.18285
4.18285
4.18285
3.74175
3.74175
3.92427
11.3165
16.5185
12.077
11.8185
10.5712
13.1265
7.68123
10.9667
6.3123
3.98512
3.77217
9.689
6.32751
7.89418
8.33528
12.9592
12.6094
8.56344
10.0845
15.4689
15.4537
11.1492
18.2981
14.6172
11.4838
6.8903
7.84855
11.7728
12.0922
12.1075
11.788
16.412
8.39612
8.41133
7.58997
11.0579
17.066
13.5981
6.22104
6.22104
3.48317
7.43787
12.1075
15.0735
10.8602
11.134
9.91716
0.958253
0.927832
0.927832
0.471521
0.471521
0.471521
0.471521
7.78771
5.01942
0.471521
6.1602
6.17541
9.2479
6.23625
3.04207
6.54046
9.73463
3.49838
3.49838
7.71166
3.02686
3.02686
0.471521
3.98512
0.471521
0.471521
2.9356
3.02686
3.02686
3.23981
3.69612
3.58965
6.84466
7.30098
3.78738
3.16376
7.42266
3.3767
3.25502
3.78738
3.27023
3.27023
3.39191
3.39191
1.23204
4.28932
0.790939
3.8178
7.3314
10.1453
6.87509
3.14855
6.73819
10.267
9.91716
3.19418
7.1945
3.01165
3.13334
3.0877
7.1945
5.85599
3.13334
6.43398
6.6013
6.6013
6.84466
10.4799
3.13334
0.82136
3.34628
3.33107
6.63172
0.775729
4.06117
4.06117
4.31974
4.28932
4.28932
8.70033
8.48738
5.12589
3.33107
3.34628
3.3767
3.3767
3.34628
3.34628
3.39191
3.39191
3.6657
3.39191
3.39191
6.93593
7.10324
3.39191
1.23204
1.23204
0.82136
3.04207
3.49838
1.15599
1.15599
4.28932
4.12201
4.12201
3.77217
3.77217
