4
53
102
151
200
249
297
346
394
443
491
541
590
639
689
738
787
837
886
936
985
1035
1084
1134
1183
1232
1282
1331
1380
1430
1479
1528
1577
1626
1674
1723
1772
1821
1870
1919
1968
2018
2067
2116
2166
2216
2266
2316
2366
2416
2466
2516
2566
2616
2666
2716
2766
2815
2865
2914
2963
3013
3062
3112
3161
3210
3260
3309
3358
3407
3456
3505
3554
3603
3652
3701
3750
3799
3848
3896
3944
3994
4043
4092
4142
4191
4240
4289
4337
4386
4434
4483
4531
4581
4630
4680
4729
4779
4828
4878
4926
4975
5023
5072
5120
5169
5217
5266
5314
5363
5412
5460
5510
5559
5609
5658
5708
5757
5807
5856
5906
5955
6005
6054
6104
6154
6203
6253
6301
6350
6399
6449
6499
6549
6598
6648
6696
6745
6793
6842
6890
6939
6989
7039
7089
7139
7189
7239
7288
7338
7388
7437
7487
7536
7586
7635
7684
7733
7783
7832
7880
7929
7978
8026
8076
8126
8176
8226
8275
8324
8373
8422
8472
8521
8570
8619
8668
8718
8768
8817
8867
8917
8966
9015
9063
9112
9160
9208
9257
9305
9353
9402
9450
9498
9547
9595
9644
9694
9743
9792
9841
9891
9940
9989
10038
10087
10137
10186
10235
10284
10333
10382
10432
10481
10531
10580
10630
10679
10729
10778
10828
10877
10926
10974
11022
11071
11119
11167
11216
11265
11314
11364
11413
11462
11511
11562
11610
11658
11707
11755
11804
11853
11902
11951
12000
12049
12099
12149
12199
12249
12299
12349
12399
12448
12498
12548
12597
12645
12694
12743
12792
12841
12890
12939
12988
13036
13085
13133
13183
13233
13282
13332
13381
13431
13480
13529
13578
13628
13677
13726
13776
13825
13874
13923
13973
14022
14071
14121
14171
14221
14271
14321
14371
14421
14469
14518
14567
14615
14664
14714
14763
14812
14861
14911
14960
15010
15061
15111
15161
15211
15262
15310
15359
15407
15456
15504
15554
15605
15655
15705
15755
15806
15854
15903
15951
16000
16048
16097
16145
16194
16244
16293
16343
16392
16441
16491
16540
16589
16638
16688
16737
16786
16835
16883
16932
16980
17029
17077
17125
17175
17224
17274
17323
17373
17422
17470
17519
17567
17616
17664
17712
17761
17810
17859
17908
17957
18005
18054
18102
18151
18200
18249
18298
18347
18397
18446
18495
18545
18594
18643
18692
18741
18789
18838
18886
18935
18983
19033
19082
19131
19180
19230
19278
19326
19375
19423
19472
19520
19568
19617
19665
19713
19762
19810
19858
19908
19959
20009
20059
20110
20160
20209
20258
20308
20357
20406
20456
20505
20555
20604
20654
20702
20751
20799
20848
20898
20947
20997
21046
21095
21144
21194
21243
21292
21342
21391
21440
21489
21538
21587
21637
21686
21735
21784
21834
21883
21932
21981
22029
22078
22126
22176
22225
22274
22324
22373
22423
22472
22521
22570
22620
22669
22718
22768
22817
22866
22915
22965
23014
23062
23111
23159
23208
23256
23305
23353
23402
23450
23499
23549
23598
23647
23696
23746
23795
23844
23893
23943
23992
24041
24090
24140
24189
24239
24288
24337
24385
24434
24482
24531
24579
24628
24678
24727
24777
24827
24877
24927
24976
25025
25074
25122
25170
25219
25267
25316
25364
25413
25462
25512
25561
25610
25659
25708
25756
25805
25855
25904
25953
26003
26052
26100
26149
26198
26247
26296
26346
26395
26444
26493
26543
26592
26641
26690
26740
26788
26837
26885
26934
26982
27031
27080
27130
27179
27228
27277
27325
27374
27422
27470
27519
27567
27616
27665
27715
27764
27814
27863
27912
27962
28012
28062
28112
28162
28211
28261
28311
28360
28409
28458
28508
28557
28606
28655
28705
28753
28802
28850
28898
28947
28997
29046
29095
29144
29194
29243
29292
29340
29389
29438
29487
29535
29584
29632
29680
29728
29777
29825
29874
29922
29971
30020
30070
30119
30169
30218
30267
30317
30366
30416
30465
30515
30565
30615
30664
30713
30761
30810
30858
30907
30956
31005
31055
31104
31153
31203
31252
31302
31352
31401
31451
31501
31550
31600
31650
31699
31749
31798
31848
31897
31947
31996
32046
32095
32144
32194
32243
32292
32341
32390
32440
32489
32538
32588
32637
32686
32736
32785
32834
32884
32932
32981
33029
33078
33126
33175
33223
33273
33322
33371
33421
33470
33519
33568
33617
33665
33715
33766
33816
33866
33917
33967
34016
34065
34115
34164
34213
34262
34312
34363
34413
34463
34514
34564
34613
34662
34711
34759
34808
34856
34905
34954
35003
35052
35102
35151
35200
35250
35299
35349
35398
35448
35497
35546
35595
35644
35693
35743
35791
35840
35888
35937
35985
36034
36083
36132
36181
36230
36280
36329
36378
36429
36480
36531
36579
36628
36677
36725
36774
36823
36872
36921
36971
37020
37069
37117
37166
37214
37263
37311
37359
37408
37457
37505
37554
37603
37652
37702
37751
37801
37850
37899
37949
37998
38048
38098
38149
38200
38250
38300
38349
38399
38448
38498
38547
38596
38646
38695
38744
38794
38843
38892
38942
38991
39041
39089
39138
39186
39235
39283
39331
39381
39430
39479
39527
39576
39624
39673
39722
39771
39821
39870
39919
39968
40017
40067
40116
40165
40214
40263
40313
40363
40412
40461
40510
40560
40609
40658
40707
40756
40805
40854
40904
40953
41003
41051
41099
41149
41198
41247
41296
41346
41395
41443
41491
41540
41588
41637
41685
41734
41783
41832
41882
41931
41980
42029
42078
42126
42174
42223
42271
42320
42370
42419
42468
42518
42567
42616
42666
42715
42764
42814
42864
42915
42965
43015
43065
43116
43164
43212
43261
43309
43359
43408
43458
43508
43557
43606
43654
43702
43751
43799
43848
43896
43945
43993
44042
44090
44139
44187
44235
44285
44335
44385
44435
44484
44534
44583
44632
44681
44730
44779
44829
44878
44927
44977
45026
45075
45125
45174
45224
45273
45323
45372
45422
45471
45521
45569
45618
45668
45718
45769
45819
45869
45917
45966
46014
46062
46111
46159
46207
46256
46306
46355
46405
46454
46504
46553
46602
46652
46702
46752
46802
46851
46901
46950
47000
47049
47099
47148
47197
47246
47295
47344
47392
47441
47490
47540
47589
47638
47687
47737
47785
47834
47883
47931
47979
48028
48077
48126
48176
48226
48275
48324
48374
48423
48473
48522
48571
48621
48669
48719
48769
48819
48869
48919
48968
49016
49065
49114
49164
49213
49262
49311
49361
49410
49459
49508
49558
49608
49658
49708
49758
49807
49855
49904
49952
50001
50050
50099
50149
50197
50246
50294
50343
50391
50440
50488
50537
50586
50636
50685
50734
50783
50832
50881
50931
50980
51030
51079
51128
51177
51225
51274
51322
51371
51420
51469
51517
51566
51615
51665
51714
51763
51812
51862
51911
51959
52009
52059
52110
52160
52209
52259
52309
52358
52407
52457
52506
52555
52605
52654
52704
52753
52803
52852
52901
52951
53000
53050
53099
53149
53198
53248
53298
53347
53397
53446
53496
53545
53595
53644
53693
53742
53790
53839
53888
53936
53986
54035
54086
54136
54186
54237
54286
54335
54384
54432
54481
54529
54579
54628
54678
54727
54777
54826
54875
54923
54972
55020
55069
55117
55167
55216
55265
55315
55364
55414
55463
55513
55562
55611
55661
55710
55759
55808
55858
55907
55957
56006
56056
56105
56155
56203
56252
56300
56349
56397
56445
56494
56543
56591
56639
56688
56736
56785
56834
56882
56931
56979
57028
57076
57126
57175
57224
57274
57323
57372
57421
57469
57517
57566
57614
57663
57711
57759
57809
57858
57907
57957
58005
58054
58103
58151
58200
58248
58297
58345
58394
58443
58491
58540
58588
58637
58687
58736
58785
58835
58884
58933
58982
59030
59079
59128
59176
59225
59274
59323
59373
59422
59471
59520
59569
59619
59668
59717
59766
59816
59865
59914
59964
60013
60062
60112
60161
60210
60260
60309
60358
60407
60457
60507
60556
60606
60656
60705
60755
60804
60854
60903
60953
61002
61051
61099
61148
61196
61245
61294
61342
61391
61440
61489
61538
61588
61637
61686
61735
61785
61834
61884
61934
61983
62033
62082
62132
62181
62230
62279
62329
62378
62427
62476
62526
62575
62624
62673
62723
62771
62820
62870
62919
62968
63017
63067
63116
63166
63215
63265
63314
63364
63413
63463
63512
63561
63610
63660
63709
63757
63806
63854
63903
63952
64001
64050
64098
64147
64197
64246
64295
64344
64394
64443
64492
64541
64590
64639
64688
64736
64785
64834
64882
64931
64980
65028
65077
65125
65174
65222
65271
65319
65368
65416
65465
65514
65564
65613
65661
65710
65758
65807
65855
65903
65952
66000
66048
66097
66146
66195
66245
66294
66343
66392
66441
66490
66539
66588
66637
66687
66736
66785
66834
66884
66933
66982
67032
67080
67129
67177
67226
67275
67323
67372
67420
67469
67518
67566
67615
67663
67712
67761
67810
67860
67909
67959
68008
68058
68108
68157
68207
68257
68307
68356
68406
68456
68505
68553
68602
68650
68699
68747
68797
68846
68895
68944
68993
69042
69090
69140
69189
69239
69288
69338
69387
69436
69484
69534
69583
69633
69682
69732
69781
69830
69879
69929
69979
70030
70081
70132
70183
70231
70280
70328
70376
70425
70473
70523
70572
70622
70671
70721
70770
70820
70869
70918
70967
71016
71066
71115
71164
71213
71263
71312
71361
71410
71460
71508
71556
71604
71653
71701
71749
71798
71846
71895
71943
71992
72040
72089
72138
72187
72236
72286
72335
72384
72433
72482
72530
72579
72627
72676
72725
72775
72824
72874
72923
72972
73021
73071
73120
73169
73218
73266
73315
73363
73411
73460
73509
73558
73607
73656
73705
73755
73803
73852
73900
73949
73999
74048
74098
74147
74196
74244
74293
74342
74390
74439
74488
74538
74587
74636
74685
74735
74783
74832
74880
74929
74977
75026
75074
75122
75171
75219
75268
75316
75365
75413
75462
75511
75560
75608
75657
75705
75754
75802
75851
75899
75948
75998
76047
76096
76145
76194
76244
76293
76342
76391
76440
76489
76539
76588
76637
76686
76736
76785
76835
76884
76933
76981
77030
77078
77126
77175
77224
77274
77323
77372
77421
77471
77520
77569
77618
77666
77714
77762
77811
77859
77908
77957
78006
78054
78103
78152
78200
78249
78297
78345
78395
78444
78493
78542
78591
78639
78688
78736
78785
78833
78881
78931
78980
79030
79079
79129
79178
79227
79276
79326
79375
79424
79473
79522
79572
79622
79672
79721
79770
79819
79868
79918
79967
80016
80065
80114
80164
80213
80262
80312
80361
80410
80460
80509
80558
80608
80657
80706
80755
80804
80852
80900
80948
80997
81045
81094
81143
81193
81242
81291
81340
81390
81439
81488
81537
81587
81636
81685
81734
81784
81833
81883
81932
81981
82031
82079
82129
82179
82227
82276
82324
82373
82421
82471
82519
82568
82616
82665
82713
82762
82812
82860
82908
82957
83005
83054
83102
83151
83200
83248
83296
83345
83393
83441
83490
83538
83587
83635
83684
83732
83780
83829
83877
83926
83974
84023
84071
84121
84170
84219
84269
84318
84367
84416
84465
84513
84562
84611
84659
84708
84756
84805
84853
84902
84951
85000
85049
85099
85147
85196
85244
85295
85345
85395
85445
85495
85545
85595
85645
85695
85744
85793
85841
85890
85938
85987
86035
86084
86133
86182
86232
86281
86330
86380
