6.78382
7.1945
7.1945
7.20971
7.20971
7.20971
10.9971
10.3735
6.58609
3.02686
3.04207
3.04207
0.471521
0.471521
0.471521
0.471521
0.471521
0.471521
4.2589
0.471521
0.471521
4.44143
4.44143
4.44143
3.98512
4.44143
3.98512
0.958253
0.471521
0.471521
0.471521
0.471521
7.6356
0.471521
0.471521
3.98512
0.471521
0.471521
0.471521
3.77217
0.471521
0.471521
0.471521
0.471521
0.471521
0.471521
0.471521
0.471521
9.03496
5.52136
5.52136
0.471521
0.471521
0.471521
0.471521
0.471521
3.98512
3.77217
3.98512
0.471521
3.98512
3.98512
3.77217
0.471521
0.471521
0.471521
0.471521
0.471521
0.471521
0.471521
0.471521
0.471521
0.471521
0.471521
3.77217
3.98512
0.471521
0.471521
3.98512
3.98512
0.471521
0.471521
0.471521
4.1068
0.471521
0.471521
0.471521
0.471521
0.471521
0.471521
0.471521
0.471521
0.471521
0.471521
5.81036
5.81036
5.81036
5.52136
5.52136
0.471521
0.471521
0.471521
0.471521
0.471521
0.471521
0.471521
0.471521
0.471521
0.471521
0.471521
0.471521
0.471521
0.471521
0.471521
0.471521
0.471521
0.471521
0.471521
0.471521
0.471521
0.471521
0.471521
0.471521
0.471521
0.471521
0.471521
0.471521
0.471521
0.471521
0.471521
0.471521
0.471521
0.471521
0.471521
0.471521
0.927832
0.471521
0.471521
0.471521
0.471521
0.471521
0.471521
0.471521
0.927832
0.927832
0.927832
0.927832
0.471521
0.471521
0.471521
0.471521
0.471521
0.471521
0.471521
0.471521
0.471521
3.98512
3.98512
3.98512
3.98512
3.98512
0.471521
0.471521
0.471521
0.471521
0.471521
0.471521
0.471521
0.471521
0.471521
0.471521
0.471521
0.471521
0.471521
0.471521
0.471521
0.471521
0.471521
0.471521
0.471521
0.471521
0.471521
0.471521
0.471521
0.471521
0.471521
0.471521
0.471521
0.471521
0.471521
0.471521
0.471521
0.471521
0.471521
0.471521
0.471521
0.471521
0.471521
0.471521
0.471521
0.471521
0.471521
0.471521
0.471521
0.471521
0.471521
0.471521
0.471521
0.471521
0.471521
0.471521
0.471521
0.471521
0.471521
0.471521
0.471521
0.471521
0.471521
0.471521
0.471521
0.471521
0.471521
0.471521
0.471521
0.471521
0.471521
0.471521
0.471521
0.471521
0.471521
0.471521
0.471521
0.471521
0.471521
0.471521
0.471521
0.471521
0.471521
0.471521
0.471521
0.471521
0.471521
0.471521
0.471521
0.471521
0.471521
0.471521
0.471521
0.471521
0.471521
0.471521
0.471521
0.471521
0.471521
0.471521
0.471521
0.471521
0.471521
0.471521
0.471521
0.471521
0.471521
0.471521
0.471521
0.471521
0.471521
0.471521
0.471521
0.471521
0.471521
0.471521
0.471521
0.471521
0.471521
0.471521
0.471521
0.471521
0.471521
0.471521
0.471521
0.471521
0.471521
0.471521
0.471521
0.471521
0.471521
0.471521
0.471521
0.471521
0.471521
0.471521
0.471521
0.471521
0.471521
0.471521
0.471521
0.471521
0.471521
0.471521
0.471521
0.471521
0.471521
0.471521
0.471521
0.471521
0.471521
0.471521
0.471521
0.471521
0.471521
0.471521
0.471521
0.471521
0.471521
0.471521
0.471521
0.471521
0.471521
0.471521
0.471521
0.471521
0.471521
0.471521
0.471521
0.471521
0.471521
0.471521
3.98512
7.7725
3.98512
0.471521
0.471521
0.471521
0.471521
0.471521
0.471521
0.471521
0.471521
0.471521
0.471521
0.471521
0.471521
0.471521
0.471521
0.471521
0.471521
0.471521
0.471521
0.471521
0.471521
0.471521
0.471521
0.471521
5.00421
5.00421
5.03463
8.53302
8.53302
10.0693
5.52136
0.471521
0.471521
0.471521
0.471521
0.471521
0.471521
0.471521
0.471521
0.471521
0.471521
0.471521
0.471521
0.471521
0.471521
0.471521
0.471521
0.471521
0.471521
0.471521
0.471521
0.471521
0.471521
0.471521
0.471521
0.471521
0.471521
0.471521
0.471521
0.471521
0.471521
0.471521
3.75696
3.75696
3.75696
0.471521
0.471521
0.471521
3.98512
3.98512
3.98512
0.471521
0.471521
3.74175
0.471521
0.471521
0.471521
0.471521
0.471521
0.471521
0.471521
0.669256
0.471521
0.471521
0.471521
0.471521
0.471521
0.669256
0.471521
0.471521
0.471521
5.1411
5.15631
5.04984
5.04984
5.04984
8.66991
9.12622
4.44143
3.98512
3.98512
3.98512
4.18285
4.24369
4.24369
12.1227
12.1227
15.6058
15.6058
15.91
15.91
12.2748
12.2748
13.3699
16.3207
16.3207
21.7052
21.7052
21.7052
25.9793
31.4855
31.4702
30.5728
30.6489
30.6337
31.5007
31.5615
31.5615
33.4324
34.847
34.7861
35.4402
28.2
31.9874
26.755
26.7702
26.679
19.1499
22.6482
22.055
15.3777
20.4123
20.3363
11.6055
11.9706
16.6097
13.4003
18.5871
3.74175
15.6667
15.6667
11.8489
16.6858
8.39612
5.23237
13.4916
13.7654
13.7654
13.7654
5.52136
5.46052
9.96279
12.3052
7.68123
7.68123
4.989
0.562784
0.471521
4.00033
5.8712
2.3424
2.3424
2.3424
2.35761
2.35761
4.09159
2.23592
1.74919
2.23592
2.23592
5.38447
5.46052
5.03463
5.03463
3.77217
3.77217
3.77217
3.98512
0.471521
4.00033
8.73075
3.98512
0.471521
3.98512
4.03075
3.80259
3.75696
4.44143
1.14078
1.14078
1.14078
1.14078
1.49062
1.49062
1.49062
1.49062
1.49062
1.49062
1.49062
1.20162
1.68835
1.68835
1.14078
1.14078
0.471521
3.98512
3.98512
0.471521
4.51748
8.03107
8.73075
13.3851
9.76506
13.4916
8.68512
4.06117
0.471521
1.44498
1.77961
5.278
5.32363
5.26279
5.00421
9.70421
9.76506
9.76506
6.51004
1.99256
1.47541
4.989
9.5369
4.97379
4.1068
0.577994
5.09547
5.09547
5.26279
6.98156
2.3424
2.3424
5.26279
10.0845
12.2596
4.36537
7.9246
7.9246
20.5796
16.7922
13.811
13.7654
15.5602
5.09547
6.34272
6.78382
6.92072
9.79548
5.88641
13.0049
13.0049
13.2178
13.2178
14.9366
8.09191
12.944
16.5032
9.67379
5.44531
4.989
10.556
9.20227
14.2369
11.134
15.7884
12.7007
12.7767
12.7767
7.93981
5.33884
8.89806
1.85566
1.85566
2.3424
2.41845
3.39191
7.28577
6.82945
11.1188
15.7427
12.3356
14.8757
11.1796
9.30874
17.568
17.4767
16.8987
12.001
12.1227
9.71942
13.0505
12.4877
9.58253
9.58253
20.0321
15.7884
15.5146
15.043
15.0126
16.9443
16.8987
19.1042
16.5945
16.5032
22.6178
22.9524
19.4388
17.0964
24.8537
23.8499
21.5075
25.3861
25.9033
23.1045
24.4735
20.8686
32.4437
18.1003
19.8191
19.8647
19.3172
20.61
21.3249
21.0511
20.9599
20.9599
20.5796
16.7162
21.7965
18.5414
18.3437
22.0702
25.0667
25.6295
17.7809
21.8269
20.9903
24.4887
16.2903
21.5227
22.9829
18.0395
22.0702
19.8343
28.3673
28.991
29.0062
31.3486
37.1437
43.3495
27.6068
34.923
41.5091
42.4978
33.3563
34.0712
27.2418
21.2641
23.6825
19.8191
26.9376
30.5272
29.6602
31.379
21.8117
21.3097
9.2479
17.5223
24.6864
26.3748
24.4278
24.3974
13.0353
13.1113
13.1113
18.222
22.7699
18.1764
29.356
25.9489
34.2385
20.7013
19.1194
30.4359
29.9492
26.5725
25.31
22.7091
23.7738
24.4278
31.3029
27.8958
27.8806
27.5612
31.1052
27.6677
27.6068
23.2414
27.7589
24.8385
26.1922
24.002
20.4275
22.8155
34.7405
35.288
28.8997
32.9457
43.1062
43.0758
46.2699
39.1971
33.7214
30.0557
18.5566
21.8421
29.8579
26.7094
23.6065
35.8812
28.8389
34.7405
39.6686
31.09
20.2146
23.8499
19.2867
22.0702
18.3893
28.1696
24.6256
17.0812
12.0466
13.9023
16.488
13.8262
13.8719
20.4275
23.5
25.812
29.356
21.0816
16.5185
19.6974
20.2906
20.321
20.321
16.8227
14.7541
14.4498
9.67379
8.86764
12.6094
12.3508
15.9861
15.9405
15.9405
6.26667
13.1265
14.1761
14.0848
9.61295
18.0851
17.644
20.5188
11.9706
24.5191
22.922
27.5308
27.9262
23.1045
22.2223
25.0515
18.2068
17.5223
14.0848
10.921
6.41877
10.4647
10.3887
7.0424
10.6777
10.6168
16.488
8.91327
6.35793
6.22104
6.23625
2.82913
2.79871
2.79871
3.07249
5.33884
19.2715
15.6363
15.5754
12.3204
12.3204
12.3204
9.01975
2.03819
12.3204
9.71942
9.71942
9.62816
10.5864
2.88997
5.06505
13.0809
21.5835
16.9596
19.8799
17.5528
7.17929
9.35437
8.89806
9.978
13.7045
20.7774
8.35049
4.82169
5.79515
0.608415
3.78738
3.84822
5.17152
5.20194
5.15631
9.76506
4.89774
5.44531
10.0845
9.73463
13.8414
13.8719
9.29353
7.10324
5.68868
14.602
6.0233
17.355
14.2065
16.6858
12.3204
5.17152
0.562784
5.53657
5.59741
5.08026
5.08026
8.44175
9.8259
6.37314
5.23237
3.98512
5.00421
5.09547
11.9858
13.4308
9.73463
6.66214
4.04596
11.7576
15.834
19.5453
19.591
13.0809
5.01942
1.88609
0.517152
11.7728
15.9253
12.4117
15.2864
12.3508
8.32007
3.68091
7.72687
7.97023
18.2829
3.69612
9.79548
5.12589
8.91327
4.27411
4.36537
9.26311
13.2786
16.5337
11.8793
1.84045
10.3735
14.0392
7.27056
9.12622
4.63916
4.57832
4.50227
4.97379
13.0505
9.43043
12.7767
6.99677
8.3657
7.86376
7.86376
4.57832
4.57832
2.28155
6.73819
6.72298
9.87153
9.78026
12.2443
12.4573
15.621
14.3282
10.7841
10.5408
7.30098
7.87897
10.9819
9.58253
5.46052
5.00421
1.79482
6.40356
6.34272
6.38835
11.1644
3.23981
11.7272
13.6741
11.134
15.9405
23.3631
19.013
21.477
29.7058
29.2191
24.5495
31.668
28.1088
25.4926
22.8155
9.03496
8.76117
12.6094
14.2521
11.0731
24.8385
22.846
25.888
29.3104
22.2071
20.9447
21.2489
21.2337
18.3285
18.511
18.7696
19.7431
24.2149
16.7466
19.667
37.3567
39.3796
27.8502
39.0754
42.1023
29.7971
34.6644
36.5201
32.8848
30.0709
26.8159
30.3295
29.7515
30.2838
30.4055
29.8123
30.1317
29.4016
29.7667
20.6557
22.4809
29.7667
26.9223
21.9486
26.4052
25.1579
28.7172
27.7285
28.9757
25.3405
33.7974
33.6758
30.7858
30.7706
28.6411
35.8052
24.5039
24.7929
23.3479
24.2149
24.4583
22.9677
24.7625
29.5081
27.6068
22.4657
24.7321
22.6939
27.7589
32.9761
34.6036
32.6414
32.6567
33.1434
30.588
24.7473
32.3829
19.4084
30.4511
26.7246
22.8916
27.4091
27.5156
25.6447
19.6822
24.8994
28.1544
32.0178
27.7741
26.0858
31.2421
30.0405
29.3864
26.5725
28.9301
34.3298
30.0861
21.9638
26.9223
26.4508
29.0974
25.8576
33.0825
31.9113
25.2036
22.4353
22.8155
24.6712
24.0476
24.0628
24.367
22.4505
17.5223
17.9939
20.7621
21.4314
19.302
17.3702
17.7657
25.5382
17.9026
17.9482
21.7812
9.5369
18.7392
15.0126
15.0126
17.4159
17.9026
15.4537
17.1421
12.5333
13.0353
17.279
17.9787
23.2566
23.6217
20.534
15.8492
15.0583
7.68123
8.8068
13.4155
13.3547
6.25146
6.1602
6.08415
9.30874
10.7689
10.7689
10.7689
5.04984
0.501942
12.0618
16.5945
17.1573
17.0964
13.3091
9.689
4.18285
8.82201
12.1075
19.0586
16.6858
16.5032
13.157
13.157
9.18706
5.97767
5.73431
6.66214
5.55178
10.1149
13.1113
10.1301
13.5829
11.1644
9.99321
6.1602
4.88253
9.50648
13.1722
13.9327
9.87153
9.78026
10.2366
6.08415
5.97767
8.62428
23.9107
25.4013
17.1269
17.7657
17.3398
6.32751
1.85566
1.50583
5.96246
10.0541
13.3091
9.76506
8.74596
5.00421
3.62007
8.25923
7.97023
8.10712
7.17929
14.7236
7.68123
7.31619
14.1608
10.921
16.5185
20.0777
18.4958
21.7508
19.8343
19.8343
12.1531
7.68123
17.2638
19.2867
18.7087
14.0696
22.1615
25.4317
25.2188
17.355
12.6246
24.8994
33.4628
25.4013
15.5298
10.8754
11.8945
8.13754
6.76861
10.8906
11.21
17.7809
19.4845
20.4427
21.4466
21.0207
19.3324
17.933
20.8078
20.7317
38.9233
39.3036
47.7453
29.0518
23.6369
29.5842
30.4055
31.2573
32.8392
21.1424
26.5573
19.6366
9.85632
13.9023
8.62428
23.3935
17.2486
12.8375
18.8152
22.5722
17.1725
9.90195
16.0317
16.7162
16.7162
17.0204
24.7929
11.8641
11.8641
6.11457
15.0887
11.8185
14.2217
17.6288
9.41522
17.3246
5.12589
10.7385
9.33916
9.40001
17.5223
10.3887
10.4039
13.6893
9.11101
9.01975
15.8188
18.4654
25.234
23.2566
23.2566
19.5453
16.2447
21.4314
18.8304
13.9023
19.4845
6.14499
3.96991
7.98544
9.50648
8.22881
8.51781
5.29321
5.278
17.0964
22.4049
13.7654
19.013
16.3968
15.3016
12.077
8.3657
8.45696
4.07638
11.6816
18.9673
19.9864
15.91
4.80648
0.760518
4.47185
0.730098
11.4382
4.91295
13.2786
20.4579
25.7055
23.6977
20.1385
8.60907
12.7767
19.5301
14.1761
12.3204
10.0845
25.9793
25.7207
20.7317
8.0767
8.0767
10.1301
13.522
16.8227
12.1075
9.79548
14.9974
26.5421
28.5042
30.7097
13.6437
12.4725
19.2411
14.5867
15.2408
23.0741
26.2227
32.7327
28.0783
24.3518
23.8651
13.9631
5.79515
7.71166
27.0744
24.656
27.044
23.2719
22.633
23.1502
31.2573
39.2123
39.1667
39.623
39.6078
31.5311
24.5039
30.9987
35.1207
32.5806
30.6945
26.9528
19.4693
23.2871
19.2867
24.7016
36.7482
32.7783
39.1971
26.4356
27.4243
27.622
24.5039
33.6605
28.9301
30.6641
29.6906
33.5997
28.4282
31.09
32.9913
25.1579
25.0363
23.9867
33.0673
36.3376
27.6829
31.6984
29.3256
32.6414
27.4395
31.5311
32.0026
38.6647
33.98
29.7819
26.1922
22.9068
25.3253
40.201
44.3534
49.5402
47.578
47.3347
48.0039
42.4673
34.8165
32.1091
33.113
36.6722
39.6078
40.566
40.0793
35.6835
31.668
31.379
36.0638
42.0414
36.8851
42.0567
46.5741
35.7139
40.4139
35.8965
28.778
26.1314
30.6793
27.7741
34.6948
36.8395
36.0486
35.8508
38.4822
39.0754
30.3447
45.2508
42.3152
40.779
39.9424
42.1175
46.0722
35.4249
32.611
32.0178
38.2541
39.6534
36.3376
34.5275
44.3534
42.6955
46.7871
40.7638
40.855
35.8052
32.0939
33.6453
33.4172
42.6955
38.4518
33.5845
35.4097
39.2123
48.2929
36.4136
32.9152
23.1958
35.2576
31.4702
47.1978
43.0758
21.2185
27.5612
26.7094
15.3473
24.0476
17.3094
16.7162
16.7162
16.7466
5.84078
16.0926
12.9288
13.5676
13.3699
21.4466
23.5913
18.3285
22.1767
25.4317
26.0249
18.5871
12.1227
14.1456
14.4042
20.245
16.123
12.5942
9.20227
9.20227
14.4042
18.0699
20.1081
19.4084
15.2256
8.39612
8.35049
3.83301
3.74175
3.17897
9.36958
13.2939
13.7806
5.1411
5.12589
1.50583
10.1909
5.04984
12.9288
11.9401
12.0466
11.9553
13.4916
6.41877
11.7424
12.7159
8.6547
13.1722
14.313
13.9783
12.9592
10.632
10.5712
14.3586
5.55178
9.64337
17.2942
20.4579
18.6479
14.9214
14.9366
17.8722
16.1534
20.8686
24.8689
24.8842
25.0515
24.0628
20.8838
27.0592
29.6906
20.3819
20.5036
20.4579
25.1732
20.8382
12.944
17.1421
13.2482
16.5032
13.3851
14.2369
13.446
14.6324
11.0123
13.8871
20.2754
28.991
16.4424
12.3052
8.04628
1.77961
5.33884
5.39968
12.9288
10.2974
10.7081
14.3738
19.1194
14.2977
22.3897
18.6783
16.0774
24.4583
22.633
22.633
27.2874
21.0968
20.2146
18.3133
21.8877
17.8874
21.0359
15.4081
6.29709
9.8259
4.07638
1.47541
1.50583
1.47541
1.50583
5.96246
5.96246
4.68479
6.26667
3.78738
0.562784
0.532363
3.0877
6.20583
0.562784
7.84855
4.31974
8.79159
11.7576
1.84045
5.59741
6.79903
4.989
4.989
6.90551
5.65826
5.09547
8.32007
7.22492
14.9062
15.3777
17.644
11.2252
15.1191
17.7809
16.1838
19.6822
18.4045
22.3288
24.6712
15.91
6.51004
8.8068
16.5032
17.279
8.30486
17.7201
11.4078
10.4039
10.4191
11.7272
16.7618
12.7007
12.0922
11.3621
6.57088
13.0505
17.8113
17.4159
13.5676
12.944
17.6288
17.7657
13.8414
14.0848
11.6207
9.43043
9.43043
15.2256
15.8492
15.8036
11.8641
9.3848
9.33916
9.33916
11.6816
16.6249
16.3511
16.5337
20.7774
20.8382
11.6816
11.6359
15.2408
11.7272
15.0126
11.7272
15.3016
11.7272
11.7272
9.76506
9.79548
9.52169
9.52169
9.46085
12.9897
13.446
12.8071
13.3395
13.0353
13.0657
9.52169
13.9023
11.21
11.134
22.1919
19.378
11.0884
6.6013
6.90551
6.90551
2.7835
3.04207
2.7835
5.52136
5.96246
3.2246
3.02686
3.04207
