32
80
130
179
228
278
327
376
424
473
522
570
618
668
717
766
856
906
955
1004
1053
1103
1152
1200
1249
1299
1349
1399
1449
1498
1548
1596
1645
1693
1742
1790
1838
1887
1935
1983
2032
2080
2129
2177
2225
2274
2322
2371
2419
2467
2516
2565
2615
2664
2713
2761
2810
2858
2906
2955
3003
3052
3102
3151
3201
3250
3299
3347
3396
3444
3534
3584
3633
3683
3732
3781
3830
3880
3929
3978
4068
4118
4167
4216
4266
4315
4364
4414
4463
4512
4561
4609
4658
4707
4756
4805
4854
4903
4953
5002
5052
5102
5152
5201
5249
5298
5347
5396
5445
5494
5542
5591
5641
5690
5740
5789
5839
5888
5937
5986
6035
6083
6132
6181
6230
6280
6330
6379
6429
6479
6528
6578
6627
6676
6726
6775
6824
6873
6923
6972
7022
7071
7121
7171
7220
7269
7317
7406
7455
7503
7552
7601
7651
7700
7750
7799
7849
7898
7947
8037
8086
8135
8184
8233
8282
8332
8381
8430
8480
8529
8578
8628
8677
8726
8776
8825
8874
8923
8972
9021
9070
9120
9169
9217
9266
9315
9364
9414
9463
9512
9562
9611
9661
9711
9802
9851
9900
9950
9999
10048
10139
10188
10237
10287
10336
10385
10435
10484
10533
10582
10630
10679
10729
10778
10827
10918
10968
11017
11066
11116
11165
11214
11263
11313
11363
11413
11462
11512
11561
11611
11659
11708
11756
11806
11855
11904
11954
12003
12056
12106
12196
12246
12295
12345
12394
12443
12491
12539
12588
12636
12684
12733
12782
12831
12880
12930
12979
13028
13077
13126
13175
13224
13272
13321
13369
13417
13466
13515
13564
13613
13662
13711
13761
13811
13861
13911
13961
14011
14060
14109
14157
14206
14254
14303
14351
14399
14449
14498
14548
14597
14646
14695
14745
14794
14843
14892
14942
14992
15042
15091
15140
15189
15239
15288
15337
15386
15435
15485
15534
15583
15632
15682
15731
15781
15830
15880
15930
15979
16029
16078
16127
16177
16226
16275
16323
16372
16420
16469
16517
16606
16655
16705
16754
16803
16852
16902
16951
17000
17050
17099
17148
17197
17245
17293
17382
17431
17480
17529
17578
17626
17674
17723
17771
17819
17868
17916
17964
18012
18061
18109
18157
18206
18254
18303
18351
18400
18449
18497
18546
18595
18645
18695
18745
18795
18844
18894
18944
18993
19043
19093
19142
19192
19241
19290
19338
19387
19436
19485
19534
19584
19633
19683
19773
19823
19872
19922
19971
20020
20069
20119
20168
20218
20268
20318
20368
20417
20467
20516
20566
20615
20664
20714
20764
20814
20863
20913
20963
21013
21062
21112
21162
21211
21260
21310
21359
21409
21458
21508
21558
21608
21658
21708
21757
21806
21856
21906
21955
22005
22055
22104
22154
22204
22252
22300
22349
22397
22445
22495
22544
22594
22643
22692
22742
22791
22841
22891
22939
22987
23036
23084
23133
23181
23229
23278
23327
23375
23423
23473
23522
23571
23621
23670
23719
23769
23818
23867
23916
23966
24015
24064
24112
24163
24214
24265
24316
24366
24417
24467
24517
24566
24616
24665
24715
24763
24812
24860
24989
25038
25086
25135
25183
25272
25320
25368
25417
25465
25514
25563
25611
25660
25709
25758
25807
25856
25904
25952
26001
26049
26098
26146
26195
26243
26291
26340
26388
26436
26485
26534
26583
26632
26681
26731
26780
26828
26876
26925
26974
27023
27071
27120
27168
27217
27265
27314
27362
27412
27460
27508
27557
27605
27654
27702
27750
27800
27849
27899
27948
27997
28047
28096
28145
28195
28244
28292
28341
28389
28437
28486
28534
28583
28631
28679
28728
28777
28827
28877
28927
28976
29026
29075
29125
29174
29223
29273
29322
29371
29421
29470
29519
29569
29618
29668
29717
29766
29816
29866
29917
29967
30017
30067
30116
30165
30213
30261
30310
30358
30407
30456
30506
30555
30604
30654
30703
30752
30802
30852
30902
30952
31002
31051
31101
31151
31201
31251
31299
31348
31398
31447
31496
31545
31594
31644
31694
31744
31793
31843
31934
31983
32032
32081
32129
32178
32227
32276
32325
32373
32422
32511
32560
32609
32658
32707
32757
32806
32855
32904
32954
33003
33052
33102
33151
33201
33251
33299
33347
33396
33444
33493
33541
33590
33639
33687
33736
33784
33832
33881
33929
33977
34026
34074
34123
34171
34221
34271
34320
34370
34419
34469
34518
34568
34617
34666
34716
34765
34814
34864
34913
34962
35012
35061
35110
35159
35209
35300
35349
35399
35448
35498
35547
35597
35646
35696
35745
35795
35844
35894
35943
35991
36040
36088
36136
36186
36235
36283
36332
36380
36429
36477
36526
36575
36624
36673
36723
36772
36822
36871
36921
36969
37017
37066
37114
37162
37211
37259
37308
37356
37405
37453
37501
37550
37598
37648
37698
37748
37798
37848
37897
37946
38036
38126
38176
38225
38275
38325
38374
38424
38474
38524
38573
38622
38670
38719
38768
38816
38865
38914
38964
39013
39062
39112
39161
39211
39260
39309
39358
39406
39455
39503
39551
39601
39650
39699
39748
39796
39845
39893
39941
39990
40039
40087
40135
40184
40233
40282
40331
40380
40430
40479
40528
40577
40627
40676
40725
40774
40823
40873
40922
40971
41021
41070
41120
41170
41220
41269
41319
41369
41419
41468
41517
41565
41615
41665
41715
41765
41813
41862
41911
41959
42008
42056
42105
42153
42202
42251
42301
42349
42398
42446
42494
42543
42591
42640
42689
42737
42786
42876
42925
42973
43022
43070
43119
43167
43215
43264
43312
43360
43409
43457
43506
43555
43604
43653
43702
43750
43799
43847
43896
43945
43994
44043
44091
44140
44189
44238
44288
44337
44386
44435
44485
44534
44583
44632
44680
44728
44776
44825
44873
44922
44970
45018
45067
45115
45164
45212
45262
45312
45362
45412
45462
45512
45561
45611
45660
45710
45760
45809
45859
45909
45958
46007
46056
46105
46155
46203
46252
46301
46350
46400
46449
46498
46547
46597
46646
46695
46744
46794
46843
46892
46941
46990
47038
47087
47135
47184
47232
47281
47330
47378
47428
47478
47527
47577
47627
47676
47725
47774
47823
47873
47922
47971
48020
48069
48118
48167
48217
48266
48315
48365
48415
48465
48514
48564
48613
48662
48712
48761
48810
48859
48909
48958
49007
49056
49105
49153
49202
49251
49300
49349
49399
49448
49497
49547
49597
49647
49697
49747
49797
49887
49935
49985
50035
50085
50135
50184
50234
50283
50333
50382
50432
50481
50572
50621
50670
50719
50768
50817
50867
50916
50965
51014
51062
51111
51159
51208
51256
51305
51354
51403
51452
51502
51551
51599
51648
51696
51745
51795
51844
51893
51942
51992
52041
52090
52139
52189
52238
52287
52336
52386
52435
52484
52533
52582
52630
52678
52727
52775
52823
52873
52922
52972
53021
53070
53120
53169
53218
53268
53317
53366
53416
53465
53514
53562
53610
53659
53707
53756
53804
53853
53901
53950
53998
54047
54095
54144
54192
54240
54289
54337
54385
54434
54483
54531
54579
54628
54677
54727
54776
54867
54916
54965
55013
55062
55110
55199
55248
55298
55348
55398
55448
55497
55547
55596
55646
55696
55745
55794
55842
55891
55939
55988
56036
56085
56133
56182
56232
56281
56330
56379
56429
56477
56525
56574
56622
56671
56719
56768
56816
56864
56913
56961
57009
57058
57106
57155
57203
57252
57300
57349
57399
57449
57540
57590
57640
57690
57739
57788
57838
57886
57934
57983
58031
58080
58128
58177
58225
58274
58323
58373
58422
58471
58520
58570
58619
58667
58716
58764
58813
58861
58911
58960
59010
59060
59110
59160
59209
59258
59307
59357
59406
59455
59504
59553
59602
59652
59701
59750
59799
59848
59896
59944
59993
60041
60089
60139
60188
60237
60286
60335
60385
60434
60482
60531
60579
60628
60676
60726
60775
60824
60872
60921
60970
61018
61067
61116
61166
61216
61266
61316
61366
61416
61464
61514
61563
61612
61661
61710
61760
61810
61860
61909
61958
62007
62057
62106
62156
62205
62255
62304
62353
62403
62452
62501
62551
62600
62649
62698
62748
62797
62846
62895
62944
62994
63043
63093
63142
63190
63238
63287
63335
63384
63432
63481
63529
63578
63626
63674
63723
63771
63860
63908
63957
64005
64053
64103
64153
64203
64253
64303
64351
64400
64448
64498
64547
64597
64646
64696
64745
64794
64842
64891
64940
64988
65037
65085
65134
65183
65233
65282
65332
65382
65431
65522
65571
65620
65670
65719
65768
65817
65867
65916
65965
66015
66064
66113
66162
66210
66259
66307
66356
66404
66453
66502
66552
66602
66651
66701
66751
66800
66850
66900
66950
66999
67048
67098
67147
67196
67245
67294
67343
67391
67440
67489
67537
67587
67637
67686
67736
67786
67835
67885
67935
67985
68035
68085
68135
68185
68235
68284
68333
68382
68431
68480
68529
68578
68627
68676
68725
68773
68822
68870
68920
68969
69018
69068
69117
69166
69216
69266
69315
69363
69412
69461
69511
69560
69609
69658
69708
69757
69806
69855
69904
69954
70003
70052
70100
70149
70197
70246
70294
70343
70392
70442
70491
70540
70590
70639
70688
70737
70827
70876
70926
70975
71024
71074
71123
71173
71223
71272
71322
71372
71421
71470
71519
71567
71615
71664
71712
71762
71811
71860
71909
71958
72008
72057
72106
72155
72203
72253
72303
72353
72444
72494
72584
72633
72682
72731
72781
72830
72879
72929
72978
73028
73078
73128
73220
73268
73316
73365
73413
73462
73510
73559
73608
73657
73707
73756
73806
73855
73904
73952
74000
74049
74138
74186
74235
74283
74332
74380
74429
74477
74525
74574
74624
74674
74723
74773
74822
74871
74920
74970
75019
75069
75118
75168
75218
75267
75317
75367
75417
75467
75517
75566
75616
75666
75717
75767
75816
75866
75957
76006
76055
76103
76151
76200
76248
76296
76346
76396
76446
76497
76588
76637
76686
76736
76785
76834
76884
76933
76982
77032
77081
77131
77180
77230
77279
77329
77379
77429
77479
77529
77578
77626
77675
77724
77774
77823
77872
77921
77969
78018
78066
78115
78163
78212
78260
78309
78358
78406
78455
78503
78551
78642
78691
78739
78788
78836
78925
78974
79023
79113
79162
79212
79261
79310
79359
79408
79457
79506
79555
79603
79652
79701
79750
79798
79847
79895
79944
79992
80040
80089
80138
80187
80236
80286
80334
80382
80431
80479
80528
80576
80625
80714
80762
80811
80859
80907
80957
81006
81056
81105
81155
81205
81254
81304
81354
81403
81453
81502
81551
81641
81690
81738
81788
81837
81886
81935
81984
82034
82084
82133
82183
82233
82282
82331
82381
82430
82479
82528
82577
82626
82674
82723
82772
82820
82869
82917
82966
83015
83064
83113
83162
83211
83260
83309
83359
83408
83457
83506
83554
83603
83651
83700
83748
83797
83845
83893
83942
83991
84041
84090
84139
84189
84238
84288
84337
84386
84435
84485
84534
84583
84633
84682
84731
84781
84830
84880
84929
84979
85028
85077
85127
85175
85224
85274
85324
85374
85423
85473
85522
85572
85621
85671
85720
85770
85819
85869
85919
85968
86018
86068
86118
86168
86218
86268
86318
86368
