0.471521
0.471521
2.73787
2.73787
2.73787
2.73787
2.73787
2.73787
2.73787
2.73787
0.471521
3.98512
0.471521
0.471521
0.471521
0.471521
0.471521
0.471521
0.471521
0.927832
0.471521
0.471521
0.471521
0.471521
2.73787
2.73787
7.08803
2.73787
2.73787
2.73787
2.73787
2.73787
2.73787
2.73787
0.471521
0.471521
0.471521
0.471521
0.471521
0.471521
0.471521
0.471521
0.471521
0.471521
0.471521
0.471521
0.471521
0.471521
0.471521
0.471521
0.471521
0.471521
0.471521
3.98512
0.471521
0.471521
0.471521
0.471521
0.471521
0.471521
0.471521
0.471521
0.471521
0.471521
0.471521
3.98512
0.471521
0.471521
0.471521
0.471521
0.471521
0.471521
0.471521
0.471521
0.471521
0.471521
0.471521
0.471521
0.471521
3.77217
3.98512
0.471521
0.471521
0.471521
0.471521
0.471521
0.471521
0.471521
0.471521
0.471521
0.471521
0.471521
0.471521
0.471521
0.471521
0.471521
0.471521
3.98512
3.98512
3.98512
3.98512
3.98512
3.98512
0.471521
0.471521
0.517152
0.517152
0.517152
0.517152
0.471521
0.471521
0.471521
3.98512
3.98512
3.98512
0.471521
0.471521
0.471521
0.471521
0.471521
0.471521
0.471521
0.471521
0.471521
0.471521
0.471521
0.471521
0.471521
0.471521
0.471521
0.471521
0.471521
0.471521
0.471521
0.471521
0.471521
0.471521
0.471521
0.471521
0.471521
3.74175
3.74175
3.74175
3.74175
3.74175
3.74175
3.74175
3.74175
3.74175
3.74175
3.74175
3.74175
3.74175
3.74175
3.74175
3.74175
3.74175
3.74175
0.471521
0.471521
0.471521
0.471521
0.471521
0.471521
0.471521
0.471521
0.471521
0.471521
0.471521
0.471521
0.471521
0.471521
0.471521
0.471521
4.8369
4.8369
4.8369
4.8369
4.8369
0.471521
0.471521
0.471521
0.471521
0.471521
0.471521
0.471521
0.471521
0.471521
0.471521
0.471521
0.471521
0.471521
0.471521
0.471521
0.471521
0.471521
0.471521
0.471521
0.471521
0.471521
0.471521
0.471521
0.471521
0.471521
0.471521
0.471521
0.471521
0.471521
0.471521
0.471521
0.471521
0.471521
0.471521
0.471521
0.471521
0.471521
0.471521
0.471521
0.471521
0.471521
0.471521
0.471521
0.471521
0.471521
0.471521
0.471521
0.471521
0.471521
0.471521
0.471521
0.471521
0.471521
0.471521
0.471521
5.03463
5.03463
5.1411
5.03463
5.03463
5.03463
0.82136
0.471521
0.471521
0.471521
0.471521
5.04984
5.04984
5.04984
5.04984
5.04984
5.21715
5.21715
5.21715
5.21715
0.517152
0.517152
0.517152
0.517152
5.20194
5.20194
5.03463
0.471521
0.471521
0.471521
0.471521
0.471521
0.471521
0.471521
0.471521
0.471521
0.471521
0.471521
5.15631
5.15631
5.15631
5.15631
5.15631
0.471521
0.471521
0.471521
0.471521
0.471521
0.471521
0.471521
0.471521
0.471521
0.471521
0.471521
0.471521
0.471521
0.471521
0.471521
0.471521
0.471521
0.471521
0.471521
0.471521
0.471521
0.471521
0.471521
0.471521
0.471521
0.471521
0.471521
0.471521
0.471521
0.471521
0.471521
0.471521
0.471521
0.471521
0.471521
0.471521
0.471521
0.471521
5.15631
5.15631
5.15631
9.76506
9.87153
4.01554
4.01554
4.01554
3.98512
3.98512
3.98512
0.471521
0.471521
0.471521
0.471521
0.471521
3.74175
3.74175
3.74175
0.471521
0.471521
0.471521
0.471521
0.471521
0.471521
0.471521
0.471521
0.471521
1.65793
1.65793
0.471521
0.471521
0.471521
0.471521
0.471521
0.471521
0.471521
5.15631
8.57865
13.3395
10.0388
10.0388
0.471521
0.471521
0.471521
0.471521
0.471521
0.471521
0.471521
0.471521
0.471521
0.471521
0.471521
0.471521
0.471521
0.471521
0.471521
0.471521
0.471521
0.471521
0.471521
0.471521
0.471521
0.471521
0.669256
4.21327
8.30486
8.30486
8.32007
3.95469
12.6246
17.279
17.2638
17.2638
13.8719
9.58253
5.1411
5.03463
5.23237
5.33884
5.1411
5.03463
0.471521
0.471521
0.471521
7.34661
7.34661
10.632
10.4039
10.4039
10.4039
7.11845
3.75696
0.471521
0.669256
0.669256
0.669256
3.95469
3.93948
7.45308
0.471521
0.471521
8.45696
8.35049
8.35049
8.35049
11.712
11.7272
9.58253
9.56732
9.56732
9.58253
5.04984
5.04984
5.15631
5.15631
0.471521
0.471521
0.471521
0.471521
4.01554
2.35761
4.76084
4.76084
11.1036
10.9058
19.3172
17.9026
26.9528
17.0964
17.0964
20.61
18.7392
9.67379
14.3586
10.8146
23.5913
15.0278
10.6016
5.91683
5.91683
5.91683
10.8146
10.7994
9.05017
13.5372
0.943043
0.988674
0.943043
4.45664
4.74563
0.85178
0.85178
7.39224
18.5566
14.3282
14.2521
14.2521
10.9667
7.3314
2.66181
6.70777
6.70777
8.77638
8.77638
8.77638
4.41101
7.86376
4.56311
7.84855
7.84855
10.3126
5.97767
2.81392
0.912622
0.912622
0.912622
0.958253
13.8719
10.2062
4.48706
9.87153
8.54822
0.760518
0.714887
4.12201
8.30486
5.1411
5.20194
4.56311
4.56311
0.471521
4.06117
3.75696
4.01554
8.70033
9.94758
14.5107
10.6473
9.40001
5.21715
5.21715
5.21715
5.21715
9.58253
4.8369
4.8369
5.15631
0.517152
0.562784
3.75696
3.84822
3.84822
3.75696
5.15631
9.58253
5.15631
5.77994
7.39224
14.2521
6.8903
7.36182
5.8712
1.81003
6.28188
9.67379
14.0848
9.58253
9.58253
5.15631
5.15631
4.03075
4.09159
13.522
5.15631
6.43398
6.43398
6.43398
6.43398
11.2557
11.2557
11.2557
11.1492
11.2557
12.2748
12.2443
15.4994
9.61295
14.024
10.921
10.8906
22.1767
16.7922
16.1534
12.6246
12.6246
11.5142
11.5142
10.7537
5.94725
8.38091
8.70033
1.64272
13.7654
5.68868
6.46441
6.95114
2.96602
9.689
9.88674
9.2479
7.66602
7.37703
6.14499
6.14499
15.2256
12.0618
12.0466
11.5903
5.85599
1.18641
9.00454
8.33528
17.9787
13.1418
14.9062
10.0997
0.927832
3.72654
3.68091
3.68091
3.68091
5.70389
5.96246
8.91327
4.07638
7.28577
7.4835
3.68091
4.15243
6.61651
10.921
13.9631
18.0395
14.3586
14.0848
14.1152
10.2974
9.2479
7.36182
14.678
9.05017
13.4764
13.4916
13.4916
24.4278
24.4278
31.6832
28.124
22.4809
21.3401
20.1842
20.9751
17.1117
9.30874
17.4919
13.5524
10.6625
6.96635
7.49871
16.2599
20.2754
15.8036
13.7654
27.546
28.2456
26.101
29.6602
29.7363
22.9068
27.2418
33.2499
26.6334
21.9029
23.6217
20.2298
15.7884
14.4346
14.0696
13.811
20.3363
15.4994
18.7087
20.899
14.0696
13.6133
20.1689
24.6104
24.367
20.3819
20.7013
20.7013
16.3055
32.3677
28.702
35.4554
34.5732
35.288
37.3871
31.744
29.1887
35.1512
33.0369
25.9793
29.6906
32.2308
29.7363
37.0372
32.4589
39.8816
39.2884
33.9191
26.6638
30.4359
35.0143
36.6418
28.2761
29.28
25.2036
21.188
24.7168
24.2453
24.1845
23.9563
32.5958
32.6567
35.8812
28.5803
24.2757
20.7469
17.1117
17.0204
17.0508
24.6256
28.8389
29.4929
29.9036
33.1434
28.8236
37.9803
30.1317
29.9036
26.5269
25.3861
29.5842
26.3444
28.5042
32.5198
35.3641
36.4136
21.3097
25.6295
25.5838
20.8382
21.0207
22.344
22.922
19.2867
21.9181
17.0204
20.3971
18.0091
18.2524
13.9327
9.27832
10.1757
10.9971
6.52525
2.40324
2.40324
2.40324
12.3964
21.4314
16.8531
18.6783
27.0592
30.4207
28.3217
21.188
20.2146
27.8654
24.7625
20.0168
19.0282
24.9298
19.5757
13.2026
13.0505
14.3282
16.3207
21.6444
18.3133
11.2405
16.7618
20.7469
23.4392
18.7544
17.2029
30.1926
23.6369
15.3777
15.1039
20.899
16.8987
21.4922
23.3631
17.7049
15.2408
18.8761
18.4045
18.5566
11.7272
12.7767
5.35405
8.63949
19.6822
13.6741
9.67379
9.67379
9.67379
9.65858
9.65858
9.67379
9.47606
9.47606
9.5369
9.8259
9.689
13.3243
14.389
14.313
14.7845
11.4534
6.35793
6.96635
10.0845
6.26667
4.989
11.499
10.0236
5.55178
1.21683
5.77994
8.09191
17.8722
3.05728
6.26667
7.6356
10.9515
11.5447
12.868
11.1948
11.134
6.96635
12.3204
10.2518
5.44531
5.4301
12.5181
12.2596
13.8414
13.8414
18.3437
15.9709
24.8994
20.2146
21.3401
21.3554
17.8265
17.7505
9.06538
6.29709
16.7314
10.9363
10.9667
10.9667
10.9515
15.1952
8.16797
11.3926
19.3324
17.8874
20.0321
15.9709
13.9935
14.0087
9.06538
2.7835
15.0583
15.1799
7.49871
7.65081
11.0579
7.22492
2.29677
10.2214
13.3091
6.41877
9.56732
12.6094
9.47606
5.1411
6.37314
6.37314
10.8298
9.33916
9.84111
2.35761
6.90551
9.67379
9.65858
12.29
12.2443
7.6356
5.59741
10.1605
14.9214
9.689
13.1874
13.2026
5.15631
1.85566
9.85632
11.7728
9.71942
11.7576
4.3958
7.10324
2.60097
10.6929
16.5945
19.6974
18.8609
5.06505
8.15276
4.989
17.1725
16.7618
14.6476
10.556
14.8301
11.1796
6.29709
10.556
9.67379
10.1301
9.67379
9.74984
9.689
1.87088
1.84045
1.87088
9.978
14.5259
17.5984
13.811
14.0087
0.471521
9.46085
5.4301
12.7767
12.7767
9.93237
9.93237
11.4838
9.70421
9.84111
1.79482
3.69612
4.19806
4.19806
5.61262
6.1602
6.14499
12.1227
12.077
7.10324
4.21327
6.84466
6.90551
9.76506
9.47606
9.689
6.69256
2.35761
4.53269
9.81069
8.3657
11.7576
11.7576
11.6055
16.1534
11.5903
3.19418
12.1075
12.579
9.64337
12.6094
8.91327
9.08059
14.2673
6.0233
14.0544
14.0087
11.9553
10.5104
11.8185
5.68868
5.70389
8.24402
8.24402
8.24402
6.46441
6.40356
9.46085
14.0696
10.3583
14.2521
13.7045
13.233
5.09547
6.11457
9.14143
10.1605
13.2634
7.25534
4.06117
12.7615
12.8071
12.8223
21.3097
13.0201
13.3243
9.58253
10.4191
11.1492
10.0541
10.343
5.70389
8.33528
14.4651
14.4042
18.1764
11.1948
10.9515
11.499
14.4803
14.5107
6.67735
14.6932
14.7997
9.55211
13.4764
18.0395
21.0664
13.8566
7.60518
15.8188
18.6935
18.7696
10.8906
7.02719
7.02719
11.3165
12.2139
7.80292
12.5181
16.9291
18.1308
18.3285
18.3741
11.0579
14.313
11.5751
4.989
8.32007
7.05761
14.2825
10.4191
15.1952
11.6664
11.6968
3.84822
8.44175
8.24402
8.35049
9.65858
2.58576
13.6133
13.157
8.50259
8.53302
11.6816
19.8039
13.522
9.85632
1.82524
8.3657
8.30486
5.18673
9.65858
11.8337
8.24402
14.0696
14.1913
7.66602
10.9058
10.845
6.81424
6.90551
11.0731
10.632
14.1761
14.4498
6.37314
6.37314
9.03496
9.43043
12.6398
0.806149
0.517152
4.12201
4.13722
11.0579
6.57088
10.4191
9.99321
6.44919
13.7806
11.3165
14.1304
14.3586
11.1644
5.00421
9.5369
9.47606
9.50648
10.0997
10.6929
7.83334
6.09936
6.05373
10.6777
10.2062
10.2062
10.0541
14.8453
14.9822
16.8531
10.1909
11.0731
14.313
14.4042
11.5599
15.4994
17.2486
6.73819
10.6625
8.41133
15.9861
11.6055
12.4725
8.42654
9.3848
9.2479
13.8566
12.077
12.6398
11.9706
8.30486
2.03819
6.52525
10.4495
13.0505
16.2447
18.1916
18.5719
9.76506
11.8641
9.88674
5.39968
9.79548
7.97023
9.74984
12.7615
12.944
10.2366
15.332
11.5447
7.24013
5.96246
9.91716
16.6249
21.5531
17.9787
18.1155
3.68091
3.72654
10.4495
21.6444
12.9136
21.5531
30.6793
12.7767
17.4159
31.6832
29.2647
28.6868
22.2223
23.713
19.0738
20.6405
26.2379
17.2942
21.2641
18.1916
18.7087
17.6744
17.7505
11.1948
5.70389
8.74596
23.6673
22.3136
17.3094
15.1799
2.58576
2.58576
2.58576
7.40745
7.93981
3.87864
1.81003
1.81003
4.47185
6.34272
13.9783
11.3926
18.0547
20.823
23.5
20.534
15.6363
2.41845
2.41845
6.70777
14.3434
13.0657
11.499
11.499
2.15987
9.44564
9.62816
16.8683
12.7159
10.4495
15.0126
13.8871
6.84466
2.87476
2.84434
14.6932
14.0087
16.0774
11.4534
8.56344
8.44175
2.92039
9.46085
14.0544
17.8265
17.8265
11.6664
8.47217
8.18318
12.8528
14.1913
8.13754
11.5751
11.8945
11.9553
2.15987
5.76473
8.73075
21.5683
21.5835
12.0162
10.5104
7.30098
11.2709
9.11101
4.57832
10.8906
19.2867
26.6334
18.8304
18.3437
15.8948
8.22881
8.79159
3.72654
9.978
12.5333
20.534
22.4049
15.9557
15.9709
17.4919
8.19839
12.2596
23.0741
20.5036
20.9599
19.7735
19.8191
24.4126
13.3243
13.8719
16.8075
24.2605
19.4845
28.1696
21.9181
13.7197
12.9136
18.3437
19.5757
19.7126
19.6822
14.8757
15.1039
11.499
11.499
11.5142
16.1838
3.75696
4.04596
9.93237
10.0236
17.9939
9.84111
9.96279
9.84111
17.8113
13.0961
17.5071
13.0505
11.2709
15.8796
23.8346
23.789
23.5913
26.5573
24.4278
20.7013
21.2945
19.3324
16.4424
19.9864
20.0168
19.956
22.8003
22.1463
8.79159
7.37703
12.1379
11.5903
13.9935
13.9175
17.644
15.2256
14.6172
15.1039
22.2376
23.5913
24.7625
24.1541
21.0359
20.7926
21.7356
18.1764
22.9068
35.1664
35.7291
35.2576
35.2424
32.0026
24.2605
18.2829
21.9029
14.0392
25.0819
17.9939
28.3978
22.4809
22.6634
29.4777
22.6178
17.9482
27.3939
31.1812
25.6903
25.6295
26.2683
22.2832
22.2376
30.1926
26.0706
25.2036
28.0935
34.7405
35.79
24.0932
27.1049
31.8961
28.5346
32.9913
25.1884
17.7809
20.8534
25.5534
23.135
26.8767
23.6673
23.9867
21.1272
18.4198
31.4398
34.3146
34.3298
33.8279
23.5609
19.0434
22.6026
14.0392
17.6744
20.4427
25.4317
25.2036
26.3748
22.3288
20.1081
20.0777
17.8874
12.3964
11.3013
14.678
35.3641
37.1741
30.6489
30.9379
35.577
44.3078
35.4858
27.1201
31.5007
33.8279
36.5505
20.534
14.2217
14.4651
12.2596
12.5181
12.4725
24.1693
25.3405
25.3709
21.1728
26.7702
30.3295
36.4592
37.9042
46.4068
40.5356
31.5767
39.5774
47.7758
46.7871
46.6198
41.7372
42.5586
46.8631
55.4418
58.0275
52.4149
43.669
41.5547
34.9534
26.9071
30.0253
35.1968
36.7178
29.7667
35.2272
34.8317
26.5421
22.1615
19.6518
31.6832
43.745
41.7372
41.9046
39.8512
39.912
43.0605
36.0181
28.124
41.4482
40.0945
39.5926
38.6952
32.3372
36.4897
31.9722
33.0065
29.0822
24.1997
22.8612
22.4657
22.4505
21.5531
22.2376
30.2534
25.8272
25.8272
31.2725
31.4855
29.2495
31.9418
34.345
35.5314
39.6382
42.7259
40.7029
39.4405
45.3725
33.5389
33.3563
30.2534
30.6337
31.6528
32.6871
32.246
28.4738
40.9919
40.5508
44.2317
44.7489
45.19
45.2965
40.5356
45.4486
40.7942
46.5133
37.1589
39.2275
39.2732
40.9919
34.6188
38.0107
44.8249
34.0256
27.6068
17.4463
12.1835
16.701
21.0055
28.4586
36.3376
35.1359
38.7256
34.8317
28.7628
16.99
21.0359
14.9822
18.8304
28.5803
32.0939
27.8806
15.5298
16.2903
18.222
13.5524
25.234
29.9796
23.6977
17.4159
20.7317
23.9259
16.0469
22.5418
22.8612
28.0935
22.8612
19.1651
18.5414
22.2223
19.2259
25.2796
26.7094
26.7094
33.2651
21.2489
21.477
14.2977
27.0592
23.5609
28.8845
23.9107
10.6929
13.9479
9.43043
17.9787
14.7084
14.2977
12.868
8.85243
11.6359
11.4078
18.0699
19.2411
19.1955
12.868
11.8945
22.9829
23.2566
23.2566
12.5486
15.7123
21.1424
28.9453
35.7444
30.6945
32.4437
21.7965
19.6062
27.3939
27.257
25.4317
28.5955
22.0702
12.9592
16.2142
26.4508
23.6521
16.7618
15.7731
12.5486
18.3741
22.1919
27.8045
19.2107
15.8188
13.0049
22.7699
19.4236
17.7049
12.1075
14.6172
13.5829
21.112
20.7165
20.2146
18.0699
26.1618
26.1922
27.9414
28.4586
24.2453
17.2486
13.9175
13.9479
12.0466
13.8719
13.8414
13.8414
14.313
14.4042
10.6929
14.7541
22.2832
24.0932
21.0816
21.1272
18.4958
18.8609
22.846
22.8155
25.0363
17.644
20.0321
20.61
18.9369
9.94758
14.024
13.9023
17.2942
13.8566
9.49127
7.28577
13.3243
13.0201
12.9897
12.9897
12.944
9.49127
9.47606
9.52169
9.50648
9.49127
12.6854
12.7007
16.2295
15.9861
17.4615
9.78026
17.9787
13.3395
13.0809
9.46085
16.5945
12.9897
17.4615
13.9783
9.49127
9.49127
9.49127
13.8566
18.2068
14.1761
14.1761
9.79548
12.7007
12.3508
9.43043
12.944
11.0123
4.68479
8.44175
4.97379
4.97379
4.989
4.94337
4.38059
4.38059
4.47185
4.68479
4.42622
8.97412
12.4573
15.0126
15.0278
14.7997
7.97023
8.15276
8.15276
8.15276
4.68479
2.02298
2.02298
2.02298
3.77217
0.471521
3.75696
0.471521
0.912622
0.471521
0.471521
0.471521
0.471521
0.471521
0.471521
0.471521
3.98512
