27
76
125
175
224
273
322
371
421
470
519
568
617
667
716
765
814
864
913
963
1012
1061
1111
1161
1209
1257
1306
1354
1402
1451
1501
1550
1599
1648
1698
1747
1795
1844
1892
1941
1989
2037
2087
2136
2185
2234
2283
2332
2382
2431
2479
2528
2576
2625
2674
2722
2771
2819
2868
2916
2964
3012
3061
3109
3159
3208
3258
3307
3356
3406
3455
3505
3554
3602
3651
3699
3748
3796
3844
3893
3941
3990
4038
4087
4135
4183
4233
4283
4332
4382
4431
4481
4529
4578
4627
4676
4725
4774
4823
4871
4919
4969
5018
5067
5117
5166
5215
5265
5314
5363
5413
5462
5511
5560
5609
5658
5706
5755
5805
5854
5904
5953
6002
6052
6101
6150
6199
6249
6298
6347
6395
6444
6492
6541
6589
6637
6686
6735
6783
6832
6880
6929
6977
7026
7075
7124
7173
7222
7270
7319
7369
7418
7467
7517
7566
7615
7665
7714
7764
7813
7863
7912
7962
8010
8058
8107
8156
8204
8254
8303
8351
8400
8448
8497
8545
8595
8644
8694
8743
8793
8843
8893
8943
8992
9041
9091
9141
9190
9240
9290
9340
9389
9439
9489
9538
9588
9637
9686
9734
9783
9831
9880
9928
9978
10027
10076
10126
10175
10223
10272
10320
10370
10419
10469
10518
10568
10618
10667
10717
10766
10816
10865
10914
10963
11013
11061
11109
11158
11207
11257
11306
11356
11406
11455
11504
11553
11601
11650
11698
11747
11795
11844
11892
11941
11989
12038
12086
12135
12183
12231
12280
12328
12377
12427
12477
12526
12576
12625
12675
12724
12772
12821
12869
12917
12966
13014
13065
13115
13165
13216
13265
13315
13364
13413
13463
13512
13562
13610
13659
13707
13755
13804
13852
13901
13949
13999
14048
14098
14147
14197
14246
14295
14344
14394
14443
14492
14541
14591
14640
14689
14738
14787
14835
14884
14932
14980
15029
15078
15127
15177
15226
15275
15324
15373
15421
15469
15518
15566
15615
15663
15712
15762
15811
15860
15910
15959
16009
16058
16107
16155
16205
16254
16303
16352
16401
16450
16499
16548
16599
16650
16701
16752
16803
16853
16903
16952
17001
17050
17099
17148
17198
17247
17296
17345
17395
17444
17493
17542
17592
17641
17690
17740
17790
17839
17888
17937
17987
18036
18085
18134
18183
18232
18281
18331
18380
18429
18479
18528
18578
18627
18676
18726
18775
18825
18874
18924
18973
19022
19072
19121
19170
19219
19268
19318
19367
19417
19466
19516
19564
19613
19662
19711
19761
19811
19862
19912
19962
20012
20061
20110
20159
20208
20258
20307
20416
20464
20512
20561
20609
20658
20707
20756
20805
20854
20903
20953
21002
21051
21101
21151
21200
21250
21300
21350
21399
21449
21498
21547
21597
21646
21696
21745
21795
21844
21894
21943
21992
22041
22091
22140
22188
22237
22285
22334
22382
22430
22479
22527
22576
22626
22675
22724
22773
22823
22873
22922
22971
23020
23069
23119
23168
23217
23267
23317
23367
23416
23466
23515
23564
23614
23662
23711
23759
23807
23856
23904
23954
24004
24054
24103
24151
24200
24248
24297
24347
24395
24444
24492
24541
24589
24637
24687
24736
24785
24834
24883
24933
24981
25029
25078
25126
25175
25223
25272
25322
25371
25420
25469
25518
25567
25616
25665
25715
25764
25813
25863
25911
25960
26008
26057
26105
26154
26203
26251
26300
26348
26397
26446
26494
26543
26592
26641
26690
26740
26789
26838
26888
26937
26986
27035
27084
27133
27182
27231
27280
27329
27378
27428
27477
27526
27575
27625
27673
27722
27770
27819
27867
27916
27967
28017
28066
28116
28166
28216
28266
28314
28363
28412
28460
28509
28557
28605
28654
28702
28750
28799
28847
28896
28945
28994
29043
29093
29142
29191
29241
29291
29341
29391
29440
29489
29537
29586
29635
29683
29732
29781
29830
29878
29927
29975
30024
30072
30120
30169
30217
30266
30315
30364
30414
30463
30512
30562
30612
30660
30708
30757
30805
30854
30902
30950
31000
31049
31099
31148
31198
31247
31296
31344
31393
31442
31490
31539
31587
31636
31684
31733
31781
31830
31880
31929
31979
32029
32079
32129
32178
32228
32277
32327
32376
32426
32474
32523
32571
32620
32668
32717
32767
32816
32865
32915
32964
33012
33061
33110
33159
33208
33258
33307
33356
33405
33454
33504
33553
33603
33652
33702
33750
33799
33848
33897
33946
33994
34043
34091
34140
34188
34237
34285
34333
34382
34430
34480
34529
34579
34629
34679
34728
34778
34828
34878
34927
34976
35025
35075
35124
35173
35223
35272
35322
35371
35420
35469
35517
35566
35614
35663
35712
35762
35811
35861
35910
35960
36010
36059
36109
36158
36207
36256
36306
36355
36404
36453
36502
36552
36601
36651
36700
36749
36798
36846
36895
36944
36992
37041
37089
37138
37186
37234
37283
37331
37379
37427
37477
37526
37575
37625
37674
37723
37773
37822
37871
37919
37967
38016
38064
38112
38162
38212
38261
38311
38361
38410
38459
38508
38557
38607
38656
38705
38754
38805
38856
38907
38958
39009
39060
39110
39159
39209
39259
39309
39358
39408
39457
39506
39555
39605
39654
39704
39753
39802
39851
39900
39950
39999
40048
40097
40145
40194
40243
40292
40340
40388
40437
40485
40534
40583
40632
40681
40730
40780
40829
40877
40926
40974
41022
41071
41119
41168
41218
41267
41317
41366
41416
41465
41515
41564
41613
41663
41712
41762
41812
41861
41911
41961
42009
42058
42106
42155
42203
42252
42300
42349
42398
42448
42497
42546
42596
42645
42695
42745
42795
42845
42895
42945
42994
43042
43091
43140
43188
43237
43285
43335
43385
43434
43484
43534
43584
43634
43683
43732
43781
43831
43880
43929
43978
44027
44077
44126
44175
44224
44272
44320
44369
44418
44467
44516
44566
44615
44664
44714
44762
44811
44859
44907
44956
45004
45052
45101
45150
45198
45247
45296
45344
45393
45441
45490
45538
45587
45635
45684
45734
45783
45832
45881
45930
45979
46028
46078
46127
46177
46227
46276
46325
46375
46424
46474
46523
46572
46621
46670
46720
46769
46818
46867
46916
46965
47015
47064
47113
47162
47212
47261
47309
47358
47406
47454
47503
47551
47600
47649
47698
47746
47796
47845
47894
47943
47992
48041
48091
48141
48191
48241
48291
48341
48390
48440
48489
48538
48587
48637
48685
48733
48782
48832
48881
48931
48981
49031
49080
49130
49178
49227
49276
49325
49374
49424
49473
49522
49571
49620
49670
49719
49768
49817
49867
49916
49965
50014
50064
50113
50162
50211
50260
50310
50359
50407
50456
50504
50553
50601
50650
50700
50749
50799
50848
50897
50947
50996
51046
51095
51144
51194
51243
51293
51342
51392
51442
51492
51541
51590
51640
51689
51738
51787
51837
51887
51937
51986
52036
52086
52136
52186
52235
52284
52332
52380
52429
52477
52526
52575
52624
52673
52723
52772
52821
52870
52919
52969
53018
53067
53116
53165
53215
53264
53313
53362
53411
53461
53510
53559
53608
53658
53707
53757
53807
53857
53907
53957
54007
54057
54106
54156
54205
54254
54303
54351
54400
54450
54499
54548
54597
54647
54695
54743
54792
54840
54888
54937
54986
55036
55085
55135
55184
55233
55282
55331
55380
55428
55477
55526
55575
55625
55675
55724
55774
55824
55872
55921
55971
56020
56069
56118
56168
56217
56266
56315
56364
56414
56462
56510
56559
56607
56656
56704
56753
56802
56851
56899
56948
56997
57046
57095
57143
57193
57242
57291
57340
57390
57439
57488
57537
57586
57635
57685
57734
57783
57832
57881
57930
57979
58028
58076
58125
58174
58222
58272
58321
58370
58419
58469
58518
58566
58615
58663
58712
58762
58811
58860
58909
58959
59008
59057
59107
59156
59205
59254
59304
59353
59402
59452
59501
59551
59600
59650
59700
59750
59800
59848
59896
59945
59993
60041
60090
60138
60187
60236
60287
60337
60388
60439
60490
60541
60590
60640
60689
60738
60787
60837
60886
60934
60983
61032
61081
61131
61180
61230
61279
61328
61377
61426
61475
61525
61574
61624
61674
61722
61771
61820
61868
61917
61965
62014
62063
62112
62162
62212
62261
62311
62361
62410
62459
62509
62558
62608
62657
62707
62756
62805
62854
62904
62953
63002
63051
63100
63150
63199
63248
63297
63347
63396
63445
63494
63544
63593
63642
63691
63741
63790
63839
63887
63936
63984
64033
64081
64129
64178
64227
64276
64326
64376
64426
64476
64526
64576
64626
64675
64725
64774
64824
64873
64923
64971
65021
65071
65121
65171
65221
65271
65321
65370
65419
65467
65515
65564
65612
65661
65710
65759
65809
65858
65907
65956
66006
66055
66104
66153
66203
66252
66301
66350
66400
66449
66498
66547
66596
66646
66694
66743
66792
66841
66889
66938
66986
67035
67083
67132
67182
67231
67281
67330
67380
67429
67479
67529
67578
67628
67678
67727
67776
67826
67875
67924
67974
68023
68073
68122
68291
68400
68449
68499
68548
68597
68646
68695
68745
68794
68844
68894
68943
68993
69043
69091
69140
69188
69237
69285
69333
69383
69433
69483
69533
69582
69632
69681
69731
69780
69830
69879
69929
69978
70028
70077
70126
70176
70225
70274
70323
70373
70422
70471
70520
70568
70617
70665
70714
70762
70811
70859
70909
70958
71008
71058
71108
71157
71207
71256
71305
71355
71404
71454
71502
71551
71600
71648
71697
71746
71796
71845
71894
71944
71992
72042
72091
72141
72191
72241
72290
72340
72390
72439
72488
72537
72587
72636
72684
72733
72783
72832
72882
72931
72981
73030
73079
73128
73178
73228
73277
73327
73377
73426
73475
73524
73574
73623
73672
73721
73769
73818
73868
73917
73967
74016
74066
74116
74166
74216
74266
74316
74366
74416
74464
74513
74561
74610
74658
74706
74755
74804
74853
74902
74950
74998
75047
75095
75143
75193
75242
75291
75340
75390
75439
75488
75537
75586
75635
75685
75734
75783
75832
75881
75931
75979
76027
76076
76125
76173
76222
76271
76321
76370
76420
76469
76519
76567
76617
76666
76716
76765
76814
76864
76913
76963
77013
77062
77111
77161
77210
77259
77308
77358
77406
77455
77504
77554
77603
77652
77702
77751
77800
77848
77897
77945
77994
78043
78091
78139
78188
78237
78285
78334
78382
78430
78479
78527
78576
78624
78673
78723
78772
78821
78871
78920
78969
79019
79068
79117
79167
79216
79266
79315
79364
79412
79461
79509
79557
79606
79654
79703
79751
79800
79848
79897
79947
79996
80045
80094
80144
80192
80241
80291
80340
80389
80439
80488
80538
80587
80636
80685
80735
80784
80833
80882
80930
80979
81028
81077
81126
81176
81225
81275
81325
81374
81424
81474
81523
81573
81623
81671
81720
81768
81817
81865
81914
81962
82012
82061
82110
82160
82209
82259
82308
82357
82406
82456
82505
82555
82604
82654
82703
82752
82801
82851
82900
82950
83000
83051
83101
83151
83202
83250
83300
83349
83398
83447
83497
83546
83595
83644
83692
83741
83789
83838
83886
83935
83985
84034
84082
84131
84179
84227
84276
84324
84373
84421
84470
84518
84566
84615
84663
84714
84764
84814
84864
84913
84963
85013
85062
85111
85160
85209
85259
85308
85357
85406
85455
85504
85552
85601
85649
85697
85746
85795
85844
85893
85943
85992
86041
86090
86139
86188
86237
86287
86337
86388
