10
60
109
158
207
257
306
354
403
452
502
592
641
691
740
789
838
887
937
986
1036
1085
1135
1185
1234
1283
1332
1382
1431
1481
1531
1580
1630
1680
1730
1779
1828
1877
1927
1976
2025
2074
2123
2173
2222
2271
2321
2370
2419
2468
2516
2565
2613
2662
2711
2759
2808
2857
2907
2956
3006
3055
3105
3154
3203
3252
3300
3349
3397
3446
3494
3543
3592
3640
3689
3738
3788
3837
3886
3935
3984
4034
4083
4132
4181
4230
4280
4329
4377
4426
4475
4524
4573
4623
4672
4721
4770
4819
4868
4918
4967
5016
5066
5115
5164
5213
5261
5310
5359
5408
5457
5506
5554
5603
5651
5699
5748
5796
5845
5893
5942
5990
6039
6088
6137
6187
6235
6284
6332
6381
6429
6477
6526
6574
6622
6671
6720
6768
6817
6865
6914
6963
7013
7063
7113
7162
7212
7261
7311
7360
7409
7459
7508
7557
7607
7656
7705
7754
7804
7853
7902
7951
8000
8048
8096
8145
8194
8242
8291
8341
8390
8439
8487
8536
8585
8634
8683
8733
8782
8832
8881
8931
8980
9030
9080
9129
9179
9229
9278
9328
9377
9427
9476
9526
9575
9625
9674
9723
9772
9822
9871
9920
9969
10019
10067
10116
10164
10213
10262
10310
10360
10411
10460
10510
10560
10610
10659
10709
10758
10807
10857
10906
10955
11004
11053
11101
11149
11198
11246
11294
11344
11394
11443
11493
11542
11591
11641
11690
11739
11789
11838
11888
11938
11987
12037
12087
12137
12186
12235
12284
12334
12383
12433
12482
12532
12581
12631
12679
12728
12776
12825
12875
12924
12973
13022
13072
13120
13169
13217
13267
13317
13367
13416
13465
13515
13564
13612
13661
13710
13758
13807
13855
13905
13955
14004
14054
14104
14154
14202
14251
14299
14348
14396
14444
14493
14541
14590
14638
14687
14735
14784
14833
14882
14931
14980
15028
15077
15126
15174
15223
15271
15319
15368
15417
15467
15517
15566
15615
15664
15712
15761
15810
15858
15906
15955
16005
16055
16105
16155
16205
16255
16305
16354
16404
16454
16503
16552
16601
16650
16699
16748
16796
16845
16894
16943
16993
17042
17092
17141
17190
17240
17289
17338
17387
17435
17484
17532
17582
17632
17682
17732
17782
17832
17881
17930
17979
18029
18078
18127
18176
18226
18275
18324
18373
18422
18471
18520
18568
18617
18665
18721
18771
18821
18870
18919
18968
19018
19067
19116
19166
19214
19263
19311
19359
19408
19457
19506
19555
19604
19654
19704
19753
19803
19853
19902
19950
19999
20047
20096
20145
20194
20243
20292
20341
20390
20440
20490
20540
20590
20639
20688
20738
20787
20836
20885
20934
20983
21032
21081
21129
21178
21226
21275
21323
21373
21423
21473
21522
21571
21620
21670
21719
21769
21818
21868
21917
21965
22014
22062
22112
22161
22210
22259
22309
22358
22407
22456
22506
22555
22603
22652
22700
22749
22797
22847
22896
22946
22996
23045
23095
23144
23194
23243
23292
23341
23391
23440
23488
23537
23585
23634
23682
23731
23781
23830
23880
23930
23979
24027
24076
24126
24175
24225
24274
24323
24372
24420
24469
24518
24567
24616
24665
24714
24764
24813
24862
24911
24961
25010
25059
25108
25158
25208
25258
25307
25357
25406
25455
25505
25554
25603
25652
25702
25751
25800
25850
25899
25948
25997
26045
26094
26143
26191
26240
26288
26337
26386
26434
26484
26533
26583
26633
26682
26732
26780
26828
26878
26927
26976
27025
27075
27124
27173
27222
27272
27321
27372
27423
27473
27524
27575
27625
27674
27722
27771
27819
27867
27916
27965
28013
28062
28110
28159
28207
28255
28305
28354
28404
28453
28503
28552
28602
28652
28701
28750
28800
28849
28898
28947
28996
29045
29094
29143
29191
29240
29290
29339
29388
29437
29487
29536
29585
29635
29684
29733
29783
29873
29922
29971
30021
30070
30119
30169
30218
30268
30317
30366
30416
30465
30514
30564
30613
30662
30711
30760
30808
30857
30905
30954
31002
31052
31103
31152
31202
31252
31302
31351
31400
31449
31499
31549
31599
31649
31699
31749
31799
31849
31899
31949
31998
32047
32096
32144
32193
32243
32292
32341
32390
32480
32529
32578
32626
32675
32724
32773
32822
32871
32920
32970
33020
33070
33119
33169
33219
33269
33318
33368
33418
33467
33517
33566
33615
33663
33711
33759
33808
33857
33907
33956
34006
34055
34104
34153
34201
34250
34298
34348
34398
34447
34497
34547
34597
34646
34696
34745
34794
34844
34893
34942
34992
35041
35090
35140
35190
35240
35289
35339
35389
35438
35487
35537
35586
35635
35684
35734
35784
35834
35883
35933
35982
36032
36080
36129
36177
36225
36274
36322
36371
36420
36470
36519
36569
36618
36668
36716
36766
36815
36865
36914
36964
37013
37063
37111
37159
37208
37256
37306
37355
37405
37455
37505
37555
37603
37652
37700
37749
37797
37846
37895
37945
37994
38043
38093
38142
38191
38239
38287
38376
38425
38474
38523
38574
38624
38674
38724
38774
38824
38873
38921
38970
39020
39069
39118
39167
39217
39265
39314
39362
39410
39459
39508
39557
39606
39656
39705
39754
39803
39853
39902
39951
40000
40050
40099
40150
40200
40250
40300
40351
40400
40450
40499
40549
40598
40648
40697
40747
40796
40844
40893
40942
40991
41041
41090
41139
41188
41237
41287
41336
41385
41434
41525
41574
41623
41673
41722
41772
41822
41871
41921
41971
42019
42068
42117
42166
42214
42263
42312
42360
42409
42459
42508
42558
42607
42656
42705
42754
42802
42851
42900
42948
42998
43047
43096
43145
43195
43244
43292
43341
43390
43438
43486
43535
43584
43632
43681
43729
43778
43826
43874
43924
44014
44063
44112
44162
44211
44260
44309
44358
44408
44457
44506
44556
44605
44655
44704
44753
44803
44852
44901
44950
44999
45048
45096
45145
45194
45243
45291
45340
45388
45437
45485
45533
45581
45630
45678
45727
45776
45824
45874
45923
45972
46020
46069
46118
46166
46215
46263
46312
46362
46411
46460
46509
46558
46606
46655
46704
46752
46801
46850
46899
46948
46998
47048
47097
47147
47197
47247
47296
47346
47396
47445
47495
47586
47636
47685
47734
47784
47833
47882
47932
47981
48031
48081
48131
48180
48229
48277
48325
48374
48422
48471
48521
48570
48619
48669
48718
48766
48815
48864
48912
48960
49009
49058
49106
49154
49203
49251
49300
49349
49398
49446
49495
49543
49591
49640
49688
49736
49785
49833
49881
49930
49978
50026
50075
50123
50172
50220
50269
50318
50367
50457
50507
50556
50605
50654
50703
50752
50802
50851
50900
50950
51000
51049
51098
51148
51197
51246
51295
51344
51394
51443
51492
51542
51591
51640
51689
51738
51786
51835
51884
51933
51981
52030
52078
52127
52175
52223
52272
52320
52368
52416
52465
52514
52563
52611
52659
52708
52756
52805
52894
52943
52991
53040
53088
53136
53186
53235
53285
53334
53383
53433
53481
53529
53578
53626
53674
53723
53771
53819
53868
53916
53966
54016
54066
54116
54166
54216
54266
54314
54363
54411
54460
54508
54557
54606
54655
54703
54751
54800
54848
54897
54945
54994
55043
55092
55141
55191
55240
55289
55380
55429
55478
55527
55576
55626
55675
55725
55774
55824
55872
55921
55969
56018
56066
56115
56164
56213
56261
56310
56359
56408
56457
56506
56554
56603
56652
56700
56749
56798
56847
56896
56944
56993
57041
57090
57138
57187
57237
57286
57335
57385
57434
57483
57532
57581
57631
57679
57728
57777
57826
57874
57923
57972
58021
58071
58120
58169
58219
58268
58317
58366
58416
58465
58514
58563
58613
58702
58751
58800
58850
58899
58948
58998
59046
59094
59143
59191
59240
59288
59336
59385
59433
59482
59531
59580
59670
59720
59769
59817
59866
59914
59963
60011
60100
60149
60198
60246
60294
60343
60392
60441
60491
60540
60589
60638
60687
60735
60783
60834
60884
60934
60982
61031
61079
61128
61176
61225
61275
61324
61374
61424
61473
61523
61572
61663
61712
61761
61810
61859
61909
61958
62007
62097
62147
62195
62243
62292
62341
62391
62440
62489
62538
62588
62637
62686
62736
62785
62834
62883
62932
62980
63029
63077
63125
63174
63222
63271
63319
63367
63417
63467
63517
63567
63616
63666
63715
63764
63813
63863
63911
63960
64010
64059
64108
64157
64207
64256
64305
64355
64404
64453
64502
64552
64601
64650
64699
64748
64798
64847
64897
64947
64997
65048
65098
65148
65197
65246
65296
65345
65394
65444
65494
65544
65593
65643
65693
65741
65790
65839
65888
65938
65987
66037
66086
66135
66185
66234
66284
66333
66383
66432
66481
66529
66578
66626
66675
66723
66772
66821
66871
66920
66969
67018
67068
67117
67167
67217
67267
67316
67366
67415
67465
67514
67562
67611
67659
67708
67756
67804
67853
67903
67952
68002
68052
68102
68152
68200
68248
68296
68345
68393
68441
68491
68540
68589
68639
68688
68736
68785
68833
68882
68931
68980
69071
69120
69169
69218
69267
69315
69364
69412
69461
69509
69558
69606
69655
69703
69752
69800
69849
69938
69987
70036
70086
70135
70184
70233
70283
70332
70381
70430
70480
70529
70579
70629
70678
70727
70777
70826
70876
70925
70975
71024
71073
71122
71172
71221
71270
71320
71368
71418
71467
71516
71566
71615
71664
71714
71763
71813
71862
71912
71962
72011
72061
72110
72160
72210
72259
72309
72357
72406
72454
72503
72551
72600
72648
72697
72745
72793
72842
72890
72939
72987
73035
73085
73134
73184
73233
73282
73331
73381
73430
73479
73527
73575
73624
73672
73721
73769
73818
73866
73915
73963
74012
74060
74110
74159
74209
74259
74308
74358
74406
74455
74503
74552
74601
74690
74780
74829
74878
74928
74977
75027
75076
75126
75175
75225
75274
75324
75373
75423
75472
75521
75570
75620
75669
75718
75768
75817
75866
75914
75963
76011
76061
76110
76160
76209
76258
76306
76355
76403
76451
76500
76550
76641
76690
76739
76788
76837
76886
76935
76984
77033
77082
77130
77180
77229
77278
77327
77376
77426
77475
77524
77574
77623
77672
77722
77772
77822
77871
77921
77971
78020
78069
78117
78166
78214
78263
78311
78359
78408
78456
78505
78553
78602
78650
78699
78747
78796
78845
78936
78985
79034
79084
79132
79181
79229
79277
79326
79374
79423
79471
79520
79569
79618
79668
79717
79766
79815
79864
79914
79963
80012
80061
80109
80158
80207
80256
80306
80355
80404
80454
80503
80552
80601
80650
80739
80787
80835
80884
80934
80984
81075
81124
81174
81222
81272
81321
81370
81419
81468
81517
81565
81613
81662
81710
81759
81807
81855
81905
81954
82003
82052
82102
82151
82201
82250
82300
82349
82399
82489
82537
82586
82635
82726
82775
82906
82955
83005
83054
83103
83153
83201
83250
83299
83349
83398
83448
83496
83545
83593
83642
83690
83739
83788
83837
83887
83936
83985
84034
84083
84132
84181
84230
84279
84328
84378
84427
84477
84526
84574
84623
84671
84719
84768
84816
84866
84915
84965
85014
85064
85114
85163
85212
85261
85311
85360
85410
85500
85550
85599
85689
85738
85788
85837
85887
85937
85987
86036
86086
86134
86223
86271
86321
86371
