0.471521
0.471521
0.471521
4.15243
6.72298
2.7835
7.20971
7.20971
7.20971
3.02686
0.471521
0.471521
0.471521
0.471521
0.471521
3.98512
3.75696
0.471521
0.471521
0.471521
7.07282
3.55923
8.82201
8.82201
0.471521
0.471521
0.471521
3.98512
3.98512
3.98512
3.98512
7.07282
0.471521
0.471521
0.501942
0.471521
3.98512
3.77217
0.471521
3.77217
3.98512
0.471521
3.77217
3.98512
3.98512
4.44143
4.44143
3.77217
0.471521
0.471521
0.471521
0.471521
0.471521
0.760518
0.760518
0.471521
0.471521
0.471521
0.471521
0.471521
0.471521
4.82169
4.82169
0.471521
0.471521
3.98512
3.98512
0.471521
0.471521
0.471521
0.471521
0.471521
3.98512
3.98512
3.98512
0.471521
0.471521
0.471521
0.471521
0.471521
0.471521
0.471521
0.471521
0.471521
0.471521
0.471521
0.471521
0.471521
0.471521
0.471521
3.98512
3.98512
3.98512
0.471521
0.471521
0.471521
0.471521
0.471521
0.471521
0.471521
3.98512
3.98512
3.98512
0.471521
0.471521
0.471521
0.471521
0.471521
3.98512
0.471521
0.471521
0.471521
0.471521
0.471521
0.471521
0.471521
0.471521
0.471521
0.471521
0.927832
0.927832
0.927832
0.927832
0.927832
0.471521
0.471521
0.471521
0.471521
0.471521
0.471521
0.471521
0.471521
0.471521
0.471521
0.471521
0.471521
0.471521
0.471521
0.471521
0.471521
0.471521
0.471521
0.471521
0.471521
4.24369
4.24369
4.24369
4.24369
4.24369
4.24369
4.24369
4.24369
4.24369
0.471521
0.471521
0.471521
0.471521
0.471521
1.14078
1.14078
1.14078
1.14078
1.14078
1.14078
1.14078
1.14078
1.14078
1.14078
1.14078
1.14078
1.14078
1.14078
1.14078
1.14078
1.14078
1.14078
1.14078
1.14078
1.14078
1.14078
1.14078
1.14078
1.14078
1.14078
1.14078
1.14078
1.14078
1.14078
1.14078
1.14078
1.14078
1.14078
1.14078
1.14078
1.14078
1.14078
1.14078
1.14078
1.14078
1.14078
1.14078
1.14078
1.14078
1.14078
1.14078
1.14078
1.14078
1.14078
1.14078
1.14078
1.14078
1.14078
1.14078
1.14078
1.14078
1.14078
1.14078
1.14078
1.14078
1.14078
1.14078
1.14078
1.14078
1.14078
1.14078
1.14078
1.14078
1.14078
1.14078
1.14078
1.14078
1.14078
1.14078
1.14078
1.14078
1.14078
1.14078
1.14078
1.14078
1.14078
1.14078
1.14078
1.14078
1.14078
1.14078
1.14078
1.14078
1.14078
1.14078
1.14078
1.14078
1.14078
1.14078
1.14078
1.14078
1.14078
1.14078
1.14078
1.14078
1.14078
1.14078
1.14078
1.14078
1.14078
1.14078
1.14078
1.14078
1.14078
1.14078
0.471521
0.471521
0.471521
0.471521
0.471521
0.471521
0.471521
0.471521
0.471521
0.471521
0.471521
0.471521
0.471521
0.471521
0.471521
0.471521
0.471521
0.471521
0.471521
0.471521
0.471521
0.471521
0.471521
0.471521
0.471521
0.471521
0.471521
0.471521
0.471521
0.471521
0.471521
0.471521
0.471521
0.471521
0.471521
0.471521
0.471521
0.471521
0.471521
0.471521
0.471521
0.471521
0.471521
0.471521
0.471521
0.471521
0.471521
0.471521
0.471521
0.471521
0.471521
0.471521
0.471521
0.471521
0.471521
0.471521
0.471521
0.471521
0.471521
0.471521
0.471521
0.471521
0.471521
0.471521
0.471521
0.471521
0.471521
0.471521
0.471521
0.471521
0.471521
0.471521
0.471521
0.471521
0.471521
0.471521
0.471521
0.471521
0.471521
0.471521
0.471521
0.471521
0.471521
0.471521
0.471521
0.471521
0.471521
0.471521
0.471521
0.471521
0.471521
0.471521
0.471521
0.471521
0.471521
0.471521
0.471521
0.471521
0.471521
0.471521
0.471521
0.471521
3.98512
3.98512
0.471521
0.471521
0.471521
0.471521
0.471521
0.471521
0.471521
0.471521
3.74175
3.74175
7.25534
11.9401
11.4686
4.91295
4.91295
4.91295
4.91295
1.65793
1.65793
4.92816
4.18285
3.74175
3.74175
3.74175
0.471521
0.471521
0.471521
0.471521
0.471521
0.471521
0.471521
4.51748
0.471521
0.471521
0.471521
0.471521
0.471521
0.471521
0.471521
0.471521
0.471521
0.471521
0.471521
0.471521
0.471521
0.471521
0.471521
1.62751
0.471521
0.471521
0.471521
0.471521
0.471521
0.471521
0.471521
0.471521
0.471521
4.51748
6.69256
6.23625
6.23625
7.13366
2.23592
2.23592
2.23592
2.23592
0.471521
0.471521
0.471521
0.471521
0.471521
0.471521
0.471521
0.471521
0.471521
0.471521
0.471521
1.64272
1.64272
1.64272
5.1411
5.1411
3.98512
3.98512
3.98512
4.44143
4.44143
4.44143
4.44143
0.927832
0.927832
0.927832
0.927832
5.278
5.278
5.278
0.958253
0.927832
0.927832
0.471521
3.98512
4.00033
0.471521
0.471521
3.77217
3.77217
0.471521
1.01909
1.01909
1.01909
0.517152
0.471521
0.471521
0.471521
0.471521
9.56732
9.56732
9.56732
9.56732
9.56732
6.99677
11.423
6.85987
2.40324
2.40324
6.95114
5.85599
5.85599
5.85599
2.3424
2.3424
2.79871
6.7534
2.3424
2.3424
2.3424
0.471521
0.471521
0.471521
0.927832
0.927832
0.927832
0.927832
0.517152
0.471521
0.471521
3.55923
7.07282
7.07282
7.52913
7.07282
0.927832
0.927832
0.912622
0.912622
0.471521
0.471521
4.8369
0.471521
0.471521
3.75696
3.80259
3.80259
12.1531
12.4117
13.5068
14.024
13.9327
13.9631
14.024
14.0544
10.2518
17.857
17.2486
12.29
9.20227
9.20227
9.20227
9.23269
9.23269
9.52169
0.471521
0.471521
0.471521
0.471521
3.6657
3.63528
3.68091
5.20194
1.87088
1.82524
1.82524
1.82524
4.01554
8.0767
5.21715
5.18673
9.96279
9.96279
14.3738
14.3434
4.85211
5.7191
1.65793
1.65793
1.65793
1.62751
9.36958
5.7191
5.73431
10.7233
9.23269
9.2479
5.15631
8.30486
11.7728
13.7197
8.9437
6.51004
3.2246
7.84855
7.30098
6.58609
6.58609
11.3621
11.3621
5.7191
17.5375
6.90551
6.46441
6.46441
6.46441
5.18673
5.23237
4.63916
7.10324
11.1644
16.701
13.3699
14.1761
30.223
29.7058
21.7356
18.8913
24.5647
23.0741
25.2492
23.8194
29.7211
22.1767
18.724
30.0557
37.022
40.1706
43.6842
36.657
33.691
25.1884
31.1965
16.6553
28.413
30.877
29.9492
32.7783
25.8272
25.7664
24.4583
28.8541
27.5916
25.9185
21.7356
18.8152
26.177
28.9149
28.489
28.7932
26.5269
27.1201
24.5495
16.8075
12.6246
23.1958
23.3479
16.0317
16.0317
16.2447
19.5757
24.6256
11.6968
11.7576
14.2977
18.0699
14.4194
8.13754
17.6288
15.0583
14.7084
11.8337
11.8337
9.70421
18.4806
9.01975
3.78738
11.0275
11.0275
13.6741
13.6437
15.0278
13.6437
18.4198
22.846
21.69
22.6634
22.6787
19.956
17.8418
13.3699
13.9935
13.0353
16.2599
22.1919
22.2223
21.7965
21.4618
14.3738
11.21
21.401
9.978
14.0544
14.0544
12.3356
12.8375
12.8375
12.8528
12.8223
5.97767
9.58253
9.88674
8.88285
8.82201
9.21748
11.0427
11.0427
15.6819
22.4049
22.4505
17.6744
19.5605
18.2981
22.3136
16.9443
23.3023
19.5757
11.6055
12.8528
14.1913
10.5712
8.44175
5.64305
5.70389
6.55567
6.64693
13.9783
16.199
11.4078
16.2751
16.3055
12.1379
16.3511
12.868
15.8036
9.58253
13.7958
13.8566
9.62816
5.21715
6.09936
8.83722
10.845
15.4081
13.0505
20.899
16.8683
14.0848
14.024
15.5146
15.91
11.2252
17.2486
12.7463
11.134
11.1492
11.134
11.134
17.9939
22.8003
17.4159
14.3434
10.0236
10.2822
10.5408
10.5864
5.99288
9.05017
7.30098
11.9401
11.8945
9.30874
7.9246
14.313
15.2256
8.19839
6.87509
11.3621
14.9366
11.9097
11.9553
7.36182
16.199
7.95502
7.13366
3.63528
10.7537
9.78026
5.68868
14.9062
24.5191
21.0816
24.7473
22.2071
18.5262
23.0437
19.5149
26.2227
14.8301
14.2977
17.2942
19.3476
18.9825
23.9867
20.4123
18.8609
16.488
12.7463
14.1152
11.1036
11.0731
10.8906
9.58253
9.71942
6.41877
12.4421
10.343
10.5408
10.6473
10.6625
10.7233
10.6929
5.44531
5.44531
7.83334
12.1683
13.6285
10.2974
10.1757
10.4647
14.5715
18.1916
9.5369
13.2786
14.313
14.1913
14.4955
14.8757
15.4842
12.4725
7.83334
11.5295
12.7463
7.60518
10.2062
10.1453
14.8757
13.6437
9.11101
9.11101
9.11101
7.72687
7.72687
10.8298
10.8298
10.5864
8.8068
5.68868
7.98544
11.9858
11.9706
12.4269
12.4877
15.5602
12.7311
15.4994
10.556
5.90162
1.7644
5.46052
5.53657
4.3958
9.56732
11.5599
19.2867
21.112
22.8612
18.5566
13.2939
13.3547
17.4767
13.4916
14.3282
14.9366
15.1191
14.5107
13.7806
13.7197
15.1495
11.6816
4.53269
9.2479
17.2333
8.86764
11.6055
16.2142
11.9401
11.2557
6.70777
12.7007
13.0049
8.33528
8.13754
10.7081
18.5871
18.5871
12.7159
20.1689
20.1689
19.8343
24.7929
17.1269
16.8075
16.7466
20.7013
17.0812
20.7469
17.2181
14.1304
14.0392
10.6777
10.1149
6.98156
10.0997
13.7045
17.279
17.2486
14.5715
7.13366
6.67735
6.67735
17.1725
21.3554
22.3288
22.0094
20.5948
28.3217
22.268
13.6133
10.1757
12.868
20.2146
22.9068
20.2146
9.26311
9.26311
8.73075
4.89774
3.55923
3.55923
7.27056
12.8832
13.446
5.26279
5.24758
3.54402
0.501942
9.2479
8.03107
8.12234
12.1227
15.8188
6.99677
7.34661
7.0424
3.75696
11.2557
11.3317
11.3317
12.7463
12.6702
9.93237
5.12589
1.7644
2.17508
8.03107
12.001
18.8761
17.0508
16.8227
16.1382
20.4427
20.4427
28.2152
28.1696
28.489
22.7395
22.922
19.0434
12.9136
12.9136
16.0165
5.01942
5.03463
3.65049
3.69612
3.65049
3.65049
8.32007
8.32007
8.77638
10.3278
5.70389
12.1531
9.90195
9.64337
17.1421
12.9744
8.66991
7.27056
7.84855
19.591
12.0922
8.30486
11.134
11.8032
17.4463
17.5832
10.9819
12.4117
16.0013
15.6515
14.7084
11.6359
1.93172
1.93172
0.517152
7.42266
11.2861
12.6246
12.5638
13.0961
9.8259
9.73463
8.32007
13.4308
13.4308
13.3243
8.66991
8.30486
0.790939
0.790939
0.501942
0.501942
0.501942
4.989
4.989
0.471521
0.471521
5.15631
9.11101
8.62428
13.4003
9.49127
5.00421
5.00421
0.82136
0.82136
4.09159
4.09159
0.471521
0.471521
1.20162
0.471521
0.958253
0.912622
7.55955
4.00033
0.471521
0.471521
0.471521
4.01554
4.01554
0.471521
5.00421
0.471521
0.471521
0.958253
8.13754
0.562784
3.89385
0.562784
0.517152
0.562784
9.35437
4.8369
0.958253
0.958253
0.958253
0.958253
4.21327
4.47185
0.958253
0.927832
0.958253
3.77217
3.8178
0.532363
3.68091
8.71554
4.07638
8.86764
5.00421
8.85243
9.58253
5.03463
1.85566
4.12201
0.517152
4.989
8.53302
8.30486
3.72654
0.517152
9.49127
4.85211
9.27832
5.06505
8.35049
0.532363
9.15664
1.00388
4.989
5.01942
13.522
13.2939
10.1149
10.1149
13.7197
7.55955
11.1948
3.54402
8.45696
12.579
14.5563
0.517152
6.20583
6.1602
14.8301
9.49127
4.8369
6.09936
6.38835
6.28188
10.2518
10.267
12.2139
7.42266
7.86376
4.13722
5.88641
6.81424
10.0997
10.0388
5.01942
5.84078
5.11068
1.82524
1.82524
5.00421
0.471521
2.9356
6.11457
13.4155
13.5372
13.8719
13.8566
0.517152
7.16408
4.01554
10.8146
14.967
8.53302
6.35793
6.8903
10.1909
10.6473
2.54013
5.64305
8.88285
10.3583
9.90195
14.4346
14.1152
9.87153
13.5981
10.5712
2.29677
0.927832
0.958253
3.68091
5.62784
5.47573
0.517152
4.50227
8.0767
11.3926
8.27444
1.91651
1.88609
4.12201
11.8641
16.1686
17.5528
9.76506
6.09936
6.64693
9.85632
14.389
14.5867
17.9787
17.9178
18.8456
13.9175
23.0893
20.7165
24.4431
22.922
19.5757
23.5
22.3136
17.3398
24.945
21.1576
22.0855
18.6783
10.4952
8.95891
5.46052
8.6547
8.88285
12.4573
15.621
12.8832
19.4236
15.7884
10.1301
11.9401
18.6783
19.7735
29.0062
24.945
21.4618
21.3097
25.2948
31.7745
22.5418
22.8612
19.089
19.3476
20.6557
20.5948
28.2304
29.2343
28.9453
25.6751
24.7929
23.1958
14.4803
14.6324
16.2903
16.8379
18.2372
18.222
21.4466
20.8534
30.9227
37.1893
33.9343
31.3638
27.9719
23.2719
23.6369
30.6489
23.5913
34.6492
26.6029
27.8198
28.0327
31.6224
24.4583
15.6971
15.332
36.8547
33.6758
22.6939
24.1997
29.1735
31.0139
29.0518
19.7735
24.1997
28.0935
22.3897
22.1159
23.9563
23.9259
28.778
25.9033
28.5346
37.2958
40.779
37.7978
33.3259
30.2382
29.9796
26.177
17.2942
21.0511
14.7388
14.5411
18.5262
23.7586
20.0016
15.545
19.0738
15.8492
20.9143
16.0774
21.4466
21.8725
15.5754
14.4194
16.6401
20.899
19.3476
19.2563
14.7084
17.3854
20.2146
18.4806
26.2075
6.87509
16.3664
15.834
25.1427
22.4657
18.6175
17.8113
25.9793
17.857
18.8609
16.701
12.6702
9.27832
11.5599
18.0091
25.2036
29.0366
21.112
17.5071
13.2939
28.489
32.2156
41.9046
40.0489
35.9117
17.5071
18.2068
28.7628
29.9948
34.847
31.2269
25.5838
20.5948
23.4088
31.0444
28.6259
32.4285
35.8812
35.1816
35.212
36.9916
22.5418
19.7887
19.9408
14.7236
31.379
29.8732
24.3366
33.5541
28.3978
34.8926
31.8657
22.9524
27.0592
26.7398
31.4246
30.8162
32.5806
43.3647
40.1858
39.7447
33.5997
27.8806
27.8502
32.0178
21.9486
29.569
29.0214
28.4282
35.7596
43.9123
36.946
29.8732
29.8732
32.0026
32.1091
24.8537
28.2913
28.5955
17.7353
22.1159
30.8314
33.9952
36.7939
28.4586
33.2042
25.3405
21.7204
25.5838
32.7935
32.4437
37.5392
34.2537
34.1777
28.4282
24.1388
23.5913
25.2948
29.8123
29.2647
27.4395
23.8346
29.645
29.9492
27.8654
30.6641
24.1541
27.9566
26.8767
26.8767
26.6638
27.5003
26.0097
26.0097
26.0097
34.269
36.3528
36.2159
36.155
28.8236
34.4058
38.7104
21.3858
35.4706
36.3832
33.4476
33.6453
34.0104
28.991
24.4431
28.2761
32.2612
28.1696
20.6253
19.2715
19.5453
20.2146
18.6175
22.6026
27.0136
32.9304
29.4929
37.9194
36.7635
33.5389
21.2641
20.7013
11.4534
14.3282
19.5605
27.0897
16.6097
16.8379
21.4466
33.7974
38.3149
34.3146
27.5764
23.0589
27.1657
29.7971
31.0444
24.367
28.2913
28.2609
24.4278
30.4664
32.1851
35.7139
30.0253
33.8279
44.2774
40.566
33.9191
35.9117
31.1356
26.3444
32.1547
26.1922
42.5434
37.235
38.0411
40.3987
38.8625
38.7104
41.5395
31.8961
28.3673
28.3673
32.5198
43.3343
41.9198
39.4253
39.3644
34.9078
29.4929
24.9906
24.0476
27.0897
27.0744
31.8049
23.9107
25.2644
18.6783
27.7437
32.5502
32.5198
32.5958
33.1434
34.3602
39.5774
33.6149
37.9499
33.1586
32.7023
36.5353
37.6761
41.2809
44.9771
46.133
43.0605
38.6343
39.7447
38.2997
35.2576
25.1732
35.0295
22.3288
22.2832
20.4275
23.7434
22.1463
22.1615
28.0175
29.569
24.4887
24.6256
34.4971
31.1204
32.611
26.6638
23.3479
23.3175
16.3511
28.2152
23.8651
21.2945
21.2945
19.8495
17.4615
21.1576
13.8719
9.30874
6.67735
4.57832
16.1382
10.4647
10.4647
5.36926
5.36926
14.1
8.28965
9.20227
17.3854
6.38835
11.5903
13.4155
13.446
26.2835
32.5806
32.6262
31.9113
27.2722
39.3036
29.7515
29.9796
29.8427
26.39
27.6372
17.8113
13.2634
17.9482
11.1492
11.8641
11.134
15.7579
12.5638
8.01586
19.1499
14.8909
14.3434
11.6207
16.9596
16.8987
12.7767
15.256
23.0741
27.1353
22.2832
20.823
24.6864
24.5647
31.0444
27.1353
13.5068
11.8032
19.2259
18.7544
20.3819
19.6822
14.1608
16.3207
25.4165
26.8159
21.1728
19.0434
22.4657
14.9822
10.2518
19.3476
21.7965
17.4767
9.27832
14.7541
21.6139
17.0356
17.7505
22.6178
17.5528
25.9641
22.6026
31.0291
20.7621
20.4427
20.4884
19.5605
19.4084
16.3359
15.9405
17.2638
20.5492
19.3476
19.6822
11.6359
11.5903
15.1191
14.8909
17.9634
14.8301
15.2864
22.8155
14.4955
18.8152
21.0664
17.2333
16.8379
15.91
9.18706
9.41522
13.6741
9.40001
13.9175
9.43043
14.389
9.14143
13.5524
6.55567
10.2062
10.2062
6.55567
9.01975
9.47606
9.06538
12.3508
9.36958
19.2259
10.9363
10.9363
13.4764
13.5676
13.8414
15.6515
12.5638
12.5638
12.5638
15.0278
12.9288
14.3434
12.8832
15.7731
9.73463
10.1757
10.4343
10.4343
10.0541
10.2974
9.5369
9.43043
9.0958
14.0392
14.0392
14.0392
14.5867
9.91716
13.9023
9.36958
11.4078
14.7997
14.3434
11.3774
11.3774
11.7728
11.7272
