+3.360443999852731789 
+3.338001647018236095 
+3.316145663227475726 
+3.293965004724709544 
+3.272364637645857499 
+3.250444170279787048 
+3.229097950026519115 
+3.207436175971756231 
+3.185466444759691651 
+3.164067158995145235 
+3.142797218267500359 
+3.121656243809546094 
+3.100643857542022097 
+3.079334806740460451 
+3.058158852997194366 
+3.037535164088292827 
+2.999985678501175368 
+2.979721470739340461 
+2.959583269492236823 
+2.939570702077170861 
+2.920088010226588260 
+2.900323050076706100 
+2.880682617358401920 
+2.861166342099852322 
+2.841773855008803640 
+2.822896802494675672 
+2.803748278992703291 
+2.785109505630926297 
+2.766588122775413883 
+2.747801604938755471 
+2.729136696092072434 
+2.710970264234743965 
+2.692545016942722746 
+2.674240294285217256 
+2.656425648425027042 
+2.638358446659597512 
+2.620775780288187029 
+2.602944683727034469 
+2.585232320258560534 
+2.567996210757848896 
+2.550517831472893793 
+2.533510243309521126 
+2.516264445538585193 
+2.498787252943123871 
+2.481777391209149641 
+2.464883769029852623 
+2.448106031803631844 
+2.431443825593560426 
+2.415233342614402368 
+2.398798799431456796 
+2.382810657109309727 
+2.366602397696383253 
+2.350507923860464921 
+2.334201920652098750 
+2.318336272911841078 
+2.302263038888855640 
+2.286306813808807625 
+2.270782879666299436 
+2.255057244295358032 
+2.239758581210998134 
+2.224570894069189730 
+2.209800429632825747 
+2.194831413685601973 
+2.180274498062615862 
+2.165522807687328743 
+2.151178125200142066 
+2.124563354891666478 
+2.110226853483583742 
+2.095709069385449652 
+2.081590369231349769 
+2.067578958483220930 
+2.053391846287043521 
+2.039315737745534207 
+2.025350275521478061 
+2.011219122036723483 
+1.997476078288039192 
+1.983842605950181914 
+1.970318350499247861 
+1.957170201384335506 
+1.944126271982674403 
+1.931186230568419537 
+1.918349746057586458 
+1.905616488007400910 
+1.892729433222731350 
+1.880203729118443245 
+1.867780257289320289 
+1.855458689863935806 
+1.842990367416095010 
+1.830873690677089272 
+1.818613760848928784 
+1.806458564494381358 
+1.794887789045899407 
+1.783174871162004571 
+1.771797579828588098 
+1.760281543940122928 
+1.749096497681196238 
+1.738006126214159064 
+1.726782045969026180 
+1.715655991772844891 
+1.704627643983688046 
+1.693474614560533720 
+1.682642700866419760 
+1.671907531949540893 
+1.661268790694773179 
+1.650512003422975660 
+1.640067120375724219 
+1.629717710976858802 
+1.619463460627521778 
+1.609097705911212817 
+1.599034758321166816 
+1.589066023351168644 
+1.578990637212440484 
+1.569211298566714818 
+1.559525231788433164 
+1.549737314779463526 
+1.540238749341900748 
+1.530832520678096387 
+1.521329190792123587 
+1.512108579900665051 
+1.502794015666072625 
+1.493757768946213149 
+1.484630693772116761 
+1.475777562703765033 
+1.467014604289636370 
+1.458165446310943913 
+1.449583746525222594 
+1.440918915132026745 
+1.432517238083252709 
+1.424035474736004003 
+1.415812589575416780 
+1.407677743550626692 
+1.399630636976425091 
+1.391509436972573788 
+1.383638687979900972 
+1.376012766228492890 
+1.368313632764299959 
+1.360855254216114751 
+1.353479363021226956 
+1.346034601949082088 
+1.338824556792921339 
+1.331548519725469504 
+1.324357276575178322 
+1.317250534277392138 
+1.310085558107957571 
+1.303148650273356246 
+1.296295361764868481 
+1.289388105096489046 
+1.282702875535937093 
+1.276100389243151501 
+1.269448152018885168 
+1.263011960188322735 
+1.256657641017265625 
+1.250384907461629336 
+1.244193473072117584 
+1.238083051993572159 
+1.232175608858475879 
+1.226104109315521384 
+1.220235018970519558 
+1.214328486917418015 
+1.208620486719455656 
+1.202991791386726739 
+1.197329681443917604 
+1.191860355380979453 
+1.186469485123204493 
+1.181264433489457311 
+1.176134136852180045 
+1.170973794179181127 
+1.165890802470030962 
+1.160986277133664313 
+1.156055590612584449 
+1.151103159990107816 
+1.146326801919988814 
+1.137657764215875833 
+1.132913206547826235 
+1.128340738098584595 
+1.123846253569462217 
+1.119517039792163438 
+1.115262171972320804 
+1.111165962517145278 
+1.107057469939680239 
+1.102940934653979355 
+1.098980743943959837 
+1.095093548712664955 
+1.091279080590827899 
+1.087461456851782415 
+1.083793110665923543 
+1.080196684487090497 
+1.076671912249667074 
+1.073148792700393983 
+1.069836268192687179 
+1.066591740154538392 
+1.063414960619072147 
+1.060241621523335454 
+1.057200995692924916 
+1.054166132715572246 
+1.051200831663356094 
+1.048246449268753100 
+1.045363948611730542 
+1.042553053623355819 
+1.039867582884559827 
+1.037250358989981525 
+1.034701123813629664 
+1.032269587397615762 
+1.029902804215219181 
+1.027553253489292384 
+1.025316590501949232 
+1.023143954074587469 
+1.020991846904783173 
+1.018905958007587653 
+1.016886033691084545 
+1.014931820820425656 
+1.013080960164448374 
+1.011256084769518893 
+1.009531438830174377 
+1.007868893120749565 
+1.006235520923170590 
+1.004697751542392048 
+1.003191266183516728 
+1.001777316142379526 
+1.000396742836647590 
+0.999105659337759189 
+0.997850027573541798 
+0.996657143005273305 
+0.995526759613527545 
+0.994458631926902203 
+0.993452515021366001 
+0.992526821181242802 
+0.991642740123005240 
+0.990836124097574711 
+0.990073125457841208 
+0.989384655346009279 
+0.988741789919664438 
+0.988170537952919759 
+0.987646860748522482 
+0.987191903281130489 
+0.986786473510901097 
+0.986446891010099414 
+0.986158772079916979 
+0.985933649116109923 
+0.985761908615496729 
+0.985650333852453375 
+0.985594612080606058 
+0.985595109729617391 
+0.985651581463407922 
+0.985769084769472226 
+0.985942093202699876 
+0.986172137163157991 
+0.986465427326192135 
+0.986809995506544801 
+0.987219663234931488 
+0.987677808315680306 
+0.988202889191995837 
+0.988773668231786473 
+0.989966198907697770 
+0.990678145844162472 
+0.991459120638859659 
+0.992277028792217131 
+0.993147048257281284 
+0.994088722721917062 
+0.995084253816022279 
+0.996133415705154235 
+0.997235983078351484 
+0.998415870004095041 
+0.999625652915202778 
+1.000914476938814079 
+1.002230562094826194 
+1.003627393476359764 
+1.005078422057477106 
+1.006552785251879190 
+1.008110430129363078 
+1.009721572145807045 
+1.011385977497688771 
+1.013068546043326190 
+1.014801825680761382 
+1.016622525649665931 
+1.018457596257170472 
+1.020381711139517478 
+1.022317685062029469 
+1.024262257191984382 
+1.026296239114071973 
+1.028379409073375328 
+1.030467550937923971 
+1.032647459859534766 
+1.034875918021771923 
+1.037152712046467418 
+1.039429702149225587 
+1.041850456708625750 
+1.044270983125875851 
+1.046789857568406035 
+1.049306110617348686 
+1.051922226715246378 
+1.054533347812997235 
+1.057191107438392397 
+1.059839646513480282 
+1.062589116046683824 
+1.065327094033187372 
+1.068167459077487447 
+1.070994080101014934 
+1.073984806578947016 
+1.077022592361590814 
+1.080107219292230081 
+1.083175389238443920 
+1.086352120145716693 
+1.089575045288480037 
+1.092778121392385948 
+1.096025152165426952 
+1.099248340441099536 
+1.102581787319691031 
+1.105889241180612270 
+1.109238108065426776 
+1.112699263550323892 
+1.116203179405789836 
+1.119749656234201751 
+1.123412176432973197 
+1.127044037391661035 
+1.130793271536072009 
+1.134509708700407682 
+1.138344834428949071 
+1.142067076434411632 
+1.145828826011591861 
+1.149709505273176280 
+1.153550532642842796 
+1.157430513838555886 
+1.161431318104206856 
+1.165389462168969548 
+1.169469678872918195 
+1.176982419346462194 
+1.181088372348985782 
+1.185318756153906694 
+1.189500719549010377 
+1.193720025873418855 
+1.198065567046121771 
+1.202359792904943880 
+1.206872079619315752 
+1.211332673664344828 
+1.215831242102923149 
+1.220367597443694052 
+1.224941552668676437 
+1.229647419049486601 
+1.234296772685178567 
+1.239079189196825581 
+1.243803183646281507 
+1.248661379211523315 
+1.253459260757583849 
+1.258293435028701612 
+1.263263487047008304 
+1.268069929310438049 
+1.273011884271249006 
+1.277887465583551929 
+1.282797002308724732 
+1.287843668312717682 
+1.292821304645197511 
+1.298041902216875876 
+1.303193110607813843 
+1.308484996130824474 
+1.313705701720747854 
+1.318960535666505063 
+1.324357606942082377 
+1.329680852466294638 
+1.335037691116713887 
+1.340538298538773265 
+1.345851443125260616 
+1.351308005291518732 
+1.356685100928800569 
+1.362206604183625380 
+1.367646981152809360 
+1.373232743590059979 
+1.378850708731372832 
+1.384616342242682707 
+1.390298843642808757 
+1.396129972318769008 
+1.401758722916007560 
+1.407535758654507640 
+1.413225119193443069 
+1.423852744556749483 
+1.434702758557719227 
+1.440653154264657232 
+1.446633768646446327 
+1.452644434278401953 
+1.458561410033100358 
+1.464631072847703885 
+1.470730290690505759 
+1.476733531606130523 
+1.482890768210963328 
+1.489077067554704037 
+1.495165136743376255 
+1.501408484196570248 
+1.507680406014818120 
+1.513851878016977182 
+1.520309321057933705 
+1.526665989533965595 
+1.533050582876076984 
+1.539594092184308094 
+1.546034613498118437 
+1.552502573869928959 
+1.559130652158996710 
+1.565653562980358515 
+1.572203431015632757 
+1.578914593216306450 
+1.585518442169713271 
+1.592284357867936873 
+1.598941543643867647 
+1.605761557410992468 
+1.618105697997677339 
+1.625001102309093781 
+1.631784417821320554 
+1.638593135933914979 
+1.645566832754818520 
+1.652426403807399025 
+1.659451671152418761 
+1.666361468364467635 
+1.673295894179426258 
+1.680112534260483237 
+1.686952519096628800 
+1.693958935112713782 
+1.700845661709521339 
+1.707899497776246722 
+1.714977064348154778 
+1.722078211656296931 
+1.729202790349987584 
+1.736350651496167297 
+1.743521646578742645 
+1.750568582772980442 
+1.757784937233407785 
+1.765023985578578758 
+1.772285580945296868 
+1.779420700957258461 
+1.786577179279996930 
+1.793754879012711356 
+1.801103861547513674 
+1.808324029901156704 
+1.815716082447868862 
+1.822978165021326369 
+1.830412723218574733 
+1.837868539797675949 
+1.845192671381372884 
+1.852690150136989011 
+1.860362113892843894 
+1.867901540099853319 
+1.875461514770429217 
+1.883041897137511578 
+1.890797872186049888 
+1.898419058568613815 
+1.906060229924057436 
+1.913877800062708578 
+1.921558925068602264 
+1.929259615991537613 
+1.936821988157110708 
+1.944402874124102620 
+1.952160657688952750 
+1.959778563830254505 
+1.967573871250692275 
+1.975547596179395127 
+1.983380651734411471 
+1.991392613237057629 
+1.999423672576025490 
+2.007473686986575245 
+2.015380954141578584 
+2.023468080078659526 
+2.031411444311934655 
+2.039535127056482988 
+2.047514046358105855 
+2.055510364091210462 
+2.063687670065121438 
+2.071718738593331111 
+2.079602393823980933 
+2.087831751618660636 
+2.095913435648490974 
+2.104011731689227283 
+2.112292288922292371 
+2.120423753978422532 
+2.128571441777063811 
+2.136735224211047779 
+2.144747881134116518 
+2.152943148062707923 
+2.161321863995337544 
+2.169548751550429699 
+2.177791098937898795 
+2.186048780339173270 
+2.194490662283176352 
+2.202948247024384187 
+2.211082178605754400 
+2.219400246903512564 
+2.227733023271201596 
+2.235909884887688825 
+2.244271413232206580 
+2.252647282636673687 
+2.260866003063613849 
+2.269269901204674422 
+2.277859714778871059 
+2.286291727856063272 
+2.294737473571211162 
+2.303196831354564544 
+2.311842735946250560 
+2.320329229289825435 
+2.328828972775750294 
+2.337341847317974342 
+2.346041866547456500 
+2.354580909325928673 
+2.363132725700330283 
+2.371697198057776568 
+2.380274209150186504 
+2.389214493362769254 
+2.397992414566779917 
+2.406607084524037710 
+2.415233820780958052 
+2.424048931292537290 
+2.432699694626433207 
+2.441362176769508618 
+2.450213405603849814 
+2.459076596328364506 
+2.467774012346040990 
+2.476482687412932648 
+2.485380579454631977 
+2.494111658350136373 
+2.503032177478070608 
+2.511963947249247653 
+2.520727882889716831 
+2.529502398852205847 
+2.538466778065870511 
+2.547262333104685972 
+2.556247951263858731 
+2.565244122370652580 
+2.574250730289877609 
+2.583267659265392702 
+2.592294793919410090 
+2.601332019251760830 
+2.610198179585662803 
+2.618892584018249536 
+2.627595978433623358 
+2.636671465657595359 
+2.645756485493639953 
+2.654850925154883967 
+2.663772506798339545 
+2.672520580850384242 
+2.681277032601228072 
+2.690224449449050148 
+2.698997530814108092 
+2.707778693290551875 
+2.716751030734313233 
+2.725731584413470632 
+2.734720251226733012 
+2.743900616755287736 
+2.752905362206282458 
+2.762101921549724892 
+2.770938162686501727 
+2.779966014557434306 
+2.789001365968179158 
+2.797859496958905900 
+2.806909397608623458 
+2.815966498607745727 
+2.825030700204570699 
+2.833916707063070195 
+2.843180007840754087 
+2.852264916030976316 
+2.861356529119337466 
+2.870454749004485606 
+2.879745355797451722 
+2.888856626120146931 
+2.897974208923068229 
+2.907284271432272860 
+2.916414313042937856 
+2.925550375792663971 
+2.934505734092740070 
+2.943653434004824376 
+2.952620009005926249 
+2.961965948884401456 
+2.978990311620384190 
+2.988164989616918898 
+2.997532346959404848 
+3.006717594477399391 
+3.016095543101799947 
+3.025478694030678817 
+3.034679134686676605 
+3.043884385435238205 
+3.053094354594185766 
+3.062497051319461150 
+3.071716275137895025 
+3.080939942359778971 
+3.090167962565907089 
+3.099400245649563956 
+3.108636701815889580 
+3.117877241581218595 
+3.127310480703115125 
+3.136558999239240197 
+3.145622472288839067 
+3.154878457814648041 
+3.163949076385343062 
+3.173212184292340865 
+3.182289611976044430 
+3.191559500037047137 
+3.201021966130500829 
+3.210487771974290361 
+3.219956826081642909 
+3.229429037294695437 
+3.238904314783782823 
+3.248382568046692231 
+3.257863706907972112 
+3.267157936007223817 
+3.276265009215787671 
+3.285374499196842102 
+3.294676181348934474 
+3.303790315432644675 
+3.313096575358102758 
+3.322405024282233388 
+3.331525547862204562 
+3.340838087104704535 
+3.350342681584227211 
+3.359659064515654769 
+3.368977226924809720 
+3.378297087788875164 
+3.387808816913924215 
+3.397322145005913452 
+3.406836986918497789 
+3.416353257820033296 
+3.425870873192877308 
+3.435389748832677004 
+3.452717062675869641 
+3.462239041428928132 
+3.471761961659505680 
+3.481285740663127459 
+3.490619797859721540 
+3.500145034448270298 
+3.509670885180622424 
+3.519197268578183824 
+3.528533562869659690 
+3.538060761763939688 
+3.547588252330252878 
+3.557115954304447936 
+3.566453230284827747 
+3.575790557529510583 
+3.584937304845421391 
+3.594274513541559468 
+3.603802101257664425 
+3.613329432973674926 
+3.622856430503823333 
+3.632383015960707784 
+3.641718595137800829 
+3.651053631291398371 
+3.660578543409627628 
+3.669912261573211154 
+3.679245218634289660 
+3.688767785281571676 
+3.698098986247913000 
+3.707429210507348749 
+3.716948767178273716 
+3.726276802219836704 
+3.735603647406748884 
+3.745119537167433510 
+3.754443764958636631 
+3.763766592186141846 
+3.773087949622457415 
+3.782597952181858236 
+3.792106279552681425 
+3.801612859032120983 
+3.811117618202179980 
+3.820620484928979987 
+3.830121387362015462 
+3.839430297015002935 
+3.848737184329257488 
+3.858041982467814712 
+3.867534451785128002 
+3.876834826058575434 
+3.886132910849807498 
+3.895428640358192141 
+3.904721949039224427 
+3.914202353884912000 
+3.923490572559334311 
+3.932776173983770107 
+3.941869673527907736 
+3.951149903823619969 
+3.967998604028916798 
+3.977081562988901808 
+3.986350793890435895 
+3.995616975304194352 
+4.005069053790388800 
+4.014517825160214493 
+4.023585472877153180 
+4.032649953387469566 
+4.041899950008883025 
+4.051146523931103971 
+4.060201014556045429 
+4.069440632263333413 
+4.078865097325095945 
+4.088285744609269301 
+4.097702509980943653 
+4.107303545274870515 
+4.116712274630189405 
+4.126116929974656067 
+4.135329478808664305 
+4.144537995241662998 
+4.153930222778184245 
+4.162942695563429218 
+4.172326392981323906 
+4.181518105561809584 
+4.190518038388082012 
+4.199513766040572804 
+4.208692511070174724 
+4.217679576070684888 
+4.226662273334355291 
+4.235827549504575629 
+4.244801257583213250 
+4.253957246697772199 
+4.262921749351232137 
+4.272068231560258944 
+4.281023314299968519 
+4.290160071536661235 
+4.299105521615821601 
+4.308232337586431981 
+4.317540153886488596 
+4.326842598287577779 
+4.343759073426578965 
+4.353046059208768526 
+4.362513024556748498 
+4.371788658231047009 
+4.380873244314893000 
+4.390137526908993060 
+4.399395993035928321 
+4.408463592937084563 
+4.417525500836498864 
+4.426396902756247975 
+4.435262743925326490 
+4.451871039319423851 
+4.460720623643014804 
+4.469564460235295300 
+4.478586565215431747 
+4.487418641002717479 
+4.496428641216358102 
+4.505248762752423808 
+4.514430022749541749 
+4.523604734053048304 
+4.532589546858039498 
+4.541751136676180245 
+4.550906021613377206 
+4.559871253700741534 
+4.569012709902548153 
+4.577964682660732088 
+4.586910019712741260 
+4.596031024558874911 
+4.604962808330726354 
+4.613887811847046549 
+4.622624052635451619 
+4.631535494286286081 
+4.640440014917087019 
+4.649337567689634909 
+4.658228105967995525 
+4.667292804928740324 
+4.676169029592719184 
+4.685038100124565119 
+4.694080749907804773 
+4.702935226543759839 
+4.711962889777037589 
+4.720802587077878698 
+4.729815075369365296 
+4.738639809523630397 
+4.747457070170656657 
+4.756266812872564920 
+4.765068993385884966 
+4.773863567660920459 
+4.782829736862511893 
+4.791608809814842829 
+4.800380144650623571 
+4.809143698092572805 
+4.817899427053894179 
+4.826825734207541352 
+4.835565523832268120 
+4.844297359986637019 
+4.853021200343132335 
+4.861914792292015619 
+4.870622349487122804 
+4.879144326154484901 
+4.887835763778822340 
+4.896341870210886071 
+4.905017026034227179 
+4.913683895808169666 
+4.929404435420979169 
+4.937871440090317421 
+4.946682623658481326 
+4.955309016151161039 
+4.971306822126711822 
+4.979908763103468416 
+4.988502069713309339 
+4.997086702661516000 
+5.005837550614970155 
+5.014404540049717696 
+5.022962738204897803 
+5.031512106490890979 
+5.047191896698219438 
+5.055889876638638647 
+5.064404828544420312 
+5.072737265412021301 
+5.081234335164500848 
+5.089722315841221700 
+5.098028223822732130 
+5.106498102157717156 
+5.114786206223296716 
+5.123237837564607489 
+5.131507996650253034 
+5.139941237641681759 
+5.148193311947808937 
+5.156436385764864738 
+5.164841871500447823 
+5.173237906856343216 
+5.181624456227532427 
+5.190001484171126833 
+5.198198286445963490 
+5.206556361952933365 
+5.214734531313784061 
+5.222903430770614364 
+5.231232920203780168 
+5.239552681028296632 
+5.247862678908752798 
+5.255993585969578774 
+5.264284156557602401 
+5.272395967643602965 
+5.280666978211201901 
+5.288759563892336146 
+5.297010882911979301 
+5.305252205030605239 
+5.313483497141287870 
+5.321704726288959186 
+5.329748386650344116 
+5.337949598638695115 
+5.345973587818166450 
+5.353987796790328879 
+5.362158849038187292 
+5.377140163509224635 
+5.385282040340297449 
+5.393413571422978947 
+5.401700354813867122 
+5.409810887283015290 
+5.417745775852885970 
+5.425835610335678183 
+5.433750163824180746 
+5.441654610809944614 
+5.449713279326260817 
+5.457597214946858344 
+5.465634885131693821 
+5.473825608360259665 
+5.481841725096144202 
+5.489847128656181852 
+5.497841789224396258 
+5.505988501233561649 
+5.513961366157649202 
+5.521923398862769616 
+5.529874570079863716 
+5.537976783616683996 
+5.545905921437007891 
+5.553824110178158691 
+5.561731321107474812 
+5.569788557852751509 
+5.577673501989616867 
+5.585707958365221160 
+5.593570520037411953 
+5.601421961054622756 
+5.609262253470325810 
+5.617251030776311715 
+5.625068713717277902 
+5.633034362594408151 
+5.640829323548892660 
+5.648771729718900403 
+5.656543857210519555 
+5.664462907446107920 
+5.672370119052137838 
+5.680107673136784996 
+5.687991360352381953 
+5.695705806194171217 
+5.703565858376142828 
+5.711413931942670885 
+5.719093395559284865 
+5.726917669473046146 
+5.734729882202429962 
+5.742374122457561292 
+5.750162373169921182 
+5.757627670413208776 
+5.765081753053497238 
+5.772679536813761558 
+5.780110883908838204 
+5.787530944660739252 
+5.795093924073226432 
+5.802645092519995274 
+5.810338165702845892 
+5.817865395565882558 
+5.825380739838330157 
+5.832884174034287383 
+5.840222905481914140 
+5.847702690799265746 
+5.855018209516330785 
+5.862474251262717928 
+5.869918263097947175 
+5.877501768114493430 
+5.884770101751938931 
+5.892177881190953315 
+5.899573535957989279 
+5.906806480396976866 
+5.914178064258223344 
+5.921537453933630069 
+5.928884626295123361 
+5.936369123193847130 
+5.943691541435438985 
+5.951001673113858637 
+5.958448302324253376 
+5.965733540882184549 
+5.973154721921575927 
+5.980414975383725462 
+5.987810614805670895 
+5.995193319160687651 
+6.002415797151119392 
+6.009772820758200851 
+6.016970086706891152 
+6.024154840904067498 
+6.031473302774376322 
+6.038632711794410746 
+6.045779543584616000 
+6.052913776647901756 
+6.060180597061163965 
+6.067289310325456597 
+6.074530045820988988 
+6.081757573600662603 
+6.088971871295978389 
+6.096172916631607208 
+6.103360687424662423 
+6.110535161583975139 
+6.117553224663327072 
+6.124701306669915191 
+6.131693463433967040 
+6.138815067735723829 
+6.145781234681340521 
+6.152876276413102197 
+6.159816370704980670 
+6.166743529906647758 
+6.179573868207349108 
+6.186604438474628154 
+6.193621459790638717 
+6.200624911167981423 
+6.207614771701067902 
+6.214591020565443102 
+6.221414518419431161 
+6.228363755057337414 
+6.235299318443521699 
+6.242082885007768311 
+6.248991314925129714 
+6.255886010702502276 
+6.262629468156927004 
+6.269359696849146069 
+6.276076677830934258 
+6.282643714459362094 
+6.289334414766134529 
+6.295875671013211772 
+6.302540017179337539 
+6.309055421330553415 
+6.315558006320863171 
+6.322182821239170636 
+6.328659447853934417 
+6.335123202984316748 
+6.341708325299533655 
+6.348146016850915174 
+6.354570785118911047 
+6.361249491493129682 
+6.367780982528318034 
+6.374298952017362296 
+6.380803382016955183 
+6.387426580140938448 
+6.393903600332301096 
+6.400367027186796065 
+6.406948330037108619 
+6.413384238808915505 
+6.419937425263129605 
+6.426476383706821061 
+6.432870741051816665 
+6.439381473251671650 
+6.445618338727453711 
+6.451971544330109332 
+6.458310998042191109 
+6.464507724769627650 
+6.470819904561730951 
+6.476989881033610175 
+6.483402837732617385 
+6.489673556973691859 
+6.495930421971761959 
+6.502300679261253435 
+6.508529501355532432 
+6.514744418142000448 
+6.520945412803706986 
+6.527006341564321801 
+6.533053878828218863 
+6.539213577270146516 
+6.545234004704351349 
+6.551365995947096899 
+6.557359249795578826 
+6.563339033434241188 
+6.569429485721263617 
+6.575505868086137795 
+6.586629861260998808 
+6.592666241782408676 
+6.598688489600080587 
+6.604819055261530458 
+6.610812699621112287 
+6.616670274235726623 
+6.622635828813569603 
+6.628465855892304859 
+6.634282228311136009 
+6.640084930954381015 
+6.645994407643310176 
+6.651769439925697469 
+6.657530756939614491 
+6.663517528272777213 
+6.669370093530815780 
+6.675208318292728649 
+6.681032186677766660 
+6.686960094217839767 
+6.692754908512166701 
+6.698535318619191159 
+6.704301308759204936 
+6.710170091417711369 
+6.716023826411348097 
+6.721862497047943918 
+6.732334088821714246 
+6.738130490652232574 
+6.743680804589848421 
+6.749447540757351760 
+6.755084234006789146 
+6.760706351947573189 
+6.766428166315369808 
+6.772020788728145391 
+6.777598788888649750 
+6.783162151285914376 
+6.788823946702203571 
+6.798976677165381233 
+6.804595664238123121 
+6.814671223819900980 
+6.820135903403690136 
+6.825585826003406353 
+6.831020976211734208 
+6.836551804188015780 
+6.841957061159973819 
+6.847347499254505365 
+6.852613545276755147 
+6.857974602701181865 
+6.863320795450881029 
+6.868543454705296369 
+6.873860176171055159 
+6.879270032072852814 
+6.884556612563152100 
+6.889720816597391995 
+6.894977804258021870 
+6.900112989944413577 
+6.905340324642315508 
+6.910446433076049111 
+6.915538130978522879 
+6.920826643707583159 
+6.925994184815557730 
+6.931146662649094736 
+6.936179367795036299 
+6.941301981200771465 
+6.946409485563405539 
+6.951501865512007328 
+6.956475639959686319 
+6.961538034385110763 
+6.966688105067435188 
+6.971719833516837994 
+6.976736360591482722 
+6.981737670873465973 
+6.986825346918722701 
+6.991795865982878055 
+6.996751121621814562 
+7.001590435348207464 
+7.006515430020931134 
+7.011325070636096335 
+7.016219743646269436 
+7.021099076418201079 
+7.025963053419744142 
+7.030712861718232176 
+7.035546394691857941 
+7.040364525518477024 
+7.045069378262137860 
+7.049856973100434132 
+7.054531883043948071 
+7.059288880615609330 
+7.064030398490745100 
+7.068660126526008725 
+7.073370954602923533 
+7.078066256144767365 
+7.082746015386701899 
+7.087315184381817623 
+7.091964129626691538 
+7.096597485455504284 
+7.101215236005086417 
+7.105817365385920681 
+7.110310412208759701 
+7.114881571084094247 
+7.119344248823109567 
+7.123884374602136305 
+7.128408800001972523 
+7.132825651699077341 
+7.137227406773349436 
+7.141705277669929686 
+7.146076478699214363 
+7.150523127325905115 
+7.154953979731789815 
+7.159369019664076461 
+7.163857845726345985 
+7.168240888274095113 
+7.172608069044530410 
+7.176959371641235208 
+7.181383091729175661 
+7.185702263751384322 
+7.190005507846469079 
+7.194380137239058115 
+7.198738147090407047 
+7.203079519728887270 
+7.207404237438023387 
+7.211712282455870593 
+7.216003636974223312 
+7.220192954072269131 
+7.224366207617133995 
+7.228523380714733548 
+7.232748800444520398 
+7.236873432741422363 
+7.240898247699315782 
+7.244990929151082781 
+7.248984412493872043 
+7.253045075982802459 
+7.257007161778151527 
+7.261035739807605083 
+7.265048083935197631 
+7.269125560366436645 
+7.273105052320147479 
+7.277068257736546641 
+7.280934773164849716 
+7.284865686126820172 
+7.288700534325025515 
+7.292519687045325050 
+7.296481263071151524 
+7.300425771392847096 
+7.304274812171223985 
+7.308185470386824534 
+7.312001301424065680 
+7.315878034640109995 
+7.319660582297558449 
+7.323503315121787871 
+7.327252505266553584 
+7.330985157545898190 
+7.334776919790856553 
+7.338476102787209854 
+7.342158692311640422 
+7.345824669825697484 
+7.349474016726107450 
+7.353106714344082917 
+7.356722743944698273 
+7.360395368820466189 
+7.363977664784270516 
+7.367543235735244167 
+7.371019805122690727 
+7.374552211251324429 
+7.377996255968256811 
+7.381495422246628912 
+7.384906868527670198 
+7.388302156174002100 
+7.391751492911850185 
+7.395114070835664855 
+7.398529978116129335 
+7.401998160002865035 
+7.405379869159497197 
+7.408813113842378506 
+7.412160544046654920 
+7.415558768725509786 
+7.418871838514910166 
+7.422167871298284147 
+7.425580320013306590 
+7.428907897801109605 
+7.432217671470823461 
+7.435509619304736084 
+7.438783719496420588 
+7.442039950150004302 
+7.447791759305673054 
+7.450870283890775880 
+7.453995878870577130 
+7.457040948840355732 
+7.460069434030211610 
+7.463206448905393309 
+7.466263221366109981 
+7.469302646991161865 
+7.472324704328685563 
+7.475390510362266205 
+7.478377410848632501 
+7.481346877707795606 
+7.484298889123963683 
+7.487233423189127990 
+7.490150457902485570 
+7.493108962315414345 
+7.495990573683114278 
+7.498854618677349038 
+7.501758982563920597 
+7.504645008580080656 
+7.507512672738786641 
+7.510361950947425314 
+7.513136382222287857 
+7.515949184754712853 
+7.518743528907492646 
+7.521519390160462670 
+7.524276743884197316 
+7.526960970687057717 
+7.531898663249750214 
+7.534531908287624979 
+7.537147264157738391 
+7.539797529428891920 
+7.542429117756328516 
+7.544937847611214998 
+7.549543765992556388 
+7.552105275573127052 
+7.554647986303374196 
+7.557171872127870671 
+7.559626991087799119 
+7.562113526263933849 
+7.564531990965950747 
+7.566932276006650859 
+7.569265924556158431 
+7.571630147201618755 
+7.574023801755682683 
+7.576351116178278389 
+7.578707056209610826 
+7.581043907946148686 
+7.583361644002101443 
+7.585614452789445572 
+7.587848850440998660 
+7.590019771612618982 
+7.592217645548302585 
+7.594352737889654037 
+7.596470062951248714 
+7.598613146612740010 
+7.600737662191898281 
+7.602843582841285475 
+7.606663067564880087 
+7.608674380510108470 
+7.610709087903246406 
+7.612684114214708586 
+7.614681725105043597 
+7.616620358948646974 
+7.618580764806332617 
+7.620561762351362844 
+7.622484083125629972 
+7.624387511174561816 
+7.626272018161029287 
+7.628175450709450800 
+7.629984154944819963 
+7.631811727412866730 
+7.633583545714388130 
+7.635373407108398958 
+7.637144175250140776 
+7.638860264347471229 
+7.640628314596432880 
+7.642341626872555693 
+7.644035728038296007 
+7.645710588288320508 
+7.647399764353068008 
+7.649035658593643205 
+7.650652221056005509 
+7.653538882876834926 
+7.655069154794960085 
+7.656612057839127239 
+7.658104586823495374 
+7.659608899941881432 
+7.661123770603591510 
+7.662588572120247576 
+7.664063059424234048 
+7.665517101112173215 
+7.666950663430139201 
+7.668363712465198212 
+7.669700909015681134 
+7.671046400057433878 
+7.672345236635702115 
+7.673625044869671008 
+7.674885794059745692 
+7.676153118052577717 
+7.677375257819303300 
+7.678627953323820421 
+7.679835398234675203 
+7.681022816829144340 
+7.682190175540285715 
+7.683360644761763503 
+7.684487371268134304 
+7.685593935564818402 
+7.686680303459951347 
+7.687767987614592791 
+7.688813445565020110 
+7.689838602884210061 
+7.690843424744848278 
+7.691847754655205982 
+7.692811383669710068 
+7.693754571060784642 
+7.694695898713660220 
+7.695597677276438731 
+7.696496676629994482 
+7.697356900218843556 
+7.698213421456377326 
+7.699031942573462572 
+7.699845834492862195 
+7.700622504277236047 
+7.701378404270423417 
+7.702098703824147741 
+7.702799002295731334 
+7.703493223441276960 
+7.704152995866605735 
+7.704805773087555210 
+7.705437558474023341 
+7.706048314046284098 
+7.706638001652346581 
+7.707217966632593509 
+7.707764971230544049 
+7.708290791576478895 
+7.708795388819979166 
+7.709288366254383185 
+7.709749964909282660 
+7.710181450797573000 
+7.710592420181344941 
+7.710990750537316529 
+7.711360145314732684 
+7.711708910260917982 
+7.712043622842792878 
+7.712350582644309505 
+7.712648272652648629 
+7.712923409900753313 
+7.713171121746762893 
+7.713401475858258749 
+7.713609146845270104 
+7.713790614703624371 
+7.713953242678610600 
+7.714090483013144706 
+7.714205769457341155 
+7.714299059713513707 
+7.714371535637311261 
+7.714420254787281550 
+7.714446848850272431 
+7.714451274769746902 
+7.714434074575155620 
+7.714394488891461954 
+7.714334091736994026 
+7.714250323489705963 
+7.714146561173194527 
+7.714015589310427856 
+7.713864534782748805 
+7.713690962574805354 
+7.713490589909833162 
+7.713271385942555902 
+7.713029528425203729 
+7.712764971977674300 
+7.712477671021604309 
+7.712161013765149065 
+7.711827619734690664 
+7.711471342320549205 
+7.711092135141004000 
+7.710681504220697313 
+7.710255827210156454 
+7.709807079116577810 
+7.709335212744250931 
+7.708850515262285263 
+7.708332744146165538 
+7.707791712914986881 
+7.707239123988635754 
+7.706651905428957505 
+7.706041283088708838 
+7.705394023501174416 
+7.704722292602027345 
+7.704040204026936678 
+7.703319865950699175 
+7.701961161149784907 
+7.700538783226944517 
+7.699722132514949635 
+7.698898989597871889 
+7.698035007031080568 
+7.697128666936830399 
+7.696197297917842128 
+7.695260220655613992 
+7.694279133234911860 
+7.693272853665567901 
+7.692262205026659139 
+7.691205881796265409 
+7.690146083570927438 
+7.689039498259029770 
+7.687930335487179079 
+7.686773267817298638 
+7.685614523714396462 
+7.684406751542890213 
+7.683223118665654994 
+7.681990349936233642 
+7.680732798173490750 
+7.679423978714956078 
+7.678116188722691859 
+7.676783450532784769 
+7.675425709006155728 
+7.674014427053847953 
+7.672634994245379758 
+7.671231408181454547 
+7.669773612727632361 
+7.668321055911532014 
+7.666782121361310764 
+7.665248312191628166 
+7.663656964414161443 
+7.662039054859223874 
+7.660427674432630951 
+7.658756992229028171 
+7.657059565593656636 
+7.655370080484574125 
+7.652163963601008589 
+7.650364342309714516 
+7.648574476321443605 
+7.646758578499811776 
+7.644878725567419764 
+7.643010050807899525 
+7.641115163556960965 
+7.639194003517056686 
+7.637246510148258949 
+7.635313170318852372 
+7.633354445332350302 
+7.631328669808492116 
+7.629318469637953015 
+7.627282709655210269 
+7.625178113378749067 
+7.623090523175836353 
+7.620932894699817162 
+7.618793234428228089 
+7.616582327944605879 
+7.614298460391169421 
+7.610116417689401835 
+7.607753450865562428 
+7.605410210506276414 
+7.602990986812882213 
+7.600543248265039686 
+7.598166528419476151 
+7.595713058076743351 
+7.593181085078996695 
+7.590671821498000682 
+7.588082779467944405 
+7.585517453293847190 
+7.582871066297112606 
+7.580249406050744376 
+7.577545395979655929 
+7.574867128046547826 
+7.572105214609122115 
+7.569313949822265464 
+7.566493261346498578 
+7.563700369788432631 
+7.560879081353037101 
+7.558087770400983452 
+7.555210064335599718 
+7.552363354165970932 
+7.549428958478072715 
+7.546526581639353637 
+7.543535222272154783 
+7.540514982592307902 
+7.537528310107968643 
+7.531789578496966620 
+7.528593657672664641 
+7.525367305368351190 
+7.522175881716930412 
+7.518889048963007582 
+7.515638206579150271 
+7.512357845009268509 
+7.509047891105031347 
+7.505639806534027514 
+7.502269839719063249 
+7.498939739776338875 
+7.495510679544876709 
+7.492122549386946773 
+7.488634103675381404 
+7.485115547394599389 
+7.481639530727571596 
+7.478134476539579190 
+7.474526375028223590 
+7.470813290413516050 
+7.467143668299319970 
+7.463367647988514264 
+7.459559720149865569 
+7.455796914997711688 
+7.452003309318570246 
+7.448100452443040531 
+7.444244379113053256 
+7.440357269066232071 
+7.436358755202945758 
+7.432408697662319597 
+7.428508929439881392 
+7.424579074351739472 
+7.420536235636696176 
+7.416545350402422798 
+7.412440052625077769 
+7.408303083142026679 
+7.404134360869488951 
+7.399847746749110833 
+7.395614622277462580 
+7.391349498328382062 
+7.386964259936441124 
+7.382634232662890206 
+7.378271956532383768 
+7.373787325267100456 
+7.369359639230774306 
+7.364808089024995397 
+7.360314651157461974 
+7.355695831849752508 
+7.351136297757249416 
+7.346543921196499127 
+7.341823879471352399 
+7.337164887207343611 
+7.332472793981921200 
+7.327650733148491469 
+7.322891499164438045 
+7.318098902956316820 
+7.313174017788424131 
+7.308313750152858113 
+7.303520068332132631 
+7.298593149038707928 
+7.293734006529539293 
+7.288740089388143772 
+7.283815145892223342 
+7.278753882314772383 
+7.273762795179912644 
+7.268633834170387331 
+7.263470541284265281 
+7.258166391149583063 
+7.252933457407285900 
+7.247665917493534060 
+7.242363679962921630 
+7.236917371254568465 
+7.231544750064657023 
+7.226137153138314062 
+7.220694487758573921 
+7.215216660890567013 
+7.209590699567907990 
+7.204041546968002585 
+7.198456949939748384 
+7.192836814163542591 
+7.187065249446247250 
+7.181256481174529860 
+7.175410408099193837 
+7.169526928620660655 
+7.158722670285579071 
+7.152853314864252354 
+7.146826758266818125 
+7.140883963880051866 
+7.134782266745951951 
+7.128765635200268846 
+7.122712309841622513 
+7.116497520227750506 
+7.110369757382882128 
+7.104205002090698606 
+7.097749228872904048 
+7.091636400401730711 
+7.085359307113311189 
+7.079174060739969576 
+7.072822843521035630 
+7.066564792023156016 
+7.060270569248071837 
+7.048238139862333718 
+7.041838629875689648 
+7.035268100018988946 
+7.028794636530363960 
+7.022284430723233939 
+7.015600595776113835 
+7.009015841664481883 
+7.002117336231802547 
+6.995317702302211060 
+6.988479258810130545 
+6.981601900234380764 
+6.974543963065016783 
+6.967587656763339687 
+6.960592114574685851 
+6.953557229594258260 
+6.946627663800725827 
+6.939660140601366933 
+6.932508203476151820 
+6.925463664668882302 
+6.918232894946513056 
+6.911110923549605545 
+6.903800894207434702 
+6.896450663298740125 
+6.889211351884745760 
+6.881781213499253980 
+6.874463413214726870 
+6.866952933509294255 
+6.859401703210674661 
+6.851964960415612538 
+6.844332730626890182 
+6.836659416193116456 
+6.828787035520184290 
+6.821030368720927939 
+6.813232275421640338 
+6.805392641721601521 
+6.797350076216672754 
+6.789588295722142952 
+6.781623353825002809 
+6.773616412330349945 
+6.765402649740481777 
+6.757310498510374686 
+6.749175997113378678 
+6.740831708846892312 
+6.732611286076837231 
+6.724348159255954194 
+6.716212148465642073 
+6.707864136999411642 
+6.692591214770175156 
+6.684294919623948061 
+6.675956987400620157 
+6.667227244160413235 
+6.658628020966065542 
+6.650161871933637059 
+6.641475921777489688 
+6.632924582876752240 
+6.624151429644015820 
+6.615514433062168465 
+6.606653597747344620 
+6.597930472835017213 
+6.588981473531957178 
+6.579987753652329019 
+6.571134098685231351 
+6.562051483983326605 
+6.553110509117740179 
+6.536229145720600542 
+6.527163113485009660 
+6.517863100956660105 
+6.508708579347265655 
+6.499510088995172907 
+6.482143992852317460 
+6.472623669227919763 
+6.463057037435703478 
+6.453247299097061074 
+6.443586712272329819 
+6.433879426843726712 
+6.424125312769477958 
+6.414524731779223998 
+6.404878965888865849 
+6.394985511719183613 
+6.385044710239338173 
+6.374852091720256020 
+6.364815226281065108 
+6.354524307234756364 
+6.344390835917597116 
+6.334001061718205428 
+6.323770439372415453 
+6.313281252090850337 
+6.294273555754735128 
+6.283642825507714136 
+6.273175400528245405 
+6.262659027089254593 
+6.252309681675821906 
+6.241696006821294773 
+6.231032975116183259 
+6.220101309392106259 
+6.209338135656663482 
+6.198525187467004649 
+6.187440114008118996 
+6.176526176364359522 
+6.165786303498546950 
+6.154772862805683253 
+6.143935247932345689 
+6.133049065766082109 
+6.121885854448983366 
+6.110901119567639483 
+6.099637023966035798 
+6.088090296101749566 
+6.076722659551878181 
+6.065303558947504392 
+6.053832850372998564 
+6.042074697364199665 
+6.030499278829925203 
+6.018871815151149107 
+6.007192160761205102 
+5.995220195318841760 
+5.983434648545486567 
+5.971596468883553221 
+5.959705509104614940 
+5.948005904405095023 
+5.935764658206116984 
+5.923467993123082920 
+5.911363341480269540 
+5.898956479849273293 
+5.886493726562314954 
+5.874225848494138091 
+5.861903988256184306 
+5.849781108234944682 
+5.827165331733946019 
+5.814637181430981627 
+5.802311661835387824 
+5.789933498424820080 
+5.777243006433746331 
+5.764758017967368531 
+5.752219948757304024 
+5.739365767689744047 
+5.726719986851334987 
+5.714020684761737634 
+5.700735174221396306 
+5.687658715740274928 
+5.674257412453885152 
+5.661067156542108236 
+5.647549405439463044 
+5.634244708353173259 
+5.620609850738661706 
+5.607190065175827520 
+5.593437438717676180 
+5.579625080160438344 
+5.565752819158033660 
+5.552099721403045862 
+5.538108349157271348 
+5.524338192896808053 
+5.510792647669111588 
+5.496907155981141102 
+5.483248316738199790 
+5.469246851009579302 
+5.455474090503240170 
+5.441356008712967096 
+5.427468696351754218 
+5.413233353060854292 
+5.399230854900281429 
+5.384877601241706557 
+5.370759279974359757 
+5.344429157220297100 
+5.330146158497581332 
+5.315505769732450148 
+5.300804769181080900 
+5.285741092911825589 
+5.270917115598933833 
+5.255727599387540749 
+5.240779951627114741 
+5.225463885740399661 
+5.210083634930795071 
+5.194639016706841694 
+5.179440665239456010 
+5.163868059231016439 
+5.148543926829907136 
