3.55923
5.01942
0.471521
3.55923
0.471521
0.471521
0.471521
0.927832
0.927832
4.44143
0.927832
0.927832
3.98512
3.98512
0.471521
0.471521
0.958253
0.471521
0.471521
0.471521
0.927832
0.927832
0.927832
2.79871
2.84434
0.927832
4.44143
4.44143
4.22848
4.22848
3.77217
0.471521
0.471521
0.471521
0.471521
0.471521
0.471521
0.471521
0.471521
0.471521
0.471521
4.82169
4.82169
4.82169
4.82169
4.82169
4.82169
4.82169
4.82169
0.471521
0.471521
0.471521
0.471521
0.471521
0.471521
0.471521
0.471521
0.471521
0.471521
0.471521
0.471521
0.471521
0.471521
3.98512
3.77217
3.77217
3.77217
3.77217
4.22848
5.278
8.57865
3.77217
0.471521
0.471521
0.471521
0.471521
0.471521
0.471521
0.471521
0.471521
0.471521
0.471521
0.471521
0.471521
0.471521
0.471521
0.471521
0.471521
0.471521
0.471521
0.471521
0.471521
0.471521
0.471521
0.471521
0.471521
0.471521
0.471521
0.471521
0.471521
0.471521
0.471521
0.471521
0.471521
0.471521
0.471521
0.471521
0.471521
0.471521
0.471521
0.471521
0.471521
0.471521
0.471521
0.471521
0.471521
0.471521
0.471521
0.471521
0.471521
0.471521
0.471521
0.471521
0.471521
0.471521
0.471521
0.471521
0.471521
0.471521
0.471521
0.471521
0.471521
0.471521
0.471521
0.471521
0.471521
0.471521
0.471521
0.471521
0.471521
0.471521
0.471521
0.471521
0.471521
0.471521
0.471521
0.471521
0.471521
0.471521
0.471521
0.471521
0.471521
0.471521
0.471521
0.471521
0.471521
0.471521
0.471521
0.471521
0.471521
0.471521
0.471521
0.471521
0.471521
0.471521
0.471521
0.471521
0.471521
0.471521
0.471521
0.471521
0.471521
0.471521
0.471521
0.471521
0.471521
0.471521
0.471521
0.471521
0.471521
0.471521
0.471521
0.471521
0.471521
0.471521
0.471521
0.471521
0.471521
0.471521
0.471521
0.471521
0.471521
0.471521
0.471521
0.471521
0.471521
0.471521
0.471521
0.471521
0.471521
0.471521
0.471521
0.471521
0.471521
0.471521
0.471521
0.471521
0.471521
0.471521
0.471521
0.471521
0.471521
0.471521
0.471521
0.471521
0.471521
0.471521
0.471521
0.471521
0.471521
0.471521
0.471521
0.471521
0.471521
0.471521
0.471521
0.471521
0.471521
0.471521
0.471521
0.471521
0.471521
0.471521
0.471521
0.471521
0.471521
0.471521
0.471521
0.471521
0.471521
0.471521
0.471521
0.471521
0.471521
0.471521
0.471521
0.471521
0.471521
0.471521
0.471521
0.471521
0.471521
0.471521
0.471521
0.471521
0.471521
0.471521
0.471521
0.471521
0.471521
0.471521
0.471521
0.471521
0.471521
0.471521
0.471521
0.471521
0.471521
0.471521
0.471521
0.471521
0.471521
0.471521
0.471521
0.471521
0.471521
0.471521
0.471521
0.471521
0.471521
0.471521
0.471521
0.471521
0.471521
0.471521
0.471521
0.471521
0.471521
0.471521
0.471521
0.471521
0.471521
0.471521
0.471521
0.471521
0.471521
0.471521
0.471521
0.471521
0.471521
0.471521
0.471521
0.471521
0.471521
0.471521
0.471521
0.471521
0.471521
0.471521
0.471521
0.471521
0.471521
0.471521
0.471521
0.471521
0.471521
0.471521
0.471521
0.471521
0.471521
0.471521
0.471521
0.471521
0.471521
0.471521
0.471521
0.471521
0.471521
0.471521
0.471521
0.471521
0.471521
0.471521
0.471521
0.471521
0.471521
0.471521
0.471521
0.471521
0.471521
0.471521
0.471521
0.471521
0.471521
0.471521
0.471521
0.471521
0.471521
0.471521
0.471521
0.471521
0.471521
0.471521
0.471521
0.471521
5.1411
5.1411
0.471521
0.471521
0.471521
0.471521
0.471521
0.471521
0.471521
0.471521
0.471521
0.471521
0.471521
0.471521
0.471521
0.471521
0.471521
0.471521
0.471521
5.15631
5.15631
5.15631
5.15631
5.15631
5.15631
5.15631
5.15631
5.15631
5.15631
5.15631
5.04984
0.471521
0.471521
0.471521
0.471521
0.471521
0.471521
0.471521
0.471521
0.471521
0.471521
3.98512
3.98512
0.471521
3.74175
3.74175
3.74175
3.74175
7.90939
0.471521
2.90518
2.90518
2.90518
2.90518
7.58997
7.58997
10.6016
10.2518
10.6016
14.1608
11.6207
11.7424
8.68512
11.7272
8.44175
5.15631
5.15631
5.15631
8.66991
8.66991
3.98512
8.3657
8.3657
12.8528
9.67379
9.67379
9.67379
9.21748
7.83334
7.83334
7.83334
7.83334
7.81813
12.3812
5.03463
8.56344
5.81036
6.26667
6.26667
1.44498
3.98512
0.471521
3.02686
3.02686
3.02686
0.471521
3.75696
3.75696
0.471521
0.471521
0.471521
0.471521
0.471521
0.471521
0.471521
0.471521
0.471521
0.471521
0.471521
0.471521
3.98512
3.98512
3.98512
0.471521
0.471521
3.74175
3.74175
3.74175
0.471521
0.517152
0.562784
0.471521
2.23592
0.471521
2.23592
2.23592
2.02298
2.02298
2.23592
2.23592
2.23592
2.23592
2.23592
2.23592
5.70389
2.23592
3.98512
3.98512
0.471521
0.471521
0.471521
0.517152
0.471521
0.471521
0.471521
3.8178
4.66958
4.66958
9.29353
12.5638
12.5638
17.2942
12.579
12.579
0.83657
0.471521
0.471521
5.01942
3.74175
3.74175
5.00421
0.471521
0.471521
0.471521
0.471521
0.471521
0.517152
0.517152
0.471521
0.471521
5.15631
5.76473
8.53302
4.06117
4.00033
5.41489
6.32751
13.5524
5.21715
13.1722
8.6547
8.82201
8.53302
4.989
9.65858
9.65858
14.6932
10.5712
10.5256
12.3204
10.5256
5.44531
6.95114
13.6437
11.9401
7.62039
10.556
3.75696
3.75696
3.95469
3.75696
12.1379
12.1379
9.03496
9.23269
10.632
5.97767
5.93204
6.1602
10.6473
14.8605
14.602
14.4194
14.4498
9.978
9.978
13.5981
13.6589
10.4952
9.99321
5.18673
5.18673
10.1453
11.8032
7.37703
7.37703
10.7841
6.19062
8.63949
5.08026
5.08026
1.09515
1.04952
5.56699
5.03463
4.989
5.00421
5.09547
10.4191
5.67347
9.84111
14.2217
17.5223
9.17185
4.73042
8.8068
8.83722
6.06894
6.12978
6.06894
12.0314
12.0314
12.0314
16.6249
19.6214
10.6625
10.0997
10.0997
13.4308
18.6023
22.0094
17.3246
10.0997
0.577994
4.06117
9.70421
9.93237
18.8152
18.8152
22.4505
22.4961
9.58253
11.3317
17.4463
13.8566
17.644
15.3473
17.0204
17.5223
12.8832
13.9327
13.9631
12.3204
16.7618
14.967
13.3243
17.4919
9.14143
13.8871
22.7395
22.7243
22.7547
22.7547
17.8874
13.2939
20.7621
24.0932
27.6372
24.6256
24.5647
25.0971
29.6602
20.2146
24.1236
24.656
27.5003
28.6868
27.6677
22.9372
17.8722
21.5531
16.0621
15.8796
23.5
19.2107
14.4803
18.4958
18.3437
22.9372
19.1499
18.1764
18.1764
18.3589
18.4806
18.0091
19.1042
12.6094
13.6437
24.656
26.8311
23.2262
27.8502
24.367
24.58
22.9829
20.6861
18.0395
26.8919
26.8007
37.1741
33.8431
34.5732
35.8965
34.7101
26.0401
29.7971
28.6563
22.0398
16.4424
16.5793
19.1042
22.0855
14.5563
14.0696
14.3586
18.7848
26.6181
20.4275
10.3278
21.7052
25.6143
16.8531
16.0317
20.9903
24.656
15.4994
13.8566
14.678
23.6673
14.8453
12.0162
11.1188
18.4654
14.0087
19.089
18.4502
14.1761
17.4463
21.4922
23.713
25.0971
23.7738
24.7777
26.177
25.4926
12.8832
13.6741
18.1916
15.8796
20.6557
23.0893
17.4767
12.4269
10.921
10.0236
2.22071
9.36958
15.9709
16.0469
20.0016
8.39612
13.735
9.50648
14.2065
22.1767
10.7233
12.9744
16.8531
23.6825
21.5835
15.4537
13.5372
12.1683
8.91327
9.05017
12.6702
9.79548
4.92816
9.62816
9.65858
12.6854
8.70033
14.2977
12.7919
15.0126
14.1456
17.3854
20.245
24.7777
23.6673
18.2829
14.9822
17.7657
14.0696
17.1269
19.4084
20.7774
26.466
31.744
36.5657
30.4968
34.634
38.7712
27.9262
15.5754
19.3932
19.8952
23.5152
23.3175
13.2026
12.9897
12.7311
9.64337
10.1757
6.41877
9.78026
7.95502
6.61651
6.61651
17.1877
14.0544
14.0392
14.0392
18.3893
13.9783
16.2599
10.5104
6.35793
11.1188
12.5333
17.0508
12.1835
8.16797
15.8188
7.46829
7.7725
4.88253
4.97379
1.18641
3.74175
8.83722
9.5369
4.76084
10.9363
5.76473
9.47606
4.8369
9.81069
9.81069
5.33884
2.4945
2.44887
6.96635
2.44887
2.44887
4.60874
8.27444
8.42654
8.19839
6.06894
2.81392
2.28155
2.28155
3.16376
0.562784
8.62428
0.547573
5.5822
5.99288
5.99288
10.3583
16.6706
12.4269
9.33916
13.0049
9.64337
2.23592
8.47217
11.8793
11.8032
15.3473
15.7427
15.7427
8.0767
11.5142
3.63528
9.84111
9.15664
15.4842
11.0731
14.3586
10.343
10.0997
11.4534
11.499
11.6968
4.19806
2.87476
5.91683
5.91683
2.96602
7.46829
6.78382
6.78382
6.78382
6.76861
8.03107
8.04628
8.04628
1.84045
1.84045
5.44531
8.19839
7.45308
15.1495
18.2981
22.4505
11.1188
12.3052
17.3702
19.8495
18.1612
19.9864
14.7997
16.1382
21.477
24.7168
22.6482
11.5751
18.1155
18.146
14.8453
14.2673
15.6515
15.5298
16.5032
13.0049
10.1909
13.811
10.921
11.9706
11.8489
16.8835
13.5829
10.4952
2.69223
8.97412
9.05017
9.67379
5.1411
6.61651
7.95502
7.9246
7.51392
11.134
9.78026
9.64337
12.3964
12.4269
14.5259
9.78026
9.64337
9.64337
9.52169
7.24013
7.24013
8.54822
2.72266
9.50648
10.1757
7.05761
2.72266
11.9097
10.3887
13.5524
12.4421
13.1418
14.5259
5.55178
3.3767
9.06538
12.6094
13.3395
15.8948
8.63949
7.0424
5.93204
4.62395
12.9744
12.5181
5.65826
5.61262
10.6777
9.96279
9.90195
9.61295
11.9249
12.001
3.84822
4.82169
4.63916
9.03496
9.0958
5.84078
10.3126
4.82169
8.15276
11.8641
5.64305
13.0505
11.6207
9.64337
5.76473
5.7191
1.20162
5.81036
10.4039
5.77994
5.35405
5.35405
1.33851
6.35793
5.12589
3.89385
3.86343
0.577994
0.577994
8.97412
8.97412
12.0618
8.66991
8.63949
8.63949
0.577994
0.577994
5.38447
5.38447
5.38447
0.562784
5.30842
5.36926
1.06473
5.44531
5.47573
5.44531
1.06473
4.48706
5.47573
0.973463
8.98933
5.39968
5.09547
1.58188
5.44531
0.973463
1.0343
4.33495
1.0343
1.52104
2.43366
6.73819
2.06861
2.06861
2.06861
2.06861
2.02298
10.4039
5.62784
8.70033
8.70033
2.06861
2.4945
6.05373
8.22881
6.69256
6.70777
2.22071
2.12945
2.11424
6.7534
7.72687
7.55955
3.20939
3.69612
3.69612
3.62007
6.92072
11.21
10.2518
6.76861
6.78382
9.21748
9.21748
6.66214
9.15664
9.17185
9.11101
9.17185
10.5712
6.66214
6.66214
5.4301
10.4647
10.921
11.1796
5.00421
4.989
9.32395
9.33916
11.1644
10.7841
4.51748
9.96279
8.51781
8.51781
6.37314
6.08415
13.9479
17.2029
1.9013
6.38835
6.34272
5.00421
10.5864
6.37314
11.4078
8.41133
9.14143
9.46085
9.67379
9.78026
9.76506
9.64337
13.1265
12.1227
13.0049
12.944
9.5369
10.0845
12.7463
12.2443
16.8835
7.62039
12.4269
9.49127
9.30874
6.08415
9.20227
10.6777
10.6777
11.134
19.1955
11.8945
9.67379
5.1411
5.11068
4.7
4.68479
1.49062
6.11457
6.09936
17.0964
14.1304
9.74984
5.21715
0.517152
13.6437
5.04984
5.18673
6.28188
13.9783
8.74596
4.19806
15.1952
8.6547
5.56699
5.52136
7.43787
7.43787
2.79871
7.31619
10.4647
10.4647
11.9097
3.92427
9.79548
14.313
14.313
14.313
7.13366
6.90551
2.3424
5.94725
2.38803
6.00809
10.9971
6.76861
2.28155
2.37282
1.00388
2.57055
4.989
9.33916
5.00421
6.38835
6.34272
1.82524
1.91651
3.69612
8.56344
8.62428
9.99321
8.70033
10.2974
13.446
9.79548
7.01198
7.36182
9.15664
12.2291
15.4233
20.899
17.3398
16.2599
16.3055
16.412
10.2214
18.3133
9.11101
9.93237
11.2861
9.52169
9.52169
10.1149
0.471521
7.10324
3.55923
14.5867
15.9709
15.4537
11.4838
17.9026
13.8566
13.8566
13.735
9.2479
6.90551
13.3091
12.3204
15.4233
10.921
14.6932
10.1301
14.7997
11.3469
11.3469
19.7126
23.6521
23.5152
16.3664
15.5906
18.8609
11.2405
8.0767
6.72298
6.19062
7.16408
6.85987
15.1495
7.49871
3.58965
8.95891
10.2974
6.78382
5.00421
11.7728
8.59386
7.36182
11.6359
10.3583
10.4495
10.3583
11.3013
17.4159
13.7806
21.112
15.2104
15.1495
14.3586
17.2638
20.2146
5.81036
9.61295
12.29
24.8537
24.9146
24.8385
26.6334
17.7809
9.91716
12.7007
17.355
11.5599
14.967
16.3055
15.7731
17.2942
10.6168
13.9327
25.3405
22.0702
21.0359
18.5871
11.499
14.389
23.1806
33.0825
29.2039
20.4732
18.6479
18.3437
18.1155
13.522
17.568
25.0211
26.1314
21.4466
20.4884
25.4317
24.4735
20.8838
17.3854
14.1913
10.7385
15.3473
14.4651
14.1
10.4647
17.6136
17.3246
17.2638
17.1117
17.1269
17.2942
20.4732
18.5262
15.256
17.7961
17.355
11.9097
11.9249
21.1576
16.6706
18.9065
16.412
8.54822
12.6094
31.5615
32.8696
31.3334
28.6411
27.3939
19.4845
15.1495
11.2709
10.2974
18.4806
23.0437
24.1693
25.0819
27.7589
31.7288
32.3981
20.2146
19.7431
32.3677
36.2919
32.3524
20.0473
25.3253
14.3586
18.6479
12.2748
16.8379
26.3139
32.1547
29.569
26.7855
27.5156
20.0929
28.7324
25.1123
14.2673
22.1311
29.9796
35.288
33.3107
23.5304
22.3592
25.7359
26.8615
28.1088
27.4851
21.0816
16.99
9.52169
17.6897
14.1152
15.3168
19.2259
18.8761
33.4172
25.3709
29.6146
19.2107
19.1499
26.1466
29.0062
23.8803
30.6793
44.8402
48.1408
48.3842
40.8703
43.2735
43.4864
31.668
43.5625
49.9508
52.7343
47.4107
37.7369
34.1625
30.8162
30.3447
30.7402
32.9913
36.5353
32.0178
30.4968
35.79
35.3489
24.58
27.1657
29.645
19.9864
17.2638
23.6217
27.2874
28.0783
28.0631
24.7625
39.3644
46.3004
41.7524
45.6919
48.7036
49.023
45.8593
46.5741
43.3191
43.8211
33.6453
30.6337
25.3861
25.0515
26.3596
26.3596
22.3136
22.9677
29.8427
40.3531
41.0376
35.8204
33.5541
27.8654
23.6825
20.5036
20.5644
20.5036
19.591
31.7592
24.0172
24.0932
28.0783
28.0935
21.0511
16.0165
28.0479
35.1055
30.6793
39.9728
40.0641
34.9686
27.6829
23.6825
23.6977
19.3172
17.933
24.8689
25.9489
24.3062
28.2
30.3447
27.2266
29.4929
28.8236
29.067
39.8968
25.0971
24.1388
20.0321
19.2867
19.2867
15.0887
18.9217
20.6557
18.9065
15.7427
23.3631
14.2977
16.3664
14.9062
15.1495
19.5149
19.6518
21.9942
31.2573
26.2683
19.5301
10.7537
19.4084
24.1236
20.2298
9.26311
9.26311
13.4155
17.0964
20.5796
19.9256
19.9864
28.3065
26.5877
26.5877
23.4392
22.8155
29.0518
29.0518
21.9181
24.9298
21.9333
15.3929
15.3625
8.0767
3.83301
3.77217
4.36537
7.0424
13.0353
17.066
26.0858
30.6945
26.6942
26.8919
26.8767
22.3744
19.2867
18.5414
19.5149
10.0236
15.1495
23.424
26.5573
25.599
25.523
25.4926
30.4816
32.0939
24.9298
23.2566
23.3023
26.1618
23.6369
32.4893
13.5981
18.6631
12.8071
12.5181
8.00065
16.777
23.2871
14.7845
14.7541
23.9867
20.3058
24.1236
16.2903
23.5152
21.3401
17.5223
14.389
15.5602
14.7997
17.3854
20.8382
22.055
26.6334
26.8767
29.9492
33.1738
33.1738
30.2534
19.0586
23.7586
15.2712
14.1456
22.1767
30.4664
36.7178
36.2615
35.7748
33.0521
35.4249
24.7777
18.8304
22.1615
22.9372
13.8414
18.9217
17.2486
17.2486
16.7922
15.256
20.5188
20.4579
27.1809
30.4816
31.6832
19.591
4.44143
3.10291
20.321
19.089
18.5414
20.0016
21.0055
10.4039
11.0731
22.1463
23.4696
22.1767
15.91
16.5489
8.79159
16.123
23.6217
21.8421
21.477
20.5188
20.9751
20.5796
16.4424
16.4576
6.47962
10.9971
23.3783
23.8955
23.9259
16.412
24.1084
19.1346
23.4848
23.4088
20.5644
24.1845
19.9408
25.31
21.2793
32.2003
28.5955
23.1045
17.3702
22.2376
28.2913
28.2913
28.2
37.0677
33.5541
27.0136
20.4579
13.9175
13.9327
18.4502
12.1683
16.412
20.899
17.2638
14.0087
13.5524
16.7314
9.05017
17.4919
9.14143
13.5372
13.6285
9.56732
15.9861
20.1233
15.9405
11.3165
11.3926
11.6816
11.3926
11.4382
11.3926
14.6476
14.6324
11.7424
17.7353
14.7845
11.499
11.499
11.499
11.7424
13.9175
16.8227
14.313
9.74984
13.8719
9.36958
7.24013
10.7537
11.3317
11.3469
6.78382
9.06538
6.78382
9.08059
9.0958
6.93593
6.63172
2.81392
6.32751
6.92072
6.92072
6.92072
2.81392
2.81392
2.7835
6.29709
8.68512
5.1411
