30
79
128
176
225
273
321
371
420
469
559
608
658
707
756
805
855
904
952
1001
1049
1099
1148
1197
1246
1295
1345
1393
1443
1492
1542
1591
1641
1690
1740
1789
1839
1888
1938
1987
2037
2086
2135
2185
2234
2284
2333
2383
2432
2481
2531
2580
2629
2678
2728
2776
2824
2873
2923
2972
3022
3071
3120
3168
3217
3266
3315
3363
3411
3460
3508
3556
3605
3655
3705
3755
3804
3854
3904
3953
4002
4050
4099
4147
4196
4244
4293
4342
4391
4440
4489
4538
4586
4634
4683
4732
4780
4828
4877
4966
5016
5066
5116
5165
5215
5265
5315
5364
5414
5462
5511
5559
5608
5658
5708
5758
5808
5857
5907
5957
6006
6056
6104
6153
6201
6249
6298
6346
6394
6443
6491
6540
6589
6639
6688
6738
6787
6836
6886
6935
6984
7033
7082
7132
7181
7230
7280
7329
7379
7428
7478
7527
7577
7626
7675
7725
7774
7823
7872
7921
7970
8019
8068
8117
8166
8216
8266
8315
8365
8414
8464
8514
8564
8614
8664
8713
8763
8812
8861
8910
8959
9009
9058
9107
9157
9207
9256
9306
9355
9403
9452
9501
9550
9606
9656
9705
9754
9803
9853
9903
9953
10004
10055
10105
10156
10206
10256
10305
10354
10404
10453
10502
10550
10600
10649
10698
10747
10797
10887
10935
10984
11032
11081
11129
11179
11228
11278
11327
11377
11426
11476
11525
11575
11624
11674
11723
11774
11824
11874
11925
11975
12025
12074
12124
12173
12223
12272
12321
12370
12418
12467
12515
12564
12612
12660
12709
12757
12806
12854
12903
12951
12999
13048
13097
13146
13195
13244
13294
13342
13391
13439
13487
13536
13585
13633
13682
13730
13778
13827
13876
13924
13972
14022
14071
14121
14170
14220
14269
14319
14367
14415
14464
14512
14560
14609
14657
14705
14753
14802
14891
14939
14988
15036
15086
15137
15186
15235
15284
15333
15382
15430
15479
15527
15575
15624
15673
15722
15772
15821
15870
15919
15968
16016
16065
16113
16162
16210
16258
16307
16355
16404
16452
16501
16549
16599
16648
16698
16747
16796
16846
16895
16945
16994
17043
17093
17142
17190
17238
17287
17335
17383
17432
17481
17530
17580
17629
17678
17728
17776
17825
17873
17923
17972
18021
18070
18119
18167
18215
18264
18312
18360
18409
18457
18505
18554
18603
18653
18702
18751
18801
18850
18898
18948
18998
19048
19098
19149
19199
19249
19298
19348
19397
19446
19494
19542
19591
19639
19688
19736
19784
19833
19882
19930
19979
20027
20076
20125
20173
20222
20270
20318
20368
20417
20467
20516
20566
20615
20665
20714
20764
20812
20861
20909
20957
21006
21054
21104
21153
21203
21253
21302
21352
21402
21451
21500
21548
21597
21645
21694
21743
21791
21840
21889
21937
21986
22034
22082
22131
22180
22230
22279
22327
22376
22424
22473
22521
22570
22618
22667
22715
22764
22812
22860
22909
22957
23006
23054
23103
23151
23200
23250
23299
23348
23398
23447
23498
23549
23643
23695
23746
23795
23844
23893
23943
23992
24041
24090
24140
24189
24238
24287
24336
24386
24436
24485
24534
24583
24633
24682
24732
24781
24831
24880
24929
24978
25026
25075
25123
25172
25220
25270
25319
25368
25417
25467
25516
25565
25614
25662
25711
25759
25807
25856
25905
25953
26002
26050
26099
26147
26196
26244
26293
26341
26389
26438
26487
26537
26586
26635
26685
26734
26783
26831
26879
26928
26976
27025
27074
27123
27172
27221
27270
27319
27369
27418
27468
27517
27566
27616
27665
27714
27763
27813
27862
27911
27960
28009
28058
28107
28157
28206
28255
28345
28393
28442
28490
28539
28587
28636
28685
28733
28782
28831
28879
28928
28976
29024
29073
29122
29171
29220
29269
29319
29368
29417
29465
29514
29562
29610
29659
29707
29755
29805
29854
29904
29953
30002
30052
30101
30150
30200
30249
30298
30347
30397
30446
30496
30544
30593
30641
30691
30741
30791
30841
30891
30941
30990
31040
31089
31139
31188
31238
31286
31335
31384
31432
31481
31530
31579
31627
31676
31724
31773
31821
31871
31921
31970
32020
32069
32119
32168
32217
32266
32315
32365
32414
32462
32510
32559
32607
32655
32704
32752
32802
32851
32901
32951
33001
33050
33100
33149
33199
33248
33298
33348
33397
33446
33495
33544
33593
33643
33691
33740
33789
33838
33887
33935
33985
34034
34082
34131
34179
34228
34277
34326
34375
34423
34472
34521
34569
34618
34668
34717
34766
34815
34864
34913
34962
35012
35062
35112
35161
35211
35260
35310
35358
35407
35455
35504
35552
35601
35649
35699
35749
35797
35846
35895
35944
35993
36042
36091
36142
36192
36242
36293
36343
36393
36442
36491
36540
36589
36638
36687
36736
36784
36833
36882
36931
36980
37029
37079
37128
37178
37228
37277
37326
37376
37425
37475
37524
37572
37622
37671
37721
37770
37820
37870
37920
38009
38058
38107
38156
38204
38253
38301
38351
38401
38451
38501
38551
38601
38650
38699
38747
38796
38844
38892
38941
38990
39039
39089
39138
39187
39236
39286
39335
39385
39435
39484
39534
39584
39633
39683
39733
39783
39833
39883
39933
39982
40031
40079
40128
40217
40267
40316
40365
40415
40464
40514
40563
40613
40662
40711
40761
40810
40859
40908
40956
41005
41054
41103
41152
41202
41251
41299
41348
41396
41444
41493
41541
41589
41639
41688
41736
41785
41834
41883
41931
41981
42070
42159
42207
42256
42345
42394
42443
42492
42542
42591
42640
42690
42739
42788
42838
42887
42936
42986
43035
43084
43133
43183
43232
43281
43331
43380
43429
43478
43526
43575
43624
43672
43721
43769
43818
43868
43918
43968
44018
44068
44118
44166
44216
44266
44316
44365
44414
44462
44511
44559
44608
44656
44705
44753
44802
44850
44899
44949
44998
45048
45097
45146
45196
45244
45293
45342
45391
45439
45488
45536
45585
45634
45683
45733
45782
45832
45882
45932
45981
46030
46078
46127
46176
46225
46274
46324
46373
46422
46471
46521
46570
46619
46668
46717
46766
46814
46863
46912
46962
47011
47061
47110
47160
47209
47258
47307
47357
47406
47455
47504
47552
47601
47649
47698
47746
47795
47843
47891
47940
47988
48037
48086
48136
48186
48236
48285
48335
48384
48432
48481
48529
48578
48626
48676
48726
48775
48825
48875
48924
48974
49024
49073
49123
49173
49223
49271
49320
49368
49416
49465
49513
49561
49611
49660
49710
49759
49809
49858
49907
49956
50004
50052
50101
50149
50198
50246
50294
50343
50392
50440
50490
50540
50590
50640
50690
50740
50789
50837
50886
50934
50983
51032
51081
51131
51180
51230
51279
51328
51378
51427
51477
51526
51575
51625
51674
51723
51772
51820
51869
51917
51966
52015
52065
52115
52165
52214
52264
52314
52364
52413
52463
52513
52563
52611
52660
52708
52757
52805
52854
52902
52950
52999
53047
53096
53144
53195
53246
53297
53348
53399
53450
53499
53549
53598
53648
53697
53747
53796
53846
53895
53945
53994
54044
54095
54146
54197
54248
54299
54350
54399
54448
54496
54545
54593
54642
54690
54740
54788
54837
54885
54934
54982
55031
55079
55128
55177
55226
55276
55325
55374
55424
55472
55521
55570
55620
55669
55719
55769
55818
55867
55915
55964
56013
56061
56110
56158
56248
56296
56344
56393
56441
56490
56538
56587
56636
56685
56734
56783
56833
56882
56931
56981
57030
57080
57129
57178
57228
57277
57326
57376
57425
57475
57524
57574
57623
57673
57722
57772
57821
57871
57920
57968
58017
58065
58113
58162
58210
58258
58307
58355
58405
58455
58505
58555
58605
58655
58704
58753
58803
58852
58901
58949
58999
59048
59098
59147
59197
59246
59296
59345
59395
59444
59493
59541
59589
59637
59686
59734
59783
59831
59880
59929
59978
60026
60076
60125
60174
60223
60272
60322
60371
60420
60469
60519
60568
60617
60666
60716
60765
60814
60863
60913
60962
61012
61061
61111
61161
61210
61260
61311
61361
61411
61461
61512
61562
61611
61661
61710
61760
61809
61859
61908
61958
62006
62054
62103
62151
62200
62248
62296
62345
62394
62444
62492
62541
62589
62637
62686
62734
62784
62833
62882
62931
62981
63030
63079
63129
63178
63227
63277
63326
63376
63427
63478
63529
63581
63631
63682
63732
63782
63831
63881
63931
63980
64030
64079
64129
64178
64228
64277
64325
64374
64422
64471
64519
64567
64617
64666
64715
64765
64814
64863
64912
64962
65012
65062
65112
65161
65211
65260
65308
65357
65405
65454
65502
65551
65600
65648
65698
65747
65796
65845
65895
65944
65993
66042
66090
66139
66187
66236
66284
66333
66382
66430
66479
66527
66575
66624
66673
66723
66772
66822
66871
66920
66971
67021
67071
67121
67171
67221
67271
67321
67371
67421
67471
67521
67570
67620
67669
67718
67767
67816
67866
67914
67965
68015
68065
68115
68164
68213
68261
68310
68358
68407
68456
68505
68555
68604
68654
68704
68754
68803
68852
68902
68951
69000
69050
69098
69146
69195
69244
69292
69342
69390
69439
69487
69536
69584
69633
69681
69729
69778
69826
69875
69923
69972
70020
70068
70117
70165
70214
70263
70312
70361
70410
70459
70507
70555
70604
70652
70700
70749
70798
70848
70897
70946
70996
71045
71095
71144
71194
71243
71293
71342
71392
71441
71491
71539
71588
71638
71687
71736
71785
71835
71884
71933
71981
72030
72080
72129
72178
72228
72277
72327
72376
72427
72479
72528
72577
72626
72676
72724
72773
72821
72869
72918
72966
73015
73065
73114
73163
73213
73262
73312
73361
73410
73460
73509
73557
73605
73654
73702
73750
73800
73850
73900
73950
74000
74050
74100
74150
74200
74249
74298
74348
74397
74447
74496
74546
74595
74644
74694
74743
74792
74840
74889
74937
74986
75034
75084
75134
75184
75234
75284
75334
75383
75432
75481
75531
75580
75629
75679
75729
75779
75829
75879
75928
75977
76026
76075
76123
76172
76221
76270
76319
76368
76418
76467
76516
76565
76615
76664
76714
76763
76812
76862
76910
76959
77007
77056
77106
77156
77204
77252
77301
77349
77397
77446
77495
77544
77593
77643
77692
77741
77790
77839
77887
77936
77985
78034
78083
78133
78182
78231
78279
78328
78376
78424
78473
78521
78570
78619
78668
78717
78766
78815
78864
78914
78963
79012
79062
79111
79160
79209
79259
79308
79356
79405
79454
79503
79552
79600
79649
79697
79746
79795
79843
79893
79943
79992
80042
80092
80142
80191
80240
80289
80338
80387
80437
80486
80535
80584
80634
80683
80732
80781
80830
80880
80929
80978
81028
81077
81127
81176
81226
81275
81323
81373
81422
81472
81521
81571
81620
81670
81778
81827
81875
81924
81972
82020
82069
82117
82166
82215
82264
82313
82362
82412
82462
82512
82560
82609
82657
82706
82754
82802
82852
82901
82951
83000
83050
83099
83148
83197
83246
83295
83344
83393
83441
83490
83539
83588
83638
83687
83736
83784
83832
83882
83931
83980
84030
84079
84128
84176
84225
84273
84322
84370
84419
84468
84518
84567
84616
84665
84715
84764
84813
84862
84912
84961
85010
85059
85107
85157
85206
85256
85305
85355
85404
85453
85502
85551
85600
85649
85699
85748
85796
85846
85895
85943
85991
86040
86088
86136
86185
86233
86282
86330
86379
