11.0275
8.45696
0.471521
0.471521
0.471521
3.75696
3.98512
0.471521
5.70389
2.19029
1.74919
1.70356
1.70356
5.21715
5.21715
7.7725
7.7725
7.7725
4.2589
4.2589
7.78771
7.81813
1.74919
5.21715
5.21715
1.70356
5.00421
8.19839
1.70356
2.15987
2.23592
2.15987
2.23592
1.70356
1.70356
1.70356
1.70356
1.70356
1.70356
1.70356
1.70356
1.70356
2.15987
2.15987
2.15987
5.67347
5.67347
5.21715
5.21715
1.70356
1.70356
1.70356
1.70356
1.70356
1.70356
1.70356
1.70356
1.70356
1.70356
1.70356
1.70356
1.70356
5.21715
1.70356
1.70356
1.70356
1.70356
1.70356
1.70356
0.471521
0.471521
0.471521
0.471521
4.06117
4.06117
0.471521
0.471521
0.471521
0.471521
0.471521
4.82169
4.82169
0.471521
0.471521
0.471521
0.471521
0.471521
3.77217
3.77217
0.471521
0.471521
0.471521
0.471521
0.471521
0.471521
0.471521
0.471521
0.471521
0.471521
0.471521
0.471521
0.471521
0.471521
0.471521
0.471521
0.471521
0.471521
0.471521
0.471521
0.471521
0.471521
0.471521
0.471521
0.471521
0.471521
0.471521
0.471521
0.471521
0.471521
0.471521
0.471521
0.471521
0.471521
0.471521
0.471521
0.471521
0.471521
0.471521
0.471521
0.471521
0.471521
0.471521
0.471521
0.471521
0.471521
0.471521
0.471521
0.471521
0.471521
0.471521
0.471521
0.471521
0.471521
0.471521
0.471521
0.471521
0.471521
0.471521
0.471521
0.471521
1.70356
5.21715
5.21715
5.21715
5.21715
5.21715
1.70356
1.70356
1.70356
1.70356
1.70356
1.70356
0.471521
0.471521
0.471521
0.471521
0.471521
0.471521
0.471521
0.471521
0.471521
0.471521
0.471521
0.471521
0.471521
0.471521
3.98512
0.471521
0.471521
0.471521
0.471521
0.471521
3.98512
3.98512
3.98512
0.471521
0.471521
0.471521
0.471521
0.471521
0.471521
0.471521
0.471521
0.471521
0.471521
0.471521
0.471521
0.471521
0.471521
0.471521
0.471521
0.471521
0.471521
0.471521
0.471521
0.471521
0.471521
0.471521
0.471521
0.471521
0.471521
0.471521
0.471521
0.471521
0.471521
0.471521
0.471521
0.471521
0.471521
0.471521
0.471521
0.471521
0.471521
0.471521
0.471521
0.471521
0.471521
0.471521
0.471521
0.471521
0.471521
0.471521
0.471521
0.471521
0.471521
0.471521
0.471521
0.471521
0.471521
0.471521
0.471521
0.471521
0.471521
0.471521
0.471521
0.471521
0.471521
0.471521
0.471521
0.471521
0.471521
0.471521
0.471521
0.471521
0.471521
0.471521
0.471521
0.471521
0.471521
0.471521
0.471521
0.471521
0.471521
0.471521
0.471521
3.98512
3.98512
3.98512
3.98512
3.98512
0.471521
0.471521
0.471521
0.471521
0.471521
0.471521
0.471521
0.471521
0.471521
0.471521
0.471521
0.471521
0.471521
0.471521
0.471521
0.471521
0.471521
0.471521
0.471521
0.471521
0.471521
0.471521
0.471521
0.471521
0.471521
0.471521
0.471521
0.471521
0.471521
0.471521
0.471521
0.471521
0.471521
0.471521
0.471521
0.471521
0.471521
4.60874
4.60874
4.60874
4.60874
4.60874
4.60874
4.60874
4.60874
4.60874
4.60874
4.60874
0.471521
0.471521
0.471521
0.471521
0.471521
0.471521
0.471521
0.471521
0.471521
0.471521
0.471521
0.471521
0.471521
0.471521
0.471521
0.471521
0.471521
0.471521
0.471521
0.471521
0.471521
0.471521
0.471521
0.471521
0.471521
0.471521
0.471521
0.471521
0.471521
0.471521
0.471521
0.471521
0.471521
0.471521
0.471521
0.471521
0.471521
3.74175
0.471521
0.471521
0.471521
0.471521
0.471521
0.471521
5.03463
5.03463
5.03463
5.03463
5.03463
5.03463
5.03463
0.471521
0.471521
0.471521
0.471521
0.471521
0.471521
0.471521
0.471521
0.471521
0.471521
0.471521
0.471521
0.471521
0.471521
0.471521
0.471521
0.471521
0.471521
0.471521
0.471521
0.471521
0.471521
4.82169
5.03463
0.471521
0.471521
0.471521
0.471521
0.471521
3.98512
3.98512
7.25534
7.25534
0.471521
0.471521
0.471521
0.471521
0.471521
0.471521
0.471521
0.471521
0.471521
0.471521
0.471521
0.471521
0.471521
0.471521
0.471521
3.98512
3.98512
3.98512
3.98512
0.471521
3.98512
3.75696
3.75696
3.75696
3.75696
3.75696
3.75696
0.471521
0.471521
0.471521
0.471521
0.471521
0.471521
0.471521
0.471521
0.471521
0.471521
0.471521
0.471521
5.15631
5.15631
5.15631
9.88674
5.17152
5.15631
5.15631
5.15631
5.15631
8.70033
4.01554
4.01554
4.03075
4.03075
0.471521
0.471521
0.471521
0.471521
0.471521
0.471521
0.517152
0.517152
0.517152
0.471521
1.65793
2.08382
1.65793
1.65793
1.65793
1.65793
1.65793
1.62751
1.64272
1.64272
1.64272
0.517152
0.517152
0.517152
0.471521
0.471521
2.23592
2.23592
2.23592
5.70389
4.989
4.989
4.989
4.94337
0.517152
4.04596
0.471521
0.471521
0.562784
0.471521
0.471521
0.471521
0.760518
0.471521
1.44498
1.44498
0.471521
0.471521
6.14499
6.14499
6.14499
2.08382
1.64272
1.62751
1.62751
1.67314
5.15631
5.23237
1.62751
2.08382
1.64272
1.64272
1.70356
0.517152
0.532363
1.44498
1.9013
1.44498
1.44498
1.44498
5.04984
1.44498
1.50583
1.50583
1.50583
0.471521
4.21327
4.2589
0.973463
0.973463
0.973463
5.20194
5.15631
5.15631
5.15631
5.15631
9.87153
13.9783
13.9175
9.20227
9.18706
9.18706
12.7007
3.98512
4.04596
8.66991
5.18673
13.9023
13.9935
13.9023
13.2178
8.51781
8.44175
8.28965
8.13754
0.958253
6.26667
1.87088
6.61651
10.7081
10.7081
15.0126
18.2372
12.6094
8.35049
0.517152
9.03496
9.5369
8.13754
9.27832
12.2443
11.1644
15.3625
16.4728
15.9253
12.2596
1.59709
0.517152
0.517152
10.2214
5.30842
5.91683
5.91683
5.91683
9.87153
8.76117
6.95114
3.55923
14.9062
14.4651
12.7615
11.4686
11.9249
16.6553
14.0544
17.1877
25.6903
26.3139
26.6029
20.9903
20.9903
21.0207
21.9029
18.3133
10.556
9.59774
3.78738
2.88997
2.88997
4.63916
4.63916
4.63916
9.12622
14.2065
10.7081
10.7081
11.2252
18.1916
18.4958
11.0123
12.1987
16.2751
13.522
9.06538
12.6702
8.01586
7.80292
11.0579
11.4534
15.4537
15.8644
15.7427
19.0434
26.0401
18.5871
17.1269
14.7388
15.2864
13.6437
13.5068
10.4647
12.1531
9.36958
17.9634
9.08059
11.6055
15.2864
19.302
21.2793
15.256
12.7463
16.7618
11.6968
6.41877
3.14855
3.45275
6.66214
7.97023
12.655
12.655
12.655
18.435
13.5524
11.0427
19.4388
15.2256
19.956
27.1049
23.8955
25.9489
30.3143
30.6185
26.1922
14.8757
15.1952
10.2214
19.9256
21.0816
21.1272
16.488
12.868
19.591
16.0621
18.9217
16.8531
13.446
21.0968
22.2984
21.7965
26.6334
26.6334
36.0334
26.9223
17.6592
4.45664
6.84466
8.42654
9.65858
9.65858
14.3434
14.3434
13.7806
9.14143
12.001
10.6473
14.2521
14.9518
13.1722
12.5486
12.5486
7.13366
2.55534
11.9401
8.33528
7.87897
14.9822
11.21
10.3126
21.9333
15.1647
4.92816
5.01942
2.50971
5.77994
8.95891
11.1036
7.80292
6.52525
4.38059
4.38059
9.01975
7.93981
5.84078
4.50227
9.49127
16.4576
21.9029
21.9029
21.5075
20.1689
17.1877
16.0013
16.2295
5.23237
14.0848
18.2677
18.2829
21.5531
20.5796
16.5793
17.7201
12.8071
9.17185
9.87153
9.03496
9.08059
5.81036
5.74952
6.23625
14.0848
8.44175
7.9246
4.97379
8.2136
13.8262
9.91716
5.00421
8.24402
12.9136
14.4042
14.8605
14.2673
16.3816
12.4421
21.5075
12.4877
12.579
12.944
10.7385
12.5942
10.0236
8.71554
9.978
8.68512
8.68512
12.0922
12.0618
12.0314
10.7385
4.31974
6.1602
5.18673
4.50227
8.47217
13.3091
18.0395
9.32395
4.76084
5.70389
10.2366
8.92848
8.57865
8.70033
8.70033
14.678
9.81069
6.87509
7.51392
3.65049
11.3926
7.62039
15.0583
15.0735
14.6172
19.3172
16.0165
17.355
16.3359
9.62816
4.71521
0.912622
4.50227
9.64337
3.02686
7.40745
2.73787
7.05761
6.79903
10.7081
5.06505
4.989
5.12589
7.55955
5.7191
6.00809
5.55178
5.52136
5.56699
8.42654
0.912622
4.19806
0.866991
0.866991
0.866991
0.866991
0.866991
5.26279
2.2055
7.95502
11.2405
3.78738
8.27444
8.3657
8.25923
16.3055
3.74175
7.25534
7.07282
9.61295
12.7919
12.7919
16.8683
13.233
16.412
4.8369
5.278
9.689
11.0123
10.6168
10.7081
11.2557
6.96635
7.02719
6.19062
1.67314
4.07638
8.09191
9.08059
4.76084
5.29321
5.46052
9.44564
12.7615
8.47217
8.47217
7.9246
5.61262
5.61262
10.1301
9.30874
8.45696
9.93237
8.01586
8.19839
1.47541
1.47541
1.47541
0.562784
0.471521
6.22104
3.65049
7.57476
4.88253
7.66602
13.811
14.4651
14.7997
9.36958
6.35793
6.35793
8.91327
12.4877
5.04984
4.62395
4.22848
4.22848
8.22881
7.27056
6.40356
12.3052
15.5298
12.8071
12.8528
13.0049
12.8984
5.11068
11.7272
13.7045
14.9062
14.6628
18.3893
18.3893
14.678
10.9515
9.61295
13.2786
12.6246
15.4994
16.5032
13.811
14.7845
9.91716
9.91716
9.91716
5.90162
3.74175
5.64305
5.59741
12.0922
15.7884
16.0774
16.0774
15.4537
8.73075
9.36958
11.9249
10.0084
14.5259
15.834
12.0618
10.6929
14.0544
20.0625
18.1155
11.6207
3.6657
10.2366
5.21715
5.12589
8.12234
4.89774
4.86732
9.46085
8.09191
15.4537
12.9744
17.4159
20.4123
17.1725
17.3094
14.3434
10.6168
14.1608
9.90195
4.76084
9.20227
17.2942
13.4916
18.4198
19.7278
16.2142
7.97023
9.35437
13.8719
9.35437
6.12978
6.17541
7.93981
6.00809
8.91327
12.3204
4.12201
4.989
8.44175
15.6971
19.2411
15.4081
11.1796
6.8903
8.38091
12.7311
12.7463
16.0774
4.89774
9.44564
10.1453
5.79515
5.26279
8.28965
0.471521
8.28965
5.15631
5.20194
5.15631
0.927832
4.44143
0.517152
3.8178
3.98512
4.68479
4.7
8.56344
8.00065
8.01586
4.79126
3.84822
0.562784
0.927832
0.471521
5.01942
0.958253
0.958253
1.84045
0.471521
0.471521
0.471521
8.82201
8.82201
4.45664
4.44143
3.98512
8.66991
0.471521
3.98512
4.21327
8.82201
5.04984
0.562784
0.471521
0.471521
0.471521
4.07638
2.58576
2.58576
2.58576
5.01942
5.01942
0.745308
0.562784
5.01942
5.01942
0.958253
3.98512
4.76084
2.58576
3.04207
4.1068
6.67735
9.81069
3.07249
3.02686
3.02686
3.07249
3.07249
2.58576
3.6657
8.25923
3.6657
4.12201
4.12201
4.12201
6.92072
7.28577
5.29321
0.760518
3.60486
3.6657
0.562784
0.562784
0.562784
4.04596
4.06117
10.4191
6.99677
6.92072
2.35761
6.78382
13.0505
9.49127
7.3314
6.19062
2.81392
7.39224
15.1343
15.1343
6.41877
6.41877
10.1909
10.4647
6.57088
6.57088
10.921
10.9363
10.3126
8.59386
8.79159
5.68868
4.77605
4.77605
4.8369
9.12622
9.06538
5.55178
8.19839
5.00421
4.50227
4.50227
4.50227
4.50227
4.7
4.68479
0.471521
0.471521
3.75696
3.75696
8.60907
10.4495
10.0997
5.55178
10.0693
6.84466
6.37314
11.0427
10.8146
10.8906
10.8906
14.1152
4.56311
4.56311
8.16797
4.13722
4.13722
7.34661
7.25534
0.958253
0.471521
0.471521
0.562784
5.04984
9.67379
8.22881
8.22881
10.0845
5.53657
4.53269
4.53269
5.44531
4.21327
8.74596
8.51781
8.53302
5.00421
8.60907
8.22881
0.471521
3.74175
3.74175
3.74175
3.74175
6.96635
3.71133
3.71133
0.532363
9.12622
9.14143
5.53657
4.989
6.32751
10.0997
9.41522
13.2482
12.0162
10.6016
13.7958
8.15276
5.15631
1.85566
4.82169
17.2638
13.2026
17.4159
17.4919
9.94758
1.79482
9.81069
9.36958
9.00454
9.06538
6.44919
6.38835
6.40356
9.84111
1.82524
6.20583
6.12978
6.14499
10.5104
8.79159
4.80648
13.1722
16.7162
9.30874
6.19062
6.19062
9.43043
12.579
10.5408
7.11845
4.41101
7.60518
6.20583
15.6971
6.19062
10.7233
0.958253
4.53269
2.31198
2.31198
2.31198
2.95081
6.17541
7.20971
13.4764
9.70421
5.67347
2.4945
2.75308
2.82913
4.56311
6.41877
18.4045
17.3398
21.7356
11.788
3.90906
2.57055
11.3774
20.8534
27.4091
32.0939
31.5767
31.2725
31.2725
24.4278
13.9327
18.3133
23.8651
22.3744
26.4965
27.5764
27.5156
26.679
27.5764
30.2838
21.8117
24.6256
32.0787
23.4088
25.5686
33.2803
40.3531
29.1735
30.5272
29.1126
29.2039
31.9266
36.3832
28.3065
24.5495
32.0939
26.101
24.2605
21.2337
23.5456
25.234
22.9677
22.1159
17.6592
14.2977
16.8987
11.8945
15.4385
24.8537
19.9864
20.2298
16.4424
19.6974
18.6023
16.9443
27.1657
27.257
29.9796
27.2113
26.0706
24.945
23.0893
23.2262
28.6715
28.6107
25.4622
19.667
30.4055
31.7136
32.8088
32.7175
25.8424
24.9146
24.5495
19.8799
22.0246
19.013
19.3172
21.8573
19.8952
35.1968
30.2686
29.8427
31.9266
34.0104
32.5654
26.8919
23.2719
22.4809
32.9304
34.5123
20.0321
18.6479
13.6741
19.4541
27.7893
28.6715
21.2489
25.2492
36.3376
36.6874
35.9117
32.2156
33.1586
28.3978
16.7618
16.9596
29.4016
28.8997
30.1469
35.4097
31.744
32.0026
25.6599
28.5955
23.789
27.4395
43.669
28.5803
19.667
21.0207
28.7628
24.9298
17.0204
25.9489
25.4317
25.0211
25.6447
22.6026
32.2764
37.235
34.3298
29.7211
29.7211
45.7984
46.2851
42.5434
41.1288
28.8693
25.4469
33.6301
38.6191
40.7942
39.5317
39.6991
39.1667
35.5162
27.6068
31.6071
31.4246
35.9725
38.8777
30.8923
30.2686
23.1198
27.546
34.6796
49.5706
45.8745
37.1285
37.5696
41.3722
38.7408
38.7864
33.7822
33.2803
41.7524
43.2735
38.2237
37.3567
35.1512
43.3952
35.6987
40.6421
32.5958
31.8049
35.4402
31.8505
27.5003
36.9003
40.5508
40.0185
22.0855
18.4045
23.3479
27.5156
23.5761
34.3602
43.7146
32.6567
32.824
32.3524
26.9832
27.3634
31.5767
23.6977
17.5984
12.9288
19.1955
23.8346
15.6363
22.8155
24.1693
19.3932
16.2447
15.545
16.4576
21.3706
21.3706
23.3023
24.4583
31.1508
35.3337
42.802
36.657
34.0408
24.5647
19.8799
25.2036
35.1359
39.5317
27.8806
25.0971
24.7168
21.4466
15.8492
25.6295
25.599
21.6444
16.8227
16.0926
17.279
15.4233
29.7667
28.9453
25.3861
25.234
19.5149
30.9683
23.9563
25.6599
21.5379
12.7311
16.0013
17.4007
19.3324
22.6787
18.4958
18.9217
23.6065
18.4806
14.9062
14.8605
9.46085
9.46085
10.632
16.8379
20.8686
20.9295
16.2295
11.3926
6.41877
9.18706
17.066
23.0741
15.9861
23.2719
22.6026
22.6787
17.7049
13.0657
10.5712
13.811
22.4505
22.8916
15.7884
16.6249
8.76117
10.632
19.2715
13.5524
16.5793
18.2372
24.4126
23.7738
20.5492
11.8945
12.2596
15.3016
15.9861
17.3398
21.9486
9.32395
9.35437
21.766
27.1353
18.1764
17.7657
22.1463
27.8502
31.4398
28.5194
16.8683
18.9065
21.7508
15.6667
10.632
21.4314
26.4508
18.3437
14.2825
11.712
15.4385
17.7505
24.2453
24.7473
17.6592
18.1155
22.6634
27.835
15.1495
13.5981
19.9256
12.29
12.2139
17.3702
15.6515
14.389
14.4042
16.5489
18.0699
16.7314
16.7314
23.8803
15.9253
27.4851
32.0939
27.333
20.4579
24.1541
25.2796
25.6295
18.6479
20.4732
21.4314
19.5453
19.4084
23.5304
25.7207
31.668
30.801
36.079
35.866
24.9146
29.4016
29.0062
33.6301
38.4214
36.2615
36.2615
31.4398
30.3751
29.7515
34.7557
39.1971
40.6421
40.5356
41.068
38.7408
46.422
49.6923
54.5292
36.4745
26.4356
28.6563
28.3217
24.0932
28.5194
31.8809
32.2612
28.9605
25.5078
24.8537
29.3256
33.478
36.9916
31.8505
20.9903
33.0521
38.4518
29.2495
28.7628
36.155
26.4812
21.1424
20.9599
23.4696
33.6605
33.9343
23.8346
22.7547
14.4651
10.4039
14.8757
17.8418
32.8088
32.2156
32.7023
29.9188
29.4168
29.6906
21.4162
21.3858
30.9987
29.9188
28.7172
30.4664
32.0482
32.6262
29.8732
21.3858
21.1728
20.9295
16.8531
16.8075
21.7052
25.5534
28.1544
21.3706
18.5566
23.1198
16.9596
18.7087
23.2262
20.2906
18.2372
13.7197
19.7735
18.724
23.9563
26.6029
26.8463
27.044
27.2113
28.1696
31.1508
23.8955
27.4851
19.4693
19.6062
20.0929
19.7735
24.0476
26.8615
26.2227
21.7508
29.5081
29.9796
30.0101
27.0288
22.5722
22.557
23.2719
23.2719
26.5877
23.3023
26.7855
20.8686
17.7961
17.3854
25.1732
25.2948
26.1466
24.9298
24.8842
24.945
