36
85
135
184
233
282
331
380
429
478
568
616
665
714
764
813
862
911
961
1010
1060
1109
1199
1249
1298
1346
1436
1485
1575
1664
1713
1762
1812
1862
1910
1959
2007
2056
2104
2153
2202
2251
2299
2348
2398
2488
2537
2586
2635
2685
2734
2784
2833
2882
2931
2980
3029
3077
3125
3214
3263
3311
3359
3409
3457
3505
3554
3602
3650
3699
3789
3839
3888
3937
3986
4034
4083
4131
4180
4229
4279
4329
4380
4430
4481
4531
4581
4630
4680
4729
4779
4828
4878
4928
4978
5028
5077
5127
5176
5226
5275
5366
5415
5464
5514
5563
5612
5744
5792
5841
5889
5938
5988
6037
6087
6137
6185
6274
6323
6371
6419
6468
6517
6608
6657
6706
6755
6804
6853
6903
6952
7001
7050
7099
7148
7198
7247
7296
7344
7393
7441
7489
7538
7628
7677
7727
7776
7825
7874
7924
7973
8023
8072
8121
8171
8221
8271
8321
8371
8422
8472
8522
8572
8621
8670
8760
8849
8939
8988
9037
9086
9136
9185
9234
9283
9332
9380
9429
9478
9526
9575
9623
9672
9763
9811
9859
9908
9956
10005
10094
10143
10191
10240
10288
10337
10386
10434
10544
10594
10645
10695
10743
10792
10882
10932
10982
11032
11082
11132
11181
11395
11444
11493
11541
11590
11639
11688
11737
11786
11835
11884
11932
11981
12030
12078
12126
12175
12224
12273
12403
12452
12500
12549
12597
12646
12696
12786
12835
12884
12932
13024
13074
13165
13214
13264
13313
13444
13493
13543
13592
13682
13731
13780
13828
13876
13925
13974
14104
14153
14202
14292
14341
14431
14481
14530
14579
14628
14677
14726
14776
14825
14874
14964
15013
15062
15111
15161
15210
15259
15308
15357
15407
15456
15505
15554
15602
15651
15699
15748
15837
15885
15934
15982
16031
16079
16168
16216
16265
16313
16362
16410
16459
16507
16556
16604
16652
16701
16749
16838
16929
16980
17031
17082
17132
17181
17229
17278
17327
17375
17424
17472
17521
17569
17618
17666
17715
17764
17813
17861
17910
17959
18007
18056
18106
18196
18246
18295
18345
18393
18442
18491
18539
18588
18637
18685
18734
18823
18872
18922
18971
19022
19072
19122
19172
19221
19271
19320
19370
19419
19468
19516
19566
19615
19706
19756
19846
19895
19944
19993
20041
20090
20140
20189
20238
20288
20337
20427
20477
20528
20578
20627
20675
20724
20772
20820
20869
20919
20968
21018
21067
21117
21168
21218
21268
21318
21366
21415
21464
21675
21724
21774
21823
21872
21921
21972
22023
22074
22125
22176
22226
22275
22324
22372
22421
22469
22517
22566
22615
22664
22714
22763
22812
22861
22909
22958
23006
23055
23103
23152
23201
23249
23297
23346
23394
23443
23492
23540
23589
23638
23686
23735
23784
23834
23883
23932
23982
24031
24080
24130
24179
24229
24278
24329
24379
24429
24479
24529
24579
24628
24679
24729
24779
24830
24880
24930
24979
25027
25077
25126
25175
25224
25273
25322
25370
25419
25467
25516
25564
25613
25662
25710
25759
25807
25856
25904
25953
26001
26050
26099
26147
26196
26244
26293
26341
26391
26440
26490
26539
26589
26638
26687
26737
26786
26836
26885
26935
26984
27034
27083
27132
27182
27231
27281
27330
27380
27429
27477
27526
27574
27623
27671
27721
27770
27820
27869
27919
27968
28016
28065
28114
28163
28213
28262
28311
28361
28410
28459
28507
28556
28604
28653
28701
28750
28798
28847
28896
28944
28992
29042
29090
29139
29187
29235
29284
29332
29380
29430
29479
29529
29578
29627
29677
29726
29776
29826
29876
29925
29975
30025
30074
30124
30173
30222
30272
30321
30370
30419
30468
30518
30567
30616
30665
30715
30764
30813
30863
30912
30962
31010
31058
31107
31155
31204
31252
31302
31351
31400
31450
31499
31548
31597
31646
31694
31743
31791
31840
31888
31936
31985
32033
32082
32131
32179
32228
32277
32325
32373
32422
32471
32520
32569
32617
32666
32715
32764
32814
32864
32913
32963
33013
33062
33112
33161
33210
33259
33309
33358
33406
33455
33505
33554
33604
33653
33703
33752
33802
33851
33900
33949
33999
34048
34097
34147
34196
34245
34294
34344
34392
34442
34491
34541
34590
34640
34690
34738
34787
34835
34884
34932
34981
35032
35082
35133
35182
35232
35281
35330
35379
35429
35478
35527
35577
35627
35676
35726
35775
35825
35874
35923
35972
36020
36069
36117
36166
36214
36263
36311
36360
36408
36458
36507
36557
36606
36655
36704
36752
36801
36849
36898
36947
36996
37044
37094
37143
37193
37243
37292
37342
37391
37440
37490
37539
37588
37638
37687
37736
37786
37834
37883
37931
37979
38028
38076
38125
38173
38221
38270
38319
38368
38418
38467
38516
38566
38615
38665
38714
38763
38812
38862
38910
38958
39007
39056
39105
39155
39204
39254
39303
39352
39401
39449
39498
39547
39595
39645
39694
39744
39794
39843
39893
39942
39992
40041
40090
40140
40189
40239
40288
40336
40385
40433
40482
40531
40580
40628
40677
40726
40775
40825
40874
40924
40973
41022
41071
41120
41170
41219
41268
41317
41366
41414
41463
41512
41560
41609
41658
41707
41756
41806
41856
41906
41956
42005
42054
42104
42153
42201
42250
42298
42346
42395
42443
42493
42543
42593
42643
42693
42743
42791
42840
42888
42936
42986
43035
43085
43135
43184
43234
43283
43332
43382
43431
43479
43527
43576
43624
43673
43721
43769
43817
43866
43914
43964
44014
44064
44114
44165
44214
44263
44312
44361
44411
44460
44509
44558
44608
44657
44706
44755
44804
44854
44903
44952
45001
45050
45098
45146
45195
45244
45292
45341
45391
45440
45490
45539
45589
45638
45687
45736
45786
45835
45884
45934
45983
46033
46082
46132
46182
46232
46282
46331
46381
46430
46478
46527
46575
46624
46672
46721
46769
46818
46866
46915
46964
47013
47063
47112
47161
47210
47260
47309
47358
47407
47457
47506
47556
47605
47655
47705
47753
47802
47850
47899
47947
47995
48044
48092
48141
48190
48240
48289
48338
48388
48438
48488
48538
48588
48638
48688
48737
48787
48836
48886
48935
48983
49032
49080
49128
49177
49225
49273
49322
49371
49419
49468
49516
49565
49615
49665
49715
49766
49816
49866
49917
49966
50015
50064
50114
50163
50212
50260
50308
50357
50405
50454
50503
50552
50601
50651
50700
50749
50798
50848
50897
50946
50995
51045
51093
51142
51191
51240
51289
51338
51388
51437
51486
51535
51583
51631
51681
51730
51779
51828
51878
51926
51974
52023
52071
52120
52168
52216
52266
52315
52364
52414
52463
52513
52562
52613
52664
52715
52764
52814
52863
52913
52962
53012
53062
53112
53162
53212
53261
53311
53360
53410
53459
53509
53558
53608
53657
53706
53754
53803
53852
53900
53949
53998
54047
54097
54146
54196
54245
54295
54344
54394
54443
54493
54543
54593
54642
54692
54741
54790
54839
54889
54938
54987
55037
55086
55135
55185
55235
55285
55335
55384
55433
55483
55533
55583
55633
55683
55733
55783
55833
55882
55932
55981
56031
56080
56130
56179
56229
56278
56328
56377
56427
56476
56525
56575
56624
56673
56722
56770
56819
56867
56916
56965
57013
57062
57111
57161
57210
57260
57309
57359
57408
57457
57507
57556
57606
57655
57704
57753
57801
57850
57898
57947
57996
58046
58095
58145
58195
58245
58294
58344
58394
58443
58492
58542
58591
58640
58689
58739
58789
58839
58889
58939
58989
59038
59087
59135
59183
59232
59281
59330
59378
59426
59476
59525
59574
59623
59673
59722
59771
59820
59868
59918
59968
60018
60068
60118
60168
60217
60267
60316
60365
60415
60464
60514
60563
60613
60662
60711
60760
60809
60858
60908
60958
61007
61057
61106
61156
61205
61255
61305
61354
61404
61454
61504
61554
61602
61651
61700
61749
61799
61848
61897
61946
61996
62045
62094
62143
62193
62242
62290
62339
62387
62435
62485
62534
62584
62633
62682
62732
62782
62832
62882
62932
62982
63031
63079
63127
63176
63224
63272
63321
63369
63418
63467
63517
63566
63615
63664
63714
63763
63813
63862
63912
63961
64010
64058
64106
64155
64203
64253
64302
64352
64401
64450
64499
64547
64596
64644
64693
64742
64792
64841
64890
64939
64989
65038
65086
65135
65183
65232
65280
65329
65377
65425
65475
65524
65573
65622
65672
65721
65770
65820
65869
65919
65969
66018
66068
66116
66165
66213
66262
66310
66358
66407
66455
66504
66552
66600
66649
66697
66746
66794
66844
66893
66942
66990
67039
67087
67135
67184
67232
67282
67332
67382
67432
67482
67532
67582
67631
67680
67730
67780
67830
67879
67929
67979
68028
68079
68130
68181
68232
68283
68333
68382
68431
68479
68528
68577
68625
68674
68723
68771
68820
68869
68918
68967
69016
69065
69114
69164
69214
69264
69313
69363
69412
69460
69509
69557
69605
69654
69702
69751
69799
69847
69896
69944
69992
70041
70090
70138
70187
70236
70285
70334
70383
70432
70482
70531
70580
70628
70677
70725
70774
70822
70872
70921
70971
71020
71069
71119
71169
71219
71270
71320
71368
71417
71465
71514
71562
71611
71660
71710
71760
71809
71859
71908
71958
72006
72054
72103
72152
72201
72249
72298
72346
72395
72443
72492
72540
72589
72637
72686
72734
72783
72832
72881
72929
72979
73028
73077
73127
73176
73225
73273
73323
73372
73421
73470
73520
73569
73618
73668
73718
73767
73816
73866
73915
73965
74014
74063
74113
74162
74212
74261
74311
74360
74409
74459
74508
74557
74607
74656
74705
74754
74803
74851
74900
74949
74997
75046
75095
75145
75194
75244
75293
75342
75391
75440
75490
75539
75589
75638
75688
75738
75787
75836
75885
75934
75984
76033
76082
76132
76180
76229
76279
76329
76379
76429
76479
76528
76578
76628
76678
76729
76779
76829
76879
76928
76978
77027
77077
77126
77175
77223
77271
77320
77368
77416
77465
77514
77563
77612
77662
77711
77760
77809
77857
77906
77954
78003
78053
78102
78151
78201
78250
78300
78349
78399
78448
78497
78547
78596
78644
78693
78742
78790
78839
78887
78936
78985
79034
79084
79133
79182
79232
79282
79331
79381
79430
79480
79529
79578
79628
79677
79727
79777
79826
79876
79926
79975
80025
80073
80123
80173
80222
80272
80321
80371
80420
80470
80520
80571
80621
80671
80721
80771
80820
80870
80920
80969
81019
81069
81118
81167
81215
81264
81313
81362
81412
81462
81512
81562
81612
81661
81709
81758
81806
81855
81904
81952
82001
82049
82098
82146
82195
82243
82293
82342
82392
82442
82491
82541
82590
82640
82689
82738
82788
82837
82886
82934
82982
83031
83080
83128
83179
83229
83280
83330
83380
83430
83480
83531
83581
83631
83681
83731
83780
83828
83877
83966
84015
84063
84112
84161
84210
84258
84307
84356
84406
84456
84505
84555
84605
84655
84703
84751
84800
84849
84897
84946
84994
85043
85091
85140
85189
85237
85287
85336
85386
85436
85485
85535
85584
85632
85681
85729
85778
85827
85877
85927
85976
86026
86075
86124
86173
86221
86270
86318
86367
