+7.511591806089306544 
+7.384512688688508852 
+7.261101594425002581 
+7.138800583007402167 
+7.017604720882325786 
+6.895069577161986096 
+6.776091565286371576 
+6.660598881769606905 
+6.543774530568937209 
+6.428030847734838460 
+6.311033981342971444 
+6.103246017843457771 
+5.991625222587539490 
+5.878816185010569129 
+5.769326385922545875 
+5.660884087688611288 
+5.553484516310813746 
+5.447122910082165426 
+5.339655685523624129 
+5.235376713683818295 
+5.130024773448667474 
+5.027809149647222142 
+4.924552865262304735 
+4.822347565486187371 
+4.723201249745559771 
+4.625054866067893400 
+4.527903763713544194 
+4.429791128163874880 
+4.334636759503860404 
+4.238551984936089312 
+4.143484090982173740 
+4.051299432971678272 
+3.958230589195715687 
+3.866164133271301040 
+3.775095227864222025 
+3.686810874691083040 
+3.599475407299979945 
+3.513084309248202253 
+3.425898928021138268 
+3.341402109795860831 
+3.257836092136081163 
+3.175196406707779140 
+3.093478597107164774 
+3.011038753027706960 
+2.931169960077934178 
+2.852209655088120854 
+2.772569827997616088 
+2.695431600208230805 
+2.619188580824356016 
+2.543836397035879493 
+2.470881563851443197 
+2.397280020906776166 
+2.326031764267316504 
+2.254163863848994254 
+2.183165287764539997 
+2.114454412136903549 
+2.045164065491391625 
+1.976730257731421858 
+1.907778350383294352 
+1.841062091168983450 
+1.773853933034134300 
+1.708837897704037267 
+1.643355859613421899 
+1.580022819598279504 
+1.517516432845533281 
+1.455832513872572953 
+1.396200892340255351 
+1.336132825410214942 
+1.278076100880519483 
+1.219607619100108842 
+1.163109900519763151 
+1.106224826493416913 
+1.050133496463681482 
+0.995952555983064869 
+0.941420452473697544 
+0.887669928647829565 
+0.833623910425703052 
+0.781440121202633620 
+0.730025684415508636 
+0.679376574792424748 
+0.629488778448540565 
+0.579363487262082089 
+0.531001653690863051 
+0.483389078821113927 
+0.436521794404314711 
+0.390395843507207907 
+0.344088633609403338 
+0.299448451694477313 
+0.256426592030158496 
+0.213226631684049650 
+0.170748389419806301 
+0.128987975895441309 
+0.087941512984127890 
+0.046789308914429562 
+0.007173530384260829 
-0.031739943109735158 
-0.069954944749206938 
-0.107475296572443924 
-0.144304809488676966 
-0.181177757708683274 
-0.216623076579150364 
-0.251388999617685016 
-0.286168004886278027 
-0.319572751438002456 
-0.352309444228508184 
-0.384381816214203198 
-0.415159111484890708 
-0.445927365542669207 
-0.476042356238079556 
-0.505507772780839026 
-0.534327293423523919 
-0.562504585475855912 
-0.589487649627366217 
-0.616404364049329523 
-0.642159563664542965 
-0.667312310797846031 
-0.692371191413211129 
-0.716316839615259049 
-0.740150521792812377 
-0.762902859633149966 
-0.785525377198841745 
-0.807098111004205698 
-0.828523413937607422 
-0.849349215123434753 
-0.869579042232207833 
-0.889611030589173346 
-0.908264831193062783 
-0.926727794721485587 
-0.944249663683451423 
-0.961563931309071585 
-0.977967205433746933 
-0.993821855886110050 
-1.009444285450679324 
-1.024200126450781845 
-1.038417089799669846 
-1.052377735805847259 
-1.065783559387956991 
-1.078381105932295192 
-1.090698595702650486 
-1.102236496424150225 
-1.113478855942202195 
-1.124183102067548568 
-1.134554568071616920 
-1.144372743570539974 
-1.153641152473372067 
-1.162194194876229325 
-1.170384417785780506 
-1.177887553292044309 
-1.185013273054557281 
-1.191479867899309930 
-1.197438346083097294 
-1.202998014449094377 
-1.207939774013044421 
-1.212383180552920159 
-1.216406889576421513 
-1.219853208739587025 
-1.222810844276957631 
-1.225282976845563532 
-1.227308384965396293 
-1.228809266294768499 
-1.229834189225797125 
-1.230386293202950121 
-1.230468707455746546 
-1.230097034181494742 
-1.229280562083883588 
-1.227991310412757109 
-1.226244658208917038 
-1.224093123158968233 
-1.221450074749074410 
-1.218291035597618865 
-1.214745467868055151 
-1.210757792367020080 
-1.206425748352145000 
-1.201571801188822342 
-1.196284739635196992 
-1.190567562041592531 
-1.184423256742737074 
-1.177716356426599553 
-1.170718156036845592 
-1.163146105571576605 
-1.155306085502734170 
-1.146881164835229505 
-1.138211318430786712 
-1.128945723886347174 
-1.119260155480454877 
-1.109363807185276052 
-1.098855763887352843 
-1.087936890592099637 
-1.076840744191955856 
-1.065117406951672230 
-1.053238709112856775 
-1.040722771364532839 
-1.028073107847791157 
-1.014776350625118617 
-1.001367226555113454 
-0.987301348731638662 
-0.973144188835250112 
-0.958620991029390801 
-0.943734524748051307 
-0.928172652552608390 
-0.912560646272996046 
-0.896593677603006789 
-0.880274477132016564 
-0.863261967849612510 
-0.846590255029039618 
-0.829230646503213542 
-0.811894272526161309 
-0.793861421444376880 
-0.775492465996646452 
-0.757175066933997165 
-0.737756887287353003 
-0.717598372728017075 
-0.697898311502911817 
-0.677463504515912085 
-0.656695393780272418 
-0.635596748216125995 
-0.614602049356387958 
-0.592857073661492429 
-0.571234241598538084 
-0.549304398256086124 
-0.526613188873695570 
-0.504070854446495353 
-0.481229208049623658 
-0.458090779987873731 
-0.434658091242179800 
-0.411420725437007029 
-0.387905749624549046 
-0.363616967230155019 
-0.339548133032462118 
-0.315208743075195308 
-0.289570010628208863 
-0.263642831881713668 
-0.237956852143328845 
-0.211466211497950418 
-0.185233005855820032 
-0.158732609750676268 
-0.131418465371129223 
-0.104385580660264488 
-0.077092757999527528 
-0.048977462533051686 
-0.021166720263572358 
+0.007472130632910634 
+0.036371669976166032 
+0.064943736148537212 
+0.094352094177526880 
+0.124013741380034404 
+0.153926214234100911 
+0.183481423853153025 
+0.213272869395454201 
+0.243298259426138586 
+0.274175198500960171 
+0.304666296777371670 
+0.336013722884269228 
+0.366961285815799343 
+0.398769804198889410 
+0.430164661595225262 
+0.462424952275274137 
+0.493606210891002206 
+0.525648472242340681 
+0.557241782890885773 
+0.589700374610223399 
+0.623034805056484231 
+0.655909484109194807 
+0.688986828420588004 
+0.722264679843851454 
+0.756426127247524782 
+0.789413315098942192 
+0.823279826254459834 
+0.856641323409928823 
+0.891586619142040071 
+0.926727397166018818 
+0.962061429227983211 
+0.996874137253461079 
+1.031868235706926207 
+1.067761331004859038 
+1.103115601705652260 
+1.137918205673454253 
+1.173617240776447801 
+1.209487396625498867 
+1.244789473196067142 
+1.280992404712232968 
+1.316616596764516700 
+1.353891572075606398 
+1.391334295263334297 
+1.428188879466580019 
+1.465957527379901926 
+1.503887662401401926 
+1.541977201787598339 
+1.578691202279542516 
+1.616317739066650994 
+1.653319184491197191 
+1.691235371352199479 
+1.728516865358166399 
+1.765934224004879205 
+1.804269393850342240 
+1.841955862802624466 
+1.880562046700331003 
+1.918510387337997614 
+1.957380227968614328 
+1.995583264518315580 
+2.034709468608827621 
+2.073962423492982765 
+2.113340292561745493 
+2.152841247398122881 
+2.192463467762824969 
+2.231392904887507633 
+2.271249845197825579 
+2.311222675809645466 
+2.350490379414105213 
+2.390687360660426641 
+2.430171231876485649 
+2.469759564526269990 
+2.510278688325383811 
+2.550903203471664327 
+2.592463624228965813 
+2.634130130291771898 
+2.675064465246698830 
+2.716097210139196250 
+2.757226657391304236 
+2.797608853622403302 
+2.838924727250177860 
+2.880332262511823949 
+2.920982006788889862 
+2.961716533215730252 
+3.003385524531057449 
+3.045992586275112046 
+3.088686480815332480 
+3.131465469230444221 
+3.174327821094014901 
+3.217271814458673163 
+3.260295735840188946 
+3.303397880201784709 
+3.345712238498072644 
+3.388964267146020504 
+3.432289487703276798 
+3.474817603651059628 
+3.517412842230003278 
+3.560073645671396392 
+3.602798463896900838 
+3.645585754504156561 
+3.688433982752540530 
+3.730465371627936122 
+3.773429735199291368 
+3.816450508795036445 
+3.859526188023353566 
+3.903536007207804470 
+3.946718059004085788 
+3.990833328190863227 
+4.034115704947449643 
+4.077445519248376726 
+4.121707001160669570 
+4.165128215451082916 
+4.208592484127070321 
+4.252098371053763870 
+4.294755359776756265 
+4.338339427596118902 
+4.381070280663776906 
+4.425618306706035732 
+4.470202336190654435 
+4.514820890504024575 
+4.559472499028400350 
+4.604155699126026846 
+4.648869036123365106 
+4.692715950907285105 
+4.736589065455088843 
+4.780487032814623838 
+4.825305105537760042 
+4.869249205648602974 
+4.913214134418243617 
+4.957198574108947042 
+5.002099407634115202 
+5.046119276181485702 
+5.090154719387422588 
+5.134204448497500906 
+5.178267181930376495 
+5.222341645263576027 
+5.266426571219173347 
+5.309620735767797584 
+5.353722663885696065 
+5.396931085122870897 
+5.447347517313017029 
+5.492366777920961951 
+5.537389015135627091 
+5.581512449601062187 
+5.625636291577506221 
+5.669759338445373054 
+5.714780795226448440 
+5.758898594789545911 
+5.803012009281912853 
+5.848019958352624670 
+5.891220991733908896 
+5.935314231373879146 
+5.978498849723123953 
+6.021673713440749864 
+6.065736878719671488 
+6.109787628365324963 
+6.153824835826048556 
+6.197847381392673327 
+6.241854152184148852 
+6.286741611500389126 
+6.331610326074897266 
+6.375562361740955808 
+6.420390545025958851 
+6.465196546850513926 
+6.509083810752846588 
+6.552052674889977446 
+6.595892468234034745 
+6.638812805651415516 
+6.682601007189561848 
+6.726361596574332857 
+6.770093542018466692 
+6.813795818376349622 
+6.857467407129753667 
+6.901107296373461431 
+6.944714480801045475 
+6.989176858501592982 
+7.033603088922729896 
+7.077992125098919729 
+7.122342927156074310 
+7.165768623054884934 
+7.209155641500608169 
+7.253387244558540559 
+7.296693199405849484 
+7.339957600038477636 
+7.383179507008867049 
+7.426357987309451403 
+7.469492114358322610 
+7.512580967984953340 
+7.555623634415909784 
+7.597742222314093574 
+7.640690787016886532 
+7.682715470095247134 
+7.725566426537977094 
+7.767493793917193301 
+7.811115589282161764 
+7.854682854962596217 
+7.898194673713198277 
+7.940781584015979000 
+7.983313518081397220 
+8.025789631559941739 
+8.069074193692614472 
+8.111434975939662451 
+8.154600127207816129 
+8.196842208110533434 
+8.239884535637180818 
+8.282004596010187569 
+8.323205335277867434 
+8.365202669734586038 
+8.406281668256713857 
+8.449007036045632191 
+8.490812509001926855 
+8.532552479348856522 
+8.574226182799129958 
+8.616681273815222752 
+8.658218783750118774 
+8.699687754936762829 
+8.741087447280126099 
+8.783259855397108851 
+8.824517342444465839 
+8.864863539936379766 
+8.905978835371071156 
+8.946184374061390443 
+8.987154694237180053 
+9.027216869744815853 
+9.068871805930179164 
+9.109617217787413068 
+9.151115471766612330 
+9.192533521415942488 
+9.233044710572679392 
+9.274301864081087032 
+9.314654027094746880 
+9.355747545813381194 
+9.395938022646181054 
+9.436047503495036182 
+9.476075354094030345 
+9.516835301176737261 
+9.556696313449409175 
+9.595662867493540915 
+9.635357968681951490 
+9.674160829419797381 
+9.713687645537834925 
+9.752324508906543343 
+9.791680709756947820 
+9.831750351992754489 
+9.870930062208074673 
+9.910818414375922814 
+9.950614306000201026 
+9.989524000186612795 
+10.027552429925695066 
+10.066283572572563898 
+10.105711328063950560 
+10.144258038117211385 
+10.183496480593927203 
+10.221856580977750184 
+10.260123527423695933 
+10.298296803070535077 
+10.335599716900912171 
+10.373586059476759047 
+10.411477223309354656 
+10.449272713031032112 
+10.486972038639390092 
+10.524574715483185017 
+10.562080264247800443 
+10.600250618864162533 
+10.637558488515233890 
+10.674767814618878248 
+10.711878139172055668 
+10.749643294621952450 
+10.786552219676057263 
+10.823360791731824193 
+10.860068573866559660 
+10.897421150075480512 
+10.934667877897121357 
+10.971808309829688355 
+11.008102378948940725 
+11.045031046698898791 
+11.081116753918399453 
+11.117098725275061710 
+11.153707679350981508 
+11.189478861218020711 
+11.225145128935562155 
+11.260706102592141775 
+11.296883882111055541 
+11.332230980219936356 
+11.367471667375324884 
+11.403321488353732605 
+11.438346089601171940 
+11.473263208666827140 
+11.508072500881802114 
+11.542066523719316962 
+11.576661365631327527 
+11.611147382999600808 
+11.644823775193025028 
+11.679093410421838684 
+11.712557226420049261 
+11.746609243533574940 
+11.780550871935231427 
+11.813692491753108982 
+11.848101763632993055 
+11.881710439480180241 
+11.915890002602832709 
+11.949953102715141995 
+11.983221664913518367 
+12.017053305448012424 
+12.049421305096343460 
+12.081680931764768872 
+12.115169207817228170 
+12.147873115832487301 
+12.180463328696099268 
+12.212939602548344098 
+12.245960958594606538 
+12.278206304057100340 
+12.310337002114390970 
+12.342352827506456237 
+12.374903394999137163 
+12.406686462156715223 
+12.439644099922830378 
+12.472476356232242267 
+12.504542905169156342 
+12.537126189713671209 
+12.569583429347954251 
+12.601281685998987570 
+12.632228051639884825 
+12.662429499692267498 
+12.693144252181735254 
+12.723118482946455643 
+12.752980038731573487 
+12.783347332050279732 
+12.813596891283676626 
+12.843114810891826494 
+12.873130858205813709 
+12.902419750523637987 
+12.932201720814884283 
+12.961261048728172085 
+12.990206589186636066 
+13.020237067037214729 
+13.049546895666718882 
+13.079332270689761231 
+13.108401660839762215 
+13.137941456863185152 
+13.166769959333464612 
+13.196063735733238431 
+13.225233103546713664 
+13.253698287498426822 
+13.282043805641926326 
+13.310844361898634958 
+13.338947852116081805 
+13.366931433286428188 
+13.394795033141569718 
+13.422538583500465137 
+13.450162020254682105 
+13.477665283354241410 
+13.505048316793097030 
+13.531755888543770538 
+13.558900766907298063 
+13.586475539446915661 
+13.613377174564440963 
+13.640158360152039307 
+13.666819064167825104 
+13.693899640170783982 
+13.720316840580503381 
+13.746613486526747749 
+13.773322511838109961 
+13.799375542944948947 
+13.825307982282751595 
+13.851645341879773810 
+13.898736155920804691 
+13.924203446928810735 
+13.949550159808904226 
+13.975289872642619571 
+14.000393014988368634 
+14.025375632859114816 
+14.050743887263724474 
+14.075483077602052973 
+14.100603001050910024 
+14.125098897869667880 
+14.149474435647462656 
+14.174223410467664763 
+14.198355911817600372 
+14.222368198083657376 
+14.246746667912510986 
+14.270516242141411567 
+14.294165778355981899 
+14.317695342409464843 
+14.341105003727179223 
+14.363920729906968887 
+14.387093251401312344 
+14.409676827503552943 
+14.432612522601029781 
+14.454964269012673839 
+14.478125484761811492 
+14.501621931617954431 
+14.524075294297613681 
+14.546864098750731387 
+14.569528982978358300 
+14.592070061600159292 
+14.614040316448125623 
+14.635891896769813059 
+14.657624920704723337 
+14.679679391497991503 
+14.701610676683060319 
+14.723418912542836523 
+14.745104238952308151 
+14.766666799362671014 
+14.788106740785616822 
+14.809424213777568013 
+14.830619372423701208 
+14.851692374322158940 
+14.872643380568302263 
+14.893057165098756656 
+14.913354101180731348 
+14.933534350124030965 
+14.953189776245491061 
+14.973139520393960566 
+14.993376634651733426 
+15.013091811281032761 
+15.032691154552718871 
+15.052174844569478296 
+15.087660530700743422 
+15.106817150200495092 
+15.125858835923292389 
+15.144400664136252743 
+15.163215405523235546 
+15.181915802659435855 
+15.200502059357194895 
+15.218974382398972267 
+15.237332981523396214 
+15.255578069410654862 
+15.274078720101167406 
+15.292461635880215454 
+15.310727052096146039 
+15.328513391722649928 
+15.346546865350658706 
+15.364463559233279000 
+15.382263721069140416 
+15.399595061929325368 
+15.417165233048637063 
+15.434619628369077304 
+15.451612860464390309 
+15.468838789051527982 
+15.485608631355269438 
+15.502268287464433527 
+15.518481360617009557 
+15.534589187113112985 
+15.550592012215133764 
+15.566820181348010266 
+15.582939452807622160 
+15.599275714057785791 
+15.615175790786388177 
+15.631288952165089512 
+15.646970953256175818 
+15.662545438558510114 
+15.678012690067568258 
+15.693060583946977005 
+15.708316398002644121 
+15.723157722924600677 
+15.738509183055317209 
+15.753750489479589447 
+15.768580402913478622 
+15.783604539052564775 
+15.798519470277071264 
+15.813325520286227288 
+15.827730127234360680 
+15.842321557745876248 
+15.856516471962194714 
+15.870608072524611032 
+15.884881087772974695 
+15.898764921771874725 
+15.912546406287397360 
+15.926503977848351923 
+15.940079665446770463 
+15.953553989054885420 
+15.967199154220956814 
+15.980739474466730599 
+15.994175306279728943 
+16.007241392677279634 
+16.020471398637734950 
+16.033597992906106100 
+16.046362078080896651 
+16.059027545056075326 
+16.071850195470393174 
+16.084317480457695382 
+16.096687207859524449 
+16.108959733136199333 
+16.121382891290554795 
+16.133705593919117405 
+16.145928225473891615 
+16.157809688110368995 
+16.169835321949076246 
+16.181524476038440241 
+16.193354645479232090 
+16.204619281316372081 
+16.216025678889614881 
+16.227108630736729822 
+16.238102213061274881 
+16.249233017714374228 
+16.260047091478561754 
+16.270995398165947421 
+16.281852089000651063 
+16.292836307848485689 
+16.303509082233674121 
+16.314306444679353092 
+16.324796900808109967 
+16.335409045498334280 
+16.345509283147752200 
+16.355939710079468341 
+16.366072185903952629 
+16.376320701671140512 
+16.386275728004829233 
+16.396344016852843595 
+16.406123251521222528 
+16.416013012461267095 
+16.425422961507141650 
+16.434750801585320090 
+16.444188683905256454 
+16.453351787026658570 
+16.462810637214303711 
+16.471995545972500707 
+16.481281847772628169 
+16.490481672681685410 
+16.499595471843701233 
+16.508623698125742152 
+16.517210710337124624 
+16.525896124411062260 
+16.534325845796878696 
+16.542851538010612700 
+16.551125628648538424 
+16.559493299552354273 
+16.567781795447508841 
+16.576158284082314509 
+16.584288153288703427 
+16.592340176046899813 
+16.600476739604133058 
+16.608372833195058860 
+16.616192421963944525 
+16.623778678971813605 
+16.631292372340141128 
+16.645033442989042527 
+16.652493870220123284 
+16.659880392983048125 
+16.667193466018584758 
+16.674727514935792527 
+16.682037571256042696 
+16.689272607075924526 
+16.696433111043770481 
+16.703519573145591437 
+16.710532484689021970 
+16.717334253991104731 
+16.723929627753868488 
+16.730593871334292544 
+16.737323227098002576 
+16.743848997130175604 
+16.750306938152476732 
+16.756697520746335783 
+16.763149578481367996 
+16.769278498480584716 
+16.775469840247186681 
+16.781471350161794476 
+16.787410487051189989 
+16.793409485916388491 
+16.799344431007209977 
+16.805215801296860434 
+16.811024076748967815 
+16.816886348123322392 
+16.822568614705229351 
+16.828189242002931536 
+16.833748713817012543 
+16.839359106976399261 
+16.844796499679777213 
+16.850174203693466524 
+16.855492706424126226 
+16.860859230875753667 
+16.866059613545544948 
+16.871410957671937325 
+16.876597202075942050 
+16.881724396651563325 
+16.886793064596862024 
+16.891903355232749107 
+16.896756917567294920 
+16.901653153119621464 
+16.906396716427501303 
+16.911181740794404504 
+16.915817330660871676 
+16.920493213715619873 
+16.925022861447764910 
+16.929591678780742114 
+16.934017421169098583 
+16.938303706896633116 
+16.942629623578543629 
+16.946905859613437428 
+16.951132917041142889 
+16.955396068260757403 
+16.959525298990470787 
+16.963606870891254630 
+16.967641288214835527 
+16.971629055727287749 
+16.975650643053182165 
+16.979545701092380483 
+16.983395636896897685 
+16.987200957156158410 
+16.994151342901005819 
+16.997831986023047790 
+17.001469971989894958 
+17.005138758650883091 
+17.008692112313809730 
+17.012275600111642859 
+17.015816814543246238 
+17.019246713408563210 
+17.022705825916034428 
+17.026124281212602796 
+17.029368252007483164 
+17.032642172140700865 
+17.035878579002584843 
+17.039077984403579791 
+17.042176712440948450 
+17.045304380358256680 
+17.048396573101346263 
+17.051391756950764034 
+17.054415235354465352 
+17.057465427492072507 
+17.060420847547643319 
+17.063402661165490315 
+17.066292117920966120 
+17.069149701544823472 
+17.071975925577959288 
+17.074771303632896746 
+17.077480219682630747 
+17.080216050240423442 
+17.082922565458510178 
+17.085545916382621101 
+17.088249704897631176 
+17.090871356615853216 
+17.093465747960248535 
+17.096033392601643897 
+17.098626400149584015 
+17.101141572613155262 
+17.103580982075847317 
+17.106046775259944326 
+17.108488388955123582 
+17.110857223593715304 
+17.113203830179955389 
+17.115576897581032512 
+17.117927816118015727 
+17.120209774781486090 
+17.122518358774705405 
+17.124759829913639209 
+17.127028085992108686 
+17.129231034419174051 
+17.131415646190951918 
+17.133672302794582976 
+17.137687191143687215 
+17.139848548828439334 
+17.141993267029846493 
+17.144165131511428513 
+17.146277785596801380 
+17.148375338199457474 
+17.150458297773010230 
+17.152527172374526288 
+17.154624276678454464 
+17.156666242390571142 
+17.158695655116698475 
+17.160754070025102891 
+17.162759665002194964 
+17.164794829087153261 
+17.166778669192098050 
+17.168752503649205465 
+17.170756829284545830 
+17.172711984931442686 
+17.174658654981950434 
+17.176597341571095967 
+17.178528546249932418 
+17.180452769971719107 
+17.182331436945030845 
+17.184243316217120423 
+17.186149703482058726 
+17.188051097171364034 
+17.189909324505549648 
+17.191802300290074612 
+17.193653234962017251 
+17.195539738094502979 
+17.197385282953479901 
+17.199228862768617176 
+17.201070941439535744 
+17.202950329449318900 
+17.204790787610033220 
+17.206669484544704574 
+17.208548563345527072 
+17.210390135304709958 
+17.212309823942241849 
+17.214192982324409087 
+17.216078475716638962 
+17.217928221803067146 
+17.219819770348721022 
+17.221715099676664806 
+17.223575880168230157 
+17.225480118646981254 
+17.227350551632039100 
+17.229265586265473331 
+17.231226065434377404 
+17.233154056741653903 
+17.235089182705330302 
+17.237031919877541242 
+17.238982743771824602 
+17.240902052697720137 
+17.242870283246407581 
+17.244848011054408232 
+17.246795039382437409 
+17.248792956587845282 
+17.250801771862455780 
+17.252821953094805707 
+17.254853967021286820 
+17.256940131179995035 
+17.259039594081215796 
+17.261110444418321208 
+17.263237689343444714 
+17.265379695567276030 
+17.267536951227778985 
+17.269666325909000193 
+17.271855210222376797 
+17.274060790499731866 
+17.276238922732211734 
+17.278478983513654299 
+17.282602754917945731 
+17.284895168810027855 
+17.287160626156765630 
+17.289445233747134267 
+17.291796668167343398 
+17.294121323085636988 
+17.296466467700224001 
+17.298881050861972142 
+17.301268935867600618 
+17.303728044678539533 
+17.306210332431486876 
+17.308716260897824668 
+17.311195450467035784 
+17.313698218024363484 
+17.316173183904474797 
+17.318671590600747123 
+17.321246642666256577 
+17.323793642738927190 
+17.326419132410279644 
+17.329125119656332288 
+17.331803792696753419 
+17.334509422243257859 
+17.337298489031134352 
+17.340059853015926450 
+17.342792213733787321 
+17.345609824717460157 
+17.348456461461950084 
+17.351273540456212174 
+17.354119247392159053 
+17.357054164353314718 
+17.360019715062492196 
+17.362954833587828318 
+17.365920109778588909 
+17.368978657962252043 
+17.372006018552831108 
+17.375128719467866745 
+17.378284413439427425 
+17.381473491341459692 
+17.384630229555313008 
+17.387886539398440533 
+17.391109878695374391 
+17.394366720383882097 
+17.397726341935076277 
+17.401051978882900784 
+17.404412195815723408 
+17.407878452082332643 
+17.411309625172673776 
+17.414776439196707258 
+17.418352601855833228 
+17.421892498938891691 
+17.425469080903162933 
+17.429158369205250523 
+17.432810126415272833 
+17.436576862449776115 
+17.440305174769793695 
+17.444150758972210014 
+17.448036700858111203 
+17.451963351430510585 
+17.459282780325143136 
+17.463409769284993445 
+17.467496687266397259 
+17.471625987751895792 
+17.475798008862053479 
+17.480013086468520811 
+17.484271554180573105 
+17.488662000661697959 
+17.493009142688276114 
+17.497400668571412297 
+17.501927905847448841 
+17.506502036913804687 
+17.511030508992401877 
+17.515604661233403760 
+17.520319578312246733 
+17.524986981309687906 
+17.529701008117594796 
+17.534461966312075987 
+17.539270161033552853 
+17.544225488687089864 
+17.549130041494095167 
+17.554082737543481585 
+17.559186442422639374 
+17.564237305605114869 
+17.569337196001384882 
+17.574486401198484486 
+17.579685206233168770 
+17.584826277042989062 
+17.590124100089216341 
+17.595472357002829966 
+17.600871322528412577 
+17.606209534018510965 
+17.611709681900713065 
+17.617147525598383595 
+17.622749901709639175 
+17.628288392019449304 
+17.633877055755750263 
+17.639634152426534541 
+17.645324941031176991 
+17.651066623158943258 
+17.656859432114647035 
+17.662825899888193959 
+17.668846130168230246 
+17.674920362900145676 
+17.680923220640156757 
+17.686978347002423106 
+17.693213761267355011 
+17.699375175511324443 
+17.705719537421892085 
+17.717384740397893239 
+17.723885601028932513 
+17.730308069370376955 
+17.736919956673993681 
+17.743451589954364778 
+17.750037537095700202 
+17.756955860271435910 
+17.763793401217153445 
+17.770829449300407532 
+17.777782760085607094 
+17.784793661267116249 
+17.792007202589658732 
+17.798988984022024340 
+17.806026561800852193 
+17.813268482500745904 
+17.820419325663870325 
+17.827626464384707106 
+17.835041984463856579 
+17.842363370894990027 
+17.849741525792243380 
+17.857332103548927194 
+17.864825434968469864 
+17.872691830936055624 
+17.880620469012889373 
+17.888611505890104070 
+17.896665094741724289 
+17.904781385208799804 
+17.912960523383606670 
+17.921202651793851857 
+17.929174485293501107 
+17.937372533707161892 
+17.945462301563079421 
+17.953780981326367794 
+17.961989147450111659 
+17.970428919108570653 
+17.978930027667399116 
+17.987492580558122057 
+17.995940063833920419 
+18.004446703509916716 
+18.013191677647999001 
+18.021818138260393027 
+18.030685610060338320 
+18.039432238566863731 
+18.048422548689273981 
+18.057475032037260121 
+18.066589765070325768 
+18.075766820703908166 
+18.085195478563719007 
+18.094498659206340818 
+18.103864361022704799 
+18.121423876740841763 
+18.130968520615876827 
+18.140575891427570099 
+18.150246033675031754 
+18.159978988186505688 
+18.169975361120421553 
+18.179835331536079224 
+18.189961378189714480 
+18.199948485545053956 
+18.210204313735285808 
+18.220111603623511343 
+18.230287647274970197 
+18.240317106291215055 
+18.250617881710425650 
+18.260769536833699078 
+18.271195056767357556 
+18.281683587380356926 
+18.292235120479748645 
+18.302632391529247258 
+18.313308604516155498 
+18.324047772571486092 
+18.334849872012910055 
+18.345714875229965912 
+18.356642750669724506 
+18.367408534723413283 
+18.378460762955050711 
+18.389575745882321911 
+18.400524693515066588 
+18.411763761519900129 
+18.423065431188845764 
+18.434429643138731336 
+18.445856333930823467 
+18.457110341194844949 
+18.468660511560301529 
+18.480035337189001154 
+18.491708690817947769 
+18.503204028920592350 
+18.515000237541862305 
+18.527101018794347453 
+18.539022243596050998 
+18.551005195593663899 
+18.563296218696237361 
+18.575403561250325879 
+18.587572302153635206 
+18.599802324023890776 
+18.612093505223374024 
+18.624698440450490722 
+18.636858837691267610 
+18.649332724275151207 
+18.661867240790154909 
+18.674462244103963826 
+18.686858712295840945 
+18.699573015659208153 
+18.712347353548235418 
+18.725181565467220679 
+18.738339248299656248 
+18.751293922488219579 
+18.764307959179056695 
+18.777648595504807361 
+18.790782020122808404 
+18.803974255193402598 
+18.817225108946278311 
+18.830806609906804994 
+18.844175293777983171 
+18.857601989731705316 
+18.871086487821674638 
+18.884905540734688856 
+18.909651084380836750 
+18.923355323477043299 
+18.937116284676864808 
+18.951216306400329614 
+18.965091142222764375 
+18.979021970909101924 
+18.993294560495463941 
+19.007050598972725197 
+19.020859632714369525 
+19.035010758922592089 
+19.048926122831627339 
+19.063185261696126815 
+19.077205903082848693 
+19.091278240072902861 
+19.105696791530633050 
+19.119872764850100566 
+19.134396532790294287 
+19.148973002834921431 
+19.163601867528406331 
+19.190606663585285219 
+19.205684522628185817 
+19.220512511967644542 
+19.235087177981672113 
+19.250015468074973768 
+19.264687738222743718 
+19.279714993046713545 
+19.294483539757862900 
+19.321991364742007846 
+19.337204509154908294 
+19.352465749114262650 
+19.367461807583943312 
+19.382503301980211319 
+19.397904650875041455 
+19.413352581972688427 
+19.428846700448808349 
+19.444704221234250241 
+19.460290431479123185 
+19.475921605518621504 
+19.491597327917911997 
+19.507317178079262021 
+19.522758591078719803 
+19.538241535465424192 
+19.554737211424658483 
+19.570954028783198453 
+19.587214512998940563 
+19.602865213857750604 
+19.618882577684054525 
+19.634612392170023298 
+19.650709606417354536 
+19.666516738886457460 
+19.682691949922627828 
+19.699237138743203701 
+19.715490000489243272 
+19.732113400729520691 
+19.748775513282001981 
+19.765141424888405197 
+19.781878598267095271 
+19.798317021422750628 
+19.828938256278068053 
+19.845475574984345002 
+19.862046477363758612 
+19.878650420583856118 
+19.895286856307155432 
+19.912295730225903156 
+19.928996118384546321 
+19.945727309277618389 
+19.976536409213899503 
+19.993695327482448931 
+20.010195884819552248 
+20.026723302313353514 
+20.043622162831240985 
+20.060547825611102724 
+20.077845906428269274 
+20.094823856917518157 
+20.111826753197902917 
+20.128853969182596728 
+20.146253092884379043 
+20.163327510874012205 
+20.180424322761240319 
+20.197892459517436947 
+20.215032529495690738 
+20.232193015014949822 
+20.249373249432601085 
+20.266572560287734461 
+20.283438708068544543 
+20.300673776440358864 
+20.317573633420266788 
+20.334489186262622695 
+20.351772651332005637 
+20.368717904604626057 
+20.386030297217260454 
+20.403002513214264724 
+20.419987045155281180 
+20.437691621651087104 
+20.455408033640711807 
+20.473135491871722991 
+20.490873200583727964 
+20.508265326983391219 
+20.526020958448540910 
+20.543429089314127367 
+20.560843976664283872 
+20.578264840997899654 
+20.596046579028492118 
+20.613121352151765109 
+20.630555409467564942 
+20.648348142380914538 
+20.665787017588492347 
+20.683227047679245914 
+20.700667410101821986 
+20.718463180735358975 
+20.735901679487767524 
+20.753337988492159383 
+20.771127003680113887 
+20.788556296030584747 
+20.805980819692571515 
+20.823399708231530525 
+20.841167369714643343 
+20.858572203577463000 
+20.875968747079348020 
+20.893356108409310679 
+20.910733389408811433 
+20.928453979009290720 
+20.945808127109089014 
+20.963503207723118038 
+20.981183945783033806 
+20.998849352712493754 
+21.016851241158818198 
+21.034482635321300137 
+21.052095670443630837 
+21.069337653114885711 
+21.086560063849116631 
+21.104112770476479710 
+21.121292671475767833 
+21.138450050855130513 
+21.155933337874056832 
+21.173391085457058836 
+21.190822227850283355 
+21.207877901084636107 
+21.225253193020684250 
+21.242598661364795021 
+21.259221237215264466 
+21.276159714130653100 
+21.293066438884178382 
+21.309940361598098235 
+21.327123740486602088 
+21.343928158885756119 
+21.361038393291799764 
+21.377768938989387237 
+21.394461288184796643 
+21.411453792000077812 
+21.428065634155903041 
+21.444973695252517842 
+21.461500522740841745 
+21.478319512843125239 
+21.494756761810698720 
+21.511147968118020657 
+21.527158920671649156 
+21.543455616359505456 
+21.559371781802958878 
+21.575569450992777121 
+21.591386379351412472 
+21.607480452501665269 
+21.623520439341486821 
+21.639830787864543282 
+21.655757869916470781 
+21.671627259798512455 
+21.687437749605916082 
+21.703508926136155566 
+21.719196699420074026 
+21.735140102446958821 
+21.751017019937272323 
+21.766826130659680416 
+21.782251992351252312 
+21.797922917647497343 
+21.813210782776227603 
+21.828738252802569519 
+21.843882927477391576 
+21.858647937698894026 
+21.873647220192140139 
+21.888267314992237544 
+21.903116106660718287 
+21.917586264047578481 
+21.931980351275015551 
+21.946594553260091232 
+21.961422558156559859 
+21.975869878626141940 
+21.990524789047327658 
+22.005090130527435122 
+22.019564451267680028 
+22.033946291509728610 
+22.047664490131975157 
+22.061294800630033563 
+22.074835910720985055 
+22.088565749907054681 
+22.101922567481402382 
+22.115186179038673231 
+22.128901884263221689 
+22.142242276782667432 
+22.155481240888558858 
+22.168884330912050018 
+22.181913943102308906 
+22.194575047974637982 
+22.207393746132446211 
+22.219845412031244081 
+22.232447404962837112 
+22.244937708004933086 
+22.257314820805770950 
+22.279995437498612887 
+22.292040814528032655 
+22.303967142951169222 
+22.315772885381157664 
+22.327456496764828131 
+22.338781754080820008 
+22.350219009127389569 
+22.361299935543978989 
+22.372484689658893586 
+22.383315236635461076 
+22.394241285253450258 
+22.404815345394879955 
+22.415476423761049318 
+22.425787830601581874 
+22.436177613550313481 
+22.446220141342131171 
+22.456332243078247046 
+22.474332941630141391 
+22.484038867100800019 
+22.493597398298771139 
+22.503197325956097785 
+22.512452941072847779 
+22.521556078095205322 
+22.530505037907666122 
+22.539475928820941419 
+22.548108170772049874 
+22.556581055082869369 
+22.564892850536516278 
+22.573206415693217508 
+22.581187430754383172 
+22.589159817225954896 
+22.596957103482434803 
+22.604426747519298146 
+22.611724637252120118 
+22.618992559802695297 
+22.625937971233248902 
+22.632842472217514995 
+22.639428038945723642 
+22.645961567333085185 
+22.652179855680341092 
+22.658213588833930885 
+22.664060920983800429 
+22.669833516249280336 
+22.675298576664996375 
+22.680571610995890808 
+22.685752363765136153 
+22.690534077307717098 
+22.695313280294605818 
+22.699795244696129970 
+22.704075666190568938 
+22.708233695292463494 
+22.712101048792707303 
+22.715761032690785726 
+22.719279929703230181 
+22.722514996158405864 
+22.725596224646871235 
+22.728398360943092626 
+22.731033709220220373 
+22.733440721963976472 
+22.735576018410551313 
+22.737524657877450807 
+22.739206646113991894 
+22.740688522111891956 
+22.741931447440240532 
+22.742915595308144106 
+22.743678994294860729 
+22.744180977022569579 
+22.744458087467787522 
+22.744497030853629838 
+22.744297381991522400 
+22.743865289351678172 
+22.743180684442840800 
+22.742269493490365306 
+22.741091668719313645 
+22.739693251352399272 
+22.738050705703162890 
+22.736120037688248630 
+22.733977992172810900 
+22.731533193486555433 
+22.728883354862635002 
+22.725979149380059141 
+22.722681233903333720 
+22.719177084770144859 
+22.715321372644584841 
+22.711266075305449164 
+22.706934636540584194 
+22.702324825652244300 
+22.697331660959825683 
+22.692152582117337545 
+22.686688339636404521 
+22.681056936251941636 
+22.675147576161354124 
+22.668826171225486377 
+22.662348545047066750 
+22.655442533760290047 
+22.648387805461482003 
+22.640888132873296712 
+22.633247398121312699 
+22.625144939445117842 
+22.616909225386930160 
+22.608194785780735714 
+22.599355050831562153 
+22.589825544536974888 
+22.580165987084459545 
+22.569979612008300052 
+22.559457689165135719 
+22.548818188560673548 
+22.537624317018625675 
+22.526555342785858471 
+22.514927131401719862 
+22.503211963521863481 
+22.490919292742667324 
+22.478287299153517864 
+22.454467536540452244 
+22.429218237066148589 
+22.414974662318513765 
+22.400377655058051118 
+22.385115801699349447 
+22.369796996773636977 
+22.353793323036892815 
+22.337742328611220444 
+22.320986191188747938 
+22.304192538157273873 
+22.286673214772939389 
+22.269126356520310139 
+22.250833045684927924 
+22.232522357848917949 
+22.213444178618360070 
+22.194358958850486374 
+22.174886401370859090 
+22.155023855705728408 
+22.134351183473647495 
+22.113692576350697294 
+22.092635917667085010 
+22.070736420937048905 
+22.048867321435814404 
+22.026592019749962503 
+22.004374846840136115 
+21.981287406028783948 
+21.958269424284207361 
+21.933866792271835777 
+21.909528116623381067 
+21.884257092109326237 
+21.859061736658272679 
+21.833438166346283538 
+21.807919638911563709 
+21.781440125067103253 
+21.755077729527567243 
+21.728293744644496144 
+21.700514137891769195 
+21.671708908715526576 
+21.618084545685373854 
+21.588563639981540376 
+21.558586658115533652 
+21.528150708719820727 
+21.497252890549400917 
+21.465890292470017897 
+21.434059993442318159 
+21.401759062508691756 
+21.368984558776265459 
+21.335733531407193198 
+21.302696209817529649 
+21.267790052577620230 
+21.233091649572873649 
+21.197904819813352617 
+21.162226562506997851 
+21.126053866829263228 
+21.088630140453194173 
+21.051449249638213956 
+21.013764765467403350 
+20.974788929040581564 
+20.936077660018280966 
+20.896853550599281846 
+20.856297104237459195 
+20.815200177310241969 
+20.773559473471067349 
+20.732220823972905777 
+20.689493673762548553 
+20.646212858029631576 
+20.603257273166292407 
+20.559763585634975414 
+20.516632734813715189 
+20.472064481022631099 
+20.427874890667276020 
+20.382219589905417934 
+20.336958994905451448 
+20.291163857769191736 
+20.243860143426704923 
+20.196975520984704389 
+20.148553273419789633 
+20.100566704622011116 
+20.051013162926690114 
+20.001912107808500707 
+19.951214430409752509 
+19.900986269878973900 
+19.849131534314295777 
+19.796687367004118130 
+19.697715895519184670 
+19.643569259681981976 
+19.588820294822561152 
+19.532329614242659233 
+19.477501890361089920 
+19.420925680542424629 
+19.364906965145994633 
+19.308294054511989657 
+19.249885474565704868 
+19.192061966275264950 
+19.132410832248542221 
+19.073363509805009386 
+19.012456288564983709 
+18.950909377919259668 
+18.888719292667669691 
+18.824593396219565733 
+18.761093157823175659 
+18.696939153054973559 
+18.632127853601183176 
+18.566655720388141049 
+18.499162536005815838 
+18.432344406278858173 
+18.364854687873339856 
+18.296689798313405362 
+18.229257925394907858 
+18.159745864747549149 
+18.089547894357856705 
+18.018660388562381058 
+17.945611637556321938 
+17.873319881526317232 
+17.800327572935071174 
+17.725119673043483459 
+17.650700754412770976 
+17.575570166339172573 
+17.499724206191192621 
+17.423159160350007113 
+17.282240716137181380 
+17.205242047295399743 
+17.127539720413142987 
+17.047489117687671722 
+16.965041222903632701 
+16.881818010127886964 
+16.728348941314703069 
+16.644633910806675203 
+16.558427566673845632 
+16.474921773062256136 
+16.387153754184378585 
+16.300362201729704736 
+16.212795719882866052 
+16.124450420691175623 
+16.035322404974820643 
+15.945407762311738509 
+15.856561625491508494 
+15.766953181186174504 
+15.674687748676973342 
+15.583527481336975740 
+15.489670135601972589 
+15.396942819464323193 
+15.303434398637188352 
+15.205195138022347123 
+15.108090301400942224 
+15.010159441042182138 
+14.911398522848919868 
+14.809762236466919916 
+14.709311907017159626 
+14.605943269985900201 
+14.503786920996841303 
+14.398668937884462338 
+14.294789866531726119 
+14.187905445316355113 
+13.993245891379725521 
+13.888228046248642045 
+13.780156463280718526 
+13.671205945301311502 
+13.466523125712495101 
+13.355038279444062965 
+13.052579871584457649 
+12.937785999433947026 
+12.819710579743897938 
+12.703072286190053575 
+12.585514636485111595 
+12.464605703668446779 
+12.347624081938924689 
+12.227282554407508997 
+12.106004425317463458 
+11.981281259246326698 
+11.858097555841315085 
+11.731420848515233146 
+11.608876527392382627 
+11.482830437687528757 
+11.358423109486324165 
+11.230466567002213907 
+11.104179295512166092 
+10.974294965132180835 
+10.843430184206383160 
+10.711580493670270542 
+10.576020087902190170 
+10.442166823512605944 
+10.307315108804544934 
+10.171460436649660153 
+10.034598287928929494 
+9.896724131517611767 
+9.757833424271318279 
+9.617921611013279914 
+9.476984124517276342 
+9.335016385494746771 
+9.189084575127075993 
+9.045021283636971887 
+8.896941553872526498 
+8.750763867942360719 
+8.606547941938213597 
+8.458280205405912966 
+8.312007941667260980 
+8.164711474834769334 
+8.013285322451089598 
+7.863905648266384496 
+7.707198457212220077 
+7.552528306785364798 
+7.393577180030936447 
+7.236698291377236636 
+7.075483445387234838 
+6.913117755060371294 
+6.752877927875462483 
+6.591523145863800615 
+6.429048597331140869 
+6.262098956792322646 
+6.097347290745024573 
+5.928063974898225119 
+5.620361016222098272 
+5.447742962525611077 
+5.277412240715298353 
+4.961539006070429636 
+4.787909934424526170 
+4.609529050523372362 
+4.433526547429252673 
+4.252713456331337127 
+4.070664095886573186 
+3.887373158206087531 
+3.706538332606030384 
+3.520773359353913889 
+3.341256019243657782 
+3.005318336494345210 
+2.822467201068244336 
+2.630745361406439997 
+2.437740724855135710 
