16
65
113
162
210
259
307
356
406
455
504
553
602
652
702
751
841
890
939
988
1036
1085
1134
1183
1232
1280
1329
1377
1425
1474
1523
1571
1620
1669
1717
1766
1814
1863
1912
1960
2009
2057
2106
2156
2205
2254
2303
2352
2400
2449
2497
2546
2595
2645
2694
2744
2794
2843
2893
2942
2991
3039
3088
3136
3185
3233
3323
3372
3422
3471
3520
3570
3620
3670
3721
3771
3821
3871
3920
3969
4018
4067
4116
4166
4215
4264
4313
4363
4412
4462
4512
4560
4609
4657
4706
4754
4802
4851
4900
4949
4999
5048
5097
5146
5196
5245
5294
5343
5393
5442
5491
5541
5590
5639
5689
5738
5787
5837
5886
5936
5985
6035
6084
6133
6183
6232
6282
6331
6381
6430
6479
6528
6578
6627
6675
6724
6772
6820
6869
6917
6966
7015
7064
7114
7163
7212
7262
7311
7360
7410
7459
7508
7557
7606
7655
7703
7753
7802
7852
7901
7950
8000
8049
8098
8146
8194
8243
8292
8340
8389
8439
8488
8579
8630
8680
8730
8779
8828
8876
8925
8975
9024
9073
9122
9172
9221
9270
9319
9369
9417
9465
9513
9562
9610
9659
9708
9758
9808
9858
9907
9956
10005
10053
10101
10150
10198
10246
10295
10344
10393
10442
10490
10539
10587
10635
10684
10732
10781
10829
10878
10926
10975
11024
11073
11122
11171
11219
11268
11316
11365
11413
11462
11510
11559
11607
11656
11704
11753
11801
11850
11898
11946
11995
12043
12093
12142
12191
12241
12290
12340
12389
12439
12488
12578
12626
12675
12723
12771
12820
12869
12918
12967
13017
13066
13116
13165
13215
13265
13314
13364
13414
13464
13513
13562
13612
13661
13711
13760
13808
13857
13906
13954
14003
14052
14101
14149
14199
14248
14298
14347
14397
14446
14495
14543
14592
14640
14689
14737
14787
14837
14887
14936
14986
15036
15085
15134
15182
15231
15279
15327
15376
15425
15474
15524
15573
15623
15672
15722
15770
15818
15867
15915
15963
16012
16060
16109
16198
16246
16295
16343
16391
16440
16488
16538
16587
16636
16685
16734
16784
16833
16883
16932
16982
17031
17080
17130
17178
17227
17275
17323
17372
17420
17470
17519
17569
17618
17667
17717
17766
17815
17865
17913
17962
18010
18059
18107
18156
18205
18255
18304
18354
18402
18451
18499
18588
18678
18727
18776
18825
18873
18922
18971
19019
19068
19117
19165
19214
19263
19311
19361
19410
19459
19509
19558
19607
19657
19706
19755
19805
19854
19904
19953
20003
20093
20143
20192
20241
20291
20340
20390
20439
20488
20536
20584
20633
20681
20730
20779
20828
20877
20926
20975
21023
21072
21121
21170
21218
21266
21314
21363
21411
21460
21508
21557
21606
21654
21703
21753
21802
21851
21900
21950
21999
22048
22098
22147
22196
22244
22292
22341
22389
22438
22488
22537
22587
22637
22687
22736
22786
22835
22885
22934
22983
23033
23082
23130
23180
23229
23278
23328
23377
23426
23475
23523
23572
23622
23671
23720
23769
23819
23869
23917
23966
24015
24063
24112
24161
24209
24258
24308
24357
24406
24455
24505
24554
24603
24652
24702
24751
24800
24849
24898
24949
24999
25048
25097
25147
25196
25245
25295
25345
25394
25443
25493
25542
25592
25642
25691
25740
25790
25839
25889
25939
25989
26039
26089
26139
26188
26236
26284
26334
26384
26434
26483
26531
26579
26628
26676
26724
26773
26822
26871
26921
26970
27020
27068
27117
27166
27214
27263
27312
27361
27409
27459
27508
27557
27606
27656
27705
27754
27804
27853
27902
27950
27999
28047
28097
28188
28237
28287
28336
28386
28436
28485
28534
28583
28633
28682
28731
28780
28829
28878
28927
28977
29026
29074
29123
29171
29220
29268
29317
29367
29417
29467
29517
29567
29617
29667
29716
29764
29812
29861
29909
29958
30007
30055
30104
30154
30203
30252
30301
30351
30401
30451
30501
30551
30601
30692
30742
30792
30842
30891
30941
30991
31041
31090
31140
31190
31240
31289
31338
31386
31435
31485
31535
31585
31635
31684
31733
31783
31832
31881
31931
31980
32029
32079
32128
32177
32227
32276
32325
32374
32424
32474
32524
32574
32624
32674
32723
32772
32821
32871
32920
32969
33018
33067
33117
33166
33215
33263
33312
33401
33449
33498
33547
33597
33647
33695
33743
33792
33841
33889
33938
33988
34038
34088
34139
34189
34239
34288
34337
34387
34435
34485
34534
34582
34630
34679
34727
34775
34824
34872
34921
34969
35018
35066
35115
35163
35212
35262
35312
35403
35453
35504
35554
35603
35653
35703
35752
35801
35849
35897
35987
36035
36083
36132
36180
36229
36277
36327
36377
36426
36476
36526
36575
36625
36674
36723
36773
36822
36871
36919
36968
37017
37066
37115
37165
37214
37263
37313
37362
37412
37461
37511
37560
37609
37658
37707
37756
37806
37855
37904
37953
38002
38052
38101
38150
38199
38249
38298
38346
38395
38443
38492
38541
38630
38678
38728
38777
38868
38917
38966
39015
39065
39114
39163
39212
39302
39352
39401
39449
39498
39547
39595
39644
39692
39741
39789
39838
39886
39934
39983
40032
40081
40130
40178
40227
40275
40323
40372
40421
40470
40518
40567
40615
40664
40712
40761
40810
40859
40908
40956
41005
41053
41101
41150
41240
41289
41338
41388
41437
41485
41534
41582
41630
41679
41727
41776
41826
41875
41924
41973
42023
42072
42121
42170
42220
42269
42318
42367
42417
42466
42516
42565
42614
42663
42713
42762
42812
42861
42911
42960
43010
43060
43109
43159
43208
43258
43308
43357
43407
43457
43506
43556
43604
43652
43701
43749
43797
43846
43895
43945
43994
44043
44092
44140
44189
44237
44286
44335
44385
44433
44482
44531
44579
44628
44677
44726
44776
44825
44874
44924
44973
45023
45072
45122
45172
45221
45271
45320
45369
45419
45468
45517
45566
45616
45665
45715
45765
45815
45865
45915
45965
46014
46064
46113
46163
46212
46262
46311
46360
46451
46501
46551
46601
46651
46701
46750
46800
46850
46899
46949
46999
47048
47097
47146
47194
47243
47291
47340
47388
47436
47485
47533
47581
47630
47678
47726
47776
47825
47874
47923
47973
48022
48071
48121
48170
48220
48270
48319
48369
48417
48466
48515
48563
48612
48660
48710
48759
48808
48858
48907
48956
49005
49053
49101
49150
49198
49247
49295
49343
49392
49441
49531
49580
49629
49679
49728
49776
49825
49873
49921
49969
50018
50066
50114
50164
50213
50262
50311
50361
50410
50459
50508
50558
50608
50658
50748
50798
50846
50896
50945
50994
51044
51093
51142
51191
51241
51331
51381
51471
51520
51569
51618
51668
51717
51766
51814
51863
51912
51960
52009
52059
52108
52156
52205
52253
52302
52350
52398
52448
52497
52546
52594
52643
52692
52741
52789
52838
52888
52937
52986
53035
53085
53134
53183
53231
53280
53328
53377
53426
53475
53523
53572
53621
53669
53718
53766
53815
53864
53912
53961
54010
54059
54107
54156
54205
54254
54303
54351
54400
54448
54497
54546
54594
54642
54691
54739
54788
54837
54886
54936
54985
55034
55083
55133
55182
55231
55281
55331
55381
55431
55481
55531
55580
55629
55678
55728
55777
55825
55874
55922
55971
56019
56068
56117
56167
56216
56265
56313
56362
56410
56458
56508
56558
56607
56657
56706
56756
56805
56855
56904
56953
57003
57052
57101
57150
57199
57248
57297
57347
57396
57445
57493
57542
57590
57639
57687
57735
57784
57832
57881
57931
57980
58030
58079
58129
58178
58227
58278
58328
58378
58428
58478
58528
58617
58665
58714
58762
58810
58860
58909
58958
59007
59057
59106
59155
59204
59253
59302
59352
59401
59450
59500
59550
59600
59650
59699
59749
59799
59849
59899
59948
60039
60088
60137
60187
60237
60285
60374
60424
60474
60524
60573
60623
60672
60721
60769
60818
60868
60917
60967
61017
61067
61116
61165
61213
61262
61310
61358
61407
61456
61505
61595
61643
61692
61740
61789
61837
61886
61936
61985
62034
62083
62133
62181
62230
62278
62327
62376
62424
62474
62523
62572
62621
62671
62720
62769
62858
62906
62955
63003
63052
63102
63151
63201
63251
63301
63351
63399
63448
63496
63544
63592
63641
63689
63739
63788
63837
63886
63936
63985
64034
64083
64133
64182
64231
64280
64330
64379
64428
64478
64527
64577
64626
64676
64725
64775
64824
64873
64921
64969
65018
65066
65115
65164
65213
65262
65312
65361
65410
65459
65509
65558
65606
65654
65703
65751
65799
65848
65896
65946
65996
66045
66095
66145
66194
66244
66293
66342
66391
66441
66490
66539
66588
66636
66685
66733
66782
66830
66880
66929
66978
67028
67077
67126
67175
67224
67274
67323
67372
67421
67471
67520
67569
67618
67666
67715
67764
67812
67861
67910
67960
68010
68059
68109
68199
68288
68337
68385
68434
68484
68534
68583
68633
68683
68732
68782
68831
68881
68930
68980
69029
69079
69127
69176
69225
69275
69324
69373
69422
69472
69520
69568
69617
69665
69715
69764
69814
69864
69913
69963
70013
70062
70153
70203
70252
70301
70351
70400
70449
70498
70547
70595
70643
70692
70740
70788
70837
70885
70934
70982
71031
71081
71171
71221
71270
71320
71370
71418
71467
71517
71566
71616
71665
71715
71764
71814
71863
71913
71963
72013
72062
72111
72159
72208
72256
72305
72353
72402
72451
72499
72590
72640
72690
72739
72789
72838
72887
72936
72986
73035
73083
73132
73180
73229
73278
73326
73374
73423
73473
73522
73572
73622
73671
73720
73770
73819
73868
73918
73967
74015
74063
74112
74160
74209
74258
74307
74357
74406
74455
74505
74554
74603
74653
74702
74752
74801
74851
74900
74949
74999
75048
75097
75147
75196
75245
75295
75344
75392
75441
75489
75538
75586
75635
75683
75732
75781
75831
75880
75929
75978
76028
76077
76126
76175
76224
76274
76323
76372
76421
76471
76521
76571
76621
76712
76761
76811
76860
76910
76959
77008
77058
77107
77156
77207
77255
77304
77352
77401
77449
77497
77588
77636
77685
77733
77781
77830
77878
77928
77977
78026
78075
78125
78174
78223
78272
78320
78368
78417
78465
78514
78562
78611
78660
78708
78757
78805
78854
78903
78951
79000
79049
79099
79148
79197
79246
79296
79344
79393
79442
79492
79541
79590
79640
79689
79738
79786
79835
79924
79972
80020
80070
80119
80167
80216
80264
80313
80361
80410
80458
80507
80556
80604
80653
80701
80791
80839
80888
80936
80984
81074
81123
81172
81222
81271
81320
81369
81417
81465
81514
81563
81613
81662
81712
81761
81811
81860
81910
82000
82050
82099
82148
82196
82245
82294
82344
82393
82442
82492
82541
82589
82638
82686
82734
82783
82831
82880
82930
82979
83028
83077
83127
83176
83225
83274
83324
83373
83422
83471
83519
83569
83619
83668
83718
83768
83817
83866
83914
84003
84052
84100
84148
84197
84245
84293
84342
84390
84438
84488
84537
84587
84636
84686
84735
84785
84834
84884
84934
84984
85033
85083
85132
85180
85229
85277
85326
85374
85423
85471
85520
85568
85617
85665
85754
85802
85851
85900
85950
85999
86049
86098
86148
86198
86248
86297
86347
86396
