6.82945
3.33107
3.31586
3.31586
6.99677
0.927832
4.44143
0.927832
0.471521
0.471521
0.471521
0.471521
0.471521
0.471521
0.958253
3.75696
3.98512
6.3123
6.3123
6.3123
0.471521
0.471521
0.471521
0.471521
0.471521
4.2589
0.471521
0.471521
3.98512
3.98512
3.98512
3.98512
3.77217
3.77217
5.03463
0.927832
0.471521
0.577994
0.577994
0.577994
0.471521
0.471521
0.471521
0.927832
0.927832
0.471521
0.471521
0.471521
0.471521
0.471521
7.7725
4.2589
7.7725
7.7725
7.7725
0.471521
0.471521
0.471521
0.471521
0.471521
0.471521
0.471521
0.471521
0.471521
0.471521
0.471521
3.98512
3.98512
0.471521
0.471521
0.471521
0.471521
0.471521
0.471521
0.471521
0.471521
0.471521
0.471521
0.927832
0.927832
0.471521
0.471521
0.471521
0.471521
0.471521
0.471521
0.471521
0.471521
0.471521
0.471521
0.471521
0.927832
0.927832
3.98512
3.98512
3.98512
3.98512
0.471521
0.471521
0.471521
0.471521
0.471521
0.471521
5.52136
5.52136
0.471521
0.471521
0.471521
0.471521
0.471521
0.471521
0.471521
0.471521
0.471521
3.98512
0.471521
0.471521
0.471521
0.471521
0.471521
0.471521
0.471521
0.471521
0.471521
0.471521
0.471521
4.2589
4.2589
0.471521
0.471521
0.471521
0.471521
0.471521
0.471521
0.471521
0.471521
0.471521
0.471521
0.471521
0.471521
0.471521
0.471521
0.471521
0.471521
1.70356
1.70356
1.70356
1.70356
6.7534
1.70356
1.70356
1.70356
1.70356
1.70356
1.70356
1.70356
1.70356
1.70356
1.70356
1.70356
1.70356
1.70356
1.70356
1.70356
1.70356
1.70356
1.70356
1.70356
1.70356
5.11068
1.70356
5.11068
5.11068
5.11068
1.70356
1.70356
1.70356
1.70356
0.471521
0.471521
0.471521
0.471521
0.471521
0.471521
0.471521
0.471521
0.471521
0.471521
0.471521
0.471521
0.471521
0.471521
0.471521
0.471521
0.471521
0.471521
1.70356
1.70356
1.70356
1.70356
1.70356
1.70356
1.70356
1.70356
1.70356
1.70356
1.70356
1.70356
1.70356
1.70356
1.70356
1.70356
1.70356
1.70356
1.70356
1.70356
1.70356
1.70356
1.70356
1.70356
1.70356
1.70356
1.70356
1.70356
1.70356
1.70356
1.70356
1.70356
1.70356
1.70356
1.70356
1.70356
1.70356
1.70356
1.70356
1.70356
1.70356
1.70356
1.70356
1.70356
1.70356
1.70356
1.74919
1.74919
0.471521
0.471521
0.471521
0.471521
0.471521
0.471521
0.471521
0.471521
0.471521
0.471521
0.471521
0.471521
0.471521
0.471521
0.471521
0.471521
0.471521
0.471521
0.471521
0.471521
0.471521
0.471521
0.471521
0.471521
0.471521
0.471521
0.471521
0.471521
0.471521
0.471521
0.471521
0.471521
0.471521
0.471521
0.471521
0.471521
0.471521
0.471521
0.471521
0.471521
0.471521
0.471521
0.471521
0.471521
0.471521
0.471521
0.471521
0.471521
0.471521
0.471521
0.471521
0.471521
0.471521
0.471521
0.471521
0.471521
0.471521
0.471521
0.471521
0.471521
0.471521
0.471521
0.471521
0.471521
0.471521
0.471521
0.471521
0.471521
0.471521
0.471521
0.471521
0.471521
0.471521
0.471521
0.471521
0.471521
0.471521
0.471521
0.471521
0.471521
0.471521
0.471521
0.471521
0.471521
0.471521
0.471521
0.471521
7.6356
3.98512
0.471521
0.471521
0.471521
0.471521
0.471521
0.471521
0.471521
0.471521
0.471521
0.471521
0.471521
0.471521
0.471521
0.471521
0.471521
0.471521
0.471521
0.471521
0.471521
0.471521
0.471521
0.471521
0.471521
0.471521
0.471521
0.471521
0.471521
0.471521
0.471521
0.471521
0.471521
0.471521
0.471521
0.471521
0.471521
0.471521
0.471521
0.471521
0.471521
0.471521
0.471521
0.471521
0.471521
0.471521
0.471521
0.471521
0.471521
0.471521
0.471521
0.471521
0.471521
0.471521
0.471521
0.471521
5.03463
5.03463
8.6547
8.6547
8.33528
0.471521
0.471521
0.471521
0.471521
0.471521
0.471521
0.471521
0.669256
0.669256
0.669256
0.669256
0.669256
0.669256
5.7191
5.52136
0.471521
0.471521
0.471521
0.471521
5.03463
5.03463
5.03463
5.03463
5.03463
5.03463
5.03463
0.471521
0.471521
0.471521
0.471521
0.471521
0.471521
0.471521
0.471521
0.471521
0.471521
3.75696
0.471521
0.471521
0.471521
0.471521
0.958253
0.471521
3.75696
3.75696
0.471521
0.471521
0.471521
0.471521
5.03463
5.04984
5.17152
0.958253
0.471521
0.471521
0.471521
0.471521
0.471521
0.471521
0.471521
0.471521
0.471521
0.471521
0.471521
0.471521
0.471521
0.471521
8.79159
8.8068
8.86764
8.86764
0.562784
0.471521
0.471521
0.471521
5.15631
5.15631
0.471521
0.471521
0.471521
0.471521
0.471521
0.471521
0.471521
0.562784
3.98512
4.04596
0.471521
0.517152
3.98512
0.927832
2.81392
5.70389
6.95114
6.95114
2.3424
0.517152
0.471521
0.927832
0.927832
0.471521
0.471521
3.98512
4.44143
0.927832
4.44143
0.471521
3.74175
3.74175
3.74175
3.74175
3.98512
3.98512
4.03075
4.01554
0.471521
0.471521
5.01942
5.03463
5.03463
4.989
4.989
0.471521
0.471521
0.471521
0.471521
0.471521
4.989
4.989
1.44498
1.50583
1.44498
0.517152
0.562784
0.562784
0.471521
1.07994
0.973463
0.973463
0.517152
0.517152
0.517152
5.1411
5.56699
9.689
9.689
13.7958
11.0579
6.40356
10.2366
9.05017
5.94725
5.49094
1.64272
5.18673
1.64272
1.64272
6.19062
14.1608
14.1761
6.57088
8.03107
15.9861
15.9861
15.8948
13.8262
20.6253
18.0851
23.5456
22.8764
8.88285
5.64305
7.69644
18.1612
18.3893
18.1612
15.2256
14.7541
7.90939
4.44143
0.471521
9.01975
9.01975
12.9744
17.7657
17.7657
14.0848
14.1456
14.0848
15.3625
15.7123
20.2602
19.6822
19.7126
18.2372
27.2418
26.4812
24.8385
20.8078
22.0094
14.2825
26.5877
23.9259
15.2712
15.621
18.8609
16.9748
14.8605
11.5599
16.9139
16.9139
16.8835
16.8075
12.7615
24.7625
11.8337
11.3317
9.11101
2.43366
10.2822
9.85632
5.35405
13.157
17.7657
13.0961
9.87153
9.87153
6.72298
5.38447
9.43043
13.9327
12.077
14.0544
15.3777
10.6777
7.72687
7.74208
5.01942
1.84045
11.6664
15.4233
16.3664
15.4842
17.6592
14.3738
15.3625
7.58997
6.54046
17.1117
25.7968
20.6405
18.9825
22.0094
18.1764
20.9447
17.0812
16.8075
26.0097
22.8612
34.0712
33.4628
33.5084
32.1091
20.1233
18.1003
23.9563
35.1816
31.5311
27.0897
28.4738
28.4586
38.8929
32.6719
26.6181
20.2298
16.1686
24.4887
31.1508
29.28
29.8579
32.9761
30.0253
29.4168
33.5389
33.8735
21.9029
23.1198
27.7893
28.3673
28.6411
29.7971
31.4246
26.0249
29.0822
24.9146
25.888
25.5686
31.5007
25.7207
33.113
22.9372
18.511
19.6214
24.656
19.3932
16.0013
16.6401
20.7469
25.4165
23.4544
22.7395
25.5078
27.7133
31.8505
26.8311
22.344
24.7321
21.2337
28.5803
19.4388
23.9259
27.6829
34.0256
31.4855
21.9029
26.7398
27.5916
48.6427
33.9039
27.3482
26.0858
25.4926
20.3058
24.6864
29.3712
31.1812
30.8618
37.3414
35.4402
33.2042
20.0929
25.4622
21.0511
20.9143
28.991
29.8123
34.8165
37.1285
29.6906
30.4968
24.1997
24.1845
30.4816
30.4816
30.1317
19.2563
28.9757
30.2686
29.8884
30.2382
25.1275
23.211
30.4664
23.6369
23.2566
32.3981
39.8512
38.8473
31.4246
28.0631
32.2003
30.1317
33.2499
35.79
33.7366
42.1327
32.5046
27.5916
35.7444
30.9683
38.3758
35.288
36.4288
29.645
27.5156
23.0285
18.8456
25.6599
24.3366
24.367
24.9754
24.6712
22.5874
26.466
15.1343
24.1084
33.4628
23.4848
23.8955
24.002
23.1502
18.6479
15.3473
13.3699
21.3706
16.9291
23.6217
20.245
19.8647
15.8948
19.4693
10.4647
17.9482
18.3133
18.1308
18.0699
14.4194
15.4081
13.9175
17.9482
18.4654
13.735
16.3511
19.9712
20.321
8.82201
6.35793
6.34272
11.0579
11.1492
9.26311
11.0427
8.88285
16.5793
14.2065
16.4728
11.7424
19.1955
24.8994
10.1757
8.86764
9.99321
14.1913
6.79903
5.46052
1.1712
3.72654
5.11068
9.14143
13.5372
12.579
24.2453
15.1039
22.9524
26.3139
16.8835
15.5906
6.78382
2.19029
2.19029
2.19029
2.19029
10.3735
10.3735
5.39968
1.50583
4.79126
10.0541
5.39968
4.3958
1.20162
2.55534
9.01975
5.77994
1.26246
0.973463
1.59709
1.14078
1.14078
1.14078
7.49871
2.92039
2.90518
6.90551
4.00033
5.00421
11.0884
6.92072
6.92072
6.64693
5.67347
5.7191
1.1712
4.71521
9.46085
9.20227
9.20227
10.3278
5.65826
5.65826
1.18641
1.18641
5.7191
13.2786
12.5942
12.6094
18.4198
12.4117
4.80648
3.40712
7.9246
7.9246
7.43787
7.37703
10.6016
14.9366
6.96635
6.95114
10.3583
14.8605
14.8149
7.37703
7.37703
7.83334
9.05017
11.499
7.87897
7.05761
7.16408
6.76861
10.0693
10.0541
6.70777
8.41133
12.3508
10.5864
11.3621
19.9104
11.788
7.72687
10.9515
19.9712
14.2825
10.5256
10.0845
6.52525
10.0541
19.4541
15.3777
15.6819
19.4693
15.6971
24.291
21.4922
20.4884
13.9479
12.4877
8.92848
5.93204
1.82524
1.82524
1.82524
6.34272
6.34272
6.34272
1.82524
10.4039
10.4495
7.28577
9.84111
0.471521
12.9288
18.9217
12.5486
5.55178
9.74984
2.3424
10.2062
10.6473
5.278
6.03852
5.61262
10.921
14.9974
8.91327
8.91327
6.0233
9.26311
4.989
5.08026
3.84822
3.84822
4.21327
5.74952
5.99288
5.53657
16.8379
9.30874
4.77605
9.8259
5.97767
8.32007
12.3964
7.6356
10.0845
16.701
15.6819
10.9363
8.38091
4.45664
6.23625
7.86376
0.471521
0.912622
4.44143
4.48706
4.03075
3.98512
8.42654
0.471521
8.09191
4.91295
4.92816
9.18706
6.34272
3.75696
8.15276
1.49062
4.95858
7.36182
0.471521
0.669256
0.669256
5.20194
5.18673
3.65049
0.517152
0.517152
0.471521
5.03463
11.0123
5.52136
8.8068
5.00421
5.00421
5.00421
9.65858
9.65858
9.65858
9.0958
8.6547
9.32395
0.745308
0.471521
1.44498
4.50227
9.01975
9.05017
0.471521
0.471521
0.471521
0.562784
0.562784
0.471521
4.01554
4.07638
4.989
5.5822
0.958253
5.65826
5.56699
4.989
5.44531
5.49094
5.49094
4.989
6.0233
0.562784
3.84822
8.44175
8.44175
4.03075
4.03075
4.79126
4.03075
0.471521
0.471521
0.562784
0.562784
0.471521
1.50583
5.06505
4.07638
8.56344
5.03463
5.03463
5.03463
5.08026
5.44531
5.53657
0.517152
5.03463
8.73075
5.00421
8.53302
9.67379
9.65858
4.63916
5.09547
9.65858
11.8337
18.222
10.0236
11.7728
11.7728
9.689
1.84045
9.689
6.34272
10.1605
5.1411
16.1382
16.1382
14.6932
13.4003
8.74596
13.5372
18.1003
18.5719
3.54402
14.313
13.3395
13.3395
12.5942
4.00033
3.72654
8.30486
5.01942
13.3395
4.989
0.471521
8.76117
11.788
17.2181
9.62816
9.61295
2.19029
1.24725
6.06894
9.81069
13.8871
8.77638
9.46085
1.87088
4.12201
12.4573
8.27444
8.79159
9.41522
17.6897
12.077
12.8984
9.35437
4.27411
4.73042
8.79159
5.00421
8.2136
6.8903
0.471521
4.5479
4.71521
5.44531
8.30486
8.2136
8.18318
8.22881
3.25502
2.81392
1.44498
1.9013
4.62395
4.68479
5.67347
6.38835
10.1149
9.70421
9.46085
6.79903
6.85987
13.2786
8.28965
9.65858
13.2026
5.1411
9.44564
9.99321
11.3621
19.7583
12.655
6.44919
14.0392
14.0848
11.5751
10.6929
6.82945
5.35405
13.3091
13.3699
12.001
0.471521
1.81003
0.471521
2.63139
9.79548
13.5068
13.4308
14.4042
11.1188
6.44919
5.65826
4.16764
8.70033
10.0084
13.1113
13.157
9.61295
9.61295
5.70389
8.77638
12.7159
13.2026
13.2939
13.2482
8.33528
4.16764
9.99321
9.00454
17.8418
13.9175
10.6473
6.11457
2.92039
1.52104
1.47541
1.87088
2.40324
6.85987
10.6473
11.8032
21.5683
17.279
17.2486
13.233
9.59774
7.68123
1.44498
9.29353
9.64337
9.76506
10.1301
5.50615
6.35793
13.811
11.5447
8.00065
5.00421
6.7534
6.28188
14.678
7.1945
9.62816
20.6253
16.6858
20.4275
10.0845
2.3424
9.62816
9.88674
18.222
17.3854
13.6893
16.3816
11.4078
15.6363
23.3935
16.3968
10.7994
12.9288
9.64337
8.9437
5.18673
11.7728
16.123
12.4573
9.84111
10.7233
9.44564
9.50648
18.435
21.4922
14.2825
12.2443
12.6702
9.49127
4.65437
5.03463
2.28155
12.6094
12.6398
8.53302
5.82557
6.20583
9.99321
15.2712
20.534
22.4049
21.6139
16.4576
24.1084
25.5534
22.4809
26.5725
16.8075
15.1039
15.5602
24.2605
27.4699
32.5502
21.3858
20.3515
30.801
23.1045
23.0741
13.9631
16.5337
27.4243
31.744
31.6071
26.679
27.6068
28.2152
28.3369
24.4126
24.367
24.3822
16.1534
24.3062
34.0712
29.569
33.2194
28.1848
20.1842
18.4958
26.679
30.6489
22.4809
26.4204
24.4278
25.4469
23.5304
23.0741
25.6447
26.3291
22.4201
23.7586
16.6401
21.7204
16.7466
7.9246
7.80292
13.1265
16.5337
17.8722
17.8113
19.7431
12.7007
12.6854
20.8838
21.5683
28.2152
20.6861
29.7819
28.6715
27.7285
28.0935
27.835
17.7505
12.001
21.112
30.0253
25.5382
16.5032
17.9939
17.2181
20.1842
22.9829
18.3893
20.7621
17.8113
22.1767
9.41522
17.3398
9.3848
13.7654
22.2223
23.6825
26.2075
26.2227
15.3929
20.0777
34.9078
30.223
30.2078
23.8955
23.9259
23.6521
23.0893
19.7735
19.8039
20.1537
24.4735
27.1505
30.8618
31.3181
25.4622
26.9528
25.9641
29.1583
18.9521
23.4696
22.846
30.4511
26.6181
21.766
28.2456
28.6868
31.2573
35.288
38.756
32.1395
23.1502
23.5609
24.367
26.2379
15.7123
18.8913
21.112
17.4007
13.7654
13.7806
13.5372
13.7654
13.7197
13.6893
13.446
14.2977
16.0317
15.545
18.7848
16.6249
11.7272
13.3547
16.5337
16.5032
21.5835
21.2337
4.91295
3.51359
7.16408
10.4039
11.6359
7.95502
6.03852
9.73463
14.3282
15.5298
12.0162
9.88674
12.2596
15.3929
15.3777
16.5641
13.5372
22.2832
18.2829
10.632
19.3172
15.1039
13.9175
19.5757
15.1495
15.8492
15.0735
20.61
20.6253
28.8997
20.1233
14.0848
9.32395
13.7197
26.2835
22.7547
20.5188
16.7618
10.9363
14.1304
23.0437
21.8421
18.4654
12.29
10.4191
6.92072
16.5185
21.4466
24.3062
27.6068
22.4961
23.789
23.3479
27.1049
26.6942
14.4194
6.63172
9.06538
9.06538
11.4078
18.9217
21.5531
26.0706
15.0583
18.5719
22.8612
14.9822
11.7728
20.0777
25.3253
22.0855
13.6893
18.1916
19.4997
23.6217
24.7016
17.4159
21.8877
16.488
13.0505
8.9437
10.9971
10.4799
11.499
10.3735
11.5295
11.3469
13.7654
18.6479
10.921
25.5686
22.0702
18.3589
14.967
12.001
15.7275
10.267
5.09547
8.27444
8.30486
7.84855
8.85243
12.29
15.9405
17.2942
7.25534
17.2029
14.8453
23.3631
16.7314
11.8337
15.4233
6.3123
12.2748
8.85243
13.6437
16.7922
15.1191
15.8948
10.6473
11.9401
14.602
15.4233
11.3317
5.41489
6.00809
9.978
18.146
17.7353
22.4809
10.2518
10.2822
10.1453
10.0997
10.0997
11.4838
15.0278
6.00809
6.57088
3.51359
7.72687
10.5864
13.6589
18.8304
18.8152
28.3673
25.0058
15.3473
17.2333
17.7505
20.9447
14.3434
14.2825
16.701
14.7388
9.87153
5.94725
2.29677
9.44564
17.1573
15.6363
12.0922
12.6398
10.556
14.7541
13.9023
13.8414
21.1576
18.4806
16.0165
14.6172
14.4194
14.024
13.7502
17.9178
17.4767
17.7961
20.0777
16.0013
17.644
20.2146
12.8223
17.7353
18.3437
13.6741
28.5651
36.5353
13.8262
10.6168
19.9864
15.834
15.8492
11.1188
12.2596
16.0013
14.1456
23.9867
24.6712
25.523
25.5686
25.5686
18.9673
19.9864
19.8495
13.2178
10.7841
15.0583
17.355
17.3398
12.7767
20.2146
12.8223
17.2181
23.4544
18.1308
12.2748
19.6974
19.4693
19.4541
19.956
15.9709
15.9253
15.0583
21.9333
19.1955
19.1346
23.9867
20.6557
26.0858
24.8385
22.1767
18.8456
22.3744
20.0168
20.0168
20.0168
20.0168
17.0052
24.8537
12.3204
16.8227
12.4573
13.522
16.8379
16.777
12.2443
12.2748
15.5754
12.3204
12.2443
12.2748
12.2748
12.3204
12.7767
16.2295
20.6557
20.6557
20.534
20.4427
20.6405
20.2298
15.8492
12.2596
12.3204
15.8644
9.978
