1
50
99
149
198
247
296
344
393
441
489
538
586
636
685
735
784
833
881
930
979
1027
1075
1124
1173
1222
1271
1320
1370
1420
1470
1519
1569
1618
1668
1717
1766
1816
1865
1915
1964
2013
2062
2112
2161
2210
2260
2309
2359
2408
2458
2506
2555
2603
2652
2700
2749
2797
2847
2896
2945
2995
3044
3094
3143
3192
3242
3291
3340
3390
3439
3488
3537
3586
3636
3686
3736
3785
3835
3885
3934
3982
4031
4080
4129
4178
4227
4276
4326
4375
4425
4474
4524
4573
4621
4670
4719
4769
4819
4869
4919
4968
5018
5067
5115
5163
5213
5262
5311
5360
5409
5459
5508
5557
5606
5656
5705
5754
5803
5852
5901
5951
6000
6049
6099
6149
6198
6248
6298
6347
6396
6445
6493
6541
6590
6638
6687
6737
6786
6835
6884
6934
6982
7030
7079
7128
7176
7225
7274
7323
7371
7420
7469
7518
7567
7616
7666
7715
7764
7814
7863
7913
7962
8012
8061
8109
8158
8207
8256
8305
8353
8403
8453
8502
8552
8601
8649
8698
8746
8794
8843
8892
8941
8991
9040
9089
9139
9188
9237
9286
9336
9385
9434
9484
9533
9583
9632
9681
9729
9778
9826
9874
9923
9973
10024
10075
10125
10175
10224
10273
10322
10371
10420
10469
10517
10567
10617
10666
10716
10766
10816
10864
10912
10961
11010
11058
11107
11155
11204
11252
11301
11349
11398
11446
11494
11543
11591
11639
11688
11736
11784
11833
11881
11930
11980
12029
12079
12128
12177
12227
12277
12326
12375
12425
12474
12523
12572
12622
12670
12719
12767
12816
12865
12913
12962
13010
13059
13107
13156
13205
13254
13302
13351
13399
13448
13496
13544
13594
13644
13693
13743
13793
13843
13892
13942
13992
14042
14091
14140
14190
14239
14288
14338
14387
14436
14485
14535
14584
14632
14682
14732
14782
14831
14881
14931
14980
15029
15079
15128
15177
15226
15276
15325
15374
15424
15473
15522
15571
15620
15669
15718
15768
15817
15866
15916
15965
16014
16062
16111
16160
16208
16257
16305
16354
16404
16453
16503
16552
16602
16651
16700
16749
16797
16846
16894
16942
16991
17040
17088
17137
17185
17233
17282
17330
17379
17428
17477
17526
17576
17625
17674
17723
17773
17822
17871
17920
17970
18019
18068
18118
18167
18216
18266
18315
18364
18413
18463
18512
18561
18610
18659
18709
18758
18807
18857
18906
18955
19004
19054
19103
19151
19199
19248
19296
19345
19393
19442
19490
19539
19587
19635
19684
19732
19782
19830
19878
19927
19975
20024
20072
20122
20170
20219
20268
20317
20366
20415
20464
20512
20560
20609
20657
20706
20754
20803
20852
20902
20951
21001
21050
21100
21148
21197
21246
21296
21346
21396
21445
21495
21544
21592
21641
21689
21738
21786
21834
21884
21933
21982
22031
22081
22130
22178
22227
22275
22324
22372
22421
22469
22518
22566
22616
22666
22715
22765
22815
22865
22914
22962
23011
23059
23108
23156
23205
23255
23305
23354
23402
23451
23500
23549
23597
23645
23695
23744
23793
23843
23892
23941
23991
24040
24089
24138
24188
24237
24286
24335
24384
24434
24483
24532
24581
24631
24679
24727
24776
24824
24872
24921
24969
25018
25068
25117
25167
25217
25266
25315
25365
25414
25463
25513
25562
25611
25660
25710
25759
25808
25858
25907
25957
26006
26056
26105
26155
26204
26254
26303
26352
26401
26451
26500
26550
26599
26649
26698
26748
26797
26847
26896
26946
26994
27043
27091
27140
27188
27236
27286
27335
27383
27432
27480
27529
27577
28600
28695
28744
28793
28842
28891
28941
28990
29038
29086
29135
29183
29231
29280
29328
29377
29425
29474
29522
29571
29619
29669
29719
29769
29819
29869
29917
29965
30014
30063
30112
30162
30211
30260
30309
30358
30406
30456
30506
30556
30606
30656
30705
30754
30803
30853
30902
30951
31000
31050
31098
31147
31195
31243
31292
31340
31388
31437
31485
31534
31582
31631
31680
31730
31779
31829
31878
31927
31977
32026
32076
32126
32176
32225
32275
32325
32374
32424
32473
32523
32572
32622
32671
32721
32770
32819
32868
32918
32968
33018
33067
33117
33167
33216
33264
33313
33362
33410
33459
33508
33557
33608
33658
33708
33759
33809
33858
33907
33957
34006
34056
34105
34155
34204
34254
34303
34351
34399
34448
34496
34545
34593
34642
34691
34740
34789
34837
34886
34935
34984
35033
35082
35131
35181
35230
35280
35329
35378
35428
35477
35526
35575
35623
35672
35721
35769
35818
35866
35915
35963
36012
36061
36110
36159
36208
36258
36307
36356
36405
36453
36501
36550
36598
36646
36696
36745
36795
36844
36894
36943
36992
37041
37089
37138
37187
37236
37285
37334
37383
37433
37482
37531
37580
37630
37679
37728
37777
37827
37876
37925
37975
38024
38074
38123
38173
38222
38271
38321
38370
38419
38468
38517
38566
38615
38664
38713
38761
38811
38860
38910
38960
39009
39058
39106
39154
39203
39251
39299
39349
39398
39448
39498
39548
39597
39647
39696
39744
39793
39842
39890
39939
39988
40037
40085
40134
40183
40232
40282
40331
40380
40429
40479
40527
40576
40625
40673
40722
40771
40820
40869
40918
40967
41015
41064
41113
41162
41211
41259
41308
41357
41406
41455
41504
41554
41603
41651
41700
41749
41799
41848
41897
41946
41995
42044
42092
42141
42190
42238
42287
42335
42385
42435
42485
42534
42584
42634
42683
42733
42782
42832
42882
42931
42981
43030
43078
43127
43175
43223
43272
43320
43369
43417
43466
43515
43565
43614
43663
43712
43762
43812
43862
43911
43961
44011
44060
44109
44159
44208
44257
44306
44355
44404
44454
44503
44553
44602
44651
44701
44749
44798
44846
44895
44943
44992
45040
45089
45137
45186
45235
45285
45334
45383
45432
45481
45531
45580
45628
45677
45725
45774
45823
45873
45922
45971
46020
46070
46119
46168
46218
46267
46316
46365
46415
46465
46514
46562
46610
46659
46707
46756
46805
46855
46903
46951
47000
47048
47097
47145
47195
47245
47295
47345
47395
47445
47494
47542
47591
47640
47690
47739
47788
47837
47886
47935
47984
48033
48082
48131
48181
48230
48278
48327
48376
48424
48474
48523
48572
48621
48671
48719
48768
48816
48865
48913
48962
49010
49059
49107
49156
49205
49254
49303
49353
49403
49452
49502
49551
49601
49650
49699
49749
49798
49847
49897
49946
49995
50045
50094
50143
50192
50241
50290
50338
50387
50435
50484
50533
50581
50630
50678
50727
50776
50824
50873
50921
50970
51019
51068
51117
51166
51216
51265
51315
51364
51413
51462
51512
51561
51610
51659
51707
51755
51804
51852
51901
51949
51999
52048
52098
52147
52197
52246
52295
52344
52393
52441
52490
52539
52587
52636
52684
52733
52782
52830
52880
52930
52979
53029
53078
53128
53177
53227
53277
53326
53375
53424
53474
53523
53572
53622
53671
53721
53770
53820
53870
53919
53968
54017
54067
54116
54165
54215
54264
54312
54361
54409
54458
54507
54557
54606
54655
54704
54753
54803
54852
54901
54950
54999
55048
55098
55147
55196
55246
55295
55344
55394
55443
55492
55541
55591
55640
55690
55739
55788
55838
55887
55936
55986
56035
56084
56134
56182
56231
56280
56329
56378
56426
56475
56523
56573
56623
56672
56722
56771
56821
56870
56918
56967
57015
57063
57112
57160
57209
57257
57306
57354
57403
57451
57499
57548
57596
57645
57694
57743
57791
57840
57888
57937
57986
58035
58085
58135
58185
58234
58283
58331
58380
58429
58479
58528
58577
58627
58675
58723
58773
58823
58872
58922
58971
59021
59070
59120
59170
59219
59268
59317
59367
59416
59464
59513
59562
59610
59659
59707
59756
59806
59855
59903
59952
60000
60049
60097
60145
60194
60242
60291
60339
60388
60436
60484
60533
60583
60632
60680
60729
60777
60825
60874
60922
60972
61021
61071
61121
61170
61220
61268
61316
61365
61413
61462
61510
61558
61607
61655
61704
61752
61800
61849
61897
61945
61993
62042
62090
62139
62187
62236
62284
62333
62381
62430
62479
62528
62577
62627
62676
62725
62774
62823
62871
62919
62968
63017
63065
63114
63162
63211
63260
63308
63357
63405
63454
63502
63551
63599
63648
63697
63746
63796
63845
63894
63943
63992
64042
64091
64140
64189
64239
64289
64339
64394
64443
64491
64540
64589
64637
64686
64735
64783
64832
64881
64929
64978
65026
65075
65123
65172
65220
65269
65318
65366
65415
65463
65512
65560
65608
65658
65707
65756
65806
65855
65905
65953
66001
66050
66098
66147
66197
66247
66297
66347
66396
66446
66496
66545
66595
66644
66694
66743
66792
66841
66889
66938
66986
67035
67083
67133
67182
67232
67282
67331
67381
67429
67478
67526
67576
67625
67674
67724
67773
67822
67871
67921
67971
68021
68070
68120
68170
68220
68270
68320
68370
68420
68469
68518
68568
68617
68666
68716
68805
68853
68902
68951
68999
69048
69097
69146
69195
69244
69292
69341
69390
69439
69488
69538
69587
69636
69686
69735
69785
69834
69884
69933
69983
70033
70082
70132
70181
70231
70281
70330
70379
70429
70478
70528
70577
70627
70676
70726
70775
70824
70874
70924
70974
71024
71074
71123
71172
71221
71269
71318
71366
71415
71463
71511
71560
71609
71657
71705
71754
71802
71851
71901
71950
71998
72047
72095
72144
72192
72240
72289
72337
72386
72434
72483
72531
72580
72628
72678
72727
72775
72824
72873
72922
72971
73020
73069
73119
73168
73217
73266
73314
73363
73411
73460
73508
73556
73606
73655
73705
73754
73803
73852
73902
73951
74000
74050
74099
74148
74198
74247
74296
74346
74395
74444
74494
74543
74592
74642
74690
74739
74787
74835
74884
74932
74981
75029
75078
75126
75175
75224
75273
75322
75370
75419
75468
75517
75567
75617
75667
75716
75766
75816
75867
75917
75966
76014
76063
76111
76160
76208
76257
76306
76355
76405
76454
76503
76553
76603
76653
76702
76751
76801
76851
76900
76950
77000
77048
77097
77147
77196
77246
77295
77343
77392
77442
77492
77541
77591
77641
77691
77740
77790
77841
77891
77941
77991
78042
78092
78142
78193
78243
78293
78344
78393
78442
78492
78541
78590
78639
78689
78739
78788
78838
78887
78936
78986
79035
79084
79134
79183
79233
79283
79333
79382
79432
79482
79532
79581
79630
79679
79728
79777
79826
79875
79924
79974
80023
80073
80122
80172
80221
80269
80318
80366
80415
80463
80512
80562
80611
80661
80710
80760
80808
80857
80905
80954
81002
81050
81099
81148
81198
81247
81297
81346
81396
81445
81494
81542
81591
81639
81688
81736
81785
81833
81882
81931
81979
82028
82076
82124
82173
82221
82270
82318
82366
82415
82463
82512
82562
82612
82662
82712
82762
82812
82862
82911
82960
83009
83059
83108
83157
83205
83254
83302
83350
83399
83448
83498
83549
83600
83650
83699
83749
83799
83849
83898
83947
83995
84044
84092
84140
84189
84238
84288
84338
84386
84435
84483
84532
84580
84629
84678
84728
84777
84827
84876
84926
84974
85022
85071
85119
85168
85216
85265
85313
85361
85410
85458
85506
85555
85604
85654
85704
85754
85803
85853
85902
85952
86001
86050
86099
86149
86198
86247
86296
86346
86395
