+10.486224679793084036 
+10.299040786374327183 
+10.113501172292755470 
+9.933260475040224691 
+9.750954648422286652 
+9.573868853681263502 
+9.394767852410129905 
+9.220808648090969228 
+9.044883654428327091 
+8.874022869775355815 
+8.704685267656280701 
+8.536863998561630140 
+8.367173781901973584 
+8.205743146645936292 
+8.045747964489471826 
+7.883893550913029458 
+7.723521616088270036 
+7.561397951080250479 
+7.404000656836045025 
+7.248065511808677641 
+7.090448280265079894 
+6.937446857732389560 
+6.785887409064324416 
+6.632714429498417275 
+6.484048096226513458 
+6.336803715130469250 
+6.193936689449209609 
+6.049487759432724765 
+5.909346523988588729 
+5.764790407594353461 
+5.621680852658718308 
+5.480010940773431649 
+5.339773771607413622 
+5.203724760055610687 
+5.066304134768246037 
+4.930295796209589021 
+4.795692915789136812 
+4.662488682889754266 
+4.530676304846829261 
+4.400249006927428930 
+4.273767547850360060 
+4.148603487618106378 
+4.022236494963999931 
+3.897227930187744604 
+3.776031039739840445 
+3.653692453991493672 
+3.535099349742520936 
+3.415404668965215329 
+3.297035427691609399 
+3.184641804775417917 
+3.071154291744508491 
+2.958921149331080969 
+2.850188778632094078 
+2.740420623192410865 
+2.634091154083736619 
+2.526763967365564412 
+2.422813933455604030 
+2.317903823089077164 
+2.216309881157854988 
+2.113793080366130894 
+2.014532010081843794 
+1.914384877391748674 
+1.817433581027325218 
+1.719632599980009502 
+1.544998463931474220 
+1.452412055838086857 
+1.359044555775103191 
+1.268701231386675232 
+1.177611984805668754 
+1.089489123972088080 
+1.002456720262468792 
+0.914730205155951381 
+0.829884677309951968 
+0.744379191018747832 
+0.661698220760113642 
+0.576702387851524279 
+0.494519522209024842 
+0.413432674379112797 
+0.331814838790004174 
+0.252924912273529756 
+0.175113730035665327 
+0.096820653825707481 
+0.021171638436209506 
-0.053415762665746769 
-0.128436875030548237 
-0.202364447586978358 
-0.273758258855178127 
-0.342687683390915154 
-0.412030262968665184 
-0.480344946352067481 
-0.548999986110436211 
-0.615254805273066196 
-0.681819443972823791 
-0.746036909396190495 
-0.810534051665021238 
-0.872736546016113834 
-0.935188966218916562 
-0.995398744664164781 
-1.054630423804816530 
-1.114068277742662261 
-1.171340274232122169 
-1.228789661159238378 
-1.283004167231911907 
-1.336305981385347508 
-1.389782040750686676 
-1.443379912521805863 
-1.497046635843076956 
-1.548683339612448862 
-1.599357626114624509 
-1.649075074567893040 
-1.698806906303786946 
-1.744714515378928965 
-1.789755535300889377 
-1.834846118630821366 
-1.878150782713170486 
-1.921478961141266595 
-1.963924524992368248 
-2.005492604284379254 
-2.047009791080684593 
-2.086820584812638657 
-2.126555228529520392 
-2.164629492591933158 
-2.201851903076844863 
-2.238227499477222437 
-2.273761306366836266 
-2.309157758236601410 
-2.342323575425750093 
-2.376027692006491776 
-2.408876187066880448 
-2.440874319689944727 
-2.472027332907218877 
-2.502340453719575919 
-2.531818893118066072 
-2.559902962487575095 
-2.587195267773248375 
-2.613167576108825330 
-2.638906830305215223 
-2.663367068796343773 
-2.687572202947952960 
-2.710538860612791368 
-2.733228692159784146 
-2.755160179369147144 
-2.776762469370344988 
-2.797585140909072621 
-2.817633218264917971 
-2.836533649759370945 
-2.855062791662415833 
-2.872135965620538300 
-2.888847205241880545 
-2.904518872082633152 
-2.919503606774862092 
-2.934096493533331795 
-2.947706316517617608 
-2.961166747716761805 
-2.973900895479387074 
-2.986146544569882266 
-2.997428394430023957 
-3.007998577631447290 
-3.017861903029769977 
-3.027023164024416957 
-3.035324661665917745 
-3.042960968078158857 
-3.049936551680614727 
-3.056378030201589269 
-3.062032260251143612 
-3.067039177921850879 
-3.071403194737555964 
-3.077817131713459275 
-3.080368471588903034 
-3.082293794534335163 
-3.083597443743014921 
-3.084291356902332026 
-3.084352166214189950 
-3.083804335001547159 
-3.082681677019918354 
-3.080941615652074361 
-3.078551798251048410 
-3.075546012254521955 
-3.071928753231093268 
-3.067794906370089336 
-3.063082307038099472 
-3.057681289962951965 
-3.051812142422736684 
-3.045102223165047306 
-3.037933000986136278 
-3.030504265197251357 
-3.022372868602051454 
-3.013692005981045696 
-3.004465769502990824 
-2.994493292663499062 
-2.984177608651512159 
-2.973328827871482005 
-2.961950987641834843 
-2.950048111685330099 
-2.937882940860793823 
-2.924952522082582718 
-2.911788437214411829 
-2.885791597455527935 
-2.870924207981426335 
-2.855558768982984219 
-2.839699198838198768 
-2.823687946337784638 
-2.807209930976515722 
-2.789910959813855840 
-2.772500810110646086 
-2.754257845815658357 
-2.735543744671314670 
-2.715966035817917401 
-2.695905797421403349 
-2.675782503262576384 
-2.654778749341252464 
-2.633304450579357692 
-2.611806963590655783 
-2.589412752860805966 
-2.567021382211919445 
-2.543722803269700350 
-2.520452727550431149 
-2.496265213434483599 
-2.472131502889006072 
-2.447070376241397227 
-2.422087993082211455 
-2.396691062140597239 
-2.371413983886938581 
-2.345207098593377282 
-2.319143518293408590 
-2.292695840632777760 
-2.264741362206423858 
-2.237519906588550711 
-2.209345681594262700 
-2.180785336963266374 
-2.151842395845976696 
-2.121918037185638539 
-2.092212792359960716 
-2.062135514372215539 
-2.031064517795201141 
-2.000246160180367383 
-1.968426149633499378 
-1.937528117905834790 
-1.905635286472062262 
-1.874052662534689162 
-1.842136097561477115 
-1.809213457412033321 
-1.776631746424847336 
-1.743036693959121308 
-1.653000871771196145 
-1.618205935462135869 
-1.583808250438401899 
-1.548377811091732781 
-1.512631228942122874 
-1.475832623634667939 
-1.439457244326314722 
-1.402775536918280608 
-1.365790725844993503 
-1.328506023121814650 
-1.290154594240522812 
-1.252273737887763971 
-1.214884499317195221 
-1.176432102427341420 
-1.138489045672841371 
-1.100276395799477669 
-1.060188043425853266 
-1.020623929857952916 
-0.979972433739881410 
-0.939862756650757802 
-0.899487705814170369 
-0.858018301980974840 
-0.817953728551568560 
-0.776800894535668363 
-0.734547235638048690 
-0.692885965462190612 
-0.650977587220728182 
-0.608825092362241804 
-0.565563794138460807 
-0.523799658304074711 
-0.480932641773680558 
-0.438715233694061624 
-0.359856710932644930 
-0.317018263872837380 
-0.273068359882378431 
-0.228900075545228177 
-0.184516285219167742 
-0.139007525978820823 
-0.094197047372446718 
-0.049179672478388170 
-0.003958228020612964 
+0.079623832228943314 
+0.163867512950051974 
+0.210005542780374199 
+0.255384529679199446 
+0.300941582553678089 
+0.347628737710495628 
+0.393537790325867221 
+0.440578949605489711 
+0.487794903954107184 
+0.534214156649715832 
+0.581768209214757803 
+0.629489073346471528 
+0.676395223951255176 
+0.724438483780023290 
+0.772640674165820940 
+0.820999172996724980 
+0.869511369630407316 
+0.918174664875360591 
+0.965988844186417950 
+1.013943112581154438 
+1.063038420981426313 
+1.111268436553167760 
+1.159631288652779091 
+1.210147948042406441 
+1.259789029781012815 
+1.309560979808750858 
+1.359461300453178367 
+1.410509741633065417 
+1.459637119200902333 
+1.508880555675460755 
+1.559267213281232856 
+1.608738158428145937 
+1.659352290951737530 
+1.711114078118551873 
+1.761950598882606300 
+1.812893564615535524 
+1.863940589206002585 
+1.916134190979445151 
+2.092247441190119517 
+2.207091046980314886 
+2.259915700610312328 
+2.311768510745061178 
+2.365824286366501994 
+2.419965792602942756 
+2.473126471809123927 
+2.527430260056902966 
+2.581812231614926567 
+2.635201370906667506 
+2.687591032054940321 
+2.738974940722935791 
+2.791491939370708053 
+2.844070009851256131 
+2.895632184215678251 
+2.948324764061010406 
+2.999994977173043864 
+3.051715612466325389 
+3.104563692875724534 
+3.200675246595204193 
+3.252572468184565579 
+3.307757888642118616 
+3.361903660110482583 
+3.416089220338696997 
+3.469227568296522790 
+3.523485480219576083 
+3.576690571237805649 
+3.631012363892983430 
+3.684275939558895985 
+3.737565433351194066 
+3.789790598580874637 
+3.842036861155293970 
+3.895391424266987812 
+3.947674675183486137 
+3.999973455043545734 
+4.053375915766954662 
+4.106790727776493455 
+4.161306377184263106 
+4.214740295585495566 
+4.268180796829807555 
+4.321625991654430621 
+4.375074000992659862 
+4.428522955955014773 
+4.481970997810444501 
+4.534325597713062095 
+4.588856957955126603 
+4.643381624628276860 
+4.697897665944730683 
+4.797088457334233169 
+4.850480385928550575 
+4.903857075993608206 
+4.957216758357596120 
+5.011646056241466418 
+5.064966018715641560 
+5.117176216990268145 
+5.170450375987045710 
+5.267146710575619117 
+5.319258749717957535 
+5.373511019194558536 
+5.426645750579535132 
+5.479746633946590784 
+5.532812006982941178 
+5.585840217143865694 
+5.639910622526355333 
+5.692858746064335840 
+5.745764774484292126 
+5.799705450805888951 
+5.852521516900253573 
+5.906367065148442563 
+5.959086662363773712 
+6.012830483742311216 
+6.066520445624406399 
+6.120154895827211838 
+6.172661217270970724 
+6.226180920620772774 
+6.278571665671901947 
+6.330902911271249600 
+6.384239244328409946 
+6.436445688581364344 
+6.489651564754472801 
+6.541727134249714304 
+6.594796395842455361 
+6.646735094828342127 
+6.698603855432853749 
+6.751457573299456172 
+6.803180644195052196 
+6.897987714727628727 
+6.950546843355233761 
+7.001975728658207387 
+7.054372060725345506 
+7.105638586146347357 
+7.157866387519610463 
+7.208964971550329892 
+7.259978391415180532 
+7.310905307465156433 
+7.362780997614324363 
+7.455922295945338618 
+7.506503172107004573 
+7.556991167043353386 
+7.607384994284745794 
+7.658708871253490535 
+7.708908552844716766 
+7.759010235735258831 
+7.810032085283836523 
+7.858914612990055559 
+7.909730096733298410 
+7.959425257082265226 
+8.010027198946829685 
+8.059510618503033186 
+8.109893996869683264 
+8.160165104706639028 
+8.210322689636395666 
+8.260365508807902657 
+8.308297498638577139 
+8.357116678031067281 
+8.404829333841174588 
+8.452431837893357169 
+8.500911343290187716 
+8.550259602044686602 
+8.598501555910525340 
+8.646624267750503634 
+8.694626645946861743 
+8.742507607480124676 
+8.791239457665700030 
+8.838871838504429590 
+8.886379583534120385 
+8.934727308966161630 
+8.981980047972935921 
+9.030065406043231491 
+9.077058928459582177 
+9.123922615474358011 
+9.171607823291900274 
+9.218206129094395962 
+9.265618471198578732 
+9.311947358635606520 
+9.358141425223472254 
+9.403261105849511026 
+9.448249589279061667 
+9.494039082250738559 
+9.539689987255970394 
+9.586128717924928822 
+9.631496786633114482 
+9.677644995944639561 
+9.722726495961273585 
+9.768580409858365954 
+9.814284277167093506 
+9.858017956751236710 
+9.902518377878255507 
+9.945968369459039948 
+9.989276758625308617 
+10.033340518645712081 
+10.076360324169781890 
+10.120127847950836752 
+10.163744493156750437 
+10.208094897041192439 
+10.251404220354995545 
+10.294560220735208489 
+10.338438084124851102 
+10.381281897278011428 
+10.423970015550700907 
+10.467368027928975138 
+10.509739239416017398 
+10.551952455968043765 
+10.594006931832964824 
+10.636755263329431997 
+10.678486774648346724 
+10.720057340114689026 
+10.761466245240079331 
+10.802712783265047136 
+10.842959451494106560 
+10.884715969507679389 
+10.925471242681648931 
+10.966888045204820301 
+11.007309025244339296 
+11.048383328468014852 
+11.087650952862826870 
+11.127570601960673713 
+11.201259849733926188 
+11.240696700215075055 
+11.280762957899153065 
+11.319855353245355190 
+11.357983759967327231 
+11.396736277816986060 
+11.434530610376619109 
+11.472940952081955857 
+11.510398986902124818 
+11.548464911234923136 
+11.585584480844454802 
+11.623303803706710013 
+11.660847226960219913 
+11.698214215072569644 
+11.734647032040758319 
+11.772416780126340186 
+11.809251322328611522 
+11.845907359873738329 
+11.883126955386959622 
+11.918681930899523991 
+11.954799487279776926 
+11.990004981565654418 
+12.025036864918796198 
+12.059894701363781166 
+12.095298773091606392 
+12.129803585715588810 
+12.164846404400172730 
+12.199706081612388786 
+12.234382188472590514 
+12.269576305097956492 
+12.303880244910583741 
+12.337999361398523490 
+12.372623850732328066 
+12.406368332752107264 
+12.439926801807493106 
+12.473298877897624592 
+12.507159491862298140 
+12.540153846672234650 
+12.572960702372967035 
+12.606243442007381006 
+12.638010513200390150 
+12.670252783661867468 
+12.701653924641261639 
+12.732873521374861170 
+12.763911274045071309 
+12.795407775448525811 
+12.826714165258009004 
+12.857197029628014917 
+12.888126200317490344 
+12.918238988674389134 
+12.948789819493580211 
+12.979149120350806257 
+13.009316624877428126 
+13.039901815557785270 
+13.069681027214867797 
+13.099267677677360666 
+13.128661526786544300 
+13.158456264287977433 
+13.187459869634482246 
+13.216269987468606928 
+13.245468393673411001 
+13.273886940660410971 
+13.302111372499370034 
+13.330141494198695540 
+13.357410988560156184 
+13.385055905208481875 
+13.412505968232039777 
+13.440315201244784404 
+13.467371068585917371 
+13.494231588302692870 
+13.520896609382742071 
+13.547904140315043975 
+13.573639582601042974 
+13.599717263676005530 
+13.625072667604150922 
+13.650762151359078445 
+13.675737055385708274 
+13.700523514374202350 
+13.725631883342922279 
+13.750543677327559777 
+13.775258806172470116 
+13.800275511659300776 
+13.825087272413734141 
+13.849694011969997831 
+13.874095660326911883 
+13.898292153927274128 
+13.922283435636797932 
+13.945595746212715582 
+13.968241114489558186 
+13.990697238745104514 
+14.013425970436738766 
+14.035499582802698271 
+14.057837791265860972 
+14.079978702908892529 
+14.101922310496256330 
+14.124110360240250017 
+14.145655334539251058 
+14.167436630641622841 
+14.188583012820156881 
+14.209957621266024574 
+14.230705499408751180 
+14.251673533897175616 
+14.271609717019039465 
+14.292175442861339008 
+14.312130784330408417 
+14.331889122587423202 
+14.351847680663080808 
+14.371208183990887619 
+14.390760932617105539 
+14.425439757467124480 
+14.444419197613763473 
+14.462820573127761037 
+14.481025577043221020 
+14.499399795931100954 
+14.516846892169843031 
+14.534105865546949943 
+14.551530475727920688 
+14.568759286184125301 
+14.585792427690856599 
+14.602630036308351436 
+14.619609856983526441 
+14.636052846020083607 
+14.652300745021523909 
+14.668679294081913511 
+14.684211906579641038 
+14.699875498923571371 
+14.715030905919959991 
+14.730619569882239972 
+14.745700409143417176 
+14.760587366529559716 
+14.775280635094762971 
+14.790074313512498350 
+14.804376861319335390 
+14.818772273591967803 
+14.832684950809738922 
+14.846404988986304119 
+14.860206683470348565 
+14.873268046457308600 
+14.886145210094568370 
+14.899363291820353794 
+14.912123583262994586 
+14.924692649401684719 
+14.937070742945500967 
+14.959552850978937499 
+14.971147135687072449 
+14.983030684336171134 
+14.994484947861625557 
+15.005977740553607447 
+15.017049641089329270 
+15.028152867052575914 
+15.038843589432390857 
+15.049346098091683999 
+15.059869244988291825 
+15.069992418543460388 
+15.080129137255655181 
+15.089874256121063922 
+15.099432742344159664 
+15.108994254850841799 
+15.118176670863324063 
+15.126991702546170870 
+15.135628924496574044 
+15.144263020983874668 
+15.152541914506546306 
+15.160643991730758273 
+15.168732832158413615 
+15.176478626143737216 
+15.184204476147659335 
+15.191899549910797163 
+15.199256426875429327 
+15.206431252992906877 
+15.213283508709203318 
+15.220099086984433256 
+15.226600176929490971 
+15.233187964524265823 
+15.239588233225536129 
+15.245678981274025432 
+15.251590460389961024 
+15.257207877551163477 
+15.262765703097729286 
+15.268037491062049327 
+15.273243318600513874 
+15.278271972234227505 
+15.283123886651001300 
+15.287893088693511601 
+15.292389260676269913 
+15.296796386763839237 
+15.300938640558801040 
+15.304985569020171710 
+15.308775761826893813 
+15.312320322200770661 
+15.315698777759145344 
+15.318976745736117451 
+15.322020885372818810 
+15.324900267697209699 
+15.327670166177195910 
+15.330217988494243997 
+15.332602433394438179 
+15.334868517600400040 
+15.336924223393555877 
+15.338855697611077034 
+15.340618891997948481 
+15.342214314896903460 
+15.343669886599524688 
+15.344927908817886930 
+15.346040272171547869 
+15.346980124269602896 
+15.347748024899352970 
+15.348706186762209214 
+15.348992233167361832 
+15.349107837043568736 
+15.349058285737832819 
+15.348846118620727452 
+15.348472552490056486 
+15.347938142321620347 
+15.347227604075531104 
+15.346369930791274427 
+15.345353110660143514 
+15.344177712458559881 
+15.342844308348308147 
+15.341385468886864274 
+15.339740978134555505 
+15.337940206167578694 
+15.336025218777741941 
+15.333872163670685396 
+15.331606073891215658 
+15.329135077939106679 
+15.326558624406374065 
+15.323772180693380207 
+15.320887819891233050 
+15.317788448485146091 
+15.314598663184481708 
+15.311258634717626492 
+15.307696209761290973 
+15.304054516753964776 
+15.300264455747464964 
+15.296326653758612224 
+15.292156847946827725 
+15.287922474474653356 
+15.283451366457105891 
+15.279016880502581444 
+15.274346941261455868 
+15.269632775441014161 
+15.264678596456825233 
+15.259687238171380841 
+15.254559639265547588 
+15.249185328681956975 
+15.243670344155676233 
+15.237898486608077775 
+15.232101306744254998 
+15.226042882804769363 
+15.219966233885635631 
+15.213624037178959725 
+15.207139590012351604 
+15.200513613840895388 
+15.193746833052450995 
+15.186839974946884979 
+15.179793769715107743 
+15.172754000466902369 
+15.165434053348551657 
+15.158127433359361191 
+15.144366277956706313 
+15.136689801224836316 
+15.128723658357252191 
+15.120787214800124332 
+15.112557276101354020 
+15.104532242653526453 
+15.096386135040008369 
+15.087946133400691906 
+15.079557416141309290 
+15.071049669032257512 
+15.062242609333985399 
+15.053312945403039436 
+15.044075417422053675 
+15.034900270697907132 
+15.025604729733920806 
+15.015996143191916445 
+15.006459605762778153 
+14.996804904997460994 
+14.986832135589583714 
+14.976737896355945878 
+14.966522981618542332 
+14.956188188060808741 
+14.945734314706298207 
+14.935374759869143091 
+14.925117211979817000 
+14.914535018803629640 
+14.904060833939681174 
+14.893258982647918032 
+14.882571088055165376 
+14.871326576884042581 
+14.860197557612373487 
+14.848961020875627526 
+14.827810553220409417 
+14.816271087352227198 
+14.804388379188498703 
+14.792638530381420736 
+14.780542772233779658 
+14.768585732237486496 
+14.756774426493482366 
+14.744866592387456450 
+14.732360753207370152 
+14.720005003019982937 
+14.707551033585586353 
+14.694742479690539483 
+14.682092493357719931 
+14.669346692819175360 
+14.656242836604398860 
+14.643305894019647440 
+14.630275557684228716 
+14.616615047610427069 
+14.603396610323740035 
+14.590087231140490331 
+14.576687719583926395 
+14.563475056520557516 
+14.549899513161163256 
+14.536515971930546343 
+14.522767587054040916 
+14.509216298535406509 
+14.483873959014688992 
+14.469803112002475487 
+14.455938962116192670 
+14.441704646377967691 
+14.427681946537482816 
+14.413287396022790077 
+14.399109319324992384 
+14.384259992501824854 
+14.369628799248319595 
+14.354619417110406232 
+14.339833068677297234 
+14.324667101270989633 
+14.309729003422699378 
+14.294717060371894490 
+14.279940690448970741 
+14.264785036481288927 
+14.249869500214259688 
+14.234886292187850287 
+14.219521955329971874 
+14.203773092468054529 
+14.187953436067321178 
+14.172063884666155076 
+14.156105337924040910 
+14.140078696600493657 
+14.123984862534355145 
+14.108472405008793515 
+14.092574586775299395 
+14.076941112930118294 
+14.061248964816048357 
+14.045498944717715872 
+14.029361940283752830 
+14.013497422672974935 
+13.997577461514188357 
+13.981269482876093946 
+13.965239938797141761 
+13.949157386556613858 
+13.932685943825235952 
+13.916160962834275949 
+13.899922144686858161 
+13.883293718742415024 
+13.866955220743209409 
+13.850226728059052306 
+13.833106062074680409 
+13.816278928215625754 
+13.799404277450564749 
+13.782828768355940952 
+13.765862605894525927 
+13.749199115121561121 
+13.732493317661161214 
+13.715396691727919531 
+13.698607888910915520 
+13.681779244082143521 
+13.663856067546344519 
+13.646242502684490461 
+13.628588459075603012 
+13.610894861333010297 
+13.593872653643632731 
+13.576459946214242791 
+13.559368295182181896 
+13.541886405366179602 
+13.524728657298922485 
+13.507181002361571487 
+13.489960505931650303 
+13.472710197952475042 
+13.455070611370116396 
+13.437401686776389909 
+13.419342836253688844 
+13.401617302477692562 
+13.383502507371108692 
+13.365723931724161844 
+13.347556832785835823 
+13.329364701828463780 
+13.311513022771404025 
+13.293274069351232569 
+13.275378289177453439 
+13.257462001948146835 
+13.239159844794665233 
+13.221204793532391975 
+13.203231876827905111 
+13.185241969217704749 
+13.166868313624732423 
+13.148846745606029174 
+13.130810827713277789 
+13.112761434137892635 
+13.094330701707363573 
+13.076256748547052666 
+13.058171959234094572 
+13.039707829049559606 
+13.021603811445247700 
+13.003491595485238363 
+12.985372054023301303 
+12.966876080322654374 
+12.948744400527466780 
+12.930237857172983240 
+12.912097598545976496 
+12.893584116324028344 
+12.875068508626064556 
+12.856551700417888640 
+12.838034616232205209 
+12.819888496543775602 
+12.801743868587621478 
+12.783601601201334930 
+12.765462562747305952 
+12.746957568983681597 
+12.728827701822091001 
+12.710703683323616886 
+12.692586379749689840 
+12.674107155608050235 
+12.656006059733362790 
+12.637914291708193915 
+12.619832715388284328 
+12.601393528989436987 
+12.583335177235088764 
+12.565289622385328983 
+12.547257725585371446 
+12.528872802861648950 
+12.510503910637568836 
+12.492151961480539413 
+12.473817867113345059 
+12.455502538394217282 
+12.437938322240915667 
+12.420027723933067421 
+12.402502605810845182 
+12.384998047979269842 
+12.367150851962271929 
+12.349690289726664716 
+12.331889674645344357 
+12.314113857341608238 
+12.296363687126815378 
+12.278278586500150027 
+12.260582821266480025 
+12.242915262327690229 
+12.225276754917961952 
+12.192599481109347437 
+12.175048625937323621 
+12.157172893100248956 
+12.139688166145409909 
+12.121881659087183181 
+12.104466484052297304 
+12.087086997359705265 
+12.069390482257425390 
+12.052085647476378227 
+12.034819019698112186 
+12.017591430282113407 
+12.000053360423208915 
+11.982907175822740342 
+11.965453896735514405 
+11.948392494491912430 
+11.931027446995958741 
+11.913708264988732921 
+11.896435821683903455 
+11.879555013202981684 
+11.862377682641461973 
+11.845249683752619774 
+11.828171883502244910 
+11.811145147234219266 
+11.794170338650113550 
+11.777248319788117925 
+11.760716787050276011 
+11.743901828410489685 
+11.727476862549009340 
+11.711105858351706033 
+11.694457210504602074 
+11.678197680249891022 
+11.661994532918360079 
+11.645848566778226996 
+11.629432861358683482 
+11.613404853269972961 
+11.597436427036775797 
+11.581204353976566779 
+11.565358719991262859 
+11.549575052448357582 
+11.533533961101564813 
+11.517559042494585952 
+11.501968623899584188 
+11.486127176901844038 
+11.470354372929742581 
+11.454651036835221234 
+11.439641953310873745 
+11.424387752959315634 
+11.409511793080650222 
+11.394702800886385319 
+11.379348755477765920 
+11.364373831514564372 
+11.349470988037509755 
+11.334640985415342485 
+11.319584202485540203 
+11.304903679637410718 
+11.290298281536353286 
+11.275473034524198468 
+11.261021710976237387 
+11.246647776534784313 
+11.232061044247924286 
+11.218135053929678691 
+11.204285465370420027 
+11.190226870725298980 
+11.176533794441922964 
+11.162919210892594535 
+11.149102667345921702 
+11.135648802074392449 
+11.122275501098892292 
+11.108707396811974277 
+11.095498980411960588 
+11.082100609161253502 
+11.069059841811345279 
+11.055834016271004927 
+11.042963643971093646 
+11.029913157810101509 
+11.016952301099669498 
+11.003820061117318474 
+10.991042442362941145 
+10.978356576077835882 
+10.965763160008158650 
+10.953008756465001383 
+10.940604245934663297 
+10.928294277289944958 
+10.915831253708901727 
+10.903714392344667772 
+10.891694140380426603 
+10.879771176918685782 
+10.867705876608907190 
+10.855981536574514479 
+10.844356519597774025 
+10.832831493717218763 
+10.821175026489633808 
+10.809854050307766471 
+10.798635065897444818 
+10.787292939327524977 
+10.776282020589832200 
+10.765375068241262113 
+10.754572730210163911 
+10.734790991459556508 
+10.724291095457944678 
+10.713898285290770929 
+10.703613194468507785 
+10.693229897465293732 
+10.683164364287666359 
+10.673208445479286155 
+10.663362762279692930 
+10.653627932829424552 
+10.644004572150857157 
+10.634493292129548081 
+10.625285379042802347 
+10.615997765175960055 
+10.607010112972270477 
+10.597948526021662374 
+10.589183435080856910 
+10.580350210819856827 
+10.571809956900207084 
+10.563381796597536066 
+10.554894239780434617 
+10.546694271880665994 
+10.538608044055219892 
+10.530306418535062107 
+10.522129398988482762 
+10.514237392500906054 
+10.506308864522516444 
+10.498506724810177104 
+10.490983819040550884 
+10.483433667019140145 
+10.476158833081086641 
+10.469007607538635796 
+10.461980532192132642 
+10.454938582305587147 
+10.448163979647524968 
+10.441649571961459486 
+10.435124444108096142 
+10.428855428856730114 
+10.422708585299062634 
+10.416560202986818950 
+10.410540155004941454 
+10.404767888089526906 
+10.398887095580841233 
+10.393255091595097639 
+10.387642518857530760 
+10.382166195149036270 
+10.376932088901222428 
+10.371727071505445039 
+10.366759834588481937 
+10.361925409571524526 
+10.357129720919825644 
+10.352565075217688317 
+10.348134663993718618 
+10.343752688482553026 
+10.339594894675030901 
+10.335492052234037885 
+10.331686621853577890 
+10.327937041111484362 
+10.324396777912882683 
+10.320918752964029608 
+10.317645342590559210 
+10.314376617603358000 
+10.311313365118211394 
+10.308389221198952512 
+10.305549231312738812 
+10.302907416597660628 
+10.300405962283093686 
+10.298045274425405182 
+10.295825754869952107 
+10.293788790776998709 
+10.291849895388747171 
+10.290088579511399658 
+10.288431833405523363 
+10.286947643447128087 
+10.285601124432893982 
+10.284368919295120648 
+10.283301673917701891 
+10.282373143977023844 
+10.281568700725959076 
+10.280921517932767983 
+10.280404974141266194 
+10.280040483706949672 
+10.279816369392463571 
+10.279732708557467902 
+10.279793234155484072 
+10.280000790775687847 
+10.280347216354357442 
+10.280847259113688352 
+10.281480810118686975 
+10.282274572211585806 
+10.283217165462902543 
+10.284285118024671490 
+10.285523219213009938 
+10.286911034428161571 
+10.288448850655457889 
+10.290136950164981755 
+10.291936580024602321 
+10.293965104423486778 
+10.296105699967787572 
+10.298446012930076776 
+10.300892693566453318 
+10.303545871245415100 
+10.306299671693158970 
+10.309266749527662199 
+10.312264649246063897 
+10.315409225746238420 
+10.318770830082778289 
+10.322212468263868956 
+10.325801419623267918 
+10.329617298720755514 
+10.333504555645573575 
+10.337625360393987606 
+10.341811707596452408 
+10.346238219527510438 
+10.350914552159713011 
+10.355653839606157263 
+10.360548208253373303 
+10.365597832081796525 
+10.370802879925356876 
+10.376274537325794967 
+10.381679897138765156 
+10.387352178267104108 
+10.393060000632331707 
+10.398917700512306794 
+10.405052163946322707 
+10.411213131383652453 
+10.417657434889687096 
+10.424122158333286592 
+10.430876779916314234 
+10.437788328687517492 
+10.444711083551707631 
+10.451933591617283525 
+10.459313326882684336 
+10.466850379259206250 
+10.474544833212128481 
+10.482558651566357355 
+10.490571356299634331 
+10.498741684462485679 
+10.507069698429139848 
+10.515730276576080726 
+10.524377047866945389 
+10.533181659633607197 
+10.542144151855817213 
+10.551264558895507406 
+10.560733908303518547 
+10.570173449509745467 
+10.579770975021872914 
+10.589325824804911136 
+10.599236123431841960 
+10.609511544687723728 
+10.637213258458780629 
+10.648084135554839236 
+10.658674880438608668 
+10.669642547777407060 
+10.689967124777593810 
+10.701144767697517324 
+10.712711384076101240 
+10.724194808793997780 
+10.736073452140120210 
+10.748109611833228882 
+10.760052787014858566 
+10.772400526714690727 
+10.784648754844242902 
+10.797047802652114612 
+10.809597573711318574 
+10.822830416131708375 
+10.835957048464988972 
+10.849240405490522932 
+10.862956274683369884 
+10.876555885846004301 
+10.890311819495346768 
+10.903938449298205882 
+10.918003402338028351 
+10.932224225757684266 
+10.946305801552481896 
+10.960834694590099403 
+10.975217719963527685 
+10.989749659702040319 
+11.004737763888668312 
+11.019570086412702636 
+11.034864442564082054 
+11.049996374094478213 
+11.065596167573010788 
+11.081026885794768688 
+11.110028226703876797 
+11.125879447088102836 
+11.142212414316771785 
+11.158698206850452550 
+11.175336566717390951 
+11.192471479924771316 
+11.209417274171171286 
+11.226514816768297322 
+11.244117418931230290 
+11.261164002836213882 
+11.278355366733340048 
+11.296053922766404298 
+11.313536983605182229 
+11.331163941750066471 
+11.349306237112475770 
+11.367223051558854152 
+11.385660587358445994 
+11.404627610648125469 
+11.423365083569196443 
+11.442250473349675488 
+11.461673376514070810 
+11.480856499045030361 
+11.500582430085948715 
+11.520061740383937376 
+11.540089093831893408 
+11.560268052196782662 
+11.580190102317240886 
+11.600667957054035639 
+11.620882074490955560 
+11.641657073855558480 
+11.662581461794681914 
+11.684923892491015707 
+11.706154532650346667 
+11.727533100631850616 
+11.749491123953374583 
+11.772037078221259776 
+11.793427216333375540 
+11.814516675993271377 
+11.836183699788264789 
+11.857543440845658367 
+11.897951133582633787 
+11.920146364533632521 
+11.942478747648895165 
+11.965407717401561172 
+11.988015563105951955 
+12.011224479288440392 
+12.034105542349717410 
+12.059005711708131514 
+12.082165859110881811 
+12.105935943148882217 
+12.129364562699901597 
+12.153407366022905833 
+12.177102027930931882 
+12.201415039803832130 
+12.225863546437153673 
+12.249953899475730879 
+12.275660090958377069 
+12.300015347846523284 
+12.326001208023450673 
+12.350618612562580978 
+12.375868464725574114 
+12.400740086870687406 
+12.425736511180378585 
+12.451371001714383269 
+12.476617471755986344 
+12.501986644084334799 
+12.527999301002060051 
+12.553090244970759315 
+12.578296865773822333 
+12.604676025614757862 
+12.630647893479034494 
+12.656738082837119208 
+12.683481907124802390 
+12.709808834932108113 
+12.736792626741021195 
+12.762809938579682267 
+12.790028068985293430 
+12.816816627748110591 
+12.843718007381049517 
+12.871283848901564184 
+12.898410683439863078 
+12.926204862272204110 
+12.954113041564529141 
+12.981011311439697664 
+13.008013013774878175 
+13.035683097542952069 
+13.062891339907897859 
+13.090200545451352809 
+13.118181968313237462 
+13.146841075397341925 
+13.175030585119120730 
+13.202743337191217066 
+13.231133126868897421 
+13.259040301167747344 
+13.287626740236992973 
+13.315724748954250956 
+13.344504142796875357 
+13.372789335234413599 
+13.402350103973262208 
+13.432008856437983368 
+13.461168489814255622 
+13.489822341222861724 
+13.519163336997683800 
+13.547992920053046007 
+13.577511322476302880 
+13.606512730106139486 
+13.636204517918598000 
+13.665373778737828658 
+13.694624612219786997 
+13.724567942905032680 
+13.753980572424929107 
+13.784086968593964428 
+13.814274125575611407 
+13.844540949617957892 
+13.875506442261160700 
+13.931446701118716192 
+13.962010408920672688 
+13.992648348291456983 
+14.022731896096292559 
+14.053513399863611255 
+14.084365699229440594 
+14.114655875723549627 
+14.145644860716382496 
+14.176701127481544873 
+14.207187676513520103 
+14.238373595519600912 
+14.268984828427063505 
+14.299656028123214568 
+14.331026862155649582 
+14.361815701708787074 
+14.393304186717511328 
+14.424850233245441800 
+14.455807073877796398 
+14.487463322304737545 
+14.519173329420096863 
+14.550935800986884772 
+14.582749433716614362 
+14.614612915254042491 
+14.647176685610661551 
+14.679136840606414438 
+14.711796476416001411 
+14.743847835468951502 
+14.776597717229680740 
+14.808078470175033203 
+14.840255001547802749 
+14.871812657998594531 
+14.904064970403666734 
+14.935694174799454714 
+14.968016765193048911 
+15.001033405560548317 
+15.033421973774224512 
+15.065841025530602337 
+15.097626623595228779 
+15.130101732504584788 
+15.161939432261970495 
+15.194464840017928964 
+15.226348964933023922 
+15.259583747212543514 
+15.320123874091162719 
+15.353413803264743365 
+15.386053908287408376 
+15.419374825276474184 
+15.452708938397083926 
+15.485387571496737280 
+15.518742902846128118 
+15.551439109504118008 
+15.584809066715216375 
+15.618183879469601294 
+15.651561835036098103 
+15.684941210177717252 
+15.717652704255804963 
+15.751029765044055608 
+15.783735630432003560 
+15.815768911150076548 
+15.847795544946588819 
+15.880480903301437579 
+15.912489273293559222 
+15.944486196362177566 
+15.977136245540464188 
+16.010436814603625777 
+16.043054121727497119 
+16.074987525844626646 
+16.107565865712288655 
+16.139457730639470867 
+16.171990209196046351 
+16.203833743683308199 
+16.236975939745487807 
+16.270087522960395177 
+16.303166571112384986 
+16.336211151072255632 
+16.369219318776508487 
+16.402189119206006751 
+16.433802206841622962 
+16.492313831488495168 
+16.523811175417701946 
+16.555919354621160267 
+16.587326014874061997 
+16.619337890139494363 
+16.651298262548220208 
+16.682554587305631344 
+16.714407304312771885 
+16.745554437661304803 
+16.777291857532528496 
+16.809613907112186837 
+16.841225689638992691 
+16.872772285875413445 
+16.904893417201492412 
+16.936302191629557967 
+16.967639701568614896 
+16.999541181271816015 
+17.030728492687508435 
+17.061838366001090606 
+17.093501166642141698 
+17.124448271418447831 
+17.155311668545998316 
+17.186716467015706655 
+17.218029683530531315 
+17.249249067240850053 
+17.280372355770264647 
+17.337380516190545876 
+17.368218456476956391 
+17.398951506589408922 
+17.428965896946621683 
+17.458875131223376087 
+17.489284073846189216 
+17.518974114684098708 
+17.548552310403657373 
+17.578616529530805224 
+17.607961917642779071 
+17.637188672906486175 
+17.666887248364631091 
+17.695867381932416151 
+17.724721995714233458 
+17.753448787624989791 
+17.782627678589378206 
+17.810509642723623358 
+17.838839046913999908 
+17.866457345224610265 
+17.893941828559967178 
+17.921858567823687025 
+17.949065829288407770 
+17.976694899672246208 
+18.004175081726508267 
+18.032060103621766700 
+18.059785012458057452 
+18.087347221734933811 
+18.115290367104908142 
+18.142515984381610394 
+18.170110359848617776 
+18.195916908713218874 
+18.243336038758194206 
+18.268673892747603560 
+18.294887987696540677 
+18.320397532165561216 
+18.345726065493913381 
+18.371382263300155557 
+18.396337264748218843 
+18.421103495450722676 
+18.445678363417517431 
+18.470554796688098520 
+18.494243585970366439 
+18.537658864200107445 
+18.560795483684490392 
+18.584209594862585391 
+18.606942966033940934 
+18.629940184868107877 
+18.653185500119789708 
+18.675746348255042761 
+18.698540741917202723 
+18.720654130530142822 
+18.742541917276355434 
+18.764201350454783324 
+18.786064553332849414 
+18.807684160953293429 
+18.828632186397761927 
+18.849760726494658059 
+18.870221780650702215 
+18.890847544437704641 
+18.910810104058967340 
+18.930921283410405920 
+18.950373727739112439 
+18.969569361434459154 
+18.988889025326791682 
+19.007556988756121541 
+19.025959398435450254 
+19.043725958258015396 
+19.061594060673307638 
+19.078831581278773655 
+19.096153845881850941 
+19.112850986433286948 
+19.129615789493410460 
+19.146094539636496989 
+19.162611605869965814 
+19.178503239770087418 
+19.194099716310049075 
+19.209397996815138043 
+19.224697934228061058 
+19.239384415621834989 
+19.253763449074654091 
+19.268115804023274507 
+19.281864233330185954 
+19.295295851401146336 
+19.308671765691151734 
+19.321453749004412259 
+19.334160224222038948 
+19.346523599747612820 
+19.358303581950778494 
+19.369977656494164364 
+19.381075606234382747 
+19.391831139867171885 
+19.402241032923228659 
+19.412302048493742745 
+19.422010937214103876 
+19.431364437243434651 
+19.440359274246773680 
+19.449164550889950220 
+19.457589447730207155 
+19.465787325432309274 
+19.473433106435138029 
+19.480687837824987696 
+19.487414646950391273 
+19.493884582724913201 
+19.499835413408824536 
+19.505506488606400239 
+19.510667504953062235 
+19.515525547933869177 
+19.519967548519606027 
+19.523913541472701638 
+19.527520979000541956 
+19.530701438565237993 
+19.533349547023192372 
+19.535640014619097826 
+19.537509935097190805 
+19.538955790259254996 
+19.539990352720842282 
+19.540568635364902406 
+19.540712148049163233 
+19.540406714568209878 
+19.539641059964523606 
+19.538411363131054088 
+19.536713788877374753 
+19.534544487909563770 
+19.531899596809012110 
+19.528775238012570981 
+19.525321157968114960 
+19.521332047536446908 
+19.516967199450345305 
+19.512041105829403875 
+19.506751278756262025 
+19.500998443352571599 
+19.494509766839115628 
+19.487655893190677148 
+19.480308255616186841 
+19.472297760540595135 
+19.463940968950868893 
+19.454892809128928377 
+19.445511321357031420 
+19.435616876970794209 
+19.425205628326907004 
+19.414045165666834691 
+19.402577966837384338 
+19.390331920527678733 
+19.377792900401527021 
+19.364445019017402672 
+19.350818195837383939 
+19.336352114893870180 
+19.321927530646135551 
+19.306655763553308702 
+19.291156341869253765 
+19.274779527829327463 
+19.258189927994820323 
+19.240692354111942564 
+19.222997132318763391 
+19.204362980305901942 
+19.185546589364712133 
+19.165350014565056824 
+19.144540817045928804 
+19.123114635699174357 
+19.101067094553592085 
+19.078393802757474873 
+19.055090354556533327 
+19.031152329271133539 
+19.007073123123120695 
+18.982886247088678999 
+18.958102487212499909 
+18.932182616780263373 
+18.906180544407163779 
+18.879569577445735717 
+18.851198026642162375 
+18.822744316644936191 
+18.793042594353511987 
+18.763890569310230916 
+18.733481920057606374 
+18.703053677655262277 
+18.671987748501031490 
+18.639612608101842284 
+18.605882804501110428 
+18.571447419764318454 
+18.537011685647382109 
+18.502613086169446888 
+18.466813996048102808 
+18.431071356917129833 
+18.394657309875928064 
+18.356787740256486074 
+18.319004058929259315 
+18.278918509900485390 
+18.238909844077767275 
+18.198179117357508261 
+18.156721791553103174 
+18.113664679863635598 
+18.070725421835049929 
+18.027045770697064597 
+17.982621130692102440 
+17.937446891694960982 
+17.892463314421771514 
+17.845791522954165487 
+17.799332038180509130 
+17.752135587494827007 
+17.703191150630310347 
+17.654491968586494721 
+17.602965742957280781 
+17.550620369295160117 
+17.496378979438631518 
+17.442363550574128794 
+17.387513717791385659 
+17.331824397699101326 
+17.277568127502398454 
+17.220218605701663961 
+17.162014456822408448 
+17.104140272200073269 
+17.044228763891744904 
+16.983447245675712622 
+16.921790523783556637 
+16.860512792991535491 
+16.798384594892574739 
+16.735400996405807916 
+16.670245118954660768 
+16.605518150031027602 
+16.538572971453476157 
+16.472082312244307190 
+16.347659133589303337 
+16.277240160528435808 
+16.207325586863113642 
+16.135056463902067492 
+16.063318389221855398 
+15.990670085746534923 
+15.915595577169437291 
+15.841092630383187156 
+15.765663972419083905 
+15.689304447092942141 
+15.610421639962964946 
+15.532165588222090591 
+15.452963003674192066 
+15.371162920038980104 
+15.290032019055953327 
+15.206253352454702110 
+15.124877945137690460 
+15.040844231400605224 
+14.955832347228227519 
+14.869836984120421874 
+14.782852818302199438 
+14.694874510705879800 
+14.604070388697490301 
+14.514067155593910030 
+14.421185583163380173 
+14.327246251303957791 
+14.232243404973784706 
+14.138103231496760515 
+14.040977582595500550 
+13.863423978643107048 
+13.680302606879699567 
+13.578135025590515994 
+13.474859644145004367 
+13.372569297283906309 
+13.267083050927656274 
+13.158327620703314409 
+13.050561875968533343 
+12.943847915233384072 
+12.833824182137371750 
+12.724885881804389953 
+12.612580635406033025 
+12.501394876344832596 
+12.386784459606390740 
+12.273327993071905695 
+12.059614111300835049 
+11.942906605951346677 
+11.822632885127973168 
+11.703598010496694570 
+11.583402448018787823 
+11.464528853118309826 
+11.342018422240066400 
+11.220865984548327177 
+11.098577548891904954 
