20
70
120
169
219
268
318
367
417
466
515
564
614
662
710
759
808
858
907
956
1006
1055
1104
1154
1203
1252
1300
1349
1397
1447
1497
1547
1597
1646
1696
1746
1796
1846
1896
1946
1995
2044
2094
2144
2193
2243
2292
2342
2392
2440
2489
2538
2586
2635
2683
2732
2780
2829
2877
2926
2974
3023
3071
3120
3209
3257
3306
3354
3403
3451
3499
3548
3596
3645
3693
3743
3792
3841
3891
3940
3989
4039
4088
4137
4187
4237
4286
4334
4383
4432
4482
4531
4581
4630
4680
4729
4779
4828
4877
4927
4976
5026
5074
5122
5171
5221
5272
5322
5372
5422
5473
5521
5569
5618
5666
5715
5764
5813
5863
5912
5962
6011
6060
6109
6158
6208
6256
6306
6356
6406
6456
6506
6556
6605
6654
6702
6751
6799
6848
6896
6945
6994
7044
7094
7144
7193
7243
7291
7340
7388
7436
7485
7533
7583
7633
7684
7734
7784
7834
7884
7933
7982
8031
8081
8130
8179
8228
8319
8368
8417
8466
8516
8565
8614
8662
8711
8761
8811
8861
8910
8959
9009
9058
9109
9159
9207
9256
9305
9354
9404
9453
9502
9551
9600
9648
9697
9745
9835
9884
9933
9982
10030
10078
10127
10175
10224
10273
10323
10373
10422
10472
10522
10571
10621
10670
10720
10769
10819
10868
10918
10967
11016
11064
11113
11161
11209
11259
11307
11356
11405
11454
11504
11553
11602
11652
11701
11751
11799
11848
11896
11944
11993
12041
12090
12219
12268
12316
12365
12414
12464
12513
12562
12611
12660
12710
12759
12807
12856
12904
12952
13002
13051
13101
13150
13199
13249
13297
13346
13396
13445
13494
13543
13593
13641
13690
13738
13827
13875
13924
13973
14022
14072
14121
14170
14219
14309
14399
14448
14496
14544
14593
14641
14690
14739
14787
14836
14885
14933
14982
15031
15080
15129
15178
15226
15274
15323
15371
15419
15469
15518
15567
15616
15666
15714
15762
15811
15859
15908
15958
16007
16056
16105
16155
16323
16432
16482
16531
16582
16633
16683
16734
16785
16835
16884
16932
16981
17030
17078
17127
17175
17223
17272
17361
17409
17460
17510
17560
17609
17659
17708
17758
17807
17856
17904
17952
18001
18049
18097
18146
18195
18245
18294
18343
18392
18441
18490
18539
18587
18637
18687
18737
18828
18877
18926
18975
19025
19074
19122
19171
19260
19308
19358
19407
19456
19505
19554
19604
19653
19702
19752
19801
19851
19900
19950
20000
20050
20099
20149
20198
20247
20297
20346
20396
20445
20495
20544
20593
20643
20692
20782
20832
20881
20931
20980
21030
21079
21128
21177
21227
21317
21366
21415
21464
21514
21563
21612
21662
21710
21760
21809
21859
21908
21958
22008
22058
22108
22156
22205
22253
22301
22350
22400
22449
22498
22547
22596
22646
22695
22744
22794
22843
22893
22942
22991
23041
23090
23140
23189
23238
23286
23334
23383
23432
23482
23531
23581
23630
23680
23730
23778
23827
23875
23923
23972
24020
24069
24118
24168
24217
24266
24316
24365
24414
24464
24513
24562
24611
24661
24710
24759
24808
24857
24905
24955
25004
25054
25103
25153
25201
25250
25341
25390
25440
25489
25537
25586
25634
25683
25731
25780
25828
25877
25926
25975
26023
26073
26122
26171
26221
26269
26318
26366
26414
26462
26511
26559
26608
26657
26706
26756
26805
26854
26904
26953
27002
27051
27101
27150
27199
27249
27297
27346
27394
27442
27490
27539
27588
27636
27685
27733
27782
27831
27880
27930
27979
28028
28077
28127
28176
28225
28275
28324
28373
28422
28470
28519
28568
28618
28667
28716
28765
28815
28863
28912
28960
29009
29057
29105
29154
29203
29252
29302
29352
29402
29452
29502
29552
29601
29649
29697
29746
29794
29843
29892
29941
29991
30040
30090
30139
30189
30238
30288
30336
30386
30435
30484
30534
30583
30633
30723
30773
30822
30871
30921
30969
31017
31066
31115
31164
31213
31263
31312
31361
31411
31459
31508
31556
31606
31655
31704
31753
31803
31852
31902
31951
32000
32050
32098
32146
32196
32245
32294
32343
32434
32482
32532
32581
32631
32680
32730
32779
32828
32878
32927
32977
33026
33075
33125
33174
33222
33270
33319
33367
33415
33464
33512
33561
33611
33660
33709
33757
33806
33854
33904
33954
34003
34052
34100
34149
34197
34246
34295
34344
34394
34443
34493
34542
34592
34641
34689
34737
34786
34834
34882
34931
34979
35027
35076
35124
35173
35222
35271
35321
35370
35420
35470
35520
35611
35661
35710
35760
35809
35858
35907
35957
36006
36055
36104
36153
36201
36250
36299
36347
36397
36446
36496
36545
36595
36644
36694
36743
36792
36842
36891
36940
36989
37039
37088
37138
37186
37235
37283
37332
37380
37428
37477
37526
37576
37625
37675
37724
37774
37824
37874
37924
37974
38024
38073
38123
38172
38262
38311
38361
38410
38460
38508
38556
38605
38653
38701
38750
38799
38849
38898
38947
38997
39046
39095
39145
39195
39245
39295
39345
39394
39442
39491
39539
39588
39636
39686
39735
39784
39875
39924
39974
40023
40073
40122
40170
40218
40268
40317
40366
40416
40465
40514
40564
40613
40662
40713
40762
40811
40860
40908
40957
41005
41054
41102
41191
41240
41288
41337
41385
41434
41482
41532
41581
41631
41680
41730
41779
41828
41876
41925
41973
42021
42070
42120
42170
42220
42270
42320
42370
42418
42467
42515
42563
42611
42660
42708
42756
42805
42853
42901
42950
42999
43047
43096
43144
43193
43243
43292
43341
43389
43438
43486
43534
43583
43631
43679
43730
43780
43830
43880
43928
43977
44025
44074
44122
44171
44219
44267
44316
44365
44415
44464
44514
44563
44613
44663
44712
44762
44811
44860
44910
44959
45008
45057
45107
45156
45205
45254
45304
45353
45402
45452
45501
45550
45599
45649
45698
45748
45797
45847
45897
45947
45997
46046
46095
46144
46193
46243
46292
46341
46390
46440
46489
46538
46587
46637
46686
46735
46784
46834
46884
46934
46984
47034
47082
47131
47179
47227
47276
47324
47373
47422
47471
47521
47570
47619
47668
47759
47808
47858
47907
47957
48006
48055
48105
48154
48203
48252
48302
48351
48401
48450
48500
48550
48600
48649
48699
48749
48799
48849
48899
48949
48998
49048
49097
49146
49196
49245
49294
49343
49393
49442
49491
49541
49590
49639
49689
49739
49788
49838
49888
49938
49986
50035
50083
50131
50181
50230
50279
50328
50378
50427
50476
50526
50575
50624
50674
50722
50770
50819
50867
50915
50964
51012
51060
51109
51157
51206
51254
51303
51351
51400
51449
51499
51548
51597
51646
51696
51745
51794
51844
51893
51942
51991
52041
52090
52139
52188
52238
52287
52336
52386
52435
52484
52533
52624
52673
52722
52771
52821
52870
52919
52968
53017
53066
53115
53163
53212
53260
53309
53357
53406
53454
53502
53551
53599
53647
53697
53747
53796
53846
53896
53945
53995
54044
54093
54142
54192
54241
54289
54338
54386
54434
54483
54532
54580
54630
54679
54729
54779
54828
54878
54927
54976
55026
55075
55124
55174
55223
55273
55321
55370
55418
55467
55515
55565
55614
55663
55713
55762
55811
55860
55909
55957
56006
56054
56103
56151
56199
56248
56296
56344
56393
56441
56490
56538
56586
56635
56683
56732
56780
56829
56877
56926
56975
57023
57072
57121
57170
57219
57267
57317
57366
57416
57465
57515
57564
57614
57662
57710
57759
57807
57855
57904
57952
58001
58049
58098
58148
58197
58246
58295
58344
58394
58442
58491
58539
58587
58636
58684
58733
58781
58830
58879
58927
58976
59025
59074
59123
59173
59222
59271
59320
59370
59419
59468
59517
59566
59616
59665
59714
59762
59811
59861
59992
60042
60090
60139
60228
60276
60325
60373
60422
60471
60519
60568
60616
60664
60712
60762
60811
60860
60910
60959
61008
61056
61105
61154
61202
61251
61299
61347
61396
61444
61493
61541
61590
61638
61727
61775
61824
61873
61922
61972
62021
62070
62120
62168
62216
62265
62313
62361
62410
62458
62507
62557
62606
62655
62705
62754
62804
62853
62903
62953
63002
63052
63101
63151
63201
63254
63304
63354
63405
63457
63506
63554
63603
63651
63741
63790
63839
63889
63938
63988
64037
64090
64139
64189
64238
64288
64337
64387
64437
64486
64538
64587
64639
64688
64738
64787
64836
64886
64935
64984
65034
65082
65130
65180
65229
65278
65328
65377
65427
65475
65525
65574
65623
65673
65722
65772
65822
65870
65918
65967
66015
66063
66112
66162
66211
66259
66308
66356
66405
66453
66502
66550
66600
66650
66699
66747
66796
66844
66893
66941
66990
67038
67086
67135
67183
67232
67281
67330
67380
67470
67519
67568
67616
67665
67714
67762
67811
67860
67908
67957
68005
68053
68102
68150
68199
68248
68296
68345
68394
68443
68492
68541
68591
68640
68690
68739
68789
68837
68886
68934
68983
69031
69080
69130
69179
69228
69276
69325
69373
69422
69470
69520
69611
69661
69710
69760
69810
69859
69909
69958
70008
70058
70108
70158
70207
70257
70306
70354
70402
70451
70499
70547
70596
70646
70695
70743
70792
70840
70889
70937
70987
71037
71087
71137
71187
71237
71285
71374
71422
71471
71519
71568
71617
71665
71714
71762
71811
71861
71910
71959
72009
72058
72107
72157
72206
72255
72305
72354
72403
72453
72503
72553
72603
72695
72745
72795
72844
72893
72943
72992
73041
73091
73140
73189
73239
73288
73337
73386
73436
73484
73533
73581
73629
73678
73726
73775
73824
73874
73924
73974
74025
74075
74126
74174
74263
74311
74361
74410
74459
74509
74558
74607
74656
74706
74754
74843
74891
74940
74988
75037
75087
75136
75186
75235
75284
75333
75383
75433
75482
75532
75581
75631
75680
75730
75779
75828
75878
75927
75976
76024
76073
76121
76170
76218
76267
76316
76366
76415
76464
76513
76563
76612
76661
76711
76760
76809
76859
76908
76958
77008
77057
77107
77156
77205
77254
77303
77352
77401
77450
77500
77550
77601
77651
77701
77750
77800
77849
77899
77948
77998
78048
78097
78147
78197
78245
78294
78343
78392
78442
78491
78540
78590
78640
78690
78740
78790
78840
78890
78938
78987
79035
79084
79132
79180
79230
79279
79328
79378
79427
79477
79526
79575
79624
79674
79723
79773
79822
79872
79921
79971
80019
80068
80116
80165
80213
80262
80310
80359
80407
80457
80507
80557
80607
80657
80707
80757
80806
80854
80902
80951
80999
81047
81097
81146
81196
81244
81293
81341
81389
81438
81488
81538
81587
81635
81684
81732
81780
81829
81877
81927
81976
82025
82074
82124
82173
82222
82271
82320
82368
82417
82465
82513
82562
82610
82660
82710
82761
82811
82861
82911
82959
83009
83059
83108
83158
83208
83258
83307
83356
83405
83455
83504
83554
83603
83693
83743
83792
83842
83891
83940
83990
84039
84088
84137
84187
84236
84285
84335
84384
84434
84482
84531
84580
84629
84678
84727
84777
84826
84876
84926
84976
85025
85075
85165
85256
85306
85356
85405
85455
85506
85556
85605
85655
85704
85754
85803
85853
85902
85993
86042
86092
86141
86190
86238
86287
86335
86383
