18.5719
18.5262
21.9029
24.0932
17.0052
17.0508
18.5719
18.6327
14.3738
10.1149
10.1149
10.4647
10.1301
10.5864
13.6437
6.95114
6.95114
8.06149
8.01586
7.1945
7.1945
3.0877
3.34628
3.34628
0.775729
0.775729
0.775729
0.775729
4.28932
0.82136
1.24725
0.790939
0.790939
0.775729
0.775729
0.699677
0.699677
7.4835
4.36537
4.36537
4.36537
4.36537
8.71554
5.12589
5.12589
4.86732
4.86732
0.82136
0.82136
3.90906
0.82136
0.82136
0.82136
0.82136
0.82136
0.82136
0.82136
0.82136
0.82136
0.82136
3.90906
3.90906
3.90906
0.82136
0.82136
0.82136
0.82136
0.82136
0.82136
0.82136
0.82136
0.82136
0.82136
0.82136
0.82136
0.82136
0.82136
0.82136
4.28932
4.28932
0.82136
0.699677
0.699677
0.82136
0.82136
0.82136
0.82136
0.82136
0.82136
0.82136
0.82136
0.82136
0.82136
0.471521
0.471521
0.471521
0.471521
0.471521
3.98512
3.98512
0.471521
0.471521
0.471521
0.927832
0.927832
0.471521
0.471521
0.471521
0.471521
0.471521
3.77217
0.471521
0.471521
5.15631
5.15631
5.15631
6.32751
6.32751
6.32751
9.84111
9.8259
9.84111
5.21715
5.21715
1.70356
1.70356
1.70356
1.70356
1.70356
1.70356
1.70356
5.21715
5.21715
1.70356
2.15987
1.70356
1.70356
1.70356
1.74919
5.26279
1.74919
1.74919
1.74919
1.74919
1.74919
1.70356
1.70356
1.70356
1.70356
1.70356
1.70356
1.70356
1.70356
1.70356
1.70356
1.70356
1.70356
1.74919
0.471521
0.471521
0.471521
0.471521
0.471521
0.471521
0.471521
0.471521
0.471521
0.471521
0.471521
0.471521
0.471521
0.471521
0.471521
0.471521
0.471521
0.471521
0.471521
0.471521
0.471521
0.471521
0.471521
0.471521
0.471521
0.471521
0.471521
0.471521
1.70356
1.70356
1.70356
1.70356
1.70356
1.70356
1.70356
1.70356
1.70356
5.21715
5.21715
5.21715
1.70356
1.70356
1.70356
1.70356
1.70356
1.70356
1.70356
1.70356
1.70356
1.70356
1.70356
1.70356
1.70356
1.70356
1.70356
1.70356
1.70356
1.70356
1.70356
1.70356
1.70356
1.70356
1.70356
1.70356
1.70356
1.70356
1.70356
1.70356
1.70356
1.70356
1.70356
1.70356
1.70356
1.74919
1.74919
1.74919
1.74919
1.70356
1.70356
1.70356
1.70356
1.70356
1.74919
1.74919
1.74919
1.74919
1.70356
1.70356
1.70356
1.70356
1.70356
1.70356
1.70356
2.0534
2.0534
2.0534
2.0534
2.0534
2.0534
0.82136
0.82136
0.82136
0.82136
0.82136
0.82136
0.82136
0.82136
0.82136
0.82136
0.82136
0.82136
0.82136
5.12589
0.82136
0.82136
0.82136
0.82136
0.82136
0.82136
0.775729
0.775729
0.775729
0.775729
0.82136
0.82136
0.82136
0.82136
0.82136
0.82136
0.82136
0.82136
0.82136
0.471521
0.471521
0.471521
0.471521
0.471521
0.471521
0.471521
0.471521
0.471521
0.471521
0.471521
0.471521
0.471521
0.471521
0.471521
0.471521
0.471521
0.471521
0.471521
0.471521
0.471521
0.471521
0.471521
0.471521
0.471521
0.471521
0.471521
0.471521
0.471521
0.471521
0.471521
0.471521
0.471521
0.471521
0.471521
0.471521
0.471521
0.471521
0.471521
0.471521
0.471521
0.471521
3.84822
0.471521
0.471521
0.471521
0.471521
0.471521
0.471521
0.471521
0.471521
0.471521
0.471521
0.471521
0.471521
0.471521
0.471521
0.471521
4.8369
4.8369
0.471521
5.15631
5.15631
5.15631
5.15631
5.15631
0.471521
0.471521
0.471521
0.471521
0.471521
0.471521
0.471521
0.471521
0.471521
0.471521
0.927832
0.927832
0.471521
0.927832
0.927832
0.927832
0.927832
4.44143
0.471521
3.77217
3.77217
0.471521
0.471521
0.471521
0.471521
0.471521
2.73787
2.73787
3.98512
3.98512
3.98512
7.27056
3.75696
3.75696
3.75696
3.75696
3.75696
8.09191
8.09191
4.82169
0.471521
0.471521
0.471521
0.471521
0.669256
0.669256
0.471521
0.471521
0.471521
0.471521
0.471521
0.669256
0.669256
0.669256
0.669256
7.07282
7.07282
3.80259
0.669256
0.669256
0.471521
4.68479
5.03463
4.06117
0.471521
0.471521
0.471521
0.471521
0.471521
5.04984
0.471521
0.927832
0.927832
0.927832
0.927832
4.44143
3.75696
3.75696
3.98512
0.471521
3.75696
4.21327
0.958253
0.958253
0.958253
0.958253
0.669256
0.471521
3.74175
11.6207
11.6207
11.6207
20.7926
20.7774
20.7774
17.2638
4.22848
8.89806
4.44143
0.471521
0.471521
0.471521
0.471521
0.471521
0.471521
0.471521
0.471521
0.471521
0.471521
0.471521
4.01554
4.01554
3.98512
3.75696
3.98512
3.98512
4.00033
0.471521
0.471521
0.471521
0.471521
0.562784
2.25113
2.25113
2.25113
2.25113
2.23592
5.73431
5.73431
5.52136
5.52136
2.23592
2.23592
2.23592
2.23592
0.471521
0.471521
4.01554
4.7
4.86732
8.73075
7.4835
5.79515
5.81036
5.77994
5.35405
8.42654
3.74175
7.45308
3.74175
4.01554
3.98512
3.98512
4.01554
4.01554
0.501942
0.501942
0.501942
0.501942
0.501942
0.943043
0.988674
0.958253
0.958253
0.958253
0.501942
4.01554
0.501942
0.501942
0.501942
0.501942
0.958253
0.988674
0.958253
0.927832
0.927832
0.927832
0.927832
4.44143
0.927832
2.4945
0.927832
0.927832
0.471521
0.471521
0.471521
0.471521
3.98512
3.98512
3.98512
4.44143
4.44143
4.44143
0.927832
3.77217
3.77217
3.98512
3.98512
3.98512
3.98512
4.44143
3.77217
8.91327
9.12622
3.98512
3.98512
0.471521
0.471521
0.471521
5.15631
9.58253
5.15631
0.927832
0.471521
0.471521
5.00421
0.471521
0.471521
4.07638
4.07638
0.471521
4.01554
4.01554
4.01554
0.471521
5.00421
9.67379
5.00421
4.989
5.00421
4.989
5.44531
10.1301
9.56732
10.5104
5.96246
5.96246
9.67379
4.989
4.989
5.00421
5.00421
4.989
0.471521
4.03075
0.471521
0.958253
0.471521
3.84822
3.75696
4.01554
4.47185
5.15631
6.12978
9.20227
9.20227
4.989
5.01942
5.01942
8.59386
8.59386
1.00388
0.562784
0.471521
0.471521
0.471521
9.5369
9.70421
4.68479
8.00065
12.655
5.1411
0.958253
8.27444
9.01975
6.37314
10.2366
6.37314
9.5369
6.35793
2.14466
9.85632
3.69612
5.04984
7.71166
3.69612
4.95858
7.78771
13.7197
15.332
10.9363
15.3168
15.4689
14.4955
5.4301
0.562784
10.267
10.2062
5.68868
12.5638
8.9437
8.92848
7.54434
12.5029
9.76506
4.989
6.8903
6.19062
14.0087
14.2825
2.58576
7.54434
8.09191
11.4686
15.5298
15.9557
7.10324
5.96246
10.4495
5.15631
8.56344
4.03075
8.76117
4.07638
5.65826
14.2065
9.43043
15.6363
12.5333
8.98933
4.82169
8.39612
15.4385
19.3932
23.8651
16.8379
12.6702
16.2751
12.1227
8.22881
11.9553
8.83722
8.92848
9.21748
8.38091
10.9515
8.70033
10.2518
17.0812
13.2482
19.3324
15.6363
7.07282
11.2861
11.2405
11.2405
3.93948
8.10712
8.16797
11.1644
4.91295
3.54402
7.95502
4.00033
0.562784
5.04984
8.82201
5.44531
1.01909
5.49094
4.989
6.95114
7.3314
7.3314
8.59386
8.66991
10.9363
11.3317
7.30098
8.04628
8.09191
8.09191
11.1492
9.88674
9.85632
9.88674
5.47573
3.58965
8.04628
8.10712
0.973463
8.9437
8.53302
9.08059
9.96279
0.973463
8.53302
5.00421
5.04984
5.04984
5.04984
4.989
11.1188
7.01198
13.3395
8.83722
8.70033
7.25534
10.7841
9.27832
8.39612
6.73819
5.67347
10.0693
13.6133
10.1149
13.8414
13.6589
13.2634
14.7236
10.3887
6.06894
16.9291
22.2376
14.2673
20.5492
19.1346
16.0926
13.5829
15.2864
25.234
17.7201
20.5188
8.85243
11.3621
15.0278
10.1453
9.36958
8.28965
11.6816
13.522
18.7544
11.5295
11.0579
9.689
9.76506
8.04628
16.5337
14.5107
17.4615
17.4463
13.9783
9.96279
9.47606
13.157
13.6133
12.868
15.043
13.446
10.5712
7.54434
8.39612
11.5142
12.0922
16.4424
13.7045
16.8987
9.79548
8.12234
13.0505
9.61295
14.4955
11.5599
22.922
26.4356
20.7621
6.84466
11.3013
12.2443
11.9249
14.1913
10.1149
15.8644
13.811
13.1265
9.58253
13.1265
1.87088
1.87088
4.1068
11.6664
28.2609
18.5871
12.8071
13.0657
13.2178
10.1909
14.9974
17.568
13.5524
13.5068
13.5068
14.1152
2.11424
2.09903
4.86732
0.943043
8.3657
8.32007
6.41877
8.91327
6.64693
10.0236
12.2443
12.3204
5.15631
5.50615
5.97767
11.5447
13.233
1.94693
2.19029
8.66991
5.03463
5.03463
6.35793
6.3123
10.6016
0.593204
11.134
12.7159
17.4159
18.6783
9.84111
6.57088
6.52525
9.61295
10.0845
9.23269
9.30874
12.944
5.15631
16.99
12.3052
13.9327
10.1605
13.4155
10.921
6.93593
9.978
9.44564
5.74952
11.1492
3.04207
2.92039
10.267
10.2518
1.30809
5.4301
6.61651
4.21327
6.73819
10.6016
10.0236
14.3738
10.5104
5.99288
2.63139
4.88253
5.04984
10.2214
6.61651
3.28544
6.81424
13.3091
8.77638
8.85243
11.9097
13.0201
20.245
5.06505
2.19029
9.91716
10.0236
12.8984
5.53657
6.85987
6.38835
6.26667
6.35793
6.35793
9.978
2.26634
10.1301
9.64337
13.8719
9.73463
13.5524
5.17152
6.41877
14.0848
14.4498
14.3738
11.9553
12.9288
8.27444
9.40001
12.9288
9.64337
13.0353
15.0278
21.3401
24.1693
13.4916
18.7087
17.7961
17.4311
13.8719
13.8871
12.9288
17.3246
13.7045
11.5599
16.0774
11.7424
14.0544
21.0055
19.3932
19.8343
12.0466
17.7353
15.8492
17.1725
25.4165
27.2266
16.5641
12.077
13.5524
16.6553
14.5259
17.9634
16.6706
15.6363
28.3065
20.6557
16.99
14.8149
4.50227
16.4576
19.089
23.8194
11.9097
16.9596
11.5751
5.91683
5.91683
2.3424
7.16408
5.08026
8.8068
11.9858
9.88674
17.279
9.76506
8.89806
17.7049
11.7728
11.8641
19.6062
13.4916
16.3664
15.834
15.8796
16.5793
15.8796
16.1534
10.8754
9.79548
14.4346
14.6476
11.423
21.8573
19.1955
27.257
29.2647
27.9566
19.3628
16.7618
16.8531
16.8531
13.446
2.79871
1.44498
8.15276
18.6631
18.3133
11.21
14.8757
15.5754
11.2861
8.32007
17.2181
12.5638
17.4463
20.0321
18.6023
10.2974
11.7424
16.3055
13.0049
12.944
10.6777
9.61295
12.4725
4.989
5.52136
11.7576
18.9217
15.4081
8.35049
15.834
8.70033
11.3621
9.27832
5.04984
15.0126
18.4045
13.4155
12.7767
12.7767
15.9253
13.1874
5.47573
2.35761
8.33528
9.73463
9.32395
8.35049
11.0884
9.81069
10.267
10.267
1.00388
10.3735
19.1499
14.5107
14.8301
13.735
9.44564
13.4155
17.857
15.0278
13.2482
14.0544
18.0395
21.8269
21.2032
9.11101
7.7725
15.5754
16.9291
14.389
12.8984
5.15631
8.9437
12.1987
12.001
10.4191
7.3314
8.6547
8.6547
5.44531
5.4301
5.46052
8.89806
10.2062
6.38835
1.87088
6.23625
9.70421
12.8375
9.64337
8.44175
13.4916
9.65858
5.12589
1.91651
8.68512
10.1453
9.88674
5.17152
5.18673
5.15631
5.09547
5.12589
9.18706
12.9288
14.602
16.123
11.8793
11.8337
11.7576
15.3777
5.91683
5.08026
11.499
11.2709
11.5751
12.7919
16.3968
16.701
13.0961
14.5715
14.6172
16.4272
14.8605
7.81813
12.366
17.3398
17.9482
12.9288
7.46829
18.5719
13.8262
13.8262
13.4308
13.2482
13.2634
11.7728
11.8032
11.8032
11.8032
3.77217
8.3657
0.866991
5.12589
12.9744
9.62816
13.4308
8.47217
8.47217
8.95891
1.79482
1.79482
5.21715
12.3508
21.2489
16.2751
22.4809
13.4916
9.81069
5.64305
16.4272
11.9401
16.6553
12.9897
17.8418
21.1272
15.0735
4.47185
2.22071
11.2557
19.1194
10.0084
18.4654
10.3735
11.6511
14.9822
19.378
23.4544
19.378
21.8117
21.3554
26.0706
8.92848
14.4498
17.5528
17.7961
17.9482
22.4353
22.633
18.5566
20.245
24.6864
18.0547
13.6589
17.1877
16.8835
16.8835
24.3214
16.9291
4.24369
8.60907
13.0353
13.1113
10.5256
14.2825
19.1955
11.4534
14.389
9.62816
14.4194
14.5107
16.7466
22.7243
15.3016
18.0851
18.1308
20.3058
10.632
6.19062
16.1382
16.1382
21.8117
14.3434
17.4767
21.766
14.0544
6.6013
0.501942
12.2139
8.18318
5.04984
12.6246
8.06149
7.95502
8.57865
12.3508
12.1987
12.7311
0.82136
23.5
12.1075
20.8078
17.2333
12.8984
25.6751
21.0816
16.5032
22.4201
11.6207
17.0052
13.9783
18.2524
15.7884
19.6822
14.8757
14.9518
21.7204
26.1162
11.3165
17.2638
15.9253
13.9327
10.4343
12.6702
12.29
15.4385
13.0353
9.18706
7.66602
11.5751
8.01586
5.79515
2.26634
5.73431
9.84111
12.5638
12.5181
11.4686
12.5333
9.20227
11.3926
10.6473
9.67379
11.0884
14.1761
14.1456
11.0275
20.9447
24.1693
16.2751
16.99
20.1994
17.6897
19.8039
21.9638
26.2683
24.3974
23.5
20.899
19.5757
13.1418
13.0657
9.40001
10.7537
11.423
12.0314
13.3699
12.9288
7.49871
6.96635
6.96635
10.2062
6.98156
15.4385
11.3621
15.621
11.5903
11.8337
18.1764
18.146
16.3207
12.1987
7.60518
14.5563
16.0774
16.3664
6.99677
10.5712
8.42654
15.5906
11.9706
17.1269
22.0398
16.2295
19.4084
18.146
18.8913
22.6026
7.54434
6.78382
8.6547
7.66602
5.11068
12.8528
12.8528
11.788
13.811
17.4615
6.98156
9.17185
3.6657
3.65049
7.71166
8.98933
14.7541
9.67379
8.24402
3.68091
6.06894
4.71521
9.27832
1.44498
8.38091
7.87897
12.0314
8.51781
8.22881
11.8337
11.5599
18.0547
13.0809
10.7081
12.6702
8.48738
11.7728
15.9861
13.8719
13.8719
12.6854
9.32395
16.9596
17.355
14.2825
11.5295
8.9437
13.8566
12.1987
20.2146
13.2634
9.74984
17.9026
13.735
15.332
13.5372
13.157
17.9634
16.6858
14.2825
16.5337
13.0657
20.9143
22.7091
19.5757
23.9107
15.8492
18.511
13.4612
9.33916
10.5408
13.6893
9.01975
12.6702
21.1728
14.2521
16.6858
20.1842
16.9596
12.1531
13.0353
9.93237
17.8265
15.0126
14.9518
16.4424
12.944
17.3854
16.1078
14.2521
7.43787
11.4534
6.3123
10.845
7.62039
3.14855
3.65049
3.6657
3.60486
4.04596
6.41877
5.93204
9.52169
3.10291
6.32751
4.15243
4.48706
0.562784
5.04984
1.49062
6.00809
10.2822
10.0084
5.64305
1.01909
4.45664
5.46052
5.04984
0.517152
5.04984
5.04984
0.973463
0.927832
1.21683
6.66214
2.60097
1.24725
0.517152
5.04984
5.96246
1.91651
4.06117
18.9673
20.6861
13.4155
8.19839
3.60486
3.6657
8.04628
13.7654
13.8871
13.8719
8.56344
0.471521
5.59741
5.61262
5.20194
11.8641
5.03463
8.15276
8.10712
10.9667
7.42266
11.3774
10.9971
10.9971
11.2557
8.12234
0.471521
2.35761
2.35761
2.35761
2.35761
6.84466
12.5638
3.75696
0.471521
4.15243
4.15243
8.53302
0.471521
0.927832
4.989
4.63916
4.63916
4.63916
5.09547
9.32395
0.912622
7.49871
3.02686
3.02686
2.58576
2.58576
0.471521
0.958253
4.989
5.00421
11.4686
7.11845
10.8298
15.6363
8.62428
11.8185
14.5563
6.79903
6.79903
6.79903
6.87509
10.1909
10.1909
7.7725
6.34272
3.72654
3.72654
15.332
8.32007
0.927832
4.73042
5.50615
0.927832
3.49838
5.94725
6.35793
13.8566
11.2709
15.7123
11.6359
11.3774
8.32007
9.44564
12.3356
6.66214
5.94725
8.63949
8.53302
15.8644
8.74596
8.22881
9.29353
10.2214
10.2518
1.49062
0.517152
4.06117
8.16797
5.08026
11.4686
8.57865
4.74563
5.23237
5.64305
5.62784
3.13334
2.87476
5.11068
8.63949
11.5295
5.04984
5.04984
5.49094
5.04984
12.3508
8.86764
9.61295
13.0809
12.4421
12.5029
15.1647
16.9291
16.99
22.8155
10.4191
18.146
18.3285
11.9401
16.7618
10.9515
11.1036
10.6473
8.41133
7.43787
10.9819
10.9515
10.9667
6.64693
14.5107
14.7845
14.3282
14.2825
14.313
18.3437
17.8722
17.3398
17.2942
22.0094
17.3246
14.3434
23.4088
25.7512
18.3437
21.3097
20.823
13.9935
21.2032
18.0699
14.5563
17.8418
14.0087
17.8722
11.0884
10.7233
10.7689
11.0731
11.6968
7.22492
6.12978
0.471521
6.17541
13.4155
10.6016
10.6016
10.6168
10.6016
10.5408
0.471521
3.5288
3.58965
11.1036
6.96635
7.20971
7.20971
7.66602
10.7689
11.7424
10.8906
13.1113
13.0657
10.2518
10.2366
9.79548
14.4803
11.0884
13.735
13.7197
13.735
9.78026
9.78026
13.7806
13.2939
13.3395
16.8531
13.6133
14.1
11.0275
14.2521
13.8566
17.3398
20.0777
14.6172
11.134
14.4498
14.4346
13.9935
6.92072
6.92072
6.92072
6.99677
2.81392
2.81392
6.32751
6.32751
6.29709
6.29709
3.23981
6.7534
7.22492
7.22492
4.7
0.471521
7.22492
7.22492
7.20971
3.04207
