1.70356
1.70356
0.471521
0.471521
0.471521
0.471521
3.98512
3.98512
3.98512
0.471521
3.60486
3.60486
3.60486
3.60486
3.60486
4.06117
0.927832
7.11845
3.98512
3.98512
3.98512
3.98512
0.471521
0.471521
0.471521
0.471521
2.58576
2.58576
2.58576
6.09936
3.04207
0.927832
0.471521
0.471521
0.471521
0.471521
0.471521
0.471521
0.471521
3.77217
3.77217
3.77217
3.77217
0.471521
0.471521
0.471521
0.471521
0.471521
0.471521
0.471521
0.471521
0.471521
0.471521
0.471521
0.471521
0.471521
0.471521
0.471521
0.471521
0.471521
0.471521
4.12201
4.12201
0.927832
0.927832
0.471521
0.471521
0.471521
0.471521
0.471521
0.471521
0.471521
0.471521
3.98512
0.471521
8.33528
8.33528
8.33528
8.51781
8.33528
3.77217
3.75696
0.471521
0.471521
0.471521
0.471521
0.471521
0.471521
0.471521
0.471521
0.471521
0.471521
0.471521
0.471521
0.471521
0.471521
0.471521
0.471521
0.471521
0.471521
0.471521
0.471521
0.471521
0.471521
0.471521
0.471521
0.471521
0.471521
0.471521
0.471521
0.471521
0.471521
0.471521
0.471521
0.471521
0.471521
0.471521
0.471521
0.471521
0.471521
0.471521
0.471521
0.471521
0.471521
0.471521
0.471521
3.98512
3.98512
3.98512
3.98512
0.471521
0.471521
0.471521
0.471521
0.471521
0.471521
0.471521
0.471521
0.471521
0.471521
0.471521
0.471521
0.471521
0.471521
0.471521
0.471521
0.471521
0.471521
0.471521
0.471521
0.471521
0.471521
0.471521
0.471521
0.471521
0.471521
0.471521
0.471521
0.471521
0.471521
0.471521
0.471521
0.471521
0.471521
0.471521
0.471521
0.471521
0.471521
0.471521
0.471521
0.471521
0.471521
0.471521
0.471521
0.471521
0.471521
0.471521
0.471521
0.471521
0.471521
0.471521
0.471521
0.471521
0.471521
0.471521
0.471521
0.471521
0.471521
0.471521
0.471521
0.471521
0.471521
0.471521
0.471521
0.471521
0.471521
0.471521
3.74175
3.74175
3.74175
3.74175
3.74175
3.74175
0.471521
0.471521
0.471521
0.471521
0.471521
0.471521
0.471521
0.471521
0.471521
0.471521
0.471521
0.471521
0.471521
0.471521
0.471521
0.471521
0.471521
0.471521
0.471521
0.471521
0.471521
0.471521
0.471521
0.471521
0.471521
0.471521
0.471521
0.471521
0.471521
0.471521
0.471521
0.471521
0.471521
0.471521
0.471521
0.471521
0.471521
0.471521
0.471521
0.471521
0.471521
0.471521
0.471521
0.471521
0.471521
0.471521
0.471521
0.471521
0.471521
0.471521
0.471521
0.471521
0.471521
0.471521
0.471521
0.471521
0.471521
0.471521
0.471521
0.471521
0.471521
0.471521
0.471521
0.471521
0.471521
0.471521
0.471521
0.471521
0.471521
0.471521
0.471521
0.471521
0.471521
0.471521
0.471521
0.471521
0.471521
0.471521
0.471521
0.471521
0.471521
0.471521
0.471521
0.471521
0.471521
0.471521
0.471521
0.471521
0.471521
0.471521
0.471521
0.471521
0.471521
0.471521
0.471521
0.471521
0.471521
0.471521
0.471521
0.471521
0.471521
0.471521
0.471521
0.471521
0.471521
0.471521
0.471521
0.471521
0.471521
0.471521
0.471521
0.471521
0.471521
0.471521
0.471521
0.471521
0.471521
0.471521
0.471521
0.471521
0.471521
0.471521
0.471521
0.471521
0.471521
0.471521
0.471521
0.471521
0.471521
0.471521
0.471521
0.471521
0.471521
0.471521
0.471521
0.471521
0.471521
3.98512
3.98512
3.98512
0.471521
0.471521
0.471521
3.98512
3.98512
3.98512
3.98512
0.471521
0.471521
0.471521
0.471521
0.471521
0.471521
0.471521
0.471521
0.471521
0.471521
5.03463
3.98512
3.98512
0.471521
0.471521
0.471521
0.471521
0.471521
0.471521
0.471521
0.471521
0.471521
0.471521
3.74175
3.75696
3.75696
3.74175
3.74175
3.74175
3.74175
3.74175
0.471521
0.471521
0.471521
0.471521
3.74175
3.74175
0.471521
3.98512
0.471521
3.74175
3.74175
3.74175
0.471521
0.471521
0.471521
0.471521
0.562784
0.471521
0.471521
0.471521
9.58253
13.0961
13.0961
13.0961
8.45696
8.45696
5.15631
5.15631
5.15631
0.471521
5.15631
3.98512
3.98512
3.98512
7.3314
0.562784
0.562784
3.98512
3.98512
0.471521
0.471521
0.471521
0.471521
0.471521
0.471521
0.471521
0.471521
4.01554
4.01554
0.471521
0.471521
0.471521
0.471521
0.471521
0.471521
0.471521
0.471521
0.471521
0.471521
0.471521
0.471521
0.471521
0.471521
0.471521
0.471521
0.471521
0.669256
0.471521
0.471521
3.98512
8.86764
5.35405
0.471521
0.471521
0.562784
0.562784
0.562784
0.562784
0.532363
7.27056
4.06117
0.562784
0.471521
0.471521
0.471521
4.03075
8.77638
0.471521
0.471521
0.471521
0.562784
0.471521
5.04984
0.471521
0.471521
0.471521
0.471521
0.471521
0.471521
0.471521
0.669256
0.471521
0.471521
0.471521
0.471521
0.669256
0.471521
3.98512
0.471521
0.471521
0.471521
0.471521
0.471521
0.471521
8.60907
9.64337
9.30874
9.29353
9.29353
8.59386
8.59386
0.517152
3.98512
3.75696
5.03463
0.471521
3.77217
3.77217
4.22848
3.75696
3.75696
0.471521
1.44498
4.73042
4.73042
4.73042
4.95858
4.73042
7.28577
4.00033
4.00033
4.00033
1.44498
0.517152
3.87864
3.90906
3.83301
3.83301
12.077
12.1987
11.9097
16.5945
16.5945
13.0657
13.7958
10.4191
13.5829
9.00454
13.6893
15.043
10.4495
12.5638
12.4573
17.1421
13.7806
17.4159
17.857
5.70389
1.18641
1.20162
4.35016
8.33528
13.0049
8.8068
8.6547
8.77638
12.4877
8.97412
8.97412
14.678
10.9515
15.6058
14.2673
15.6819
15.6058
10.921
12.366
10.921
6.73819
6.73819
5.4301
5.41489
6.72298
4.95858
13.157
13.7502
13.6741
11.6511
16.8379
9.96279
10.0693
9.78026
9.67379
9.78026
9.84111
9.90195
9.76506
17.8874
5.73431
7.89418
7.89418
4.30453
4.01554
4.06117
4.06117
7.93981
19.8191
19.1346
24.3214
24.5647
24.5191
17.3854
16.6249
16.4576
16.4728
16.2447
11.9401
11.6359
13.0961
21.2489
21.6291
25.2796
21.3858
20.8686
20.5644
20.8078
17.7961
20.6557
9.59774
18.5262
22.4657
27.8045
28.124
22.1919
22.1463
18.8456
18.8761
13.2786
15.4385
7.51392
11.3469
14.602
11.5751
11.6207
13.7197
27.546
23.2414
19.2563
18.5871
18.6175
18.0395
19.6518
15.3777
13.0961
16.3664
16.1838
16.1838
18.8913
15.0126
18.6479
29.0366
19.4388
23.9867
22.2376
19.4388
19.6062
23.6825
16.6706
21.2489
18.1764
24.6712
30.4359
23.0133
17.6288
17.6288
17.3094
17.279
16.0926
20.9143
17.8722
27.7741
26.9984
32.824
29.7667
25.3253
25.9033
24.3518
19.9712
20.5036
19.1803
12.8528
13.0049
14.313
17.0052
15.3016
14.5867
22.0094
14.2065
14.2977
17.7505
14.1152
14.7997
19.4997
18.724
18.9369
18.9521
14.9518
19.013
16.123
17.5071
20.0016
18.9977
15.5298
25.9185
22.922
17.0812
12.1227
13.9023
21.8421
23.8194
29.4016
27.8958
21.2793
24.8689
15.6363
16.3968
12.1531
12.2139
14.6172
11.2405
6.58609
2.14466
2.14466
10.9515
13.5829
12.2748
13.5829
18.146
14.3282
6.87509
12.868
17.3246
14.8149
14.7084
13.9631
11.2557
13.4308
17.9787
13.157
13.522
21.8421
12.5029
17.6288
11.3165
19.3476
3.71133
11.5599
7.02719
11.5295
12.001
20.6709
18.4806
23.1654
16.6553
12.0162
9.8259
9.88674
5.15631
5.36926
10.3583
13.9327
11.8641
4.18285
3.96991
7.17929
9.87153
11.423
15.1799
15.7275
10.9515
5.35405
5.49094
10.1149
11.499
2.23592
6.70777
8.13754
8.13754
10.0388
14.1913
13.8566
17.1117
13.0505
8.03107
13.3243
8.30486
0.532363
0.471521
5.15631
11.3621
16.3816
16.6249
14.3738
5.44531
14.3586
9.81069
9.90195
10.2518
6.93593
1.00388
20.2906
20.3819
12.6246
28.489
16.3968
19.9712
15.2256
7.34661
7.0424
4.07638
7.27056
3.68091
6.25146
0.471521
4.989
5.53657
11.2709
10.7233
11.4382
0.562784
3.69612
3.69612
0.593204
1.84045
5.38447
11.5295
4.03075
4.06117
0.882201
0.547573
5.03463
5.03463
5.03463
7.58997
0.517152
0.912622
4.04596
4.04596
12.9136
12.9136
12.6854
12.3812
10.2366
10.2366
6.29709
6.29709
9.5369
10.6473
2.79871
2.79871
7.22492
2.79871
8.53302
8.53302
7.55955
7.66602
1.77961
12.5181
12.579
13.4916
13.4612
17.066
14.9366
11.2709
9.55211
10.9667
15.0278
15.0887
11.7424
11.7576
13.7045
6.90551
10.7385
10.7385
16.2751
7.60518
6.7534
15.1647
16.3816
14.5411
10.1605
15.2408
15.2104
17.5071
11.6359
12.4877
16.0621
10.4191
11.712
16.3664
14.2673
23.0285
25.9489
14.8149
6.87509
5.65826
13.2939
12.001
12.001
5.61262
5.59741
5.59741
5.59741
9.70421
10.1301
12.4117
9.27832
9.12622
8.91327
8.91327
9.0958
1.35372
4.56311
10.1909
12.7615
8.50259
13.0505
8.0767
12.9288
14.3434
10.2822
10.1909
10.1757
5.84078
5.84078
10.6929
10.9667
10.9667
10.4343
10.4343
1.15599
2.50971
2.4945
11.3317
11.6359
11.423
11.423
11.3165
3.55923
6.99677
9.14143
9.08059
13.1265
9.2479
8.88285
6.99677
7.24013
10.4799
14.3434
9.99321
13.5524
9.94758
6.03852
6.22104
6.96635
6.93593
6.96635
6.96635
6.93593
3.16376
3.11812
2.72266
2.72266
3.68091
2.46408
11.4534
11.4382
3.71133
8.56344
7.65081
8.48738
7.74208
7.80292
7.7725
7.75729
15.3168
10.5256
11.2252
14.7236
17.2333
10.0845
8.91327
4.35016
6.25146
10.2214
10.6625
10.6473
14.4955
13.9479
6.08415
9.06538
8.56344
13.3243
5.38447
8.41133
13.1418
12.9288
9.76506
6.54046
9.2479
9.93237
9.90195
2.11424
8.44175
8.01586
8.60907
3.68091
5.01942
8.59386
14.0392
10.0084
6.38835
9.85632
13.7197
13.735
13.8719
11.2252
14.0544
10.2062
11.5295
14.2369
14.4803
14.5259
13.2178
8.68512
5.41489
5.30842
5.26279
17.066
20.4123
20.8078
20.3971
16.3359
19.956
23.1045
19.302
16.2295
15.4233
15.3168
15.2256
15.2256
15.2256
11.6664
7.11845
6.58609
6.58609
16.7162
21.2185
19.4084
19.5757
24.2149
22.7395
10.3126
5.20194
2.50971
2.47929
11.6207
11.6055
11.6207
12.29
12.3356
11.4382
6.90551
7.75729
3.3767
7.89418
6.52525
9.29353
7.57476
7.57476
10.8602
11.0427
11.2861
11.2557
19.1955
18.8304
11.6055
11.6207
17.568
23.9867
24.7168
15.2864
19.9864
19.956
15.6058
15.9405
8.51781
7.98544
9.30874
9.36958
7.9246
4.74563
13.0353
9.43043
9.43043
8.30486
9.49127
9.49127
9.49127
14.7997
11.5447
6.90551
16.412
9.56732
9.47606
10.1149
2.3424
6.58609
8.66991
17.3094
9.14143
9.33916
9.27832
9.27832
0.760518
0.471521
3.60486
8.53302
9.35437
12.5942
12.2291
7.60518
6.92072
4.07638
9.0958
4.51748
13.5524
9.52169
9.689
9.62816
9.64337
9.35437
8.76117
8.74596
12.6246
16.4424
21.3401
15.0887
7.22492
10.7841
10.7841
9.81069
9.52169
8.38091
0.471521
1.84045
1.84045
0.471521
1.44498
1.44498
1.44498
7.7725
7.97023
0.532363
8.73075
12.0162
11.9706
16.6401
12.2291
9.11101
5.61262
5.56699
1.9013
7.71166
11.4686
7.08803
12.1075
5.09547
9.73463
9.64337
11.0123
9.73463
10.5408
20.7317
16.4424
12.2443
12.1835
10.4952
2.69223
2.9356
14.0848
15.0126
13.4764
18.4502
17.7657
17.4767
17.9178
16.2903
5.85599
9.3848
5.00421
5.09547
9.23269
5.00421
9.30874
17.4767
17.2333
17.5071
14.2673
14.7084
12.5942
10.5712
5.91683
1.26246
6.95114
10.5408
13.8262
17.1269
13.9631
13.4003
10.7233
6.03852
4.36537
11.6511
7.62039
14.6476
14.8605
19.4693
19.4388
23.9563
22.8764
23.0285
22.8612
18.3893
16.701
24.3214
23.6977
17.5528
19.8495
15.8948
16.9139
26.9528
23.5456
26.8159
22.8612
21.0511
17.4463
8.45696
7.58997
10.7233
10.8146
10.4039
7.31619
13.9935
21.2641
12.1835
8.98933
5.06505
7.65081
11.1948
26.0401
26.0249
26.5725
22.1007
22.1007
15.2712
11.2405
2.40324
16.123
12.7919
15.3777
8.88285
8.6547
12.3964
16.0926
16.0621
15.8036
22.4961
12.8832
13.4308
6.40356
7.9246
15.6971
13.6741
14.5411
8.33528
24.2301
21.1424
20.6861
24.1541
16.488
23.0285
21.2945
26.2683
21.9181
17.3854
12.7463
22.9068
17.6136
17.5528
13.9783
13.811
12.4421
8.86764
12.8832
14.967
22.1463
17.4311
17.4311
14.678
9.689
8.18318
9.93237
21.112
25.2492
23.0893
17.1877
18.4654
13.8414
13.3699
15.5146
19.1499
25.4622
26.679
25.9489
27.7437
25.6599
25.6751
10.9667
10.343
20.2298
17.279
20.4275
17.9939
17.279
15.3168
13.0809
18.6023
26.679
33.7822
36.2311
41.4635
41.3266
21.3249
21.7204
20.3971
24.7929
25.812
31.1052
33.9191
38.6495
38.68
28.2
16.5032
13.3243
35.9117
32.7935
28.7476
27.5764
25.9489
25.9033
27.7285
25.8424
26.3596
16.7466
25.4013
28.8084
30.8923
29.0214
28.8997
31.9113
28.5042
28.3217
38.4214
30.7706
39.8512
47.3347
44.4751
40.0033
37.6913
33.0065
25.7055
38.2237
26.6942
29.5537
30.3751
30.2078
27.9566
31.9874
37.4175
41.6156
39.4101
39.6838
30.8618
34.8013
41.8589
42.8476
43.2126
40.8398
41.2505
41.5243
30.0253
30.8466
45.1292
46.0418
46.9392
42.4673
40.8703
30.4359
34.7709
39.1667
38.1324
45.6007
35.1512
29.3712
32.3829
32.1699
37.5696
38.8016
38.9842
48.6732
45.0075
39.2123
38.4366
31.7136
24.5647
30.6641
39.2884
42.9541
38.8777
34.9686
34.9686
28.2913
28.4282
20.5492
24.58
39.1059
44.7641
42.7715
45.7376
40.7942
37.8434
37.7521
35.1055
41.2961
46.1939
48.0191
52.7191
44.8097
48.1864
35.6531
29.28
14.1456
11.9401
13.8719
14.967
18.8304
19.0738
14.8909
16.4424
19.6366
10.1301
6.35793
9.978
20.9599
18.4958
22.4049
18.4502
19.1042
9.01975
12.4421
23.135
23.3631
18.6783
15.4994
19.9256
27.8198
19.8191
19.8495
18.4198
15.043
6.8903
11.6207
4.16764
7.37703
6.76861
18.8
15.2408
18.0243
17.0356
7.87897
12.2596
15.7123
17.5071
20.8838
20.8686
20.8686
20.9599
16.2447
12.6398
1.91651
2.17508
10.7537
12.3204
14.7388
14.8301
10.4495
7.10324
10.4039
10.5256
4.44143
12.8832
18.9369
8.74596
15.5602
18.2524
18.0851
13.2786
10.3583
11.788
24.9906
24.1845
25.2948
19.8799
25.8728
16.8987
25.0667
24.0324
20.8838
21.9486
21.9638
20.5492
16.99
8.86764
10.2062
10.2366
14.7845
22.1767
19.302
21.5987
10.7689
10.1453
6.90551
6.72298
13.8871
22.7547
18.3741
22.2376
14.0392
21.477
34.0712
21.1576
14.8757
21.3401
7.43787
11.1948
17.5375
16.1686
20.0625
16.1686
16.0013
12.3204
9.23269
13.3547
10.7994
13.2026
17.6592
20.823
17.2942
17.8874
12.8984
19.9104
27.4243
24.8081
25.1732
17.3398
21.9333
14.602
14.602
11.0427
5.46052
5.01942
2.17508
11.8641
11.3926
14.5107
13.2026
10.1453
11.2405
8.04628
12.5942
16.3207
13.1874
7.95502
5.38447
11.21
7.66602
3.14855
2.85955
2.85955
2.85955
2.92039
3.01165
6.23625
2.95081
3.60486
9.93237
6.63172
3.11812
3.11812
3.10291
3.10291
6.64693
4.1068
0.547573
0.547573
8.66991
3.11812
0.638835
11.7272
4.15243
4.06117
4.59353
0.547573
0.547573
0.547573
0.547573
4.06117
3.84822
0.547573
0.547573
3.11812
7.68123
3.11812
2.85955
2.7835
2.7835
2.7835
6.38835
2.7835
5.91683
2.85955
2.85955
2.85955
8.56344
4.33495
4.33495
4.33495
4.31974
4.79126
6.23625
6.3123
1.91651
6.11457
5.67347
4.79126
3.02686
3.5288
6.64693
6.64693
11.1644
6.61651
8.04628
8.06149
6.54046
3.04207
14.9974
15.0887
14.7693
14.967
6.8903
15.0735
15.0735
8.60907
9.29353
9.29353
13.8414
13.8414
9.64337
9.64337
6.90551
6.8903
7.34661
3.55923
7.30098
6.73819
11.2557
8.01586
0.760518
3.04207
3.04207
3.04207
2.7835
2.7835
7.58997
3.04207
3.57444
3.23981
3.23981
3.49838
8.86764
13.3547
16.8683
9.00454
9.00454
9.00454
12.5181
12.5181
8.71554
9.00454
6.8903
6.8903
2.7835
2.7835
2.7835
6.06894
14.5411
11.2709
7.13366
6.06894
6.06894
2.7835
6.92072
