4.44143
5.52136
5.52136
3.77217
3.77217
3.77217
3.77217
3.98512
3.98512
0.927832
4.22848
3.77217
0.471521
0.471521
0.471521
0.471521
0.471521
0.471521
0.471521
0.471521
0.471521
0.471521
0.927832
6.25146
6.25146
3.98512
4.44143
4.22848
3.77217
3.77217
3.77217
3.98512
3.98512
3.98512
3.98512
3.98512
3.98512
0.471521
0.471521
0.471521
0.471521
0.471521
0.471521
0.471521
0.471521
3.98512
3.98512
3.98512
0.471521
0.471521
0.471521
0.471521
0.471521
3.98512
3.77217
0.471521
0.471521
0.471521
0.927832
0.471521
0.471521
0.471521
0.471521
0.471521
0.471521
0.471521
0.471521
0.471521
0.471521
0.471521
0.471521
3.98512
3.77217
3.77217
0.471521
0.471521
0.471521
0.471521
0.471521
0.471521
0.471521
0.471521
0.471521
3.98512
0.471521
3.77217
0.471521
0.471521
0.927832
0.471521
0.471521
0.471521
0.471521
0.471521
0.471521
0.471521
0.471521
0.471521
0.471521
0.471521
0.471521
0.471521
0.471521
0.471521
0.471521
0.471521
0.471521
0.471521
0.471521
0.471521
0.471521
0.471521
0.471521
0.471521
0.471521
0.471521
0.471521
0.471521
0.471521
0.471521
0.471521
0.471521
0.471521
0.471521
0.471521
0.471521
0.471521
0.471521
0.471521
0.471521
0.471521
0.471521
0.471521
0.471521
0.471521
0.471521
0.471521
0.760518
0.760518
0.760518
0.760518
0.760518
0.760518
0.471521
0.471521
0.471521
0.471521
0.471521
0.471521
0.471521
0.471521
0.471521
0.471521
0.471521
0.471521
0.471521
0.471521
0.471521
0.471521
0.471521
0.471521
0.471521
0.471521
0.471521
0.471521
0.471521
0.471521
0.471521
0.471521
0.471521
0.471521
0.471521
0.471521
0.471521
0.471521
0.471521
0.471521
0.471521
0.471521
0.471521
0.471521
0.471521
0.471521
0.471521
0.471521
0.471521
0.471521
0.471521
0.471521
0.471521
0.471521
0.471521
0.471521
0.471521
0.471521
0.471521
0.471521
0.471521
0.471521
0.471521
0.471521
0.471521
0.471521
0.471521
0.471521
0.471521
0.471521
0.471521
0.471521
0.471521
0.471521
0.471521
0.471521
0.471521
0.471521
0.471521
0.471521
0.471521
0.471521
0.471521
0.471521
0.471521
0.471521
0.471521
0.471521
0.471521
0.471521
0.471521
0.471521
0.471521
0.471521
0.471521
0.471521
0.471521
0.471521
0.471521
0.471521
0.471521
0.471521
0.471521
0.471521
0.471521
0.471521
0.471521
0.471521
0.471521
0.471521
0.471521
0.471521
0.471521
0.471521
0.471521
0.471521
0.471521
0.471521
0.471521
0.471521
0.471521
0.471521
0.471521
0.471521
0.471521
0.471521
0.471521
0.471521
0.471521
0.471521
0.471521
0.471521
0.471521
0.471521
0.471521
0.471521
0.471521
0.471521
0.471521
0.471521
0.471521
0.471521
0.471521
0.471521
0.471521
0.471521
0.471521
0.471521
0.471521
0.471521
0.471521
0.471521
5.15631
5.15631
5.15631
5.15631
5.15631
5.15631
5.15631
5.15631
5.15631
5.15631
0.471521
0.471521
0.471521
0.471521
0.471521
0.471521
0.471521
0.471521
0.471521
0.471521
0.471521
0.471521
0.471521
0.471521
0.471521
0.471521
0.471521
0.471521
0.471521
0.471521
0.471521
0.471521
0.471521
0.471521
0.471521
2.58576
2.58576
2.58576
2.58576
2.58576
2.58576
2.58576
2.58576
5.85599
5.85599
5.85599
5.85599
5.85599
5.85599
5.85599
5.85599
5.85599
5.85599
5.85599
5.85599
5.85599
5.85599
5.85599
5.85599
2.58576
2.58576
2.58576
2.58576
2.58576
2.58576
2.58576
2.58576
2.58576
2.58576
2.58576
0.471521
0.471521
0.471521
0.471521
0.471521
0.471521
0.471521
0.471521
0.471521
3.98512
0.471521
0.471521
0.471521
0.471521
0.471521
0.471521
0.471521
0.471521
0.471521
0.471521
0.471521
0.471521
0.471521
0.471521
0.471521
0.471521
0.471521
0.471521
0.471521
0.471521
0.471521
0.471521
3.98512
3.98512
3.98512
3.98512
3.98512
0.471521
0.471521
0.471521
0.471521
0.471521
0.471521
0.471521
5.03463
5.03463
0.471521
3.74175
7.0424
7.0424
7.25534
3.98512
3.98512
3.98512
3.98512
3.98512
3.98512
3.98512
3.98512
3.98512
3.98512
4.01554
0.471521
0.471521
0.471521
0.471521
0.471521
0.471521
0.471521
4.21327
4.21327
8.88285
8.88285
0.669256
3.71133
3.71133
6.78382
6.78382
7.0424
3.54402
4.00033
3.93948
3.93948
3.93948
3.93948
3.93948
3.93948
3.93948
3.93948
3.93948
4.00033
4.00033
4.44143
4.44143
4.44143
3.98512
3.98512
3.98512
3.77217
3.77217
3.77217
3.98512
0.471521
0.471521
0.471521
0.471521
0.471521
0.471521
0.471521
0.471521
0.471521
0.471521
0.471521
0.471521
0.471521
0.471521
0.471521
0.471521
8.82201
9.36958
9.35437
9.35437
9.35437
4.989
8.25923
3.74175
3.74175
3.74175
3.74175
3.74175
0.471521
0.471521
0.927832
0.927832
0.471521
0.471521
0.471521
0.471521
0.471521
0.471521
0.471521
0.471521
0.471521
0.471521
0.471521
0.471521
0.958253
0.958253
3.07249
3.07249
6.81424
6.81424
4.35016
4.35016
4.35016
4.35016
4.35016
7.9246
4.35016
4.86732
4.86732
4.86732
4.35016
4.35016
4.35016
4.35016
0.471521
0.471521
0.471521
0.471521
0.471521
3.98512
0.471521
0.471521
0.471521
3.77217
3.77217
3.77217
3.77217
3.77217
3.77217
4.22848
4.22848
8.79159
5.33884
5.33884
5.46052
5.46052
5.03463
0.471521
0.471521
0.471521
0.471521
0.471521
0.471521
0.471521
0.471521
0.471521
0.471521
0.471521
0.471521
2.58576
2.58576
2.58576
5.88641
5.88641
2.58576
2.58576
2.58576
2.58576
10.9058
6.17541
6.17541
2.58576
14.5107
7.10324
7.08803
7.08803
6.09936
7.08803
7.08803
2.58576
2.58576
2.58576
2.58576
2.58576
2.58576
2.58576
2.58576
2.58576
6.14499
5.8712
10.632
2.58576
6.12978
5.8712
2.58576
3.90906
3.90906
11.7424
15.256
8.42654
3.90906
3.90906
6.09936
11.7272
0.471521
0.471521
0.471521
0.471521
4.989
0.471521
3.75696
3.75696
4.03075
0.471521
1.44498
4.989
4.03075
0.471521
0.471521
0.471521
0.471521
4.01554
4.01554
3.98512
0.471521
0.471521
0.471521
0.471521
0.471521
0.471521
0.471521
0.471521
0.471521
3.98512
0.471521
0.958253
0.927832
5.29321
0.958253
0.958253
0.912622
4.15243
4.16764
0.927832
0.927832
0.927832
0.471521
0.471521
0.471521
3.98512
3.75696
0.471521
0.471521
0.471521
0.927832
0.471521
0.471521
0.471521
0.471521
0.471521
0.471521
0.471521
0.471521
4.00033
0.471521
0.471521
0.471521
0.471521
0.471521
0.471521
0.745308
0.745308
0.745308
0.745308
0.471521
0.745308
3.77217
5.03463
0.471521
0.471521
0.471521
0.471521
0.471521
0.471521
0.471521
4.7
0.471521
0.471521
0.471521
4.22848
0.471521
3.98512
0.471521
0.471521
0.471521
0.927832
0.927832
0.927832
0.471521
0.471521
2.38803
2.38803
2.38803
5.85599
5.8712
6.32751
6.32751
6.32751
2.40324
2.40324
2.40324
2.40324
5.88641
0.927832
5.44531
5.44531
5.46052
0.471521
2.38803
2.38803
5.01942
5.03463
0.471521
0.471521
3.98512
0.471521
0.471521
0.471521
0.471521
0.471521
0.471521
9.76506
5.04984
9.87153
0.471521
0.471521
0.958253
3.98512
3.98512
5.01942
0.471521
0.517152
4.04596
0.562784
0.562784
4.21327
0.471521
1.1712
4.68479
1.1712
9.27832
9.27832
1.62751
1.62751
1.1712
1.1712
1.1712
1.62751
1.62751
1.1712
9.52169
1.1712
1.1712
1.1712
1.1712
5.68868
1.6123
1.1712
4.7
0.471521
0.471521
0.471521
0.471521
0.471521
0.471521
0.471521
0.471521
0.471521
5.01942
0.562784
0.471521
8.53302
5.00421
5.01942
5.44531
5.01942
5.03463
0.958253
0.912622
5.46052
9.27832
0.958253
3.02686
6.11457
3.11812
0.471521
0.471521
0.471521
1.84045
5.44531
5.44531
3.75696
6.72298
6.76861
4.07638
4.51748
4.42622
4.03075
5.01942
0.471521
4.30453
0.471521
5.5822
0.745308
3.75696
0.471521
0.471521
4.8369
3.98512
3.75696
4.01554
4.00033
0.471521
0.471521
4.00033
0.471521
0.471521
0.471521
3.77217
3.77217
0.471521
0.927832
0.927832
0.927832
0.927832
0.927832
0.471521
0.471521
5.01942
0.471521
0.471521
3.77217
8.82201
5.01942
0.958253
0.958253
5.68868
1.1712
1.1712
4.16764
0.927832
3.77217
0.471521
0.471521
0.471521
3.98512
0.471521
5.00421
5.03463
0.562784
4.989
9.65858
0.471521
0.471521
0.471521
5.01942
4.989
5.53657
4.989
5.44531
4.989
8.74596
5.06505
5.00421
4.989
0.927832
0.471521
0.471521
0.471521
1.74919
5.01942
4.80648
1.44498
0.471521
0.471521
8.33528
8.51781
4.989
0.471521
5.53657
5.08026
6.95114
5.04984
9.36958
5.01942
4.00033
0.471521
3.75696
3.75696
5.01942
4.82169
4.06117
4.24369
3.75696
9.26311
0.912622
0.912622
6.03852
5.96246
10.6168
1.9013
1.44498
8.45696
5.29321
5.278
0.927832
13.4003
4.989
4.97379
9.05017
0.471521
4.989
3.04207
3.04207
4.21327
8.33528
5.00421
0.912622
0.912622
3.98512
0.471521
6.09936
5.64305
0.471521
5.01942
5.03463
0.471521
1.07994
0.562784
4.989
1.68835
0.517152
0.517152
0.471521
0.471521
2.15987
1.74919
1.70356
1.70356
1.70356
1.74919
3.5288
7.84855
7.84855
7.08803
7.51392
6.96635
4.12201
4.12201
4.35016
3.6657
3.6657
8.03107
11.5295
6.96635
8.16797
8.42654
2.03819
2.03819
6.55567
6.25146
6.25146
6.64693
6.22104
2.23592
2.15987
2.31198
5.21715
1.74919
5.96246
1.74919
6.05373
9.65858
1.74919
1.74919
5.26279
5.04984
1.74919
1.70356
1.70356
1.70356
6.22104
6.20583
8.41133
7.42266
7.42266
3.87864
4.60874
4.33495
7.39224
3.87864
7.39224
6.11457
6.57088
2.60097
7.84855
6.14499
3.05728
2.60097
10.1453
6.81424
2.60097
2.60097
2.60097
0.927832
0.927832
0.927832
0.927832
0.927832
0.927832
0.927832
3.65049
0.471521
0.471521
0.471521
0.471521
4.00033
0.471521
0.471521
4.47185
8.53302
5.26279
5.26279
10.9058
5.99288
2.70744
3.16376
3.07249
6.00809
2.70744
2.70744
6.22104
6.00809
6.37314
3.07249
2.70744
3.07249
3.07249
3.07249
7.24013
7.24013
2.60097
5.90162
2.60097
2.60097
2.60097
2.60097
2.60097
2.60097
2.60097
2.6466
2.60097
3.0877
3.05728
2.60097
2.60097
4.66958
7.24013
7.22492
7.3314
7.3314
7.86376
4.15243
10.0541
4.15243
2.60097
2.60097
2.60097
2.60097
6.64693
6.55567
7.7725
3.98512
7.24013
7.24013
3.95469
3.95469
8.50259
4.38059
4.44143
3.02686
3.02686
3.02686
3.02686
0.471521
3.75696
0.471521
0.471521
0.471521
0.471521
5.03463
0.471521
0.927832
4.44143
4.45664
0.471521
0.471521
1.9013
4.97379
1.44498
1.73398
1.44498
1.44498
0.471521
0.471521
0.471521
4.00033
4.00033
4.00033
10.9058
10.6625
12.868
8.51781
0.471521
3.55923
5.06505
5.01942
9.65858
5.1411
7.90939
7.60518
10.0388
2.90518
2.90518
2.90518
7.43787
7.43787
7.42266
6.41877
5.8712
5.90162
2.40324
2.79871
2.81392
6.34272
5.88641
7.16408
5.93204
2.41845
2.35761
3.33107
5.79515
8.66991
13.5524
7.97023
2.35761
6.84466
6.76861
2.40324
10.0084
6.09936
10.4191
7.3314
7.30098
7.24013
0.471521
9.33916
0.958253
4.95858
6.93593
9.35437
17.4615
4.01554
8.56344
8.56344
0.471521
2.69223
4.82169
4.13722
4.13722
4.8369
8.35049
8.18318
3.8178
5.68868
2.38803
5.85599
5.68868
5.68868
5.62784
5.85599
5.93204
6.93593
5.00421
5.97767
10.3278
6.47962
2.31198
4.8369
0.958253
4.989
4.989
4.989
0.471521
0.471521
5.15631
5.15631
9.11101
5.64305
10.0997
14.4955
4.7
9.41522
13.7654
9.23269
4.68479
8.57865
8.57865
0.471521
0.958253
5.278
0.912622
0.927832
4.44143
4.44143
7.01198
1.44498
9.79548
10.3126
9.35437
8.0767
0.471521
0.471521
0.471521
3.77217
0.760518
9.27832
8.82201
7.58997
7.43787
0.471521
4.41101
4.41101
17.4463
12.4573
8.91327
6.87509
2.38803
6.87509
0.501942
3.58965
5.41489
8.10712
8.10712
0.501942
0.501942
8.62428
8.54822
5.03463
0.775729
16.3207
15.6819
16.0317
0.501942
9.84111
8.10712
8.77638
8.41133
2.9356
7.37703
7.4835
14.2369
3.04207
7.02719
11.5751
12.8832
6.25146
1.77961
1.3233
1.27767
1.27767
5.96246
5.96246
5.96246
5.96246
1.27767
4.36537
1.27767
1.27767
5.70389
1.1712
4.76084
7.9246
5.85599
1.1712
1.62751
9.49127
4.68479
5.23237
4.71521
13.5524
17.9482
9.3848
3.20939
3.23981
2.92039
2.92039
1.14078
1.14078
6.37314
6.40356
2.85955
7.34661
2.85955
2.85955
7.37703
7.37703
2.85955
3.14855
5.82557
4.68479
5.11068
4.65437
5.65826
5.65826
1.14078
1.14078
3.02686
3.02686
7.30098
6.99677
6.99677
16.0926
3.02686
6.55567
4.38059
5.5822
3.02686
6.63172
11.0275
3.78738
6.38835
2.87476
6.38835
10.8754
15.6515
6.72298
5.26279
3.95469
8.76117
8.39612
5.64305
4.76084
5.30842
0.501942
0.501942
3.78738
3.80259
6.96635
0.501942
0.790939
9.05017
13.8871
13.3851
0.85178
3.46796
12.29
6.73819
3.11812
7.08803
3.95469
6.3123
1.73398
1.73398
3.01165
4.85211
5.29321
0.501942
1.7644
2.66181
2.66181
3.13334
3.11812
1.23204
4.06117
4.01554
0.501942
5.18673
11.4078
8.51781
4.989
9.03496
9.11101
9.01975
9.01975
4.62395
4.88253
4.82169
9.33916
5.96246
1.79482
6.47962
6.40356
2.23592
2.23592
5.74952
7.87897
10.8298
5.61262
5.64305
11.3621
10.4191
7.02719
2.44887
1.99256
2.06861
4.24369
8.76117
9.35437
11.9097
11.9097
11.9097
9.30874
8.39612
2.69223
2.69223
2.96602
3.42233
6.25146
6.51004
6.67735
3.13334
6.20583
6.20583
5.53657
5.76473
5.77994
5.77994
2.67702
6.63172
5.81036
7.62039
7.72687
7.74208
3.3767
3.3767
7.78771
3.3767
3.43754
7.93981
7.90939
7.87897
7.16408
7.16408
2.67702
7.16408
7.0424
10.556
5.96246
2.11424
4.89774
9.58253
5.26279
4.85211
9.14143
1.35372
1.35372
0.958253
0.866991
0.866991
4.3958
12.5181
5.47573
4.15243
0.866991
4.38059
4.3958
4.3958
0.866991
1.30809
13.2026
4.989
8.83722
8.83722
8.92848
0.806149
0.82136
0.82136
4.56311
7.84855
8.28965
4.989
4.989
5.15631
5.15631
4.8369
9.41522
9.41522
0.866991
0.866991
0.866991
4.38059
4.15243
5.24758
1.84045
1.84045
1.84045
10.9058
14.2825
20.8534
13.6741
1.84045
9.74984
11.21
5.18673
5.18673
4.66958
8.91327
12.4421
12.6094
7.1945
5.49094
5.49094
5.35405
4.65437
6.66214
2.87476
2.87476
2.87476
3.33107
2.87476
2.41845
2.41845
2.76829
2.41845
2.4945
2.4945
7.42266
2.4945
6.92072
2.73787
6.23625
2.4945
9.21748
0.973463
2.12945
4.1068
7.7725
10.556
6.03852
8.09191
13.157
5.41489
0.973463
14.0392
10.7385
0.973463
0.973463
4.57832
12.3356
10.4191
5.32363
6.43398
12.6398
6.69256
7.57476
7.57476
2.84434
7.28577
6.70777
2.84434
2.84434
2.84434
5.67347
10.4952
13.5676
10.9363
6.81424
4.95858
4.44143
4.44143
4.73042
4.73042
4.53269
10.6016
10.6168
6.93593
6.93593
6.93593
4.21327
4.28932
3.02686
0.471521
0.471521
0.471521
0.471521
0.471521
0.471521
0.562784
0.562784
3.55923
6.28188
10.632
9.79548
9.62816
3.02686
3.02686
0.471521
0.471521
0.471521
4.07638
9.91716
6.63172
0.471521
0.927832
0.973463
1.07994
5.04984
0.471521
0.471521
0.471521
3.02686
3.02686
3.04207
6.63172
4.06117
6.41877
6.63172
6.41877
6.63172
3.10291
3.51359
3.48317
7.01198
8.60907
6.57088
3.48317
3.48317
3.04207
2.7835
0.471521
0.958253
0.958253
0.958253
0.958253
0.958253
0.958253
0.471521
0.471521
4.51748
14.3738
13.9175
12.7159
9.20227
9.11101
6.54046
6.29709
6.06894
10.1909
11.1796
6.8903
9.978
6.8903
7.34661
6.8903
6.3123
7.34661
3.23981
7.05761
6.57088
6.6013
6.8903
6.8903
11.2557
6.8903
11.2557
6.57088
10.1149
12.944
12.5333
17.4919
20.9903
20.2754
25.2492
17.2333
14.8757
11.0123
15.0887
15.0887
6.32751
2.81392
6.92072
6.92072
7.37703
7.24013
7.25534
7.24013
7.24013
7.24013
7.22492
7.24013
7.49871
3.07249
3.04207
7.39224
3.04207
3.49838
4.22848
3.98512
6.34272
7.39224
3.07249
3.04207
3.49838
3.48317
3.48317
5.278
5.30842
0.988674
0.958253
0.988674
0.988674
0.501942
0.471521
0.471521
0.471521
0.471521
3.98512
3.02686
6.32751
3.77217
3.77217
3.77217
3.98512
3.98512
0.471521
0.471521
0.471521
0.471521
3.98512
0.471521
3.02686
3.02686
3.02686
0.471521
0.927832
0.927832
0.471521
0.471521
0.471521
0.471521
4.82169
4.82169
7.28577
3.98512
3.98512
3.77217
6.54046
3.02686
