3.04207
3.04207
6.08415
6.08415
6.08415
6.47962
6.47962
6.29709
6.29709
6.7534
6.7534
3.23981
0.927832
3.48317
3.49838
3.02686
3.48317
3.49838
3.49838
0.471521
0.471521
0.471521
0.471521
0.471521
0.471521
0.471521
0.471521
3.98512
8.33528
3.75696
3.75696
0.471521
0.471521
0.471521
0.471521
0.471521
3.98512
3.98512
0.471521
0.471521
0.471521
0.471521
0.471521
3.98512
0.471521
3.77217
0.471521
0.471521
0.471521
0.471521
0.471521
0.471521
0.471521
0.471521
0.471521
0.471521
0.471521
0.471521
0.471521
0.471521
0.471521
0.471521
0.471521
3.55923
3.55923
3.55923
3.55923
6.85987
7.07282
7.07282
3.98512
0.471521
0.471521
0.471521
0.471521
0.471521
4.82169
0.471521
8.33528
8.12234
3.77217
3.77217
3.77217
3.77217
0.471521
0.471521
0.471521
0.471521
0.471521
3.98512
3.98512
3.98512
0.471521
0.471521
0.471521
0.471521
0.471521
0.471521
4.82169
4.8369
4.82169
0.471521
0.471521
0.471521
0.471521
0.471521
0.471521
0.471521
0.471521
0.471521
0.471521
0.471521
0.471521
0.471521
0.471521
0.471521
0.471521
0.471521
0.471521
3.98512
3.98512
3.98512
3.98512
3.98512
3.98512
3.98512
0.471521
0.471521
0.471521
0.471521
0.471521
0.471521
0.471521
0.471521
0.471521
0.471521
0.471521
0.471521
0.471521
0.471521
0.471521
0.471521
0.471521
0.471521
0.471521
0.471521
0.471521
0.471521
0.471521
0.471521
0.471521
0.471521
0.471521
0.471521
0.471521
0.471521
0.471521
0.471521
0.471521
0.471521
0.471521
0.471521
0.471521
0.471521
0.471521
0.471521
0.471521
0.471521
0.471521
0.471521
5.15631
5.15631
5.15631
5.15631
5.15631
5.15631
5.15631
5.15631
5.15631
0.471521
0.471521
0.471521
0.471521
0.471521
0.471521
0.471521
0.471521
0.471521
0.471521
0.471521
0.471521
0.471521
0.471521
0.471521
0.471521
0.471521
0.471521
0.471521
0.471521
0.471521
0.471521
0.471521
0.471521
0.471521
0.471521
0.471521
0.471521
0.471521
3.74175
0.471521
0.471521
0.471521
0.471521
0.471521
0.471521
0.471521
4.82169
4.82169
0.471521
0.471521
0.471521
0.471521
0.471521
0.471521
0.471521
0.471521
0.471521
0.471521
0.471521
0.471521
0.471521
0.471521
0.471521
0.471521
0.471521
0.471521
0.471521
0.471521
0.471521
0.471521
0.471521
0.471521
0.471521
0.471521
0.471521
0.471521
0.471521
0.471521
0.471521
0.471521
0.471521
0.471521
0.471521
0.471521
0.471521
0.471521
0.471521
0.471521
0.471521
0.471521
0.471521
0.471521
0.471521
0.471521
0.471521
0.471521
0.471521
0.471521
3.74175
3.74175
3.74175
3.74175
0.471521
0.471521
0.471521
0.471521
0.471521
0.471521
0.471521
0.471521
4.06117
4.06117
4.06117
4.06117
4.06117
0.471521
0.471521
0.471521
0.471521
4.27411
4.27411
4.27411
4.27411
4.27411
0.471521
0.471521
0.471521
0.471521
0.471521
0.471521
0.471521
2.90518
2.90518
2.90518
2.90518
2.90518
2.90518
2.90518
3.10291
2.90518
0.471521
0.471521
0.471521
2.38803
5.65826
2.38803
2.38803
2.58576
2.38803
2.38803
2.38803
2.38803
2.38803
2.38803
2.38803
5.82557
5.82557
5.82557
5.82557
5.62784
6.90551
10.1757
5.65826
5.65826
5.65826
5.65826
2.38803
2.38803
2.38803
2.3424
2.3424
2.3424
6.72298
6.72298
5.62784
5.62784
5.62784
5.61262
2.3424
2.3424
2.3424
2.3424
2.3424
2.3424
2.3424
2.3424
2.3424
2.3424
2.3424
2.3424
2.3424
7.05761
6.93593
6.93593
6.93593
10.2214
10.2214
5.62784
10.0845
10.0997
10.3126
10.2366
10.2366
10.2366
10.2366
5.68868
10.5256
10.5256
10.5408
10.5408
14.4955
14.4955
11.0731
14.678
15.0278
13.1874
5.04984
5.04984
5.04984
0.471521
3.74175
3.75696
3.74175
3.74175
3.74175
3.74175
5.03463
5.03463
5.03463
5.12589
5.12589
0.471521
0.669256
3.93948
3.93948
3.95469
3.95469
6.90551
8.10712
0.669256
5.24758
12.1379
12.1379
11.9401
16.1382
8.44175
11.7424
8.10712
3.74175
3.93948
3.93948
8.28965
8.24402
3.71133
7.24013
7.01198
7.71166
11.8793
11.8945
7.05761
3.74175
3.74175
5.91683
9.43043
14.1304
15.5602
11.9553
8.86764
8.86764
8.88285
8.66991
15.256
15.256
15.256
15.2256
10.8298
10.8298
15.2408
10.8146
8.51781
8.51781
0.669256
0.471521
4.21327
3.75696
0.669256
0.669256
0.669256
0.669256
0.669256
0.471521
0.471521
0.471521
0.471521
0.471521
0.471521
0.471521
0.471521
4.06117
16.6858
9.78026
5.01942
5.47573
0.654046
5.33884
5.33884
5.35405
5.35405
5.35405
5.35405
5.15631
0.669256
0.471521
0.471521
0.471521
0.471521
5.15631
5.04984
5.21715
5.04984
13.3851
4.18285
0.669256
0.669256
0.669256
0.669256
0.471521
0.471521
0.562784
5.06505
14.3434
19.1803
9.88674
14.5107
13.8414
7.01198
10.2974
5.62784
5.85599
6.3123
9.91716
8.04628
9.58253
9.78026
5.61262
5.65826
0.927832
5.04984
0.562784
0.958253
9.35437
8.88285
5.35405
7.66602
7.74208
7.1945
10.9515
10.9819
10.9819
7.02719
7.31619
3.84822
3.75696
7.31619
4.06117
5.21715
1.74919
5.04984
5.04984
9.41522
9.33916
1.74919
1.70356
1.74919
11.2709
14.9214
10.3278
4.47185
3.75696
0.471521
0.471521
1.82524
1.85566
2.3424
2.06861
9.36958
13.446
9.23269
9.23269
9.20227
5.15631
17.3246
9.71942
16.0469
17.0204
15.1799
7.30098
3.07249
3.0877
7.05761
7.08803
19.0282
20.4427
12.7007
20.1537
17.355
13.735
13.7197
9.05017
13.735
17.0356
14.7084
16.8379
21.3554
25.0058
13.0505
13.0353
11.5903
7.84855
11.5903
8.01586
3.84822
7.0424
11.6816
8.62428
9.74984
9.00454
18.2068
17.0964
15.8644
15.3168
18.511
13.2786
13.8719
14.8909
12.1531
18.8
22.9068
22.055
19.9256
15.8948
12.6094
8.06149
11.7728
13.9631
12.2291
17.7353
24.5039
24.4583
26.2075
21.5075
19.956
21.9638
31.5767
16.5489
15.5906
11.4838
12.3356
17.0204
17.0204
17.2181
10.1757
3.33107
19.089
17.1117
14.5563
9.85632
11.0579
11.5447
11.5447
6.87509
5.04984
12.8223
6.73819
8.01586
15.3168
11.3013
19.0434
21.6139
21.9181
21.9181
19.4997
19.4997
21.5531
9.76506
14.1608
18.6023
10.9819
10.7081
24.0324
21.2945
21.3401
17.7809
15.256
12.4725
20.2754
21.5683
9.01975
8.60907
7.24013
10.1149
9.14143
9.14143
5.5822
13.5829
19.6366
14.0087
15.545
16.9443
18.3285
18.3589
17.1269
19.0434
20.1994
19.4845
14.7541
15.7579
16.8987
12.6702
11.3013
13.9175
16.7466
13.6133
5.06505
5.97767
4.89774
1.84045
6.47962
5.99288
9.87153
9.33916
6.05373
8.00065
16.1382
20.1842
26.1162
17.4159
17.3854
21.8269
13.3851
13.8719
21.188
9.84111
14.2977
19.2411
15.332
12.6094
18.4958
5.79515
5.79515
12.2748
17.0052
12.7007
15.9557
7.25534
11.8945
13.3243
19.302
17.279
15.1495
17.4007
16.3055
16.5945
16.5945
14.4955
11.0731
11.1492
11.0579
4.989
12.4269
12.5333
13.9327
12.9592
8.30486
14.678
18.6935
14.0087
6.49483
17.2181
17.2942
13.6741
7.60518
12.4269
16.9443
19.6214
14.8757
14.7845
7.17929
7.07282
8.33528
10.0845
14.2521
12.7159
16.3968
16.4424
15.8948
15.9253
8.50259
11.788
10.1149
9.73463
4.56311
4.56311
14.389
15.9861
15.834
15.3625
15.2864
23.8651
12.2443
12.4573
16.8835
6.41877
9.0958
9.5369
7.10324
7.10324
7.02719
6.99677
5.67347
13.5676
19.4845
16.1078
20.6557
14.4955
11.423
1.49062
5.96246
2.81392
11.134
11.2252
10.8754
1.96214
1.96214
5.06505
12.2291
12.4725
16.3511
8.39612
13.9023
9.70421
12.077
12.077
1.84045
5.94725
14.9974
19.8647
20.9447
22.3592
13.7958
18.4806
4.57832
7.75729
4.57832
0.83657
9.36958
5.33884
5.33884
15.4081
15.4233
15.4537
20.321
13.0657
8.42654
4.51748
4.56311
10.7537
12.4573
11.6207
16.0621
7.3314
7.3314
8.73075
10.2062
4.57832
12.2443
11.4534
11.8793
11.1796
13.4003
10.8906
12.5638
13.5524
10.2214
5.00421
9.978
9.978
11.0427
7.02719
4.63916
9.27832
9.35437
10.6625
10.6016
14.8757
13.8719
14.3282
9.61295
6.25146
6.84466
16.6553
15.1647
11.4838
17.3854
17.3398
11.4838
14.7693
5.33884
6.0233
12.001
15.4994
20.1842
16.9139
12.2139
12.2291
1.81003
6.12978
23.6065
10.6016
11.9249
11.8032
15.2104
10.9667
9.62816
17.0964
11.21
9.84111
19.6214
11.3165
17.0508
16.0469
15.5146
10.8146
8.18318
11.499
11.4686
6.82945
5.49094
8.83722
8.95891
7.24013
17.0964
10.2974
9.58253
9.70421
9.30874
10.0084
18.7544
17.5223
9.689
6.41877
9.689
16.0317
18.5871
16.3207
18.511
18.3893
22.9829
15.3168
12.077
12.3356
12.3964
16.1534
3.36149
15.256
15.2864
15.2104
10.5104
9.20227
10.6929
9.18706
6.49483
18.0243
22.3744
13.5981
11.0579
10.6929
10.9515
8.77638
7.20971
6.93593
6.98156
10.0693
10.0693
9.05017
7.20971
5.82557
9.50648
9.03496
6.46441
8.79159
1.85566
5.79515
1.82524
2.26634
2.26634
6.26667
6.55567
22.3897
15.3168
5.06505
8.33528
8.33528
4.76084
7.74208
12.2443
12.3052
6.26667
0.501942
6.17541
9.27832
20.2298
21.3858
20.8382
16.3816
18.435
7.84855
12.1531
15.9709
12.1379
12.0466
15.621
14.8301
13.6133
6.37314
10.6473
10.8906
6.92072
6.92072
10.1909
15.4537
21.7204
14.8453
10.1909
9.14143
11.3317
15.834
18.2372
15.4385
13.1722
10.2974
13.4612
7.05761
5.44531
3.55923
4.91295
4.5479
12.2139
15.332
7.84855
0.471521
2.35761
3.33107
6.66214
7.87897
11.4534
9.01975
12.6398
6.25146
6.70777
14.5259
10.1149
3.6657
2.23592
7.36182
7.42266
7.43787
7.37703
4.12201
2.25113
4.1068
8.74596
15.7275
7.46829
7.40745
7.01198
6.87509
7.27056
7.22492
5.90162
0.562784
0.471521
0.912622
0.471521
4.44143
3.98512
0.927832
0.927832
5.03463
5.03463
0.471521
0.471521
0.471521
0.471521
3.98512
4.00033
0.471521
0.471521
4.07638
7.60518
0.471521
0.471521
0.471521
0.471521
2.26634
0.927832
0.471521
5.03463
1.84045
5.15631
0.927832
4.04596
12.5638
4.56311
4.50227
4.03075
0.471521
5.15631
9.17185
9.18706
4.24369
3.78738
5.08026
5.03463
5.01942
0.471521
0.517152
0.517152
0.471521
5.06505
1.50583
0.517152
5.00421
5.00421
7.16408
2.54013
5.53657
5.56699
5.53657
2.23592
10.4191
6.87509
6.8903
5.52136
5.52136
5.52136
10.2518
2.02298
2.02298
2.6466
0.958253
5.00421
4.989
8.0767
8.57865
0.562784
1.44498
4.989
5.44531
0.562784
0.973463
4.77605
9.30874
10.1453
1.49062
1.49062
1.49062
1.44498
1.44498
1.49062
4.53269
4.56311
4.56311
2.23592
2.14466
2.38803
2.38803
6.81424
5.21715
6.11457
6.03852
4.18285
6.22104
1.6123
5.97767
5.49094
9.00454
8.63949
13.3243
19.5605
16.2142
5.7191
5.99288
5.38447
4.50227
4.21327
1.0343
4.15243
1.3233
4.59353
0.577994
0.577994
5.1411
5.17152
5.32363
8.28965
8.86764
8.71554
0.517152
4.989
9.70421
4.50227
5.4301
10.6929
10.4799
12.3204
12.3964
14.1913
6.44919
13.8719
11.5599
15.2408
11.6968
7.34661
2.85955
2.85955
2.85955
6.64693
11.2557
13.3243
17.8265
24.656
27.1353
24.8385
19.7735
19.7431
16.123
15.7884
13.0049
10.845
13.6133
18.435
13.5829
13.5829
13.9327
11.6359
15.1647
7.34661
3.6657
3.6657
2.46408
2.52492
7.10324
7.17929
10.556
7.01198
7.01198
6.43398
8.62428
16.7618
14.1913
12.3964
9.85632
4.57832
9.76506
11.2405
15.4081
19.1042
16.9443
9.85632
6.37314
1.91651
4.09159
10.2822
10.2822
11.5903
11.7272
8.15276
8.13754
7.9246
11.5295
15.545
15.545
10.4343
6.98156
6.98156
6.96635
5.59741
3.65049
6.19062
10.3887
10.6777
11.0427
20.3515
20.9751
22.1463
15.1039
17.2486
14.0848
10.343
12.3356
10.6929
14.4803
12.0466
11.9858
12.0466
6.41877
7.14887
11.8641
11.4078
11.6664
11.6359
8.56344
5.96246
5.06505
12.8223
13.3395
12.8071
9.978
13.2939
1.84045
7.10324
1.87088
9.87153
12.0162
8.68512
9.91716
13.5981
13.3243
13.8414
8.79159
5.56699
7.31619
11.5903
5.17152
5.35405
6.23625
15.0583
14.7388
17.4615
20.4427
6.37314
17.2333
12.5486
10.8298
20.2298
12.5942
15.9861
9.43043
16.3207
17.5984
21.0359
21.401
21.3401
16.488
17.857
17.4159
17.9482
24.1693
24.2301
15.5754
14.0392
8.04628
7.36182
13.1722
11.21
13.522
21.5987
25.0058
28.4282
23.8194
19.4541
29.1735
30.6337
35.1359
37.9042
35.7596
30.9987
21.4618
23.5913
25.888
27.5003
18.5566
22.7243
25.3405
24.002
22.1007
18.5871
35.212
31.744
30.0861
24.9602
22.3288
13.8566
18.1155
18.0547
22.3897
19.4541
18.3893
11.6207
7.68123
10.4647
12.9592
17.4615
21.0359
16.199
16.3968
14.2369
20.4579
28.6411
25.3861
26.6181
29.3864
24.1388
24.6256
33.5845
32.322
33.7366
33.7974
33.4932
25.6447
27.0136
26.9984
29.3408
24.8842
25.8424
23.7282
27.1657
21.2185
23.0437
26.4356
32.0939
31.2269
28.4434
21.6444
22.7699
26.755
30.512
40.7942
40.0641
39.0906
34.7405
30.801
35.8052
31.3942
33.0673
33.9495
28.2913
14.1456
24.4887
26.6942
28.9605
29.5842
30.4359
24.4735
28.4586
31.8809
28.6107
24.8081
19.302
23.211
21.0968
17.933
24.5647
21.112
31.8353
35.0599
26.2531
29.5994
35.0751
34.1168
34.1016
29.7971
17.3398
20.7469
26.466
26.5725
23.6825
28.4434
31.668
31.3334
27.4851
27.4851
26.9376
33.8126
33.8583
26.8767
27.1961
27.1961
29.4321
23.0437
32.1091
25.0058
25.4469
25.0667
25.2188
21.8421
30.1469
22.4353
22.1767
25.2948
29.28
21.2337
21.477
22.1159
20.1842
20.6861
21.6444
11.5751
12.5333
16.0165
23.135
30.9227
27.1353
30.9683
30.7554
34.7861
31.3638
29.6298
27.1961
26.3596
24.4735
29.1431
32.6719
28.9453
32.8544
32.4437
22.2071
22.5874
21.9333
27.5308
20.3667
18.2068
28.3217
24.4126
24.7929
36.4136
32.4893
28.7932
23.7586
19.3628
24.0324
24.0172
23.8346
27.6981
34.7405
35.2576
31.8201
31.7136
23.135
23.1958
29.8732
30.5728
30.3903
38.1324
36.2007
27.1049
28.2456
29.1431
28.9453
26.8463
27.6677
27.333
31.8505
23.9107
24.1084
28.2456
31.7745
30.6489
39.0906
39.1971
39.5926
36.8699
17.5984
17.2333
20.321
20.3515
20.3363
20.1537
15.545
9.12622
7.40745
15.7275
21.2337
17.4463
13.811
9.87153
4.76084
9.32395
10.632
15.3473
13.0353
14.4346
12.4421
7.6356
9.03496
10.5104
10.5104
7.40745
5.12589
1.91651
15.5146
22.3897
22.6939
22.7547
22.6178
18.0699
15.8188
15.8796
8.68512
13.3547
11.8945
15.1495
7.3314
5.46052
9.96279
6.35793
5.06505
0.471521
8.28965
17.7201
17.5375
14.1
18.6023
12.7007
18.8913
16.6097
17.5223
24.4278
28.3217
24.9298
23.6825
27.835
30.4664
24.5343
16.5489
7.93981
22.6634
20.9903
20.6405
23.2871
23.2871
22.0094
22.1919
23.6065
18.4806
17.2181
35.8965
30.0861
33.0369
33.0369
29.6298
29.645
22.7395
16.0317
13.1722
18.4198
21.2641
20.1537
17.2486
21.3858
21.3249
13.5981
9.20227
10.2214
14.4498
18.6479
20.4579
24.0628
27.6068
5.30842
5.08026
5.08026
4.95858
1.26246
8.42654
4.53269
8.47217
4.12201
6.64693
0.471521
3.98512
0.471521
3.75696
0.471521
0.912622
0.471521
2.23592
9.81069
2.47929
6.70777
9.79548
6.98156
11.3469
6.55567
2.23592
2.23592
2.23592
7.3314
7.3314
9.71942
3.04207
3.04207
11.1644
11.1492
7.57476
3.04207
7.55955
7.65081
7.3314
5.8712
2.7835
2.7835
9.978
2.7835
2.7835
2.7835
7.55955
2.7835
2.7835
2.7835
7.31619
7.30098
7.7725
3.2246
7.34661
7.30098
6.90551
9.01975
16.4728
17.3398
9.08059
9.5369
9.43043
13.6437
17.3398
13.6437
9.08059
9.06538
13.6285
13.6285
9.06538
9.0958
12.5942
9.0958
12.6246
16.6097
9.55211
12.4573
12.4877
10.0997
15.5146
17.857
15.3473
18.1308
14.7236
11.8337
14.3434
9.06538
10.1149
10.1757
6.08415
2.7835
2.7835
6.8903
11.2557
6.6013
7.36182
7.36182
11.2709
6.90551
6.90551
10.1909
6.90551
6.90551
6.55567
7.22492
14.602
14.5259
9.3848
9.3848
12.6854
12.6854
3.04207
6.12978
6.58609
6.58609
3.49838
3.49838
6.55567
