+12.683911408931999532 
+12.553091522239080646 
+12.423211046546351000 
+12.294265850301302478 
+12.168855063407033157 
+12.041749195660145233 
+11.918132320549567282 
+11.790302467578340995 
+11.665953439378267120 
+11.540005514937073272 
+11.417492484592489888 
+11.295882063715236399 
+11.172716037075421269 
+11.052916951515172173 
+10.934008316806485439 
+10.813586714477004591 
+10.696464946696567111 
+10.580221567073506250 
+10.464852602954961114 
+10.348026423566540899 
+10.234412056974049321 
+10.121660170335331941 
+10.009766832990989016 
+9.896470899850518421 
+9.786300231737302013 
+9.676976303899088805 
+9.568495227467291642 
+9.458665054831902452 
+9.351875058797491036 
+9.245916231069408298 
+9.140784724367245317 
+9.034356514101927971 
+8.930884836778506752 
+8.826142371321697766 
+8.724314945571133961 
+8.621242372437635026 
+8.521043705142773206 
+8.421645485155275779 
+8.323043947971662249 
+8.225235339300173365 
+8.126244117844333203 
+8.028070654044082488 
+7.934589802851044205 
+7.839931408331213269 
+7.747955536654545838 
+7.656719148672536335 
+7.564341159617828936 
+7.472726505718176426 
+7.380025224833266506 
+7.291772560845262596 
+7.202425973806610315 
+7.115628788634787760 
+7.027760894324006635 
+6.942405280000573775 
+6.854246245363619039 
+6.766851876370597374 
+6.681943604591519481 
+6.596052053227675849 
+6.510913855213430246 
+6.428205686860128942 
+6.344548003156755378 
+6.261632456411260428 
+6.182728259921928426 
+6.102878714471464683 
+6.025339635212549894 
+5.948471113947797484 
+5.870689422894369791 
+5.795166002926889881 
+5.717198287393264522 
+5.641481925570562161 
+5.566447105829890774 
+5.490579946773873843 
+5.416911652053506998 
+5.342431785025877566 
+5.270116077755673700 
+5.198464701376570574 
+5.126032345023980419 
+5.055712870279271520 
+4.986047532415109451 
+4.915631268256326791 
+4.848665854989181234 
+4.780942833487598520 
+4.715223227274449869 
+4.648765458708718157 
+4.584278926612578076 
+4.519073450194765584 
+4.455807332541517951 
+4.391841262176610527 
+4.328496408307593413 
+4.264495782049340988 
+4.202396102933750655 
+4.140907823913225982 
+4.080027714171555075 
+4.018528723463919761 
+3.958867544912827441 
+3.899804835095460831 
+3.841337401451923483 
+3.783462060906369828 
+3.725012639039377405 
+3.668323894646723815 
+3.612217686620150303 
+3.555563680353319711 
+3.500624846998043438 
+3.446259079338883424 
+3.392463260720612439 
+3.339234283871242326 
+3.285500098428464355 
+3.233406930623280218 
+3.181871276201615473 
+3.130890065489440488 
+3.079436777756292543 
+3.029566441461719606 
+2.979240354714539407 
+2.929478756249020321 
+2.880278434472515414 
+2.833571202718836446 
+2.786418476913874898 
+2.740741993778058827 
+2.694635631312728208 
+2.649053405048533705 
+2.604906770950458750 
+2.560353377661362728 
+2.516315305805402858 
+2.472789615238692562 
+2.429773374961875732 
+2.387263663107578537 
+2.346109819305054245 
+2.305436515600709058 
+2.264408686405637638 
+2.224698176968166408 
+2.184647554596992336 
+2.145888795707794117 
+2.106804141496446903 
+2.068986158219976446 
+2.031629675321850570 
+1.993968189619314657 
+1.957536204352768650 
+1.920812953353500774 
+1.885294661563847285 
+1.850224531703309694 
+1.814883316478645980 
+1.780710856527422337 
+1.746280576002922302 
+1.711617717448351783 
+1.678105995739230138 
+1.645044766457747443 
+1.612431294984233432 
+1.579610971546177467 
+1.548536731262259991 
+1.517884337947933204 
+1.487025838928779820 
+1.457218191444953348 
+1.427216773683516848 
+1.398243576617980821 
+1.369088764284393633 
+1.340939788927522969 
+1.312621174187864170 
+1.285286258344012111 
+1.257793501167791206 
+1.231262548966686410 
+1.204045203095226668 
+1.177784445625835730 
+1.151929152613520912 
+1.125961477204269201 
+1.100917504515230405 
+1.075772347208189927 
+1.051529207405055288 
+1.028161422104030720 
+1.005167902340520669 
+0.982078918681338564 
+0.959834462410544376 
+0.937505205950932563 
+0.916000147505881657 
+0.893984303262302049 
+0.872358966951182424 
+0.851121499612155219 
+0.830682557678922961 
+0.810205321482683871 
+0.790108144726952233 
+0.769997862872306982 
+0.750277535518710792 
+0.731319796974206682 
+0.712363649989374181 
+0.693789314534670964 
+0.675594078052339952 
+0.658813033899269485 
+0.642363161078145950 
+0.625909850841280146 
+0.610122398121063725 
+0.594340668504075964 
+0.578894677410350056 
+0.563782077455991626 
+0.548702295970709741 
+0.534256153687417523 
+0.519851585623420931 
+0.506062420950714298 
+0.492323427511976774 
+0.479181828418090205 
+0.466357280358799642 
+0.453595462392039295 
+0.441404535813106236 
+0.429523796029021909 
+0.417950986852908102 
+0.406910760846093567 
+0.395940906556207395 
+0.385487038511888258 
+0.375111392649895237 
+0.365235345448862603 
+0.355248479150404251 
+0.345566126122525574 
+0.336370614850039829 
+0.327642058844531903 
+0.319187856107049583 
+0.310838394246824024 
+0.302932402118766930 
+0.295138348092768510 
+0.287621663159931984 
+0.280525259064415167 
+0.273551360383258668 
+0.266982588381344144 
+0.260543167774065054 
+0.254247395438278900 
+0.248344970088920647 
+0.242705172308106398 
+0.237325921592526967 
+0.232103316508268875 
+0.227244161324751559 
+0.222639317026233741 
+0.218373054828438384 
+0.214265607225870625 
+0.210406388695014712 
+0.206864660938997247 
+0.203490868246490209 
+0.200359292096653263 
+0.197467930056536289 
+0.194814787447365134 
+0.192397877331986322 
+0.190173101769437025 
+0.188227446705106161 
+0.186512069650429879 
+0.185025014666269527 
+0.183764333492199228 
+0.182747002816379123 
+0.181928733582257252 
+0.181331078539235691 
+0.180957680270859456 
+0.180791102583276242 
+0.180839447196055048 
+0.181100818938988439 
+0.181573330220777152 
+0.182271180441489378 
+0.183164551224782812 
+0.184263406139745456 
+0.185565887938855312 
+0.187102934091480932 
+0.188811189142889191 
+0.190758460932094920 
+0.192865000358590777 
+0.195214887539366444 
+0.197712284085897139 
+0.200343652033380337 
+0.203216865058850615 
+0.206277253548616812 
+0.209523035152527015 
+0.212952434910528510 
+0.216639265358310240 
+0.220434263078939097 
+0.224407562592322307 
+0.228470974233127677 
+0.232792098136000547 
+0.237192906473127962 
+0.241855071797811405 
+0.246586660037984018 
+0.251583140417585227 
+0.256638947118890570 
+0.261963072594776136 
+0.267450191660518755 
+0.273098623844122201 
+0.279026878498727982 
+0.284996131009036091 
+0.291121664683441139 
+0.297401827982396227 
+0.303967846716693302 
+0.310555415031284809 
+0.317292668098408726 
+0.324177983108308254 
+0.331209744365731140 
+0.338534301334368237 
+0.345857042957511851 
+0.353321393838463393 
+0.360925766758715127 
+0.368668581551338193 
+0.376386097444594725 
+0.384233480356753532 
+0.392376781601866398 
+0.400482136842640557 
+0.408885749936692022 
+0.417243144794648302 
+0.426079051208557047 
+0.434865683172546369 
+0.443960092973288312 
+0.452996967727974820 
+0.461967312823521326 
+0.471052921954505877 
+0.480445250837265192 
+0.489759520453745267 
+0.499579953288199263 
+0.509319380793231247 
+0.519171573183351498 
+0.529339560093113448 
+0.539415148246417786 
+0.549599124533509453 
+0.560101176116283739 
+0.570713072615950168 
+0.581433303556561754 
+0.592260365781328346 
+0.603192763438702428 
+0.614229007968560836 
+0.625367618088267463 
+0.636381350506685095 
+0.647490598587316057 
+0.658693988425062216 
+0.670221643189405469 
+0.681611072931056938 
+0.693090535073100256 
+0.704658682417861115 
+0.716075442923861161 
+0.727815203486466444 
+0.739639674301722394 
+0.751303691990552025 
+0.763291965087411484 
+0.775361031851815596 
+0.787509590836757312 
+0.799736347119472057 
+0.811788156779062575 
+0.824165918286595911 
+0.836618057307997987 
+0.848886965024311380 
+0.861998220819794270 
+0.874926610526195248 
+0.887927146266481060 
+0.901260647999469811 
+0.914402897694280625 
+0.927613326250574133 
+0.940624440771046011 
+0.953698569185824852 
+0.966834501024518289 
+0.980300971695491796 
+0.993829267809022809 
+1.007418123658217368 
+1.021066280376262014 
+1.034772485922546892 
+1.048535495068799506 
+1.062077161337670717 
+1.075393092920137406 
+1.089036986732624612 
+1.102450852224096778 
+1.116192479008248029 
+1.129981782676225066 
+1.144100475925055704 
+1.157982669678734311 
+1.171909150851631054 
+1.185878809651647714 
+1.199890542431985452 
+1.213943251678637480 
+1.228323857639072259 
+1.242167240103473347 
+1.256336354804673761 
+1.270251844205111169 
+1.284492471336992736 
+1.298475971268839402 
+1.312783952581682456 
+1.326831412627639040 
+1.341202636720831620 
+1.355310052262257869 
+1.369740454391788376 
+1.384199220053618617 
+1.398389428306041182 
+1.412901341474455563 
+1.427141672868103228 
+1.442000197060881561 
+1.456585142000978550 
+1.471490777302342678 
+1.486119876837184606 
+1.500769350708571537 
+1.515737786871241610 
+1.530425465197101431 
+1.545430879418791648 
+1.560152842284326269 
+1.574890338837493076 
+1.589943634736444622 
+1.604709645302095922 
+1.619488359887226281 
+1.634580816247465762 
+1.649382381008896559 
+1.664496245084135850 
+1.679316930581464362 
+1.694145714661308588 
+1.709284544948435070 
+1.723823998890321008 
+1.738368660201452087 
+1.753220848005508259 
+1.767773514888988373 
+1.782328907976289400 
+1.797189508200911945 
+1.812051247279029553 
+1.826913273723487663 
+1.842078025187234402 
+1.856938057008893139 
+1.871795838272724666 
+1.886953659232061042 
+1.901804369514609405 
+1.916650342004734497 
+1.931490764336279753 
+1.946324829649041632 
+1.961454246387523526 
+1.976273028462239623 
+1.991083049773481051 
+2.006185471127999165 
+2.020975403010933036 
+2.035452727821185803 
+2.049918664502630605 
+2.064673483269169552 
+2.079114221788969985 
+2.093841837701058139 
+2.108254489169480550 
+2.122652185950350656 
+2.137333690248784279 
+2.151998157193183658 
+2.166943582975918048 
+2.181869747110239288 
+2.196775889560139916 
+2.211661256014568977 
+2.226228036791836118 
+2.240773446061913532 
+2.255592949976993111 
+2.270093067877215987 
+2.284569733974981531 
+2.299316963738919029 
+2.313744183463313675 
+2.328145918570090345 
+2.342521506435534917 
+2.357162838216709133 
+2.371191615705711797 
+2.385484837583451423 
+2.399458492948241428 
+2.413694191199368788 
+2.427899887109294497 
+2.442074953766256940 
+2.456218769325076323 
+2.470618379809295106 
+2.484697178655823180 
+2.498742878813143165 
+2.512754878679364978 
+2.526732581656229826 
+2.540391201519684117 
+2.554299270688236589 
+2.567888556468085781 
+2.581442711217862396 
+2.595242449237833426 
+2.609004449716737284 
+2.623007823248730830 
+2.636691868106238346 
+2.650336492226376350 
+2.664218374223430885 
+2.677781687018804035 
+2.691303940389110139 
+2.704509905249699031 
+2.717675461858819475 
+2.731346084192402657 
+2.744699706180851351 
+2.758009663384216381 
+2.771545713714168357 
+2.785035233449308478 
+2.798477692191537969 
+2.812139973171273510 
+2.825485771879005625 
+2.838782938931753819 
+2.851501993348774633 
+2.864438850265662140 
+2.877065024696582540 
+2.889906149228208321 
+2.902437655137942940 
+2.915181239531317914 
+2.928133405801213840 
+2.941033088449922062 
+2.953623404436042321 
+2.966417786422711700 
+2.979158297546504741 
+2.991844482154158769 
+3.004475889526201371 
+3.017052073863096595 
+3.029572594271357389 
+3.041788278915973365 
+3.053949679357161884 
+3.066302897886901135 
+3.078353402179960341 
+3.090348423734409877 
+3.102044479566208324 
+3.113928528369754645 
+3.125515144374023890 
+3.137047070474242361 
+3.149000962651502533 
+3.160657461720473904 
+3.172255870487573404 
+3.183795831716855318 
+3.195276992521826287 
+3.206931488335319713 
+3.218061522984573486 
+3.229364208503561429 
+3.240377889806618228 
+3.251561144522801428 
+3.262457200397529178 
+3.273294589367827356 
+3.284296933105716576 
+3.295237513217418979 
+3.306337381203803716 
+3.317152231033730914 
+3.327904392723091576 
+3.338811057169165153 
+3.349435659344555560 
+3.359996687061984844 
+3.370707416254193234 
+3.381139132049833407 
+3.391506424921589158 
+3.402018603806496344 
+3.412254908475093274 
+3.422219060177507544 
+3.432325975980910826 
+3.442162883573523402 
+3.452139406075454886 
+3.461848101003894840 
+3.471693257127245857 
+3.481471692884001712 
+3.490985649296295179 
+3.500631312740928536 
+3.510014764152998623 
+3.519526759922566583 
+3.528778844296954986 
+3.538156307712858606 
+3.547276192975827414 
+3.556518289851219095 
+3.565691698185954550 
+3.574611100151484422 
+3.583647943428205807 
+3.592615509945341401 
+3.601513609963532758 
+3.610342057580663067 
+3.619278689530025517 
+3.627789271113821101 
+3.636582838266361861 
+3.645129455936599427 
+3.653605545446952263 
+3.661840112666167713 
+3.670176107906042873 
+3.678273137592867670 
+3.686468428567966527 
+3.694427337328443528 
+3.702481342888722438 
+3.710301575490197123 
+3.718213743137429361 
+3.726054059705015575 
+3.733822395120977689 
+3.741518622950710693 
+3.749297459240148456 
+3.756847629342143335 
+3.764325331931113183 
+3.771730455069532084 
+3.779211774341177943 
+3.786322533104266697 
+3.793509281947519796 
+3.800623039208971932 
+3.807520754681947395 
+3.814489743999429194 
+3.821245475170456984 
+3.827930825437835693 
+3.834819809718837291 
+3.841496763588045482 
+3.848100142772036492 
+3.854762369860644355 
+3.861216888081154153 
+3.867597630587335189 
+3.873904537672157034 
+3.880011087585083729 
+3.886171667822511111 
+3.892134778641269222 
+3.898026841913065255 
+3.903968331268787395 
+3.909716698894472486 
+3.915511424225966763 
+3.921115956076887343 
+3.926763787135406858 
+3.932224368111921109 
+3.937725200102775602 
+3.943041739945634561 
+3.948503979809661502 
+3.953781896641693550 
+3.958880030312020182 
+3.964010795733836190 
+3.968964769803449144 
+3.973948366975404767 
+3.978758177013522968 
+3.983594613680864427 
+3.988356722232198948 
+3.993139409501894832 
+3.997844731084260417 
+4.002380904089219982 
+4.006933100123125868 
+4.011319255615363844 
+4.015631199152679187 
+4.019954673491509922 
+4.024116773297517824 
+4.028204761033947534 
+4.032299821489766956 
+4.036238195137963558 
+4.040102584077970960 
+4.043893036471905233 
+4.047684682803559753 
+4.051325912245783201 
+4.054893368540072984 
+4.058387111678277037 
+4.061876235963007176 
+4.065221243377751037 
+4.068492736459250025 
+4.071690786826483333 
+4.074878474585331034 
+4.077928370902915489 
+4.080905058141704345 
+4.083808619345186131 
+4.086696146200626600 
+4.089452227827710118 
+4.092135451255522582 
+4.094693362766733458 
+4.097232637361720720 
+4.099649726548589612 
+4.102045443065346575 
+4.104368795833119421 
+4.106619892680134498 
+4.108798844132255823 
+4.110863484309904337 
+4.112899953781070650 
+4.114825244666413084 
+4.116681749901754728 
+4.118542590443482254 
+4.120329054166948168 
+4.122041278109112028 
+4.123647364903899160 
+4.125213009374160578 
+4.126704839079092579 
+4.128095359880672888 
+4.129415273291019872 
+4.130689490203019787 
+4.131867191555860686 
+4.132974729818139181 
+4.134032703253803120 
+4.134979928092178625 
+4.135877899811195135 
+4.136706331829108407 
+4.137465386139719925 
+4.138141839530067756 
+4.138764041556306950 
+4.139317362929576305 
+4.139811151096038699 
+4.140225831512337251 
+4.140572156849570362 
+4.140855273775459366 
+4.141064041840909482 
+4.141205001915666983 
+4.141277517823233723 
+4.141285320283405014 
+4.141226721359609897 
+4.141104297053153971 
+4.140908541823669964 
+4.140649353221832030 
+4.140323697155636751 
+4.139923088275397234 
+4.139463758274002814 
+4.138927174316926028 
+4.138335011624024062 
+4.137677420248508042 
+4.136939184151161797 
+4.136150051303673081 
+4.135296138721971104 
+4.134377665563551574 
+4.133394853105489375 
+4.132325892828287550 
+4.131213772493634195 
+4.130013337244605509 
+4.128772838106618437 
+4.127469146909303888 
+4.126073952770598297 
+4.124643303350120860 
+4.123150174270335810 
+4.121627168209757386 
+4.120044664246021782 
+4.118368059389116098 
+4.116629936356311248 
+4.114793184341747789 
+4.112892900830996012 
+4.110969242414281410 
+4.108943957396592239 
+4.106855943824163191 
+4.104792689671626249 
+4.102627334522875202 
+4.100448510021951876 
+4.098165690383881454 
+4.095823926687609529 
+4.093423485611872081 
+4.091015398330490882 
+4.088499593579260960 
+4.085979017464374863 
+4.083294641746499920 
+4.080606044111011244 
+4.077803775679820220 
+4.075000211079832013 
+4.072140166922634918 
+4.069223925797075481 
+4.064280729774059964 
+4.061279858732726566 
+4.058161878142716006 
+4.055054330240739802 
+4.051828020930864582 
+4.048614917136836411 
+4.045281429769667980 
+4.041824559015289253 
+4.038382883243400556 
+4.034816239391375348 
+4.031267599996049000 
+4.027592439437782446 
+4.023862954126403935 
+4.020231841608927326 
+4.016474049766957322 
+4.012743253722529602 
+4.008884309206406371 
+4.005055022842562096 
+4.001096149474236086 
+3.997004932987907821 
+3.992861980224770235 
+3.988667629186627650 
+3.984422219416059008 
+3.980212509350675276 
+3.975954412458371223 
+3.971648252543637625 
+3.967294354781385479 
+3.962802731704961445 
+3.958353381728315412 
+3.953857284258432969 
+3.949314769853364382 
+3.944632047972488564 
+3.939996766353965896 
+3.935316074107646500 
+3.930590306971998515 
+3.925819801942507681 
+3.921004897259310340 
+3.916145932394478280 
+3.911343737581930213 
+3.906398557466781440 
+3.901512564247564541 
+3.896585591971982510 
+3.891514043110635868 
+3.886505251081000978 
+3.881350857990298664 
+3.876261580809281071 
+3.871025710289325517 
+3.865857291119688455 
+3.860541318612877859 
+3.855295108989160724 
+3.850010907521097536 
+3.844577778027268522 
+3.839217821640904305 
+3.833708058095071536 
+3.828273718388537361 
+3.822803080118001517 
+3.817066265000789826 
+3.811406699897785799 
+3.805593760648070756 
+3.799860334243595261 
+3.794090899718229437 
+3.788166982648933256 
+3.782325912007831192 
+3.776329660160829604 
+3.770539430936533876 
+3.764594757092892152 
+3.758616286894062242 
+3.752727414232237990 
+3.746683134424195316 
+3.740730508669848575 
+3.734621877516270061 
+3.728606930290757404 
+3.722435412373179986 
+3.716105777074202976 
+3.709744045726417028 
+3.703478795292273418 
+3.697054695803265290 
+3.690729096045071600 
+3.684244204344890861 
+3.677990383028994614 
+3.671578030026745765 
+3.665269238572864907 
+3.658933787199657672 
+3.652572035430512898 
+3.646050993207502700 
+3.639503302328074952 
+3.632929347136329312 
+3.626329512584204551 
+3.619704184219163068 
+3.612917766268076036 
+3.606242108758721088 
+3.599679100387911390 
+3.592955663714169745 
+3.586346596130837838 
+3.579576902087174162 
+3.572923268005439468 
+3.566248133671821918 
+3.559272401638736483 
+3.552414336593280098 
+3.545535038488441870 
+3.538634899020681956 
+3.531714310319317818 
+3.524631813028163307 
+3.517813355823058430 
+3.510976406763479218 
+3.503978331941169699 
+3.497105143980816067 
+3.490214583249938940 
+3.483162935179201725 
+3.476238400034748821 
+3.469152844260449342 
+3.462195852706187793 
+3.455077940053749685 
+3.447944272469873894 
+3.440795246544228192 
+3.433631259125210278 
+3.426306057386454995 
+3.419113053512793599 
+3.411906288233232942 
+3.404686159309630256 
+3.397305318312623612 
+3.390207402544410442 
+3.382949571155217328 
+3.375679969001856406 
+3.368250287772736939 
+3.360958120275874705 
+3.353506243780174145 
+3.346193139138559758 
+3.338870274305197228 
+3.331388316504979130 
+3.324046950096249731 
+3.316546944663116392 
+3.309188706573472416 
+3.301822720958242030 
+3.294449387200327095 
+3.287219789523895486 
+3.279833087311804007 
+3.272591160568657287 
+3.265343699841791292 
+3.257939932069712441 
+3.250682433688865558 
+3.243269201344118002 
+3.235851782531677046 
+3.228430576251124506 
+3.220854426566813089 
+3.213578396746390453 
+3.206148220945694405 
+3.198715852498896339 
+3.191433422670378661 
+3.183997888322444680 
+3.176561347737598240 
+3.169275980737428000 
+3.161686838898173590 
+3.154249665638607425 
+3.146964834787159049 
+3.139529201920391088 
+3.132246641629997441 
+3.124965767859393395 
+3.117535335556610221 
+3.110107444656033948 
+3.102682490690266803 
+3.095260868874731841 
+3.087842974094956006 
+3.080429200894188924 
+3.072868783907425794 
+3.065615595615939881 
+3.058216550800487710 
+3.050974027203647410 
+3.043586639006132799 
+3.036356287391862807 
+3.028982092883314436 
+3.021765417320894542 
+3.014405950190013783 
+3.007054504594337985 
+2.999711470513886979 
+2.992377237436611992 
+2.985052194345851007 
+2.977736729708066576 
+2.970282246149738015 
+2.962987317017349298 
+2.955703136397875852 
+2.948430090552253802 
+2.941316641859616610 
+2.934066775196342292 
+2.926829190719034912 
+2.919604272306012049 
+2.912539451244255062 
+2.905340736121763356 
+2.898302317358051994 
+2.891131302350428811 
+2.883974847578064882 
+2.876978926334082587 
+2.869852414718449651 
+2.862886552786408245 
+2.855791467701926933 
+2.848712820002745616 
+2.841507044654367320 
+2.834462754630878933 
+2.827292819456166839 
+2.820284416882575584 
+2.813151879542330036 
+2.806180887607293784 
+2.799370656142198044 
+2.792437789872478149 
+2.785665616611254336 
+2.778772325166336543 
+2.772039626397294398 
+2.765187352158031686 
+2.758356344092129930 
+2.751546967575171365 
+2.744759587052939764 
+2.737856739733672384 
+2.731114908239730354 
+2.724396167742650476 
+2.717564486983105709 
+2.710757606818129162 
+2.703975908203144485 
+2.697354640780300628 
+2.690623921194138291 
+2.683919511803271263 
+2.677241789086799884 
+2.670591128364533162 
+2.663967903783321489 
+2.657372488302792490 
+2.651067397342126597 
+2.644658079567488329 
+2.638406472284946958 
+2.632052432510121776 
+2.625855639124402785 
+2.619686459421133762 
+2.613289941738864641 
+2.607051113820823218 
+2.600842087682169179 
+2.594663202748119346 
+2.588514797211752594 
+2.582521746528387396 
+2.576434670270286276 
+2.570502340395469432 
+2.564477904026436050 
+2.558485605574498223 
+2.552525775628010862 
+2.546598743455747993 
+2.540824787523778383 
+2.534963647408689624 
+2.529254864401286440 
+2.523460890963358239 
+2.517818524284074044 
+2.511860028077590457 
+2.502590016159849995 
+2.496844328262568524 
+2.491136020027317599 
+2.485578465689165739 
+2.480057444612597806 
+2.474573268284869343 
+2.469126246702332494 
+2.463606681442870538 
+2.458126450272134278 
+2.452685877673852488 
+2.447392904387191592 
+2.442031806499326052 
+2.436817333735591617 
+2.431642167248673658 
+2.426506604526210253 
+2.421307365841357750 
+2.416252720014947286 
+2.411238566691702445 
+2.406265196831208542 
+2.401332899737932181 
+2.396441963048616230 
+2.391592672719781376 
+2.386687642213058069 
+2.381923360114633681 
+2.377201577752844130 
+2.372522574202612589 
+2.367886626795343119 
+2.363387303012258300 
+2.358929817760296643 
+2.354422888929535773 
+2.349960096891225092 
+2.345452003224481885 
+2.341167995380180500 
+2.336927108932441044 
+2.332642605775841815 
+2.328489613396298452 
+2.324295345396315327 
+2.320231242646277892 
+2.316128218812131934 
+2.312153986917998338 
+2.308143201529670563 
+2.304259807194581455 
+2.300421716430092189 
+2.296550634825065274 
+2.292804799200141019 
+2.289028371143025709 
+2.285224533030801197 
+2.281545680633085382 
+2.277915480914730395 
+2.274334167986907573 
+2.270730401383239894 
+2.267248565688687378 
+2.263746783285991881 
+2.260365355130856457 
+2.257033962528687709 
+2.253686389952440194 
+2.250456763497421520 
+2.247213488713285301 
+2.244086515392675452 
+2.241072932701241527 
+2.238047381926955737 
+2.235073377122322569 
+2.232210243883661960 
+2.229338885801791292 
+2.226519682315387882 
+2.223808774940986055 
+2.221093403480152162 
+2.218484586293135052 
+2.215873812537813237 
+2.213367826975151331 
+2.210862398964309250 
+2.208459969087199326 
+2.206060617025505266 
+2.203762449330984197 
+2.201469885396733162 
+2.199231530951475833 
+2.197003557374298310 
+2.194875258867782009 
+2.192801690305461904 
+2.190783019182363844 
+2.188819410576149593 
+2.186834309301620038 
+2.184946383007584814 
+2.183116299995099041 
+2.181309376362072783 
+2.179596636649856478 
+2.177942229683493380 
+2.176409023860891523 
+2.174899617723802692 
+2.173475755870553527 
+2.172078248228233477 
+2.170764267280073767 
+2.169504852994133870 
+2.168275613748878783 
+2.167126846622236869 
+2.166033014452731109 
+2.164973179304524820 
+2.163990716390424396 
+2.163044807069844921 
+2.162174171504723574 
+2.161342645346266522 
+2.160584274991851572 
+2.159867568580244424 
+2.159221880877590038 
+2.158620409855338096 
+2.158087801636240144 
+2.157601960511037475 
+2.157174673580897206 
+2.156806033309592863 
+2.156496129380526483 
+2.156245048683791410 
+2.156056207841624328 
+2.155919690509412234 
+2.155845572734570226 
+2.155830597573187291 
+2.155874837762704388 
+2.155981093707547203 
+2.156145183272501598 
+2.156368690419087741 
+2.156658071224065054 
+2.157001809630049394 
+2.157413993472884428 
+2.157878188537292630 
+2.158413393028780547 
+2.158998245817603134 
+2.159642884930340401 
+2.160347350619824525 
+2.161111680131657664 
+2.161953352564614406 
+2.162838732716188872 
+2.163784070801709092 
+2.164789391850195699 
+2.165854717821018127 
+2.167003659015994899 
+2.168215115683034711 
+2.169489101186098168 
+2.170798282091503495 
+2.172196100861897960 
+2.173626647849195237 
+2.175117266327708521 
+2.176667952984884025 
+2.178312199059753596 
+2.179984224817737015 
+2.181716289367896522 
+2.183471203460548793 
+2.185322069454619154 
+2.187232916453432097 
+2.189162899027566667 
+2.191192404509012093 
+2.193281804273615521 
+2.195475548089545370 
+2.197685846547686950 
+2.200002871665294180 
+2.202333895942098607 
+2.204774011927732147 
+2.207225561596111163 
+2.209736682561883825 
+2.212307315542734187 
+2.214991691556493336 
+2.217682368308345531 
+2.220432357338181006 
+2.223299533105652870 
+2.226228309440680064 
+2.229158193188624182 
+2.232208684152588773 
+2.235320511160558965 
+2.238493577916031541 
+2.241662501683947539 
+2.244956524129342768 
+2.248243781272771358 
+2.251658337232587570 
+2.255063499381840586 
+2.258526851025562721 
+2.262048276429148075 
+2.265701307410173726 
+2.269414551758362819 
+2.273187874874350811 
+2.276943886447826415 
+2.280835752975445274 
+2.284707659657007284 
+2.288636716758192691 
+2.292622779090114804 
+2.296748797249339447 
+2.300849575260448532 
+2.305006897446187253 
+2.309393786974396789 
+2.313753776733944889 
+2.318172119330732528 
+2.322648632324963103 
+2.327183129167510245 
+2.331775419185781573 
+2.336331746617934968 
+2.340943204312056380 
+2.345609601204971639 
+2.350330742379579618 
+2.355204458576755755 
+2.360035594984646323 
+2.365021124943980979 
+2.369860053336564576 
+2.374852950286697961 
+2.379899335882960543 
+2.384998987798352843 
+2.390257387392521693 
+2.395463964459956685 
+2.400723112266355486 
+2.406034592509403325 
+2.411508164161149992 
+2.416924633782706167 
+2.422392691703233680 
+2.427912083442645752 
+2.433596763444395350 
+2.439219077378432132 
+2.444891931823891085 
+2.450732375874345337 
+2.456506512063382885 
+2.462330358114266815 
+2.468324006070208299 
+2.474247417618039790 
+2.480219670689992384 
+2.486117112706155652 
+2.492185175505380101 
+2.498175892171412116 
+2.504212329616581911 
+2.510421380586034701 
+2.516549311604071804 
+2.522722064284620203 
+2.529069330721142705 
+2.535462658244203027 
+2.541901713352647363 
+2.548253371181877114 
+2.554781947879067872 
+2.561355232961700423 
+2.567972875769365615 
+2.574498131867748896 
+2.581202533699190838 
+2.587812084424772507 
+2.594601820250387547 
+2.601294253012222057 
+2.608027166831503152 
+2.614941732552287235 
+2.621755354410680638 
+2.628751550129406311 
+2.635644383685479042 
+2.642720664608321002 
+2.649691179622049475 
+2.656845966253932545 
+2.663892598397623601 
+2.670976307634504110 
+2.678245427019412261 
+2.685402850985116885 
+2.692596144163822203 
+2.699975871444593167 
+2.707392113692154823 
+2.714844427442823616 
+2.722179196476865570 
+2.729701591201465050 
+2.737104137812698568 
+2.744539570353920155 
+2.752163373139229208 
+2.759977130641736665 
+2.767825100098480817 
+2.775706770988135119 
+2.783621627689871758 
+2.791569149470005229 
+2.799548810467058502 
+2.807239028741749465 
+2.815119014088127258 
+2.822866647404429941 
+2.830966529950297073 
+2.839095900420671725 
+2.847090756476855944 
+2.855112869852868940 
+2.862997181606655062 
+2.871071675681028168 
+2.879006261592813587 
+2.887131008581587110 
+2.895113765798255301 
+2.903119571190527992 
+2.911315388651660285 
+2.919534106702228016 
+2.927943566363827799 
+2.936206802347330225 
+2.944660481434578259 
+2.952965859365155765 
+2.961461312501416643 
+2.969635917625954136 
+2.978170273212951358 
+2.986723524809123731 
+2.995295021854888162 
+3.003712158487477524 
+3.011973296613767559 
+3.020422033380906868 
+3.028712917368851620 
+3.037190775236235041 
+3.045508957292508256 
+3.054013417667702512 
+3.062356411153313474 
+3.070710750755919705 
+3.079250194934997964 
+3.087625555981428960 
+3.096010365994633418 
+3.104578943571040028 
+3.112980897188846185 
+3.121565631290678766 
+3.130157495863693740 
+3.138580256789147427 
+3.147184170127069081 
+3.155617377217467379 
+3.164582199193544554 
+3.173375013118604926 
+3.182346726862254727 
+3.191144718872857666 
+3.199944095713652459 
+3.208920069220409843 
+3.217367856568632334 
+3.225990701537963190 
+3.234435926140085016 
+3.242878801066423122 
+3.251494394957939349 
+3.259930310488295291 
+3.268361677932887233 
+3.277138720547705830 
+3.285733848381182653 
+3.294321865412053185 
+3.303076986436776608 
+3.311648185934306099 
+3.320209837444547674 
+3.328761122985284260 
+3.337475384404880785 
+3.346003207974465710 
+3.354518161299253620 
+3.363019404083052777 
+3.371679130601709318 
+3.380150085724180187 
+3.388604758327348421 
+3.397042285598846689 
+3.405633432214553835 
+3.414033663236040184 
+3.422414108632438001 
+3.430773882871839930 
+3.438942148591280557 
+3.447258368534924955 
+3.455382241999247483 
+3.463482861446452787 
+3.471727365871947413 
+3.479778365513288563 
+3.487803500190651107 
+3.495968237508920495 
+3.504269905555176479 
+3.512540582445460302 
+3.520779260613737804 
+3.528984926185211535 
+3.537156558961408237 
+3.545130751189759621 
+3.552908621483194196 
+3.560813286438538228 
+3.568521165837978515 
+3.576352448530714767 
+3.583986538320088400 
+3.591740537979390524 
+3.599296994501441915 
+3.606969764383265442 
+3.614599985592235498 
+3.622186633246094800 
+3.629575209917705436 
+3.637072553730742897 
+3.644371653367439734 
+3.651775607038933558 
+3.658981203861207732 
+3.666139028174313808 
+3.673395656687835853 
+3.680746871283915311 
+3.688042898480560439 
+3.695138351409088528 
+3.702321700333412124 
+3.709446407118793587 
+3.716511299244270816 
+3.723375724959096189 
+3.730318698795739962 
+3.737061360343338023 
+3.743606339849376852 
+3.750225229339655186 
+3.756646778977859924 
+3.763137425785107126 
+3.769431142530644152 
+3.775918068102964043 
+3.782205738577598453 
+3.788297230856480624 
+3.794445198935354924 
+3.800397572607405294 
+3.806401196996437974 
+3.812209881520081112 
+3.818064471942477667 
+3.823841978468776048 
+3.829425665702350656 
+3.835046985897923477 
+3.840475322571844430 
+3.845935642605523341 
+3.851203888831658873 
+3.856498345215021217 
+3.861601712366782735 
+3.866725391761596242 
+3.871659042285948260 
+3.876606981310876776 
+3.881366028539330770 
+3.886133213578387924 
+3.890712721537756380 
+3.895294088547400335 
+3.899779647468193389 
+3.904168086593035270 
+3.908458087658894797 
+3.912732792808752080 
+3.916819859619089073 
+3.920804466740957395 
+3.924685269425086886 
+3.928536865891892660 
+3.932203811023573081 
+3.935762849783262851 
+3.939212610732338860 
+3.942618698878852967 
+3.945843462189769113 
+3.949017069627736021 
+3.952011154617473210 
+3.954888946821364826 
+3.957704127118951476 
+3.960342645336817569 
+3.962910706604800382 
+3.965351696221219413 
+3.967619107371136877 
+3.969803976403742496 
+3.971817430676715333 
+3.973740126565333597 
+3.975493664321700038 
+3.977116334337338799 
+3.978635682225112546 
+3.979989421084473733 
+3.981207799083895438 
+3.982309950916356200 
+3.983250256334722295 
+3.984050644848364797 
+3.984721558632788430 
+3.985234605657520746 
+3.985603116462305806 
+3.985825547678995662 
+3.985900327429662937 
+3.985825962932359801 
+3.985606937141104922 
+3.985223364528131640 
+3.984692002335034289 
+3.984005153202682337 
+3.983142354797797324 
+3.982136492062416266 
+3.980970310693964009 
+3.979642196757010808 
+3.978182616982119058 
+3.976564560714324514 
+3.974747735245887981 
+3.972804726145502840 
+3.970652953382256101 
+3.968378660273474523 
+3.965938074396040847 
+3.963217273935059737 
+3.960312547767381730 
+3.957285745987009662 
+3.954011557360631812 
+3.950548084517658154 
+3.946968489599989027 
+3.943124875318057221 
+3.939169234992190738 
+3.934938307144687286 
+3.930599562625914700 
+3.925974087603107066 
+3.921146577529274424 
+3.916115163581388003 
+3.910984741674536025 
+3.905544053397214554 
+3.899893844760763173 
+3.894032215088239823 
+3.888204373992307339 
+3.882178232558262110 
+3.875820237909174182 
+3.869388160756612294 
+3.862612202869962985 
+3.855767180542846617 
+3.848416855053526930 
+3.840993775960511059 
+3.833509462712415328 
+3.825812853291260751 
+3.817735094904325166 
+3.809432391846842236 
+3.801079210347777959 
+3.792325640029160283 
+3.783155719594251565 
+3.773934304868452827 
+3.764478441005977061 
+3.754786204285686324 
+3.745060722275241005 
+3.734894860465697519 
+3.724701690334608628 
+3.714054575442034434 
+3.703386215704787432 
+3.692479918128912075 
+3.681099050842600917 
+3.669706241009807357 
+3.657824829756666674 
+3.645937859951891014 
+3.633803510682062310 
+3.621159231194571504 
+3.608519179833301394 
+3.595354691579043305 
+3.581647514519429976 
+3.567661384097775112 
+3.553682232338083224 
+3.539137326968557318 
+3.524306938985951376 
+3.508883549167926219 
+3.493469742604689898 
+3.477763759176871972 
+3.461763365018343919 
+3.445795180362308585 
+3.429874593420956685 
+3.413336155944271866 
+3.396852864885474332 
+3.379735810478353031 
+3.362681591578530416 
+3.345341791388319663 
+3.327344062974894712 
+3.309044434462403927 
+3.290440723932601230 
+3.271141619001204148 
+3.251916848214053246 
+3.231979421833290900 
+3.212532928562415790 
+3.192369342867204196 
+3.172309534908199780 
+3.151943056431107948 
+3.130833762335178960 
+3.109400431236846174 
+3.087640800306129307 
+3.065552598536021023 
+3.042672554115846140 
+3.019913542280242780 
+2.996344225035532105 
+2.972905031636432938 
+2.948636844196846241 
+2.923019576549076959 
+2.899028091493670800 
+2.874193038010766088 
+2.849008364845371233 
+2.823996407595519287 
+2.798112678850456447 
+2.771872291003417033 
+2.745272864930514700 
+2.718312013153898477 
+2.690987339830732239 
+2.663296440739623350 
+2.635813247693738148 
+2.607390247723790466 
+2.578593808592046344 
+2.550020619321745841 
+2.520477725748145659 
+2.489939437138065870 
+2.459624780017568568 
+2.428924410767741904 
+2.397197329515577735 
+2.365710088409793244 
+2.333829618556297447 
+2.300890578035591716 
+2.267536814280694202 
+2.234445177845222119 
+2.200262344405805592 
+2.166353043504031461 
+2.131330558631196581 
+2.096593187718129414 
+2.061442092469631504 
+2.025874697763301313 
+1.989888419833535593 
+1.954227911781929450 
+1.917404762161412535 
+1.880154979388967362 
