+3.141802999999999901 
+3.077309615641440566 
+3.013499546553143560 
+2.950369009523563957 
+2.887914233071411374 
+2.826131457429510441 
+2.765016934528650161 
+2.704566927981442159 
+2.644777713066174485 
+2.585645576710663640 
+2.527166817476114158 
+2.469337745540967965 
+2.412154682684762186 
+2.355613962271982942 
+2.299711929235920049 
+2.244444940062520821 
+2.189809362774245649 
+2.135801576913922695 
+2.082417973528601252 
+2.029654955153407769 
+1.977508935795399658 
+1.925976340917419538 
+1.875053607421951263 
+1.824737183634972615 
+1.775023529289811552 
+1.725909115511000014 
+1.677390424798128610 
+1.629463951009701317 
+1.582126199346989726 
+1.535373686337888399 
+1.489202939820768457 
+1.443610498928333152 
+1.398592914071471904 
+1.354146746923114986 
+1.310268570402087995 
+1.266954968656967440 
+1.224202537049932982 
+1.182007882140625021 
+1.140367621669997167 
+1.099278384544172038 
+1.058736810818293961 
+1.018739551680386324 
+0.979283269435204939 
+0.940364637488090960 
+0.901980340328829122 
+0.864127073515498001 
+0.826801543658327809 
+0.790000468403555534 
+0.753720576417275190 
+0.717958607369296953 
+0.682711311917000074 
+0.647975451689187132 
+0.613747799269939165 
+0.580025138182469480 
+0.546804262872978786 
+0.514081978694511665 
+0.481855101890806381 
+0.450120459580155785 
+0.418874889739254908 
+0.388115241187062310 
+0.357838373568650780 
+0.328041157339061140 
+0.298720473747159598 
+0.269873214819492890 
+0.241496283344137641 
+0.213586592854562163 
+0.186141067613474487 
+0.159156642596681053 
+0.132630263476940069 
+0.106558886607816650 
+0.080939479007535731 
+0.055769018342839427 
+0.031044492912839061 
+0.006762901632870300 
-0.017078745981650822 
-0.040483429831374540 
-0.063454119249162666 
-0.085993773016233899 
-0.108105339378308241 
-0.129791756061755414 
-0.151055950289735286 
-0.171900838798348499 
-0.192329327852777787 
-0.212344313263436391 
-0.231948680402112029 
-0.251145304218111320 
-0.269937049254407757 
-0.288326769663784344 
-0.306317309224982015 
-0.323911501358840948 
-0.341112169144449862 
-0.357922125335289998 
-0.374344172375380868 
-0.390381102415422898 
-0.406035697328948508 
-0.421310728728460759 
-0.436208957981585321 
-0.450733136227208675 
-0.464886004391632746 
-0.478670293204710440 
-0.492088723215998947 
-0.505144004810900160 
-0.517838838226808651 
-0.530175913569254753 
-0.542157910828053424 
-0.553787499893446888 
-0.565067340572250387 
-0.576000082603999264 
-0.586588365677090717 
-0.596834819444933995 
-0.606742063542093035 
-0.616312707600431331 
-0.625549351265258569 
-0.634454584211476380 
-0.643030986159722762 
-0.651281126892516493 
-0.659207566270405554 
-0.666812854248111542 
-0.674099530890669207 
-0.681070126389585084 
-0.687727161078967253 
-0.694073145451684415 
-0.700110580175499209 
-0.705841956109225066 
-0.711269754318861303 
-0.716396446093749528 
-0.721224492962705632 
-0.725756346710176192 
-0.729994449392381117 
-0.733941233353455846 
-0.737599121241598876 
-0.740970526025219733 
-0.744057851009078952 
-0.746863489850438267 
-0.749389826575203255 
-0.751639235594069977 
-0.753614081718669837 
-0.755316720177714007 
-0.756749496633143615 
-0.757914747196267946 
-0.758814798443913308 
-0.759451967434570996 
-0.759828561724540386 
-0.759946879384070240 
-0.759809209013511122 
-0.759417829759459373 
-0.758775011330897087 
-0.757883014015343193 
-0.756744088694996986 
-0.755360476862884322 
-0.753734410638998931 
-0.751868112786455267 
-0.749763796727626719 
-0.747423666560297129 
-0.744849917073798551 
-0.742044733765166331 
-0.739010292855274642 
-0.735748761304988896 
-0.732262296831310611 
-0.728553047923518715 
-0.724623153859317082 
-0.720474744720981164 
-0.716109941411502415 
-0.711530855670733153 
-0.706739590091535419 
-0.701738238135915182 
-0.696528884151186745 
-0.691113603386099395 
-0.685494462006996041 
-0.679673517113946968 
-0.673652816756910688 
-0.667434399951862822 
-0.661020296696952059 
-0.654412527988640580 
-0.647613105837854253 
-0.640624033286122607 
-0.633447304421729918 
-0.626084904395852959 
-0.618538809438713866 
-0.610810986875723660 
-0.602903395143621790 
-0.594817983806632977 
-0.586556693572600096 
-0.578121456309138804 
-0.569514195059779293 
-0.560736824060109385 
-0.551791248753924268 
-0.542679365809374037 
-0.533403063135097444 
-0.523964219896380534 
-0.514364706531296623 
-0.504606384766848493 
-0.494691107635119032 
-0.484620719489415652 
-0.474397056020413377 
-0.464021944272297482 
-0.453497202658920351 
-0.442824640979937012 
-0.432006060436947337 
-0.421043253649653337 
-0.409938004671997369 
-0.398692089008308770 
-0.387307273629444726 
-0.375785316988942686 
-0.364127969039167887 
-0.352336971247443564 
-0.340414056612216687 
-0.328360949679182834 
-0.316179366557453267 
-0.303871014935682915 
-0.291437594098219677 
-0.278880794941260834 
-0.266202299988980151 
-0.253403783409686056 
-0.240486911031969619 
-0.227453340360835199 
-0.214304720593858189 
-0.201042692637332987 
-0.187668889122404092 
-0.174184934421224735 
-0.160592444663094636 
-0.146893027750609306 
-0.133088283375805805 
-0.119179803036305376 
-0.105169170051460981 
-0.091057959578500380 
-0.076847738628671003 
-0.062540066083393686 
-0.048136492710398215 
-0.033638561179871296 
-0.019047806080606300 
-0.004365753936139249 
+0.010406076779090778 
+0.025266175623615439 
+0.040213040172771830 
+0.055245176002571839 
+0.070361096673555057 
+0.085559323714628377 
+0.100838386606949548 
+0.116196822767747232 
+0.131633177534198786 
+0.147146004147284959 
+0.162733863735629036 
+0.178395325299368857 
+0.194128965693995958 
+0.209933369614225818 
+0.225807129577830334 
+0.241748845909526722 
+0.257757126724791341 
+0.273830587913746371 
+0.289967853125002950 
+0.306167553749506105 
+0.322428328904410311 
+0.338748825416914201 
+0.355127697808126364 
+0.371563608276917812 
+0.388055226683772236 
+0.404601230534650469 
+0.421200304964832739 
+0.437851142722782694 
+0.454552444153997204 
+0.471302917184861503 
+0.488101277306505210 
+0.504946247558660133 
+0.521836558513502968 
+0.538770948259527760 
+0.555748162385381494 
+0.572766953963739223 
+0.589826083535133439 
+0.606924319091832309 
+0.624060436061681933 
+0.641233217291963253 
+0.658441453033250301 
+0.675683940923252901 
+0.692959485970690903 
+0.710266900539126222 
+0.727605004330841965 
+0.744972624370675351 
+0.762368594989879966 
+0.779791757809986219 
+0.797240961726650266 
+0.814715062893506037 
+0.832212924706027035 
+0.849733417785373035 
+0.867275419962253213 
+0.884837816260776844 
+0.902419498882297777 
+0.920019367189292669 
+0.937636327689190363 
+0.955269294018244786 
+0.972917186925374544 
+0.990578934256038490 
+1.008253470936063767 
+1.025939738955517821 
+1.043636687352564429 
+1.061343272197304621 
+1.079058456575647806 
+1.096781210573150922 
+1.114510511258887338 
+1.132245342669286448 
+1.149984695792003464 
+1.167727568549761008 
+1.185472965784210020 
+1.203219899239792667 
+1.220967387547571281 
+1.238714456209118353 
+1.256460137580341696 
+1.274203470855346909 
+1.291943502050303838 
+1.309679283987283283 
+1.327409876278131673 
+1.345134345308308887 
+1.362851764220740503 
+1.380561212899690693 
+1.398261777954605822 
+1.415952552703968470 
+1.433632637159148793 
+1.451301138008270319 
+1.468957168600048879 
+1.486599848927671275 
+1.504228305612617556 
+1.521841671888544356 
+1.539439087585126709 
+1.557019699111908739 
+1.574582659442162580 
+1.592127128096751054 
+1.609652271127978151 
+1.627157261103426844 
+1.644641277089834874 
+1.662103504636945228 
+1.679543135761347283 
+1.696959368930353707 
+1.714351409045837160 
+1.731718467428089658 
+1.749059761799676815 
+1.766374516269297201 
+1.783661961315627931 
+1.800921333771200894 
+1.818151876806214373 
+1.835352839912439027 
+1.852523478887030173 
+1.869663055816420005 
+1.886770839060125882 
+1.903846103234664966 
+1.920888129197338978 
+1.937896204030145730 
+1.954869621023617388 
+1.971807679660655177 
+1.988709685600412280 
+2.005574950662130540 
+2.022402792809002925 
+2.039192536132019562 
+2.055943510833828647 
+2.072655053212601128 
+2.089326505645856535 
+2.105957216574362079 
+2.122546540485935829 
+2.139093837899332051 
+2.155598475348100340 
+2.172059825364430985 
+2.188477266462987902 
+2.204850183124806406 
+2.221177965781119923 
+2.237460010797204024 
+2.253695720456274643 
+2.269884502943295246 
+2.286025772328844852 
+2.302118948553011801 
+2.318163457409180506 
+2.334158730527938985 
+2.350104205360914911 
+2.365999325164624523 
+2.381843538984337982 
+2.397636301637927403 
+2.413377073699723319 
+2.429065321484377371 
+2.444700517030699238 
+2.460282138085523762 
+2.475809668087572302 
+2.491282596151286555 
+2.506700417050687690 
+2.522062631203253691 
+2.537368744653758945 
+2.552618269058119171 
+2.567810721667246998 
+2.582945625310939519 
+2.598022508381684581 
+2.613040904818544785 
+2.628000354091017954 
+2.642900401182858516 
+2.657740596575967729 
+2.672520496234237264 
+2.687239661587383033 
+2.701897659514832739 
+2.716494062329562365 
+2.731028447761951750 
+2.745500398943625076 
+2.759909504391349522 
+2.774255357990845550 
+2.788537558980655362 
+2.802755711936003369 
+2.816909426752651324 
+2.830998318630737032 
+2.845022008058648133 
+2.858980120796874136 
+2.872872287861843787 
+2.886698145509800639 
+2.900457335220643085 
+2.914149503681792375 
+2.927774302772028658 
+2.941331389545370545 
+2.954820426214893381 
+2.968241080136631016 
+2.981593023793392749 
+2.994875934778630455 
+3.008089495780291056 
+3.021233394564683206 
+3.034307323960320435 
+3.047310981841754529 
+3.060244071113489728 
+3.073106299693777022 
+3.085897380498486164 
+3.098617031424996338 
+3.111264975335982896 
+3.123840940043345782 
+3.136344658291999821 
+3.148775867743778267 
+3.161134310961253746 
+3.173419735391605823 
+3.185631893350489907 
+3.197770542005865302 
+3.209835443361845453 
+3.221826364242615703 
+3.233743076276208495 
+3.245585355878371381 
+3.257352984236502991 
+3.269045747293380710 
+3.280663435731119737 
+3.292205844954980698 
+3.303672775077231005 
+3.315064030900986669 
+3.326379421904091416 
+3.337618762222974933 
+3.348781870636475588 
+3.359868570549692901 
+3.370878689977911957 
+3.381812061530361291 
+3.392668522394151065 
+3.403447914318055822 
+3.414150083596412255 
+3.424774881053000541 
+3.435322162024814219 
+3.445791786345998808 
+3.456183618331645668 
+3.466497526761702197 
+3.476733384864765242 
+3.486891070301982865 
+3.496970465150912144 
+3.506971455889315692 
+3.516893933379084736 
+3.526737792850052511 
+3.536502933883887145 
+3.546189260397866860 
+3.555796680628839468 
+3.565325107117011338 
+3.574774456689773672 
+3.584144650445669100 
+3.593435613738133139 
+3.602647276159403500 
+3.611779571524367238 
+3.620832437854392349 
+3.629805817361229980 
+3.638699656430797180 
+3.647513905607164375 
+3.656248519576203559 
+3.664903457149630839 
+3.673478681248789179 
+3.681974158888484006 
+3.690389861160868534 
+3.698725763219260720 
+3.706981844262073000 
+3.715158087516585717 
+3.723254480222846663 
+3.731271013617504018 
+3.739207682917670361 
+3.747064487304774705 
+3.754841429908462924 
+3.762538517790332104 
+3.770155761927910909 
+3.777693177198488961 
+3.785150782362890265 
+3.792528600049408727 
+3.799826656737657071 
+3.807044982742396666 
+3.814183612197377116 
+3.821242583039226481 
+3.828221936991321073 
+3.835121719547553099 
+3.841941979956299491 
+3.848682771204193998 
+3.855344150000000081 
+3.861926176758504248 
+3.868428915584306793 
+3.874852434255720457 
+3.881196804208626894 
+3.887462100520337138 
+3.893648401893339273 
+3.899755790639366726 
+3.905784352663032699 
+3.911734177445812310 
+3.917605358029882190 
+3.923397991001922769 
+3.929112176477033369 
+3.934748018082558918 
+3.940305622941918884 
+3.945785101658541461 
+3.951186568299617896 
+3.956510140380023799 
+3.961755938846161840 
+3.966924088059807119 
+3.972014715781970295 
+3.977027953156705653 
+3.981963934695091467 
+3.986822798258910172 
+3.991604685044639389 
+3.996309739567251107 
+4.000938109644086360 
+4.005489946378682831 
+4.009965404144624657 
+4.014364640569474396 
+4.018687816518538014 
+4.022935096078733785 
+4.027106646542485180 
+4.031202638391575555 
+4.035223245280916693 
+4.039168644022594457 
+4.043039014569428602 
+4.046834539999148994 
+4.050555406497998945 
+4.054201803344749777 
+4.057773922894465812 
+4.061271960562379491 
+4.064696114807800242 
+4.068046587117839508 
+4.071323581991451057 
+4.074527306923119596 
+4.077657972386776741 
+4.080715791819685023 
+4.083700981606273039 
+4.086613761061949290 
+4.089454352416998617 
+4.092222980800460874 
+4.094919874223908351 
+4.097545263565357310 
+4.100099382553145766 
+4.102582467749721573 
+4.104994758535519317 
+4.107336497092822114 
+4.109607928389680254 
+4.111809300163614900 
+4.113940862905618445 
+4.116002869843912393 
+4.117995576927885537 
+4.119919242811906912 
+4.121774128839104101 
+4.123560499025386683 
+4.125278620043113520 
+4.126928761205135743 
+4.128511194448476473 
+4.130026194318266342 
+4.131474037951709199 
+4.132855005061667697 
+4.134169377920753341 
+4.135417441345128786 
+4.136599482678249728 
+4.137715791774867036 
+4.138766660984842360 
+4.139752385136905133 
+4.140673261522625381 
+4.141529589880250661 
+4.142321672378443509 
+4.143049813600315545 
+4.143714320527152495 
+4.144315502522363914 
+4.144853671315194887 
+4.145329140984699734 
+4.145742227943641112 
+4.146093250922167961 
+4.146382530951822964 
+4.146610391349344837 
+4.146777157700522132 
+4.146883157844010626 
+4.146928721855315025 
+4.146914182030442042 
+4.146839872869986010 
+4.146706131062759759 
+4.146513295469821614 
+4.146261707108252814 
+4.145951709135032637 
+4.145583646830862889 
+4.145157867584012834 
+4.144674720874254703 
+4.144134558256698853 
+4.143537733345511676 
+4.142884601797970134 
+4.142175521298179675 
+4.141410851540968885 
+4.140590954215761954 
+4.139716192990428922 
+4.138786933495112841 
+4.137803543306068477 
+4.136766391929615594 
+4.135675850785879071 
+4.134532293192705765 
+4.133336094349508549 
+4.132087631321109455 
+4.130787283021599698 
+4.129435430198201473 
+4.128032455415132418 
+4.126578743037403463 
+4.125074679214808526 
+4.123520651865550057 
+4.121917050660320214 
+4.120264267006049863 
+4.118562694029773930 
+4.116812726562515401 
+4.115014761123028109 
+4.113169195901868136 
+4.111276430744977617 
+4.109336867137814764 
+4.107350908188967864 
+4.105318958614161851 
+4.103241424720095232 
+4.101118714388209519 
+4.098951237058598096 
+4.096739403713941741 
+4.094483626863200776 
+4.092184320525586116 
+4.089841900214409520 
+4.087456782920828147 
+4.085029387097842246 
+4.082560132644139195 
+4.080049440887759005 
+4.077497734570237675 
+4.074905437830192767 
+4.072272976187350402 
+4.069600776526345776 
+4.066889267080593839 
+4.064138877416072937 
+4.061350038415268315 
+4.058523182261007278 
+4.055658742420296115 
+4.052757153628119724 
+4.049818851871450853 
+4.046844274372948469 
+4.043833859574845313 
+4.040788047122918947 
+4.037707277850189236 
+4.034591993760828998 
+4.031442638014085311 
+4.028259654908064036 
+4.025043489863526780 
+4.021794589407960530 
+4.018513401159125920 
+4.015200373809212131 
+4.011855957108498849 
+4.008480601849232272 
+4.005074759849581056 
+4.001638883937395974 
+3.998173427934073931 
+3.994678846638463732 
+3.991155595810660817 
+3.987604132155878389 
+3.984024913308388705 
+3.980418397815231213 
+3.976785045120126760 
+3.973125315547420655 
+3.969439670285787258 
+3.965728571372181044 
+3.961992481675701949 
+3.958231864881342155 
+3.954447185473982440 
+3.950638908722132747 
+3.946807500661873469 
+3.942953428080642198 
+3.939077158501111064 
+3.935179160165061862 
+3.931259902017213648 
+3.927319853689084983 
+3.923359485482867726 
+3.919379268355271506 
+3.915379673901344226 
+3.911361174338332969 
+3.907324242489649713 
+3.903269351768551942 
+3.899196976162116357 
+3.895107590215074023 
+3.891001669013567366 
+3.886879688169228686 
+3.882742123802755962 
+3.878589452527993586 
+3.874422151435676476 
+3.870240698077278108 
+3.866045570448900293 
+3.861837246975162952 
+3.857616206492988642 
+3.853382928235435934 
+3.849137891815721080 
+3.844881577210813806 
+3.840614464745578438 
+3.836337035076333279 
+3.832049769174981080 
+3.827753148312699416 
+3.823447654043774069 
+3.819133768189594935 
+3.814811972822398367 
+3.810482750249093442 
+3.806146582995275640 
+3.801803953788912338 
+3.797455345544283656 
+3.793101241345881558 
+3.788742124432050495 
+3.784378478179159622 
+3.780010786085177266 
+3.775639531753721467 
+3.771265198877755687 
+3.766888271223565621 
+3.762509232614575261 
+3.758128566915173607 
+3.753746758014579132 
+3.749364289810742434 
+3.744981646194179170 
+3.740599311031713725 
+3.736217768150541296 
+3.731837501321873418 
+3.727458994244973844 
+3.723082730530907547 
+3.718709193686396741 
+3.714338867097692898 
+3.709972234014451420 
+3.705609777533557470 
+3.701251980583018408 
+3.696899325905762090 
+3.692552296043489779 
+3.688211373320675612 
+3.683877039828229449 
+3.679549777407418176 
+3.675230067633719955 
+3.670918391800805480 
+3.666615230904120892 
+3.662321065625013361 
+3.658036376314441895 
+3.653761642976829815 
+3.649497345253997160 
+3.645243962408931004 
+3.641001973309761830 
+3.636771856413368198 
+3.632554089749581383 
+3.628349150904757181 
+3.624157517005746509 
+3.619979664703771860 
+3.615816070158141660 
+3.611667209020354097 
+3.607533556417652498 
+3.603415586937179782 
+3.599313774609542271 
+3.595228592892935726 
+3.591160514656748681 
+3.587110012165687589 
+3.583077557063321539 
+3.579063620356246478 
+3.575068672397679670 
+3.571093182871495575 
+3.567137620775938434 
+3.563202454407679021 
+3.559288151345386897 
+3.555395178433846670 
+3.551524001767702998 
+3.547675086675233569 
+3.543848897702364553 
+3.540045898596415164 
+3.536266552289992759 
+3.532511320884845762 
+3.528780665635701030 
+3.525075046934104783 
+3.521394924292391426 
+3.517740756327344620 
+3.514113000744152338 
+3.510512114320426313 
+3.506938552889657057 
+3.503392771325529065 
+3.499875223525397594 
+3.496386362394356517 
+3.492926639829063262 
+3.489496506701491807 
+3.486096412842929038 
+3.482726807027706872 
+3.479388136957180855 
+3.476080849243419202 
+3.472805389393284869 
+3.469562201791999811 
+3.466351729687260796 
+3.463174415173028375 
+3.460030699173207935 
+3.456921021425719776 
+3.453845820466336924 
+3.450805533612357756 
+3.447800596946652529 
+3.444831445301410611 
+3.441898512242060004 
+3.439002230051109610 
+3.436143029711900887 
+3.433321340892648621 
+3.430537591930141961 
+3.427792209813636859 
+3.425085620168776490 
+3.422418247241371780 
+3.419790513881233007 
+3.417202841526164825 
+3.414655650185660196 
+3.412149358424807044 
+3.409684383348177139 
+3.407261140583689674 
+3.404880044266498818 
+3.402541507022591283 
+3.400245939953004726 
+3.397993752617425312 
+3.395785353018203612 
+3.393621147584090281 
+3.391501541154113397 
+3.389426936961528636 
+3.387397736617522970 
+3.385414340095221686 
+3.383477145713314371 
+3.381586550120409651 
+3.379742948278095849 
+3.377946733445589267 
+3.376198297163100825 
+3.374498029235862173 
+3.372846317717906661 
+3.371243548896008413 
+3.369690107273529467 
+3.368186375554172773 
+3.366732734625926149 
+3.365329563544948499 
+3.363977239519371665 
+3.362676137893032546 
+3.361426632129612457 
+3.360229093796219590 
+3.359083892547428896 
+3.357991396109004878 
+3.356951970261843776 
+3.355965978825796725 
+3.355033783643488476 
+3.354155744564275121 
+3.353332219427962002 
+3.352563564048872458 
+3.351850132199277521 
+3.351192275593897651 
+3.350590343873088628 
+3.350044684587151878 
+3.349555643179979114 
+3.349123562973028712 
+3.348748785149023632 
+3.348431648735962884 
+3.348172490590932249 
+3.347971645383788442 
+3.347829445581465446 
+3.347746221431152414 
+3.347722300944825591 
+3.347758009882649599 
+3.347853671737038628 
+3.348009607716428526 
+3.348226136729143931 
+3.348503575367311136 
+3.348842237890653273 
+3.349242436210312146 
+3.349704479872805951 
+3.350228676043859544 
+3.350815329492112138 
+3.351464742573210476 
+3.352177215213538730 
+3.352953044893947077 
+3.353792526633823101 
+3.354695952974877660 
+3.355663613964967595 
+3.356695797141899806 
+3.357792787517450694 
+3.358954867561000590 
+3.360182317183642020 
+3.361475413721722649 
+3.362834431921150280 
+3.364259643920611609 
+3.365751319236133909 
+3.367309724744357968 
+3.368935124666766256 
+3.370627780553292929 
+3.372387951266385464 
+3.374215892964654184 
+3.376111859086967648 
+3.378076100336016907 
+3.380108864662404677 
+3.382210397248568423 
+3.384380940492050183 
+3.386620733990384657 
+3.388930014523846346 
+3.391309016040096047 
+3.393757969637631877 
+3.396277103549834919 
+3.398866643128668041 
+3.401526810828769509 
+3.404257826190973724 
+3.407059905826403945 
+3.409933263400517500 
+3.412878109616211297 
+3.415894652198685932 
+3.418983095878457501 
+3.422143642375734984 
+3.425376490383940986 
+3.428681835553817780 
+3.432059870477160768 
+3.435510784670616324 
+3.439034764559711910 
+3.442631993462522022 
+3.446302651573822651 
+3.450046915948223436 
+3.453864960485153013 
+3.457756955911739372 
+3.461723069767014938 
+3.465763466385900049 
+3.469878306882832941 
+3.474067749135777206 
+3.478331947769970345 
+3.482671054141886380 
+3.487085216322981296 
+3.491574579083741803 
+3.496139283877078174 
+3.500779468822860618 
+3.505495268691176669 
+3.510286814886526940 
+3.515154235431545704 
+3.520097654950868016 
+3.525117194654947550 
+3.530212972324130227 
+3.535385102292168291 
+3.540633695430378758 
+3.545958859131169483 
+3.551360697292319735 
+3.556839310300618617 
+3.562394795015383142 
+3.568027244752991489 
+3.573736749270283397 
+3.579523394748324261 
+3.585387263776808275 
+3.591328435337241221 
+3.597346984787193058 
+3.603442983844165060 
+3.609616500569232223 
+3.615867599351022754 
+3.622196340889810351 
+3.628602782180606390 
+3.635086976498114630 
+3.641648973379485010 
+3.648288818609119133 
+3.655006554201836622 
+3.661802218387005592 
+3.668675845592408891 
+3.675627466428048606 
+3.682657107670140650 
+3.689764792244564440 
+3.696950539211335318 
+3.704214363747880157 
+3.711556277133218895 
+3.718976286731770386 
+3.726474395977128040 
+3.734050604355854119 
+3.741704907391713242 
+3.749437296628918226 
+3.757247759616542115 
+3.765136279892146387 
+3.773102836965443796 
+3.781147406302571845 
+3.789269959309669478 
+3.797470463316664713 
+3.805748881561375807 
+3.814105173173195418 
+3.822539293156923090 
+3.831051192376861536 
+3.839640817540337814 
+3.848308111181712565 
+3.857053011646272900 
+3.865875453074086643 
+3.874775365383922310 
+3.883752674256716109 
+3.892807301119955099 
+3.901939163131223687 
+3.911148173162095620 
+3.920434239782078389 
+3.929797267242276071 
+3.939237155459538897 
+3.948753800000022629 
+3.958347092063300376 
+3.968016918465945508 
+3.977763161625684774 
+3.987585699545020290 
+3.997484405795120210 
+4.007459149499806195 
+4.017509795319289978 
+4.027636203434053819 
+4.037838229528613709 
+4.048115724775620095 
+4.058468535819535816 
+4.068896504760443733 
+4.079399469138050627 
+4.089977261915237250 
+4.100629711462546290 
+4.111356641541335399 
+4.122157871287926767 
+4.133033215197682075 
+4.143982483108397119 
+4.155005480184524203 
+4.166102006900845645 
+4.177271859026428835 
+4.188514827608379676 
+4.199830698955812736 
+4.211219254623482122 
+4.222680271396156648 
+4.234213521271763980 
+4.245818771445648565 
+4.257495784294627050 
+4.269244317360291419 
+4.281064123333294447 
+4.292954950037096040 
+4.304916540411753978 
+4.316948632497839000 
+4.329050959420229105 
+4.341223249371960691 
+4.353465225598390553 
+4.365776606380505243 
+4.378157105019036877 
+4.390606429818581624 
+4.403124284071083139 
+4.415710366039827584 
+4.428364368943159768 
+4.441085980938677125 
+4.453874885106731796 
+4.466730759434490494 
+4.479653276799609785 
+4.492642104954390092 
+4.505696906509252919 
+4.518817338916997883 
+4.532003054456214208 
+4.545253700215539538 
+4.558568918077270382 
+4.571948344701326050 
+4.585391611508940812 
+4.598898344666844551 
+4.612468165070774617 
+4.626100688329485067 
+4.639795524748595135 
+4.653552279314587814 
+4.667370551678287960 
+4.681249936138982548 
+4.695190021628353527 
+4.709190391694226818 
+4.723250624484159665 
+4.737370292729922383 
+4.751548963730627406 
+4.765786199337146201 
+4.780081555935830728 
+4.794434584431857438 
+4.808844830234071388 
+4.823311833238085100 
+4.837835127810012459 
+4.852414242771182273 
+4.867048701381104792 
+4.881738021321798016 
+4.896481714681337749 
+4.911279287938194571 
+4.926130241944597365 
+4.941034071910653580 
+4.955990267387977433 
+4.970998312253872342 
+4.986057684695065717 
+5.001167857191348709 
+5.016328296499475314 
+5.031538463637564185 
+5.046797813868094451 
+5.062105796682298653 
+5.077461855784095590 
+5.092865429073486716 
+5.108315948630913539 
+5.123812840700662008 
+5.139355525675115111 
+5.154943418078306472 
+5.170575926549989987 
+5.186252453829236941 
+5.201972396738648641 
+5.217735146168025473 
+5.233540087057891199 
+5.249386598384048419 
+5.265274053140776900 
+5.281201818325115482 
+5.297169254920489401 
+5.313175717880706195 
+5.329220556113797080 
+5.345303112465570550 
+5.361422723703955562 
+5.377578720502523169 
+5.393770427424343872 
+5.409997162906228674 
+5.426258239241938064 
+5.442552962566553632 
+5.458880632840143576 
+5.475240543831680462 
+5.491631983102760017 
+5.508054231991543759 
+5.524506565596747798 
+5.540988252761348321 
+5.557498556056176042 
+5.574036731764540065 
+5.590602029865184619 
+5.607193694016707752 
+5.623810961541209963 
+5.640453063408358503 
+5.657119224218829956 
+5.673808662188530860 
+5.690520589132376905 
+5.707254210448181375 
+5.724008725100258488 
+5.740783325603494802 
+5.757577198007370001 
+5.774389521879295550 
+5.791219470288969440 
+5.808066209792110968 
+5.824928900413965493 
+5.841806695633790625 
+5.858698742368044776 
+5.875604180954780098 
+5.892522145137237821 
+5.909451762047606138 
+5.926392152191134244 
+5.943342429429922191 
+5.960301700966528671 
+5.977269067328084162 
+5.994243622350230005 
+6.011224453160474823 
+6.028210640162708245 
+6.045201257020679009 
+6.062195370641721759 
+6.079192041161020299 
+6.096190321925116784 
+6.113189259476003556 
+6.130187893534589705 
+6.147185256985217450 
+6.164180375858840932 
+6.181172269317309897 
+6.198159949636980137 
+6.215142422192693417 
+6.232118685441756512 
+6.249087730907482374 
+6.266048543163114104 
+6.283000099816151263 
+6.299941371491538433 
+6.316871321815627383 
+6.333788907400923485 
+6.350693077828438504 
+6.367582775632746994 
+6.384456936285397788 
+6.401314488178677209 
+6.418154352609894531 
+6.434975443764438197 
+6.451776668700486717 
+6.468556927332467232 
+6.485315112415046990 
+6.502050109526362753 
+6.518760797053079870 
+6.535446046173072787 
+6.552104720840118190 
+6.568735677767062242 
+6.585337766410320981 
+6.601909828953223425 
+6.618450700290131827 
+6.634959208010339893 
+6.651434172381449628 
+6.667874406334324711 
+6.684278715445535646 
+6.700645897922036021 
+6.716974744585325396 
+6.733264038854265721 
+6.749512556729902357 
+6.765719066778656199 
+6.781882330116950186 
+6.798001100393923579 
+6.814074123776578062 
+6.830100138932420961 
+6.846077877014653978 
+6.862006061644475352 
+6.877883408896055428 
+6.893708627280324741 
+6.909480417728069312 
+6.925197473574516316 
+6.940858480543297127 
+6.956462116729336564 
+6.972007052583892417 
+6.987491950897442017 
+7.002915466784067178 
+7.018276247665498069 
+7.033572933254060189 
+7.048804155537638394 
+7.063968538762893878 
+7.079064699419080675 
+7.094091246222361313 
+7.109046780098935869 
+7.123929894169667598 
+7.138739173733606336 
+7.153473196251578514 
+7.168130531330572097 
+7.182709740706901158 
+7.197209378231276489 
+7.211627989850953213 
+7.225964113594704585 
+7.240216279557140311 
+7.254383009881069100 
+7.268462818742447595 
+7.282454212333922428 
+7.296355688849248011 
+7.310165738465526530 
+7.323882843329064585 
+7.337505477537746401 
+7.351032107126115989 
+7.364461190047942196 
+7.377791176160755526 
+7.391020507209882240 
+7.404147616812105426 
+7.417170930439436205 
+7.430088865402593612 
+7.442899830835713715 
+7.455602227679824168 
+7.468194448666219287 
+7.480674878300856534 
+7.493041892848681940 
+7.505293860316095689 
+7.517429140435956114 
+7.529446084651151949 
+7.541343036098338004 
+7.553118329591363533 
+7.564770291606516039 
+7.576297240264745270 
+7.587697485316507340 
+7.598969328125107836 
+7.610111061651085862 
+7.621120970435772080 
+7.631997330584914252 
+7.642738409752940498 
+7.653342467126487136 
+7.663807753408743650 
+7.674132510802557761 
+7.684314972994840787 
+7.694353365140491618 
+7.704245903845677645 
+7.713990797152211698 
+7.723586244521444044 
+7.733030436817438513 
+7.742321556292175444 
+7.751457776567585611 
+7.760437262620866861 
+7.769258170767560756 
+7.777918648646167554 
+7.786416835201084297 
+7.794750860666876946 
+7.802918846552293175 
+7.810918905623843500 
+7.818749141890110721 
+7.826407650584874531 
+7.833892518151706952 
+7.841201822227018781 
+7.848333631624742068 
+7.855286006320017833 
+7.862056997432294025 
+7.868644647210262022 
+7.875046989014744980 
+7.881262047303309259 
+7.887287837613808250 
+7.893122366548048774 
+7.898763631756128945 
+7.904209621919395801 
+7.909458316735753058 
+7.914507686902174655 
+7.919355694098911158 
+7.924000290973664207 
+7.928439421125526465 
+7.932671019088127551 
+7.936693010314249008 
+7.940503311159133659 
+7.944099828864585433 
+7.947480461543134922 
+7.950643098160941946 
+7.953585618523174361 
+7.956305893256068629 
+7.958801783791871642 
+7.961071142353262076 
+7.963111811935506879 
+7.964921626291721068 
+7.966498409915798717 
+7.967839978027646097 
+7.968944136554942048 
+7.969808682119191801 
+7.970431402017839062 
+7.970810074209408569 
+7.970942467296168843 
+7.970826340509013619 
+7.970459443690748103 
+7.969839517280643548 
+7.968964292296758956 
+7.967831490321522381 
+7.966438823484844889 
+7.964783994447239834 
+7.962864696385601349 
+7.960678612974703583 
+7.958223418372861957 
+7.955496777205530279 
+7.952496344547704155 
+7.949219765909798951 
+7.945664677219998140 
+7.941828704809214656 
+7.937709465393739450 
+7.933304566060385810 
+7.928611604249002909 
+7.923628167737685857 
+7.918351834625761754 
+7.912780173317548460 
+7.906910742507387013 
+7.900741091161593843 
+7.894268758503789840 
+7.887491273998852748 
+7.880406157335391626 
+7.873010918411067038 
+7.865303057315083279 
+7.857280064313831858 
+7.848939419833014242 
+7.840278594442048998 
+7.831295048838843087 
+7.821986233831884405 
+7.812349590325968762 
+7.802382549304617498 
+7.792082531814614299 
+7.781446948949440667 
+7.770473201834343868 
+7.759158681608255392 
+7.747500769408979693 
+7.735496836357024009 
+7.723144243538468956 
+7.710440341990530300 
+7.697382472683409915 
+7.683967966505532488 
+7.670194144247238555 
+7.656058316583791878 
+7.641557784060259095 
+7.626689837074904332 
+7.611451755863436475 
+7.595840810481387706 
+7.579854260790504838 
+7.563489356440110001 
+7.546743336852644646 
+7.529613431206596985 
+7.512096858420759915 
+7.494190827138222488 
+7.475892535709611764 
+7.457199172177492841 
+7.438107914260401188 
+7.418615929335990344 
+7.398720374425110435 
+7.378418396176257943 
+7.357707130848837096 
+7.336583704296801400 
+7.315045231953654081 
+7.293088818814565499 
+7.270711559421872749 
+7.247910537848259338 
+7.224682827679762553 
+7.201025492001564388 
+7.176935583380181782 
+7.152410143847786728 
+7.127446204886268788 
+7.102040787411122658 
+7.076190901754729978 
+7.049893547651518766 
+7.023145714219708680 
+6.995944379947799163 
+6.968286512675511801 
+6.940169069580310435 
+6.911588997159656245 
+6.882543231215390911 
+6.853028696837357714 
+6.823042308387685217 
+6.792580969483704934 
+6.761641572983725368 
+6.730221000967929079 
+6.698316124725550935 
+6.665923804735951919 
+6.633040890654365640 
+6.599664221294368360 
+6.565790624612846571 
+6.531416917693377400 
+6.496539906729990044 
+6.461156387010474234 
+6.425263142902169378 
+6.388856947833593480 
+6.351934564279264173 
+6.314492743743953085 
+6.276528226746014738 
+6.238037742801019192 
+6.199018010406192047 
+6.159465737023646525 
+6.119377619065154761 
+6.078750341874901153 
+6.037580579714589391 
+5.995864995745860071 
+5.953600242014765342 
+5.910782959436519768 
+5.867409777777906399 
+5.823477315642207941 
+5.778982180452207018 
+5.733920968434953025 
+5.688290264604609625 
+5.642086642747166536 
+5.595306665403774637 
+5.547946883855340516 
+5.500003838105268272 
+5.451474056863874651 
+5.402354057532347653 
+5.352640346186460008 
+5.302329417560827096 
+5.251417755032230517 
+5.199901830602880359 
+5.147778104886429063 
+5.095043027088999921 
+5.041693034995302192 
+4.987724554952096767 
