+2.841686499999999782 
+2.777960384847604658 
+2.714993193485538470 
+2.652780362424106642 
+2.591317343312761423 
+2.530599602917990243 
+2.470622623101208504 
+2.411381900796648381 
+2.352872947989246732 
+2.295091291692539670 
+2.238032473926548249 
+2.181692051695670376 
+2.126065596966570492 
+2.071148696646070597 
+2.016936952559037710 
+1.963425981426277112 
+1.910611414842419808 
+1.858488899253813553 
+1.807054095936413196 
+1.756302680973669261 
+1.706230345234420076 
+1.656832794350779903 
+1.608105748696029513 
+1.560044943362507208 
+1.512646128139497170 
+1.465905067491120262 
+1.419817540534224598 
+1.374379341016274569 
+1.329586277293241192 
+1.285434172307492240 
+1.241918863565682374 
+1.199036203116642385 
+1.156782057529270435 
+1.115152307870421078 
+1.074142849682795386 
+1.033749592962831532 
+0.993968462138594244 
+0.954795396047664502 
+0.916226347915030770 
+0.878257285330977577 
+0.840884190228976536 
+0.804103058863575804 
+0.767909901788290661 
+0.732300743833492529 
+0.697271624084299990 
+0.662818595858468029 
+0.628937726684278164 
+0.595625098278429910 
+0.562876806523928241 
+0.530688961447975505 
+0.499057687199859767 
+0.467979122028847616 
+0.437449418262070733 
+0.407464742282419135 
+0.378021274506428195 
+0.349115209362170553 
+0.320742755267146240 
+0.292900134606170592 
+0.265583583709267046 
+0.238789352829556378 
+0.212513706121143731 
+0.186752921617013179 
+0.161503291206915200 
+0.136761120615255916 
+0.112522729378989883 
+0.088784450825507566 
+0.065542632050525906 
+0.042793633895979788 
+0.020533830927909946 
-0.001240388585646013 
-0.022532622696763482 
-0.043346455799740724 
-0.063685458653209182 
-0.083553188402244238 
-0.102953188600473311 
-0.121888989232188383 
-0.140364106734453209 
-0.158382044019215851 
-0.175946290495416324 
-0.193060322091097802 
-0.209727601275518705 
-0.225951577081259014 
-0.241735685126331035 
-0.257083347636291482 
-0.271997973466349574 
-0.286482958123478682 
-0.300541683788524416 
-0.314177519338314948 
-0.327393820367772648 
-0.340193929212022628 
-0.352581174968503497 
-0.364558873519075455 
-0.376130327552134158 
-0.387298826584716149 
-0.398067646984613610 
-0.408440051992478015 
-0.418419291743937993 
-0.428008603291702538 
-0.437211210627674873 
-0.446030324705060988 
-0.454469143460479952 
-0.462530851836074675 
-0.470218621801619996 
-0.477535612376633001 
-0.484484969652486885 
-0.491069826814515498 
-0.497293304164125871 
-0.503158509140910315 
-0.508668536344750066 
-0.513826467557933153 
-0.518635371767259379 
-0.523098305186151080 
-0.527218311276763885 
-0.530998420772096136 
-0.534441651698101428 
-0.537551009395794033 
-0.540329486543360993 
-0.542780063178272876 
-0.544905706719395422 
-0.546709371989094972 
-0.548194001235350115 
-0.549362524153865106 
-0.550217857910176189 
-0.550762907161761461 
-0.551000564080154298 
-0.550933708373047448 
-0.550565207306410009 
-0.549897915726592856 
-0.548934676082441619 
-0.547678318447399004 
-0.546131660541629316 
-0.544297507754112786 
-0.542178653164765656 
-0.539777877566546938 
-0.537097949487569171 
-0.534141625213205185 
-0.530911648808204628 
-0.527410752138797179 
-0.523641654894805963 
-0.519607064611757430 
-0.515309676692992991 
-0.510752174431771788 
-0.505937229033391667 
-0.500867499637289715 
-0.495545633339158353 
-0.489974265213049431 
-0.484156018333492089 
-0.478093503797595076 
-0.471789320747161511 
-0.465246056390797413 
-0.458466286026021130 
-0.451452573061373208 
-0.444207469038530700 
-0.436733513654409045 
-0.429033234783277706 
-0.421109148498873154 
-0.412963759096498073 
-0.404599559115142338 
-0.396019029359589325 
-0.387224638922520903 
-0.378218845206636622 
-0.369004093946755596 
-0.359582819231933470 
-0.349957443527563861 
-0.340130377697495323 
-0.330104021026142114 
-0.319880761240587841 
-0.309462974532700663 
-0.298853025581240050 
-0.288053267573968874 
-0.277066042229764609 
-0.265893679820725204 
-0.254538499194283396 
-0.243002807795312581 
-0.231288901688239790 
-0.219399065579156893 
-0.207335572837925586 
-0.195100685520293027 
-0.182696654389995050 
-0.170125718940877579 
-0.157390107418992287 
-0.144492036844716232 
-0.131433713034857735 
-0.118217330624772465 
-0.104845073090466645 
-0.091319112770703370 
-0.077641610889128909 
-0.063814717576365698 
-0.049840571892128427 
-0.035721301847338793 
-0.021459024426226492 
-0.007055845608448408 
+0.007486139608806841 
+0.022164847188709480 
+0.036978204032681816 
+0.051924147958270161 
+0.067000627677059832 
+0.082205602772546182 
+0.097537043678040281 
+0.112992931654540829 
+0.128571258768639840 
+0.144270027870402107 
+0.160087252571268657 
+0.176020957221925123 
+0.192069176890215854 
+0.208229957339012728 
+0.224501355004126602 
+0.240881436972169904 
+0.257368280958481410 
+0.273959975284976398 
+0.290654618858074976 
+0.307450321146565564 
+0.324345202159507018 
+0.341337392424112984 
+0.358425032963646029 
+0.375606275275305102 
+0.392879281308119666 
+0.410242223440830056 
+0.427693284459791823 
+0.445230657536855201 
+0.462852546207251248 
+0.480557164347494403 
+0.498342736153272181 
+0.516207496117313092 
+0.534149689007310080 
+0.552167569843783124 
+0.570259403877988014 
+0.588423466569779841 
+0.606658043565548422 
+0.624961430676058693 
+0.643331933854365268 
+0.661767869173716772 
+0.680267562805414006 
+0.698829350996712062 
+0.717451580048729998 
+0.736132606294308545 
+0.754870796075919337 
+0.773664525723562591 
+0.792512181532628812 
+0.811412159741819128 
+0.830362866511014985 
+0.849362717899177611 
+0.868410139842240358 
+0.887503568130981746 
+0.906641448388936233 
+0.925822236050277692 
+0.945044396337700654 
+0.964306404240325321 
+0.983606744491570595 
+1.002943911547061084 
+1.022316409562497252 
+1.041722752371571747 
+1.061161463463837329 
+1.080631075962598331 
+1.100130132602815669 
+1.119657185708983205 
+1.139210797173024314 
+1.158789538432179356 
+1.178391990446898463 
+1.198016743678721241 
+1.217662398068180885 
+1.237327563012688092 
+1.257010857344424304 
+1.276710909308220288 
+1.296426356539451152 
+1.316155846041951349 
+1.335898034165859061 
+1.355651586585543189 
+1.375415178277471950 
+1.395187493498109887 
+1.414967225761830649 
+1.434753077818753164 
+1.454543761632685728 
+1.474337998358991042 
+1.494134518322473237 
+1.513932060995274442 
+1.533729374974768689 
+1.553525217961452043 
+1.573318356736810752 
+1.593107567141250902 
+1.612891634051948797 
+1.632669351360762855 
+1.652439521952123291 
+1.672200957680911149 
+1.691952479350367078 
+1.711692916689955046 
+1.731421108333275116 
+1.751135901795938032 
+1.770836153453473560 
+1.790520728519199523 
+1.810188501022121477 
+1.829838353784827287 
+1.849469178401369263 
+1.869079875215154729 
+1.888669353296853703 
+1.908236530422245059 
+1.927780333050162165 
+1.947299696300349492 
+1.966793563931347855 
+1.986260888318404749 
+2.005700630431356046 
+2.025111759812515899 
+2.044493254554557993 
+2.063844101278424770 
+2.083163295111193136 
+2.102449839663990794 
+2.121702747009861945 
+2.140921037661682291 
+2.160103740550018525 
+2.179249893001045102 
+2.198358540714423270 
+2.217428737741194311 
+2.236459546461651016 
+2.255450037563270005 
+2.274399290018562336 
+2.293306391062963634 
+2.312170436172755750 
+2.330990529042941795 
+2.349765781565110512 
+2.368495313805363267 
+2.387178253982188636 
+2.405813738444351202 
+2.424400911648786128 
+2.442938926138471967 
+2.461426942520360761 
+2.479864129443217102 
+2.498249663575547785 
+2.516582729583469735 
+2.534862520108615236 
+2.553088235746009182 
+2.571259085021963209 
+2.589374284371967594 
+2.607433058118587166 
+2.625434638449334557 
+2.643378265394568771 
+2.661263186805402636 
+2.679088658331557848 
+2.696853943399286635 
+2.714558313189241456 
+2.732201046614377571 
+2.749781430297835172 
+2.767298758550827742 
+2.784752333350547282 
+2.802141464318038899 
+2.819465468696088273 
+2.836723671327133545 
+2.853915404631126584 
+2.871040008583435110 
+2.888096830692752803 
+2.905085225978957908 
+2.922004556951018905 
+2.938854193584877095 
+2.955633513301356263 
+2.972341900944008408 
+2.988978748757078030 
+3.005543456363312771 
+3.022035430741884632 
+3.038454086206311189 
+3.054798844382301315 
+3.071069134185666183 
+3.087264391800192520 
+3.103384060655559828 
+3.119427591405206535 
+3.135394441904230334 
+3.151284077187291643 
+3.167095969446465542 
+3.182829598009166983 
+3.198484449316028044 
+3.214060016898785399 
+3.229555801358174882 
+3.244971310341826065 
+3.260306058522136841 
+3.275559567574179543 
+3.290731366153580417 
+3.305820989874419524 
+3.320827981287105324 
+3.335751889856280794 
+3.350592271938713118 
+3.365348690761151840 
+3.380020716398282499 
+3.394607925750552813 
+3.409109902522080127 
+3.423526237198576183 
+3.437856527025191067 
+3.452100375984433533 
+3.466257394774051370 
+3.480327200784912201 
+3.494309418078890950 
+3.508203677366803497 
+3.522009615986228415 
+3.535726877879457941 
+3.549355113571343701 
+3.562893980147227246 
+3.576343141230771572 
+3.589702266961936505 
+3.602971033974774251 
+3.616149125375390572 
+3.629236230719811829 
+3.642232045991847134 
+3.655136273581029549 
+3.667948622260476910 
+3.680668807164765077 
+3.693296549767859815 
+3.705831577860965176 
+3.718273625530459370 
+3.730622433135740046 
+3.742877747287128187 
+3.755039320823768456 
+3.767106912791531759 
+3.779080288420860079 
+3.790959219104697020 
+3.802743482376357065 
+3.814432861887443238 
+3.826027147385677285 
+3.837526134692863966 
+3.848929625682735445 
+3.860237428258843195 
+3.871449356332483660 
+3.882565229800520434 
+3.893584874523330797 
+3.904508122302715378 
+3.915334810859704806 
+3.926064783812508452 
+3.936697890654406784 
+3.947233986731634836 
+3.957672933221244804 
+3.968014597109029484 
+3.978258851167383092 
+3.988405573933231807 
+3.998454649685890594 
+4.008405968424956889 
+4.018259425848208721 
+4.028014923329502395 
+4.037672367896622205 
+4.047231672209250952 
+4.056692754536754819 
+4.066055538736155661 
+4.075319954230014474 
+4.084485935984254468 
+4.093553424486114700 
+4.102522365722053976 
+4.111392711155561486 
+4.120164417705110438 
+4.128837447722066401 
+4.137411768968480175 
+4.145887354595089391 
+4.154264183119142473 
+4.162542238402313188 
+4.170721509628573465 
+4.178801991282089290 
+4.186783683125137046 
+4.194666590175957666 
+4.202450722686652540 
+4.210136096121086524 
+4.217722731132781178 
+4.225210653542795569 
+4.232599894317595535 
+4.239890489546988661 
+4.247082480421996209 
+4.254175913212714377 
+4.261170839246211983 
+4.268067314884506303 
+4.274865401502304429 
+4.281565165465023526 
+4.288166678106606788 
+4.294670015707426458 
+4.301075259472206369 
+4.307382495507871667 
+4.313591814801482016 
+4.319703313198055561 
+4.325717091378507462 
+4.331633254837580438 
+4.337451913861603892 
+4.343173183506527479 
+4.348797183575740632 
+4.354324038597932933 
+4.359753877805074396 
+4.365086835110223440 
+4.370323049085440559 
+4.375462662939712644 
+4.380505824496775169 
+4.385452686173079151 
+4.390303404955628430 
+4.395058142379882682 
+4.399717064507649766 
+4.404280341904984297 
+4.408748149620056900 
+4.413120667161064326 
+4.417398078474120027 
+4.421580571921123415 
+4.425668340257638000 
+4.429661580610877891 
+4.433560494457449153 
+4.437365287601350516 
+4.441076170151821323 
+4.444693356501270287 
+4.448217065303074591 
+4.451647519449563717 
+4.454984946049904693 
+4.458229576407909178 
+4.461381646000000423 
+4.464441394453067424 
+4.467409065522415013 
+4.470284907069540736 
+4.473069171040139125 
+4.475762113441905221 
+4.478363994322495323 
+4.480875077747366042 
+4.483295631777684420 
+4.485625928448243371 
+4.487866243745265216 
+4.490016857584379295 
+4.492078053788510772 
+4.494050120065730347 
+4.495933347987113748 
+4.497728032964735334 
+4.499434474229452974 
+4.501052974808890106 
+4.502583841505213513 
+4.504027384873136697 
+4.505383919197756271 
+4.506653762472428326 
+4.507837236376706080 
+4.508934666254173607 
+4.509946381090360390 
+4.510872713490675423 
+4.511713999658203633 
+4.512470579371695933 
+4.513142795963366538 
+4.513730996296842157 
+4.514235530745088987 
+4.514656753168175385 
+4.514995020891269029 
+4.515250694682510613 
+4.515424138730860903 
+4.515515720624072138 
+4.515525811326441818 
+4.515454785156863160 
+4.515303019766577108 
+4.515070896117181043 
+4.514758798458439415 
+4.514367114306135242 
+4.513896234420111675 
+4.513346552782044441 
+4.512718466573315546 
+4.512012376152976678 
+4.511228685035615804 
+4.510367799869246852 
+4.509430130413154103 
+4.508416089515804082 
+4.507326093092868469 
+4.506160560104835788 
+4.504919912535185311 
+4.503604575368105323 
+4.502214976566477844 
+4.500751547049646639 
+4.499214720671419698 
+4.497604934197926063 
+4.495922627285548145 
+4.494168242458666640 
+4.492342225087754493 
+4.490445023367082733 
+4.488477088292738060 
+4.486438873640460123 
+4.484330835943507232 
+4.482153434470623310 
+4.479907131203853865 
+4.477592390816453438 
+4.475209680650769073 
+4.472759470696225037 
+4.470242233567065071 
+4.467658444480303359 
+4.465008581233676388 
+4.462293124183451809 
+4.459512556222317237 
+4.456667362757374740 
+4.453758031687859109 
+4.450785053383171430 
+4.447748920660758110 
+4.444650128763922403 
+4.441489175339727424 
+4.438266560416968431 
+4.434982786383974585 
+4.431638357966562580 
+4.428233782205916569 
+4.424769568436355272 
+4.421246228263447264 
+4.417664275541714147 
+4.414024226352616154 
+4.410326598982379664 
+4.406571913899908211 
+4.402760693734788511 
+4.398893463254931468 
+4.394970749344699001 
+4.390993080982682706 
+4.386960989219611307 
+4.382875007156237679 
+4.378735669921196560 
+4.374543514649039899 
+4.370299080457873409 
+4.366002908427502049 
+4.361655541577187378 
+4.357257524843530128 
+4.352809405058422065 
+4.348311730926819330 
+4.343765053004868371 
+4.339169923677502538 
+4.334526897136555590 
+4.329836529358532360 
+4.325099378082583712 
+4.320316002788288756 
+4.315486964673583614 
+4.310612826632808314 
+4.305694153234345123 
+4.300731510698609483 
+4.295725466876047172 
+4.290676591224842795 
+4.285585454788985338 
+4.280452630176022844 
+4.275278691534980524 
+4.270064214534316172 
+4.264809776339756553 
+4.259515955592185321 
+4.254183332385545135 
+4.248812488244769980 
+4.243404006103504322 
+4.237958470282301882 
+4.232476466466222220 
+4.226958581682812799 
+4.221405404280133666 
+4.215817523904405562 
+4.210195531478093223 
+4.204540019177793297 
+4.198851580411885998 
+4.193130809798744529 
+4.187378303144489777 
+4.181594657420758310 
+4.175780470742813222 
+4.169936342347272173 
+4.164062872570034379 
+4.158160662824240461 
+4.152230315578112396 
+4.146272434332750834 
+4.140287623600222844 
+4.134276488881273970 
+4.128239636643363575 
+4.122177674298340477 
+4.116091210180682580 
+4.109980853524970001 
+4.103847214444082070 
+4.097690903906956450 
+4.091512533716577416 
+4.085312716487718099 
+4.079092065624926988 
+4.072851195300410510 
+4.066590720431960904 
+4.060311256660714463 
+4.054013420329170891 
+4.047697828459074110 
+4.041365098729149175 
+4.035015849453275294 
+4.028650699558058434 
+4.022270268560939499 
+4.015875176548060921 
+4.009466044152075526 
+4.003043492530021119 
+3.996608143341305208 
+3.990160618725636876 
+3.983701541280704639 
+3.977231534040249095 
+3.970751220451929075 
+3.964261224355104751 
+3.957762169958903176 
+3.951254681819915682 
+3.944739384820306949 
+3.938216904145399155 
+3.931687865261909831 
+3.925152893895618611 
+3.918612616009295557 
+3.912067657780586405 
+3.905518645579989290 
+3.898966205948648067 
+3.892410965576293069 
+3.885853551279109475 
+3.879294589977577257 
+3.872734708674481219 
+3.866174534432754051 
+3.859614694353215469 
+3.853055815552792751 
+3.846498525142060476 
+3.839943450203303854 
+3.833391217768415515 
+3.826842454796748338 
+3.820297788153080187 
+3.813757844585313972 
+3.807223250702582718 
+3.800694632952960728 
+3.794172617601577979 
+3.787657830708266893 
+3.781150898105552827 
+3.774652445376613041 
+3.768163097833071795 
+3.761683480492959752 
+3.755214218058458009 
+3.748755934894018260 
+3.742309255004087731 
+3.735874802010997975 
+3.729453199133021091 
+3.723045069161956100 
+3.716651034441349477 
+3.710271716844203205 
+3.703907737750843587 
+3.697559718026942388 
+3.691228278001304375 
+3.684914037443739243 
+3.678617615543071651 
+3.672339630884854156 
+3.666080701429408339 
+3.659841444489758011 
+3.653622476709308842 
+3.647424414039902807 
+3.641247871719569762 
+3.635093464250659601 
+3.628961805377490357 
+3.622853508064340033 
+3.616769184473337617 
+3.610709445942323459 
+3.604674902962797134 
+3.598666165157692998 
+3.592683841259451505 
+3.586728539087689960 
+3.580800865527272947 
+3.574901426506098101 
+3.569030826973043524 
+3.563189670875866355 
+3.557378561139037387 
+3.551598099641608552 
+3.545848887195241161 
+3.540131523521853119 
+3.534446607231923387 
+3.528794735801850990 
+3.523176505552195970 
+3.517592511625650786 
+3.512043347964490358 
+3.506529607288914274 
+3.501051881074792149 
+3.495610759531418754 
+3.490206831579567570 
+3.484840684829265456 
+3.479512905557760050 
+3.474224078687437434 
+3.468974787763656753 
+3.463765614932588832 
+3.458597140919146273 
+3.453469945004990826 
+3.448384605006237447 
+3.443341697251490974 
+3.438341796559607921 
+3.433385476217726051 
+3.428473307959044369 
+3.423605861940743011 
+3.418783706721884030 
+3.414007409241369029 
+3.409277534795613462 
+3.404594647016711662 
+3.399959307850130230 
+3.395372077532706978 
+3.390833514570461560 
+3.386344175716533123 
+3.381904615949113957 
+3.377515388449197076 
+3.373177044578605788 
+3.368890133857796343 
+3.364655203943855533 
+3.360472800608240274 
+3.356343467714820950 
+3.352267747197617442 
+3.348246179038802062 
+3.344279301246597669 
+3.340367649833058561 
+3.336511758792101379 
+3.332712160077252239 
+3.328969383579599484 
+3.325283957105793942 
+3.321656406355806723 
+3.318087254900668803 
+3.314577024160784369 
+3.311126233383428819 
+3.307735399620858274 
+3.304405037708111337 
+3.301135660240875680 
+3.297927777553492756 
+3.294781897696684059 
+3.291698526415592241 
+3.288678167127591756 
+3.285721320900219400 
+3.282828486428950310 
+3.280000160015356325 
+3.277236835544634630 
+3.274539004463777658 
+3.271907155759337549 
+3.269341775935400207 
+3.266843348991287144 
+3.264412356399707171 
+3.262049277084551058 
+3.259754587398606240 
+3.257528761101631698 
+3.255372269338313806 
+3.253285580615913553 
+3.251269160782378265 
+3.249323473004061213 
+3.247448977743824905 
+3.245646132738655432 
+3.243915392977773759 
+3.242257210680474344 
+3.240672035273992169 
+3.239160313371236111 
+3.237722488749058325 
+3.236359002325774448 
+3.235070292139286430 
+3.233856793324877188 
+3.232718938092919991 
+3.231657155707214901 
+3.230671872462505867 
+3.229763511662522291 
+3.228932493597757691 
+3.228179235523535695 
+3.227504151637747398 
+3.226907653058741499 
+3.226390147803375186 
+3.225952040764723971 
+3.225593733690097054 
+3.225315625158756916 
+3.225118110560047491 
+3.225001582071163053 
+3.224966428634878035 
+3.225013035937869255 
+3.225141786388053600 
+3.225353059092866737 
+3.225647229837123930 
+3.226024671060754301 
+3.226485751836748683 
+3.227030837849167000 
+3.227660291370678891 
+3.228374471241067134 
+3.229173732844439204 
+3.230058428087652977 
+3.231028905377791194 
+3.232085509600433948 
+3.233228582097287251 
+3.234458460643994115 
+3.235775479428466106 
+3.237179969028221471 
+3.238672256388750448 
+3.240252664801006599 
+3.241921513879607808 
+3.243679119540614497 
+3.245525793979197271 
+3.247461845648073275 
+3.249487579234838108 
+3.251603295639978963 
+3.253809291955154670 
+3.256105861440572458 
+3.258493293503158750 
+3.260971873674479493 
+3.263541883588398029 
+3.266203600959119324 
+3.268957299559229757 
+3.271803249197211994 
+3.274741715695686395 
+3.277772960869085317 
+3.280897242501749300 
+3.284114814325541865 
+3.287425925997934595 
+3.290830823079884837 
+3.294329747013623244 
+3.297922935100693120 
+3.301610620479724645 
+3.305393032104257056 
+3.309270394720903674 
+3.313242928846920510 
+3.317310850748372175 
+3.321474372417779097 
+3.325733701552148425 
+3.330089041530861049 
+3.334540591393597708 
+3.339088545818079456 
+3.343733095098014196 
+3.348474425121114262 
+3.353312717346859095 
+3.358248148784443998 
+3.363280891970472197 
+3.368411114947330809 
+3.373638981240481449 
+3.378964649836739831 
+3.384388275162192539 
+3.389910007059702579 
+3.395529990767194750 
+3.401248366895556430 
+3.407065271405957940 
+3.412980835588465212 
+3.418995186039649248 
+3.425108444640394545 
+3.431320728533719944 
+3.437632150102888140 
+3.444042816949335784 
+3.450552831870182136 
+3.457162292836523321 
+3.463871292971166582 
+3.470679920526333895 
+3.477588258862114756 
+3.484596386423510772 
+3.491704376719184655 
+3.498912298298688661 
+3.506220214730829010 
+3.513628184581176761 
+3.521136261390336308 
+3.528744493651396752 
+3.536452924788249241 
+3.544261593133096966 
+3.552170531904774720 
+3.560179769186242460 
+3.568289327902525176 
+3.576499225799023129 
+3.584809475418738511 
+3.593220084080757548 
+3.601731053857741838 
+3.610342381554167979 
+3.619054058683807806 
+3.627866071447884089 
+3.636778400713006842 
+3.645791021988970648 
+3.654903905406435172 
+3.664117015695228297 
+3.673430312162018652 
+3.682843748668022776 
+3.692357273607308255 
+3.701970829884379199 
+3.711684354892054838 
+3.721497780489567031 
+3.731411032980461506 
+3.741424033090023915 
+3.751536695943867628 
+3.761748931045235445 
+3.772060642253110441 
+3.782471727760228219 
+3.792982080070794293 
+3.803591585978561174 
+3.814300126544396541 
+3.825107577074541521 
+3.836013807098109574 
+3.847018680345392738 
+3.858122054725481309 
+3.869323782304315174 
+3.880623709282189360 
+3.892021675972374695 
+3.903517516778301832 
+3.915111060171636126 
+3.926802128670480840 
+3.938590538816890252 
+3.950476101155012021 
+3.962458620208813453 
+3.974537894459972520 
+3.986713716326015788 
+3.998985872137723163 
+4.011354142117717458 
+4.023818300357515199 
+4.036378114796119299 
+4.049033347197669386 
+4.061783753129056151 
+4.074629081938428321 
+4.087569076732226137 
+4.100603474354216793 
+4.113732005361999455 
+4.126954394006192572 
+4.140270358207455814 
+4.153679609534767891 
+4.167181853183270057 
+4.180776787952025231 
+4.194464106221949429 
+4.208243493933966128 
+4.222114630566505156 
+4.236077189113617969 
+4.250130836062718132 
+4.264275231372836927 
+4.278510028451908198 
+4.292834874135212253 
+4.307249408663025747 
+4.321753265658399457 
+4.336346072105390803 
+4.351027448326479252 
+4.365797007961101706 
+4.380654357942857402 
+4.395599098477696032 
+4.410630823022115621 
+4.425749118260409176 
+4.440953564083121918 
+4.456243733564540399 
+4.471619192941009402 
+4.487079501588306485 
+4.502624211999952664 
+4.518252869764970647 
+4.533965013545685707 
+4.549760175055664213 
+4.565637879037646840 
+4.581597643241459572 
+4.597638978401873189 
+4.613761388216401471 
+4.629964369323127826 
+4.646247411279211370 
+4.662609996537712576 
+4.679051600426546109 
+4.695571691125560498 
+4.712169729644948291 
+4.728845169802876391 
+4.745597458203641317 
+4.762426034215066828 
+4.779330329946898104 
+4.796309770228479152 
+4.813363772586379596 
+4.830491747223198296 
+4.847693096994033723 
+4.864967217385714804 
+4.882313496493933869 
+4.899731315001229603 
+4.917220046155224011 
+4.934779055746083998 
+4.952407702084640206 
+4.970105335980222527 
+4.987871300718683898 
+5.005704932039944488 
+5.023605558116305048 
+5.041572499530059481 
+5.059605069251468024 
+5.077702572616518140 
+5.095864307305211227 
+5.114089563318940712 
+5.132377622958648189 
+5.150727760802768174 
+5.169139243685093810 
+5.187611330672448950 
+5.206143273042753705 
+5.224734314263075774 
+5.243383689967062722 
+5.262090627933481812 
+5.280854348063305892 
+5.299674062358398885 
+5.318548974898824611 
+5.337478281821057990 
+5.356461171295819668 
+5.375496823505782729 
+5.394584410623634696 
+5.413723096790135969 
+5.432912038091487261 
+5.452150382537689133 
+5.471437270040354406 
+5.490771832390462848 
+5.510153193236298819 
+5.529580468061295662 
+5.549052764162194507 
+5.568569180626491644 
+5.588128808310683482 
+5.607730729817966164 
+5.627374019476350853 
+5.647057743316250544 
+5.666780959048494992 
+5.686542716042507273 
+5.706342055303548655 
+5.726178009451268203 
+5.746049602697082648 
+5.765955850822638062 
+5.785895761156983674 
+5.805868332555094824 
+5.825872555375524620 
+5.845907411457928582 
+5.865971874101935768 
+5.886064908043707078 
+5.906185469434950264 
+5.926332505820296248 
+5.946504956115173712 
+5.966701750584038066 
+5.986921810817790401 
+6.007164049711877674 
+6.027427371444491477 
+6.047710671453724984 
+6.068012836416605715 
+6.088332744225462889 
+6.108669263967239971 
+6.129021255900568121 
+6.149387571433855726 
+6.169767053103258903 
+6.190158534550686653 
+6.210560840501180735 
+6.230972786741419966 
+6.251393180097060132 
+6.271820818411161014 
+6.292254490521598242 
+6.312692976239361542 
+6.333135046326262341 
+6.353579462472560557 
+6.374024977275368542 
+6.394470334216150853 
+6.414914267638746281 
+6.435355502727156285 
+6.455792755483908074 
+6.476224732707057008 
+6.496650131968976893 
+6.517067641593624394 
+6.537475940634925209 
+6.557873698854279176 
+6.578259576698350486 
+6.598632225277344610 
+6.618990286342999241 
+6.639332392265927751 
+6.659657166013651874 
+6.679963221129041173 
+6.700249161707482415 
+6.720513582375371442 
+6.740755068267183958 
+6.760972195004610441 
+6.781163528673239682 
+6.801327625800901444 
+6.821463033335930959 
+6.841568288624510608 
+6.861641919389054323 
+6.881682443705160246 
+6.901688369980716331 
+6.921658196933072382 
+6.941590413567297446 
+6.961483499153319876 
+6.981335923205187477 
+7.001146145457230574 
+7.020912615843458937 
+7.040633774474593487 
+7.060308051616285496 
+7.079933867666940550 
+7.099509633135513198 
+7.119033748619476576 
+7.138504604782885288 
+7.157920582333931137 
+7.177280052002941169 
+7.196581374520460095 
+7.215822900595004974 
+7.235002970890942464 
+7.254119916006258606 
+7.273172056450776246 
+7.292157702623688564 
+7.311075154791671693 
+7.329922703066670486 
+7.348698627384027127 
+7.367401197479804154 
+7.386028672869572098 
+7.404579302825025522 
+7.423051326353355961 
+7.441442972174065140 
+7.459752458697243682 
+7.477977994001308915 
+7.496117775811138806 
+7.514169991475749377 
+7.532132817946364689 
+7.550004421754052508 
+7.567782958987780084 
+7.585466575272437950 
+7.603053405746308613 
+7.620541575039712967 
+7.637929197251672520 
+7.655214375929257464 
+7.672395204044438977 
+7.689469763972048177 
+7.706436127468417219 
+7.723292355648501584 
+7.740036498963962508 
+7.756666597181242295 
+7.773180679359544598 
+7.789576763828130801 
+7.805852858164850083 
+7.822006959173754659 
+7.838037052862958376 
+7.853941114422561043 
+7.869717108202778810 
+7.885362987691160619 
+7.900876695491600543 
+7.916256163300968041 
+7.931499311887856507 
+7.946604051070012886 
+7.961568279692873951 
+7.976389885606520735 
+7.991066745644330283 
+8.005596725600504726 
+8.019977680208112858 
+8.034207453116557929 
+8.048283876870508280 
+8.062204772886644832 
+8.075967951431776370 
+8.089571211601633394 
+8.103012341297505472 
+8.116289117205033321 
+8.129399304771601109 
+8.142340658184451740 
+8.155110920348576542 
+8.167707822864645806 
+8.180129086006401096 
+8.192372418699676473 
+8.204435518498746305 
+8.216316071565691104 
+8.228011752647169885 
+8.239520225053130531 
+8.250839140634177227 
+8.261966139759579164 
+8.272898851295177991 
+8.283634892581563491 
+8.294171869411421483 
+8.304507376007855157 
+8.314638995001960353 
+8.324564297411200187 
+8.334280842616729856 
+8.343786178341492388 
+8.353077840628454709 
+8.362153353817845414 
+8.371010230525499196 
+8.379645971620766076 
+8.388058066204315821 
+8.396243991585702560 
+8.404201213261689674 
+8.411927184894359755 
+8.419419348287831895 
+8.426675133367524495 
+8.433691958157533364 
+8.440467228758020468 
+8.446998339324222727 
+8.453282672042806922 
+8.459317597111427389 
+8.465100472715327840 
+8.470628645005795931 
+8.475899448078090259 
+8.480910203949225235 
+8.485658222535612083 
+8.490140801631568479 
+8.494355226886444399 
+8.498298771782902605 
+8.501968697615003734 
+8.505362253465737155 
+8.508476676185381393 
+8.511309190368683275 
+8.513857008333442167 
+8.516117330097760174 
+8.518087343358432761 
+8.519764223468778042 
+8.521145133416460737 
+8.522227223800912910 
+8.523007632812520384 
+8.523483486208515814 
+8.523651897293028412 
+8.523509966893257683 
+8.523054783338377405 
+8.522283422437173073 
+8.521192947455535460 
+8.519780409094913409 
+8.518042845470114699 
+8.515977282086591771 
+8.513580731819068603 
+8.510850194889126641 
+8.507782658843376922 
+8.504375098530509547 
+8.500624476080192338 
+8.496527740880654989 
+8.492081829555946371 
+8.487283665944694633 
+8.482130161077519048 
+8.476618213155376225 
+8.470744707526471018 
+8.464506516665288416 
+8.457900500150028478 
+8.450923504639931139 
+8.443572363854194407 
+8.435843898549059361 
+8.427734916496405049 
+8.419242212460726904 
+8.410362568177859544 
+8.401092752332189662 
+8.391429520535464093 
+8.381369615303945864 
+8.370909766035591559 
+8.360046688990037111 
+8.348777087264675600 
+8.337097650773326762 
+8.325005056223540478 
+8.312495967095513194 
+8.299567033619021927 
+8.286214892751377903 
+8.272436168156156455 
+8.258227470180083074 
+8.243585395831575013 
+8.228506528758094518 
+8.212987439224811226 
+8.197024684092161451 
+8.180614806792366522 
+8.163754337310050957 
+8.146439792158140847 
+8.128667674355700257 
+8.110434473407375222 
+8.091736665279530172 
+8.072570712379109281 
+8.052933063531675373 
+8.032820153958338594 
+8.012228405254521846 
+7.991154225367856689 
+7.969594008575151101 
+7.947544135461967585 
+7.925000972898092577 
+7.901960874017932568 
+7.878420178196800627 
+7.854375211029199555 
+7.829822284307000224 
+7.804757695997284195 
+7.779177730219648090 
+7.753078657224935277 
+7.726456733372353725 
+7.699308201107760041 
+7.671629288941652192 
+7.643416211427146223 
+7.614665169136871192 
+7.585372348642934526 
+7.555533922491946441 
+7.525146049185725161 
+7.494204873157142899 
+7.462706524749149750 
+7.430647120192461763 
+7.398022761582960349 
+7.364829536859969217 
+7.331063519784468241 
+7.296720769916224647 
+7.261797332592045962 
+7.226289238904032963 
+7.190192505677140744 
+7.153503135446584338 
+7.116217116436596157 
+7.078330422538138933 
+7.039839013286194103 
+7.000738833837766961 
+6.961025814950684953 
+6.920695872960702211 
+6.879744909759375027 
+6.838168812772228655 
+6.795963454936578607 
+6.753124694679174311 
+6.709648375894492034 
+6.665530327922242648 
+6.620766365525904362 
+6.575352288869602546 
+6.529283883496851182 
+6.482556920307925630 
+6.435167155538305650 
+6.387110330736399000 
+6.338382172739961185 
+6.288978393656949883 
+6.238894690840805168 
+6.188126746869771821 
+6.136670229523650377 
+6.084520791763110559 
+6.031674071706284224 
+5.978125692607560993 
+5.923871262834715878 
+5.868906375847381618 
+5.813226610174730524 
+5.756827529393486742 
+5.699704682105492637 
+5.641853601916102079 
+5.583269807411074481 
+5.523948802136327885 
+5.463886074573554907 
+5.403077098120103727 
+5.341517331065057661 
+5.279202216569415462 
+5.216127182640919457 
+5.152287642115158661 
+5.087678992630847219 
+5.022296616609931874 
+4.956135881233196372 
+4.889192138420186851 
+4.821460724805760378 
+4.752936961718711828 
+4.683616155159535666 
+4.613493595777598877 
+4.542564558850197720 
+4.470824304259677362 
+4.398268076471516075 
+4.324891104512039064 
+4.250688601946717604 
+4.175655766857977014 
+4.099787781822501032 
+4.023079813889722800 
+3.945527014559746526 
+3.867124519760809953 
+3.787867449827385435 
+3.707750909478472412 
+3.626769987794705941 
+3.544919758196373394 
+3.462195278422049771 
+3.378591590506268894 
+3.294103720756433873 
+3.208726679731868092 
+3.122455462221124911 
+3.035285047220332988 
+2.947210397910357216 
+2.858226461635361648 
+2.768328169879971767 
+2.677510438248386748 
+2.585768166441229088 
+2.493096238233177164 
+2.399489521452430552 
+2.304942867956417896 
+2.209451113611706319 
+2.113009078270753349 
+2.015611565749757084 
+1.917253363807451150 
+1.817929244121796462 
+1.717633962269160763 
+1.616362257701176919 
+1.514108853722448522 
+1.410868457469859338 
+1.306635759888969739 
+1.201405435712755043 
+1.095172143439404167 
+0.987930525309672403 
+0.879675207285271821 
+0.770400799026852656 
+0.660101893871710033 
+0.548773068811264420 
+0.436408884469861480 
+0.323003885081268205 
+0.208552598468702222 
+0.093049536020489043 
-0.023510807330988648 
-0.141133953131119760 
-0.259825439425845239 
-0.379590820783060945 
-0.500435668316033588 
-0.622365569703662302 
-0.745386129213707616 
