+2.530941700000000072 
+2.478739059061892291 
+2.427105614316865445 
+2.376038190453233057 
+2.325533622260198552 
+2.275588754613363740 
+2.226200442460230189 
+2.177365550805704597 
+2.129080954697601946 
+2.081343539212152205 
+2.034150199439500373 
+1.987497840469215404 
+1.941383377375790031 
+1.895803735204148577 
+1.850755848955148775 
+1.806236663571087142 
+1.762243133921202132 
+1.718772224787179947 
+1.675820910848657253 
+1.633386176668725653 
+1.591465016679437072 
+1.550054435167306011 
+1.509151446258815144 
+1.468753073905919582 
+1.428856351871550023 
+1.389458323715117682 
+1.350556042778018329 
+1.312146572169136993 
+1.274226984750351122 
+1.236794363122035501 
+1.199845799608566077 
+1.163378396243824886 
+1.127389264756703424 
+1.091875526556607134 
+1.056834312718959223 
+1.022262763970706256 
+0.988158030675820420 
+0.954517272820805340 
+0.921337660000199010 
+0.888616371402078498 
+0.856350595793565095 
+0.824537531506326582 
+0.793174386422083488 
+0.762258377958111133 
+0.731786733052746330 
+0.701756688150888763 
+0.672165489189507914 
+0.643010391583144880 
+0.614288660209418858 
+0.585997569394528739 
+0.558134402898760262 
+0.530696453901987386 
+0.503681024989178994 
+0.477085428135900713 
+0.450906984693820956 
+0.425143025376214290 
+0.399790890243465924 
+0.374847928688574861 
+0.350311499422660155 
+0.326178970460464068 
+0.302447719105855661 
+0.279115131937334393 
+0.256178604793536824 
+0.233635542758739767 
+0.211483360148362554 
+0.189719480494473736 
+0.168341336531294239 
+0.147346370180701847 
+0.126732032537735240 
+0.106495783856097148 
+0.086635093533660612 
+0.067147440097972577 
+0.048030311191755715 
+0.029281203558416458 
+0.010897623027546821 
-0.007122915499572002 
-0.024782888064463382 
-0.042084761665951209 
-0.059030994274658521 
-0.075624034847499910 
-0.091866323342180145 
-0.107760290731685249 
-0.123308359018786895 
-0.138512941250526822 
-0.153376441532725227 
-0.167901255044463849 
-0.182089768052592582 
-0.195944357926218782 
-0.209467393151204551 
-0.222661233344664922 
-0.235528229269458933 
-0.248070722848690917 
-0.260291047180202462 
-0.272191526551068819 
-0.283774476452095747 
-0.295042203592315033 
-0.305997005913480002 
-0.316641172604560595 
-0.326976984116241542 
-0.337006712175415224 
-0.346732619799679398 
-0.356156961311832720 
-0.365281982354369372 
-0.374109919903975463 
-0.382643002286027656 
-0.390883449189083798 
-0.398833471679382434 
-0.406495272215337877 
-0.413871044662033949 
-0.420962974305724824 
-0.427773237868323886 
-0.434304003521905013 
-0.440557430903197211 
-0.446535671128077460 
-0.452240866806072006 
-0.457675152054844769 
-0.462840652514702189 
-0.467739485363079854 
-0.472373759329045129 
-0.476745574707790443 
-0.480857023375126591 
-0.484710188801984021 
-0.488307146068904352 
-0.491649961880538555 
-0.494740694580140250 
-0.497581394164062107 
-0.500174102296255363 
-0.502520852322760003 
-0.504623669286206500 
-0.506484569940304663 
-0.508105562764346264 
-0.509488647977694775 
-0.510635817554287996 
-0.511549055237126016 
-0.512230336552775611 
-0.512681628825856883 
-0.512904891193544543 
-0.512902074620066095 
-0.512675121911191134 
-0.512225967728732190 
-0.511556538605036248 
-0.510668752957487371 
-0.509564521102992884 
-0.508245745272487781 
-0.506714319625427567 
-0.504972130264282448 
-0.503021055249032401 
-0.500862964611669348 
-0.498499720370685129 
-0.495933176545572341 
-0.493165179171318968 
-0.490197566312902122 
-0.487032168079785333 
-0.483670806640415840 
-0.480115296236719669 
-0.476367443198594476 
-0.472429045958409954 
-0.468301895065499352 
-0.463987773200659426 
-0.459488455190641520 
-0.454805708022653299 
-0.449941290858848486 
-0.444896955050825493 
-0.439674444154125155 
-0.434275493942722690 
-0.428701832423524998 
-0.422955179850870167 
-0.417037248741014555 
-0.410949743886638519 
-0.404694362371335270 
-0.398272793584107720 
-0.391686719233871550 
-0.384937813363938286 
-0.378027742366521036 
-0.370958164997226891 
-0.363730732389551559 
-0.356347088069379758 
-0.348808867969473635 
-0.341117700443976268 
-0.333275206282904080 
-0.325282998726637906 
-0.317142683480428289 
-0.308855858728884769 
-0.300424115150473181 
-0.291849035932012058 
-0.283132196783166812 
-0.274275165950948807 
-0.265279504234205987 
-0.256146764998126830 
-0.246878494188723874 
-0.237476230347343442 
-0.227941504625150060 
-0.218275840797631737 
-0.208480755279084384 
-0.198557757137121094 
-0.188508348107156110 
-0.178334022606907450 
-0.168036267750887980 
-0.157616563364912476 
-0.147076382000573602 
-0.136417188949757850 
-0.125640442259129959 
-0.114747592744627980 
-0.103740084005966793 
-0.092619352441131397 
-0.081386827260861772 
-0.070043930503165708 
-0.058592077047808111 
-0.047032674630798521 
-0.035367123858896843 
-0.023596818224109306 
-0.011723144118174655 
+0.000252519152926567 
+0.012328799354488940 
+0.024504331308576877 
+0.036777756879537105 
+0.049147724959492933 
+0.061612891453858509 
+0.074171919266833530 
+0.086823478286919720 
+0.099566245372409323 
+0.112398904336905581 
+0.125320145934811666 
+0.138328667846847164 
+0.151423174665545002 
+0.164602377880759487 
+0.177864995865167685 
+0.191209753859774789 
+0.204635383959419048 
+0.218140625098276697 
+0.231724223035361554 
+0.245384930340037943 
+0.259121506377512301 
+0.272932717294346983 
+0.286817336003965195 
+0.300774142172148373 
+0.314801922202546436 
+0.328899469222177832 
+0.343065583066936242 
+0.357299070267094621 
+0.371598744032803907 
+0.385963424239609054 
+0.400391937413943300 
+0.414883116718634426 
+0.429435801938408357 
+0.444048839465398526 
+0.458721082284646808 
+0.473451389959600899 
+0.488238628617633008 
+0.503081670935527914 
+0.517979396125002545 
+0.532930689918198031 
+0.547934444553189071 
+0.562989558759490416 
+0.578094937743558024 
+0.593249493174289988 
+0.608452143168536796 
+0.623701812276605594 
+0.638997431467756449 
+0.654337938115714834 
+0.669722275984172999 
+0.685149395212296675 
+0.700618252300220012 
+0.716127810094565609 
+0.731677037773930339 
+0.747264910834405161 
+0.762890411075070496 
+0.778552526583505378 
+0.794250251721282163 
+0.809982587109483676 
+0.825748539614207244 
+0.841547122332047648 
+0.857377354575629802 
+0.873238261859092813 
+0.889128875883607783 
+0.905048234522870310 
+0.920995381808610514 
+0.936969367916096640 
+0.952969249149642206 
+0.968994087928103598 
+0.985042952770390556 
+1.001114918280967769 
+1.017209065135350921 
+1.033324480065633821 
+1.049460255845965140 
+1.065615491278073756 
+1.081789291176755041 
+1.097980766355394433 
+1.114189033611455049 
+1.130413215711992159 
+1.146652441379148790 
+1.162905845275673089 
+1.179172567990405041 
+1.195451756023794276 
+1.211742561773402560 
+1.228044143519399611 
+1.244355665410079581 
+1.260676297447349770 
+1.277005215472253097 
+1.293341601150452824 
+1.309684641957762352 
+1.326033531165618840 
+1.342387467826607006 
+1.358745656759959619 
+1.375107308537062867 
+1.391471639466957511 
+1.407837871581840705 
+1.424205232622577588 
+1.440572956024202878 
+1.456940280901413809 
+1.473306452034094605 
+1.489670719852812963 
+1.506032340424310778 
+1.522390575437020388 
+1.538744692186577501 
+1.555093963561304804 
+1.571437668027733769 
+1.587775089616100699 
+1.604105517905844103 
+1.620428248011132055 
+1.636742580566334704 
+1.653047821711556509 
+1.669343283078127627 
+1.685628281774100401 
+1.701902140369774941 
+1.718164186883180289 
+1.734413754765600446 
+1.750650182887052875 
+1.766872815521825846 
+1.783081002333943843 
+1.799274098362704244 
+1.815451464008167148 
+1.831612465016660529 
+1.847756472466285604 
+1.863882862752421321 
+1.879991017573232170 
+1.896080323915156463 
+1.912150174038439232 
+1.928199965462604970 
+1.944229100951978761 
+1.960236988501198319 
+1.976223041320701590 
+1.992186677822231022 
+2.008127321604354698 
+2.024044401437957497 
+2.039937351251742470 
+2.055805610117744209 
+2.071648622236831550 
+2.087465836924202289 
+2.103256708594905877 
+2.119020696749327026 
+2.134757265958694195 
+2.150465885850604941 
+2.166146031094504654 
+2.181797181387196805 
+2.197418821438358538 
+2.213010440956025615 
+2.228571534632117768 
+2.244101602127931194 
+2.259600148059642155 
+2.275066681983805239 
+2.290500718382884493 
+2.305901776650730373 
+2.321269381078079785 
+2.336603060838090773 
+2.351902349971816353 
+2.367166787373738313 
+2.382395916777228617 
+2.397589286740100967 
+2.412746450630083306 
+2.427866966610331634 
+2.442950397624942038 
+2.457996311384442301 
+2.473004280351300821 
+2.487973881725429326 
+2.502904697429693570 
+2.517796314095408938 
+2.532648323047855587 
+2.547460320291766944 
+2.562231906496849732 
+2.576962686983274242 
+2.591652271707189481 
+2.606300275246226317 
+2.620906316784990420 
+2.635470020100579625 
+2.649991013548088414 
+2.664468930046098638 
+2.678903407062191988 
+2.693294086598461590 
+2.707640615176996501 
+2.721942643825414621 
+2.736199828062335637 
+2.750411827882908611 
+2.764578307744304908 
+2.778698936551224463 
+2.792773387641397598 
+2.806801338771103715 
+2.820782472100652249 
+2.834716474179895584 
+2.848603035933756189 
+2.862441852647687135 
+2.876232623953215217 
+2.889975053813424566 
+2.903668850508466459 
+2.917313726621067804 
+2.930909399022020523 
+2.944455588855713124 
+2.957952021525598330 
+2.971398426679728200 
+2.984794538196245295 
+2.998140094168887604 
+3.011434836892492140 
+3.024678512848505640 
+3.037870872690479729 
+3.051011671229585165 
+3.064100667420095014 
+3.077137624344917555 
+3.090122309201078998 
+3.103054493285248849 
+3.115933951979215522 
+3.128760464735413471 
+3.141533815062420576 
+3.154253790510447075 
+3.166920182656874694 
+3.179532787091731372 
+3.192091403403208183 
+3.204595835163137618 
+3.217045889912560686 
+3.229441379147151014 
+3.241782118302785065 
+3.254067926740999539 
+3.266298627734531834 
+3.278474048452801881 
+3.290594019947427284 
+3.302658377137699830 
+3.314666958796145479 
+3.326619607533980449 
+3.338516169786623244 
+3.350356495799220014 
+3.362140439612125054 
+3.373867859046419060 
+3.385538615689414499 
+3.397152574880136555 
+3.408709605694870248 
+3.420209580932616511 
+3.431652377100629536 
+3.443037874399925258 
+3.454365956710742758 
+3.465636511578090939 
+3.476849430197246349 
+3.488004607399251000 
+3.499101941636389324 
+3.510141334967736171 
+3.521122693044656415 
+3.532045925096273020 
+3.542910943915012822 
+3.553717665842075490 
+3.564466010752957104 
+3.575155902042970180 
+3.585787266612701529 
+3.596360034853559373 
+3.606874140633268055 
+3.617329521281356541 
+3.627726117574679776 
+3.638063873722905406 
+3.648342737354028031 
+3.658562659499892789 
+3.668723594581661196 
+3.678825500395336512 
+3.688868338097276212 
+3.698852072189674267 
+3.708776670506098494 
+3.718642104196935971 
+3.728448347714970357 
+3.738195378800824642 
+3.747883178468519816 
+3.757511730990909182 
+3.767081023885269442 
+3.776591047898722131 
+3.786041796993790953 
+3.795433268333897381 
+3.804765462268838050 
+3.814038382320323883 
+3.823252035167457041 
+3.832406430632259386 
+3.841501581665150322 
+3.850537504330479699 
+3.859514217791994106 
+3.868431744298391539 
+3.877290109168778365 
+3.886089340778204448 
+3.894829470543143657 
+3.903510532907020547 
+3.912132565325697087 
+3.920695608252992237 
+3.929199705126170894 
+3.937644902351459475 
+3.946031249289559284 
+3.954358798241102591 
+3.962627604432221062 
+3.970837726000007173 
+3.978989223978048884 
+3.987082162281881281 
+3.995116607694564337 
+4.003092629852124773 
+4.011010301229104513 
+4.018869697124022977 
+4.026670895644909542 
+4.034413977694816467 
+4.042099026957288288 
+4.049726129881889847 
+4.057295375669721871 
+4.064806856258885048 
+4.072260666310029364 
+4.079656903191835049 
+4.086995666966490859 
+4.094277060375270949 
+4.101501188823964306 
+4.108668160368429412 
+4.115778085700052102 
+4.122831078131298455 
+4.129827253581201063 
+4.136766730560831995 
+4.143649630158859232 
+4.150476076027029393 
+4.157246194365631808 
+4.163960113909070948 
+4.170617965911336711 
+4.177219884131502248 
+4.183766004819227113 
+4.190256466700306603 
+4.196691410962088753 
+4.203070981239077852 
+4.209395323598362992 
+4.215664586525156743 
+4.221878920908291200 
+4.228038480025727353 
+4.234143419530047581 
+4.240193897433996995 
+4.246190074095906652 
+4.252132112205308623 
+4.258020176768313014 
+4.263854435093252349 
+4.269635056776070137 
+4.275362213685879098 
+4.281036079950443884 
+4.286656831941714429 
+4.292224648261299791 
+4.297739709725998836 
+4.303202199353269641 
+4.308612302346769951 
+4.313970206081847003 
+4.319276100091029136 
+4.324530176049544039 
+4.329732627760809471 
+4.334883651141992367 
+4.339983444209403629 
+4.345032207064130070 
+4.350030141877429202 
+4.354977452876305222 
+4.359874346328984629 
+4.364721030530415824 
+4.369517715787779366 
+4.374264614406015994 
+4.378961940673280040 
+4.383609910846505642 
+4.388208743136846834 
+4.392758657695216229 
+4.397259876597820138 
+4.401712623831593341 
+4.406117125279735092 
+4.410473608707244253 
+4.414782303746396686 
+4.419043441882201328 
+4.423257256438017038 
+4.427423982560939386 
+4.431543857207387305 
+4.435617119128568930 
+4.439644008855978541 
+4.443624768686931681 
+4.447559642670070978 
+4.451448876590815118 
+4.455292717956925941 
+4.459091415983985840 
+4.462845221580878707 
+4.466554387335373022 
+4.470219167499522861 
+4.473839817975229671 
+4.477416596299752527 
+4.480949761631207728 
+4.484439574734024880 
+4.487886297964524651 
+4.491290195256376627 
+4.494651532106124669 
+4.497970575558639439 
+4.501247594192729906 
+4.504482858106531928 
+4.507676638903068245 
+4.510829209675784490 
+4.513940844993975077 
+4.517011820888338747 
+4.520042414836479061 
+4.523032905748398669 
+4.525983573952006900 
+4.528894701178629134 
+4.531766570548491302 
+4.534599466556242575 
+4.537393675056472730 
+4.540149483249180662 
+4.542867179665281085 
+4.545547054152184074 
+4.548189397859177419 
+4.550794503223022147 
+4.553362663953418377 
+4.555894175018517345 
+4.558389332630452984 
+4.560848434230777571 
+4.563271778476041263 
+4.565659665223256169 
+4.568012395515394175 
+4.570330271566922065 
+4.572613596749270926 
+4.574862675576396143 
+4.577077813690192620 
+4.579259317846066324 
+4.581407495898460525 
+4.583522656786263028 
+4.585605110518404359 
+4.587655168159319174 
+4.589673141814444080 
+4.591659344615770522 
+4.593614090707292874 
+4.595537695230504482 
+4.597430474309982529 
+4.599292745038781938 
+4.601124825464090407 
+4.602927034572524612 
+4.604699692275854517 
+4.606443119396320895 
+4.608157637652286809 
+4.609843569643635952 
+4.611501238837337979 
+4.613130969552904581 
+4.614733086947976126 
+4.616307917003727113 
+4.617855786510418170 
+4.619377023052896547 
+4.620871954996125908 
+4.622340911470633529 
+4.623784222358073848 
+4.625202218276696975 
+4.626595230566842076 
+4.627963591276474276 
+4.629307633146678924 
+4.630627689597165642 
+4.631924094711727058 
+4.633197183223871640 
+4.634447290502135886 
+4.635674752535766885 
+4.636879905920152645 
+4.638063087842276389 
+4.639224636066302310 
+4.640364888919076947 
+4.641484185275542629 
+4.642582864544328558 
+4.643661266653284159 
+4.644719732034849002 
+4.645758601611673200 
+4.646778216782101012 
+4.647778919405629594 
+4.648761051788461884 
+4.649724956669006204 
+4.650670977203345657 
+4.651599456950746614 
+4.652510739859215150 
+4.653405170250974443 
+4.654283092807906641 
+4.655144852557146606 
+4.655990794856553094 
+4.656821265380218122 
+4.657636610103914165 
+4.658437175290721655 
+4.659223307476411335 
+4.659995353454966960 
+4.660753660264203901 
+4.661498575171100889 
+4.662230445657479017 
+4.662949619405317492 
+4.663656444282451297 
+4.664351268327916245 
+4.665034439737553384 
+4.665706306849479290 
+4.666367218129588323 
+4.667017522157049569 
+4.667657567609824198 
+4.668287703250141973 
+4.668908277910109206 
+4.669519640477025391 
+4.670122139879075540 
+4.670716125070740077 
+4.671301945018262458 
+4.671879948685276673 
+4.672450485018162070 
+4.673013902931722363 
+4.673570551294496056 
+4.674120778914381269 
+4.674664934524164650 
+4.675203366766909951 
+4.675736424181568651 
+4.676264455188452018 
+4.676787808074685415 
+4.677306830979770069 
+4.677821871881086224 
+4.678333278579381194 
+4.678841398684243202 
+4.679346579599695133 
+4.679849168509577773 
+4.680349512363131126 
+4.680847957860535757 
+4.681344851438295152 
+4.681840539254878308 
+4.682335367176103880 
+4.682829680760672630 
+4.683323825245789607 
+4.683818145532498534 
+4.684312986171274673 
+4.684808691347550180 
+4.685305604867139095 
+4.685804070141815103 
+4.686304430174748958 
+4.686807027546128879 
+4.687312204398480731 
+4.687820302422396779 
+4.688331662841820346 
+4.688846626399694628 
+4.689365533343400116 
+4.689888723410348348 
+4.690416535813342946 
+4.690949309226194686 
+4.691487381769180232 
+4.692031090994568387 
+4.692580773872110811 
+4.693136766774562929 
+4.693699405463116037 
+4.694269025073049662 
+4.694845960099075732 
+4.695430544380947424 
+4.696023111088882374 
+4.696623992709191953 
+4.697233521029612113 
+4.697852027125030361 
+4.698479841342719787 
+4.699117293288050945 
+4.699764711809969242 
+4.700422424986381742 
+4.701090760109804201 
+4.701770043672775401 
+4.702460601353336322 
+4.703162758000710930 
+4.703876837620552642 
+4.704603163360669527 
+4.705342057496363140 
+4.706093841416116419 
+4.706858835606869462 
+4.707637359639736729 
+4.708429732155346770 
+4.709236270849483930 
+4.710057292458497358 
+4.710893112744809486 
+4.711744046482513326 
+4.712610407442719307 
+4.713492508379249379 
+4.714390661013963424 
+4.715305176022358324 
+4.716236363019094213 
+4.717184530543399035 
+4.718149986044688049 
+4.719133035867963955 
+4.720133985239446162 
+4.721153138251910519 
+4.722190797850304378 
+4.723247265817292373 
+4.724322842758599705 
+4.725417828088716021 
+4.726532520016226258 
+4.727667215529361755 
+4.728822210381615321 
+4.729997799077104936 
+4.731194274856122206 
+4.732411929680707452 
+4.733651054220040066 
+4.734911937835922124 
+4.736194868568583516 
+4.737500133121667290 
+4.738828016848251501 
+4.740178803735998869 
+4.741552776392876645 
+4.742950216032546962 
+4.744371402459774956 
+4.745816614056234783 
+4.747286127765809383 
+4.748780219079958620 
+4.750299162023542188 
+4.751843229140161107 
+4.753412691477548080 
+4.755007818573313116 
+4.756628878440267272 
+4.758276137551968432 
+4.759949860828282198 
+4.761650311620824638 
+4.763377751698529394 
+4.765132441233030036 
+4.766914638784271574 
+4.768724601286047360 
+4.770562584031381448 
+4.772428840658095694 
+4.774323623134306693 
+4.776247181743970671 
+4.778199765072393745 
+4.780181619991550335 
+4.782192991645869640 
+4.784234123437542507 
+4.786305257012105407 
+4.788406632243875194 
+4.790538487221549957 
+4.792701058233711287 
+4.794894579754183539 
+4.797119284427697750 
+4.799375403055313072 
+4.801663164579961673 
+4.803982796071913697 
+4.806334522714364788 
+4.808718567788748288 
+4.811135152660469316 
+4.813584496764336862 
+4.816066817589971016 
+4.818582330667384284 
+4.821131249552484732 
+4.823713785812582699 
+4.826330149011912596 
+4.828980546697021481 
+4.831665184382472944 
+4.834384265536173508 
+4.837137991564940620 
+4.839926561800039551 
+4.842750173482628817 
+4.845609021749336165 
+4.848503299617668461 
+4.851433197971639188 
+4.854398905547046006 
+4.857400608917345153 
+4.860438492478788675 
+4.863512738436145177 
+4.866623526788055543 
+4.869771035312741247 
+4.872955439553306789 
+4.876176912803371621 
+4.879435626092450740 
+4.882731748171603492 
+4.886065445498908311 
+4.889436882224829972 
+4.892846220177841765 
+4.896293618849994367 
+4.899779235382227149 
+4.903303224550122685 
+4.906865738749051964 
+4.910466927980117191 
+4.914106939835290788 
+4.917785919483129931 
+4.921504009654222855 
+4.925261350626638723 
+4.929058080211485837 
+4.932894333738480519 
+4.936770244041266409 
+4.940685941443069495 
+4.944641553742201268 
+4.948637206197584959 
+4.952673021514011786 
+4.956749119827978944 
+4.960865618693006240 
+4.965022633065199642 
+4.969220275288716238 
+4.973458655081309132 
+4.977737879519764874 
+4.982058053025500755 
+4.986419277350151447 
+4.990821651560656491 
+4.995265272025226189 
+4.999750232398708860 
+5.004276623608030050 
+5.008844533837620183 
+5.013454048515162853 
+5.018105250296962971 
+5.022798219053261626 
+5.027533031854193979 
+5.032309762954769283 
+5.037128483780806576 
+5.041989262914281511 
+5.046892166078682962 
+5.051837256124704467 
+5.056824593015720737 
+5.061854233813259718 
+5.066926232662486207 
+5.072040640777762732 
+5.077197506428033691 
+5.082396874922501695 
+5.087638788596104078 
+5.092923286794854398 
+5.098250405861429968 
+5.103620179120738953 
+5.109032636865535437 
+5.114487806341493581 
+5.119985711733193945 
+5.125526374149353082 
+5.131109811608425275 
+5.136736039024048850 
+5.142405068190582185 
+5.148116907768685024 
+5.153871563270620015 
+5.159669037045977902 
+5.165509328267074984 
+5.171392432914388770 
+5.177318343762268071 
+5.183287050364228321 
+5.189298539038530222 
+5.195352792853753954 
+5.201449791614180640 
+5.207589511845410968 
+5.213771926779803501 
+5.219997006341879242 
+5.226264717134139204 
+5.232575022422254030 
+5.238927882120659518 
+5.245323252778107737 
+5.251761087563167507 
+5.258241336249771081 
+5.264763945202416195 
+5.271328857362192366 
+5.277936012231851493 
+5.284585345861522399 
+5.291276790834050558 
+5.298010276250789019 
+5.304785727716669008 
+5.311603067326156946 
+5.318462213648568415 
+5.325363081713415880 
+5.332305582996121451 
+5.339289625403482731 
+5.346315113259159091 
+5.353381947289173048 
+5.360490024607322823 
+5.367639238700801840 
+5.374829479415785372 
+5.382060632942758716 
+5.389332581801967059 
+5.396645204829223275 
+5.403998377161158828 
+5.411391970220777559 
+5.418825851702971264 
+5.426299885560077030 
+5.433813931987238277 
+5.441367847408209002 
+5.448961484460452809 
+5.456594691980906298 
+5.464267314991527513 
+5.471979194684539749 
+5.479730168408261548 
+5.487520069652239485 
+5.495348728033160768 
+5.503215969280091713 
+5.511121615220052838 
+5.519065483763385238 
+5.527047388889558377 
+5.535067140632413896 
+5.543124545065897024 
+5.551219404289094328 
+5.559351516412384342 
+5.567520675542498410 
+5.575726671768219234 
+5.583969291145645109 
+5.592248315684035020 
+5.600563523331069327 
+5.608914687958455048 
+5.617301579347348195 
+5.625723963173929754 
+5.634181600994925709 
+5.642674250233028488 
+5.651201664162547544 
+5.659763591894675372 
+5.668359778363167401 
+5.676989964309905545 
+5.685653886270277013 
+5.694351276558499819 
+5.703081863253675721 
+5.711845370184709836 
+5.720641516916122882 
+5.729470018733515246 
+5.738330586629063035 
+5.747222927287005234 
+5.756146743069057159 
+5.765101732000090351 
+5.774087587753511386 
+5.783103999636860060 
+5.792150652577213066 
+5.801227227106828366 
+5.810333399348417416 
+5.819468841000833947 
+5.828633219324676595 
+5.837826197127361283 
+5.847047432749219453 
+5.856296580048480749 
+5.865573288387148310 
+5.874877202616264782 
+5.884207963061434121 
+5.893565205508533467 
+5.902948561188952503 
+5.912357656765399483 
+5.921792114317030453 
+5.931251551325152249 
+5.940735580658879300 
+5.950243810560528424 
+5.959775844630716080 
+5.969331281814542756 
+5.978909716386662687 
+5.988510737937076556 
+5.998133931356224302 
+6.007778876820719205 
+6.017445149779125479 
+6.027132320937027998 
+6.036839956242634919 
+6.046567616872406958 
+6.056314859216616497 
+6.066081234864684646 
+6.075866290590600016 
+6.085669568338854418 
+6.095490605209272772 
+6.105328933443296968 
+6.115184080408852196 
+6.125055568586244448 
+6.134942915553299514 
+6.144845633971319998 
+6.154763231570265170 
+6.164695211134314512 
+6.174641070487349559 
+6.184600302478598266 
+6.194572394968115958 
+6.204556830812160584 
+6.214553087848520896 
+6.224560638882747909 
+6.234578951672727243 
+6.244607488914878601 
+6.254645708229260137 
+6.264693062145306968 
+6.274748998087323670 
+6.284812958359802693 
+6.294884380132922175 
+6.304962695428439901 
+6.315047331104721273 
+6.325137708842709650 
+6.335233245130683422 
+6.345333351250729059 
+6.355437433263500857 
+6.365544891994133536 
+6.375655123017499371 
+6.385767516643712227 
+6.395881457903980660 
+6.405996326535777996 
+6.416111496968365913 
+6.426226338308304697 
+6.436340214325141140 
+6.446452483436764247 
+6.456562498694907504 
+6.466669607770771933 
+6.476773152940224598 
+6.486872471069668578 
+6.496966893601461734 
+6.507055746539304408 
+6.517138350433608451 
+6.527214020367368974 
+6.537282065941534270 
+6.547341791260340216 
+6.557392494916898684 
+6.567433469978833926 
+6.577464003973755524 
+6.587483378874589235 
+6.597490871085009090 
+6.607485751425585363 
+6.617467285118539877 
+6.627434731773480081 
+6.637387345372962599 
+6.647324374258209545 
+6.657245061114183571 
+6.667148642955535109 
+6.677034351111579724 
+6.686901411212232915 
+6.696749043173470639 
+6.706576461182709892 
+6.716382873684224819 
+6.726167483364889677 
+6.735929487139499017 
+6.745668076136421831 
+6.755382435683049636 
+6.765071745290956784 
+6.774735178642163902 
+6.784371903574049512 
+6.793981082064865618 
+6.803561870219454022 
+6.813113418254790332 
+6.822634870485211778 
+6.832125365308177933 
+6.841584035189770319 
+6.851010006649802975 
+6.860402400247970434 
+6.869760330568926321 
+6.879082906207793613 
+6.888369229755701539 
+6.897618397785393540 
+6.906829500836920488 
+6.916001623402596721 
+6.925133843912693266 
+6.934225234721477449 
+6.943274862092168931 
+6.952281786182229695 
+6.961245061029670111 
+6.970163734537745626 
+6.979036848461054987 
+6.987863438390714776 
+6.996642533739798608 
+7.005373157729263056 
+7.014054327372960529 
+7.022685053463462168 
+7.031264340557539683 
+7.039791186961275926 
+7.048264584716255499 
+7.056683519584515452 
+7.065046971034288248 
+7.073353912225270435 
+7.081603309994619622 
+7.089794124842004663 
+7.097925310915149666 
+7.105995815995415299 
+7.114004581483593270 
+7.121950542384949401 
+7.129832627294927505 
+7.137649758384638332 
+7.145400851386449759 
+7.153084815579344280 
+7.160700553774619337 
+7.168246962301143554 
+7.175722930990922066 
+7.183127343164715128 
+7.190459075617763318 
+7.197716998604622773 
+7.204899975825187042 
+7.212006864410135165 
+7.219036514906450819 
+7.225987771262573744 
+7.232859470814419822 
+7.239650444270543161 
+7.246359515697772480 
+7.252985502506705373 
+7.259527215436905934 
+7.265983458543169959 
+7.272353029180269601 
+7.278634717988804681 
+7.284827308880396757 
+7.290929579023810447 
+7.296940298829966309 
+7.302858231937550570 
+7.308682135198399266 
+7.314410758663159484 
+7.320042845567000356 
+7.325577132314709417 
+7.331012348466492412 
+7.336347216722975517 
+7.341580452911466992 
+7.346710765971309343 
+7.351736857938545810 
+7.356657423932318807 
+7.361471152140287799 
+7.366176723803672388 
+7.370772813203220863 
+7.375258087644267491 
+7.379631207442736596 
+7.383890825910272682 
+7.388035589339999376 
+7.392064136991768564 
+7.395975101077649327 
+7.399767106747761503 
+7.403438772075825014 
+7.406988708043991565 
+7.410415518528935763 
+7.413717800287221493 
+7.416894142940980927 
+7.419943128963046419 
+7.422863333662352403 
+7.425653325170415542 
+7.428311664425686800 
+7.430836905159578620 
+7.433227593881838402 
+7.435482269866339422 
+7.437599465136301546 
+7.439577704449856554 
+7.441415505285236875 
+7.443111377827204223 
+7.444663824951552655 
+7.446071342211133981 
+7.447332417821332484 
+7.448445532645054712 
+7.449409160179197187 
+7.450221766539291579 
+7.450881810445512343 
+7.451387743207730452 
+7.451738008711558336 
+7.451931043403584809 
+7.451965276276649064 
+7.451839128855510808 
+7.451551015182776183 
+7.451099341803942622 
+7.450482507752807848 
+7.449698904537083166 
+7.448746916124415307 
+7.447624918927028048 
+7.446331281787996303 
+7.444864365966211039 
+7.443222525121861111 
+7.441404105302574123 
+7.439407444928518132 
+7.437230874777464251 
+7.434872717970973710 
+7.432331289959620335 
+7.429604898508699762 
+7.426691843683208560 
+7.423590417833985100 
+7.420298905582617621 
+7.416815583807704115 
+7.413138721629470851 
+7.409266580395984292 
+7.405197413668117790 
+7.400929467205736856 
+7.396460978952278609 
+7.391790179021217710 
+7.386915289680738184 
+7.381834525339909803 
+7.376546092533978083 
+7.371048189909339854 
+7.365339008209813798 
+7.359416730261724382 
+7.353279530959682120 
+7.346925577251747441 
+7.340353028125123913 
+7.333560034591695143 
+7.326544739673408912 
+7.319305278387922442 
+7.311839777733966983 
+7.304146356676909591 
+7.296223126134394832 
+7.288068188961601024 
+7.279679639936768254 
+7.271055565746872063 
+7.262194044973291795 
+7.253093148076981578 
+7.243750937383540034 
+7.234165467070020838 
+7.224334783149032546 
+7.214256923455399928 
+7.203929917630770063 
+7.193351787109465434 
+7.182520545104173593 
+7.171434196591429000 
+7.160090738296668533 
+7.148488158679974447 
+7.136624437922074904 
+7.124497547909056649 
+7.112105452218303370 
+7.099446106104071674 
+7.086517456482535948 
+7.073317441918021586 
+7.059843992607820695 
+7.046095030367844458 
+7.032068468618628998 
+7.017762212370156405 
+7.003174158207958300 
+6.988302194278046997 
+6.973144200272585636 
+6.957698047416014830 
+6.941961598449696069 
+6.925932707617796780 
+6.909609220652518147 
+6.892988974760475784 
+6.876069798607186812 
+6.858849512303025975 
+6.841325927388306027 
+6.823496846819729456 
+6.805360064955028321 
+6.786913367538799591 
+6.768154531687885722 
+6.749081325876796100 
+6.729691509923901194 
+6.709982834975937394 
+6.689953043493979123 
+6.669599869238989953 
+6.648921037257386146 
+6.627914263866642841 
+6.606577256640028040 
+6.584907714392924660 
+6.562903327168037038 
+6.540561776221370138 
+6.517880734006619825 
+6.494857864161609484 
+6.471490821493528500 
+6.447777251964778245 
+6.423714792677814422 
+6.399301071860563184 
+6.374533708853245884 
+6.349410314092404306 
+6.323928489097071726 
+6.298085826454259184 
+6.271879909804203734 
+6.245308313826335223 
+6.218368604224377094 
+6.191058337711934811 
+6.163375061997833804 
+6.135316315772268325 
+6.106879628691679329 
+6.078062521364463677 
+6.048862505336021655 
+6.019277083075392554 
+5.989303747959700885 
+5.958939984260136491 
+5.928183267127250744 
+5.897031062576377991 
+5.865480827473920300 
+5.833530009521755488 
+5.801176047243043143 
+5.768416369968536017 
+5.735248397821101740 
+5.701669541701630983 
+5.667677203274569919 
+5.633268774953273272 
+5.598441639885514576 
+5.563193171939506243 
+5.527520735688442599 
+5.491421686396711799 
+5.454893370005214237 
+5.417933123117391503 
+5.380538272983169001 
+5.342706137486115558 
+5.304434025128565544 
+5.265719235016499411 
+5.226559056845499818 
+5.186950770886289419 
+5.146891647969869865 
+5.106378949473922013 
+5.065409927307161553 
+5.023981823895087295 
+4.982091872166657609 
+4.939737295538011885 
+4.896915307899849523 
+4.853623113600873396 
+4.809857907434920143 
+4.765616874625802524 
+4.720897190813296618 
+4.675696022037911348 
+4.630010524726309029 
+4.583837845678168321 
+4.537175122050394194 
+4.490019481342841345 
+4.442368041384151311 
+4.394217910316744025 
+4.345566186583536883 
+4.296409958911692861 
+4.246746306299214346 
+4.196572298000369017 
+4.145884993511204542 
+4.094681442554800377 
+4.042958685066890823 
+3.990713751180821500 
+3.937943661214609925 
+3.884645425654778883 
+3.830816045142797943 
+3.776452510459781919 
+3.721551802513214380 
+3.666110892321440495 
+3.610126740999436645 
+3.553596299744505416 
+3.496516509821348873 
+3.438884302548497640 
+3.380696599282646542 
+3.321950311404426870 
+3.262642340304894528 
+3.202769577370242260 
+3.142328903966921327 
+3.081317191427598079 
+3.019731301037121618 
+2.957568084017400789 
+2.894824381512983269 
+2.831497024576830057 
+2.767582834155103200 
+2.703078621073950139 
+2.637981186023891311 
+2.572287319545705220 
+2.505993802015950678 
+2.439097403632416672 
+2.371594884400056280 
+2.303482994115631843 
+2.234758472353383318 
+2.165418048451674071 
+2.095458441497218161 
+2.024876360310984058 
+1.953668503433644066 
+1.881831559111556196 
+1.809362205281305869 
+1.736257109556649025 
+1.662512929212190738 
+1.588126311170238836 
+1.513093891986280859 
+1.437412297833689179 
+1.361078144489720421 
+1.284088037320881615 
+1.206438571268906079 
+1.128126330835573787 
+1.049147890068409472 
+0.969499812546473771 
+0.889178651365700068 
+0.808180949124446490 
+0.726503237908572963 
+0.644142039277473266 
+0.561093864249719187 
+0.477355213287952385 
+0.392922576284620462 
+0.307792432547600914 
+0.221961250786004705 
+0.135425489094711082 
+0.048181594941381523 
-0.039773994849899186 
-0.128444854111844364 
-0.217834567348187402 
-0.307946729749317694 
-0.398784947206235252 
