+2.674713099999999955 
+2.611795073783488519 
+2.549606091909964345 
+2.488141798428483931 
+2.427397851884457225 
+2.367369925298353994 
+2.308053706144407968 
+2.249444896329323207 
+2.191539212170977802 
+2.134332384377132463 
+2.077820158024132891 
+2.021998292535617026 
+1.966862561661219200 
+1.912408753455277832 
+1.858632670255537800 
+1.805530128661857692 
+1.753096959514915731 
+1.701329007874913701 
+1.650222133000283309 
+1.599772208326391887 
+1.549975121444246540 
+1.500826774079201176 
+1.452323082069660876 
+1.404459975345787814 
+1.357233397908206518 
+1.310639307806709120 
+1.264673677118961281 
+1.219332491929207452 
+1.174611752306975898 
+1.130507472285784631 
+1.087015679841846438 
+1.044132416872775249 
+1.001853739176289837 
+0.960175716428921300 
+0.919094432164717201 
+0.878605983753947051 
+0.838706482381808449 
+0.799392053027131233 
+0.760658834441084952 
+0.722502979125882572 
+0.684920653313485728 
+0.647908036944312649 
+0.611461323645940080 
+0.575576720711811429 
+0.540250449079941131 
+0.505478743311620793 
+0.471257851570122011 
+0.437584035599406729 
+0.404453570702827836 
+0.371862745721837307 
+0.339807863014690348 
+0.308285238435152653 
+0.277291201311202329 
+0.246822094423740701 
+0.216874273985292021 
+0.187444109618712496 
+0.158527984335895766 
+0.130122294516475279 
+0.102223449886533313 
+0.074827873497304687 
+0.047932001703881788 
+0.021532284143921387 
-0.004374816283650773 
-0.029792823439934946 
-0.054725247967351898 
-0.079175587310934770 
-0.103147325739628037 
-0.126643934367579369 
-0.149668871175434148 
-0.172225581031631325 
-0.194317495713697053 
-0.215948033929539207 
-0.237120601338742798 
-0.257838590573862270 
-0.278105381261720019 
-0.297924340044697367 
-0.317298820602029963 
-0.336232163671105422 
-0.354727697068750292 
-0.372788735712535235 
-0.390418581642059781 
-0.407620524040252619 
-0.424397839254665232 
-0.440753790818765090 
-0.456691629473229721 
-0.472214593187244347 
-0.487325907179794182 
-0.502028783940958956 
-0.516326423253206990 
-0.530222012212693716 
-0.543718725250549983 
-0.556819724154180129 
-0.569528158088559167 
-0.581847163617521090 
-0.593779864725058282 
-0.605329372836614699 
-0.616498786840378621 
-0.627291193108581613 
-0.637709665518789048 
-0.647757265475195521 
-0.657437041929919364 
-0.666752031404298950 
-0.675705258010186327 
-0.684299733471239957 
-0.692538457144221908 
-0.700424416040290598 
-0.707960584846296648 
-0.715149925946076959 
-0.721995389441747903 
-0.728499913175001623 
-0.734666422748402770 
-0.740497831546675922 
-0.745997040758006769 
-0.751166939395335298 
-0.756010404317649876 
-0.760530300251278213 
-0.764729479811189439 
-0.768610783522281071 
-0.772177039840678425 
-0.775431065175028689 
-0.778375663907794113 
-0.781013628416544314 
-0.783347739095255235 
-0.785380764375603668 
-0.787115460748259999 
-0.788554572784178731 
-0.789700833155901005 
-0.790556962658844675 
-0.791125670232597056 
-0.791409652982218326 
-0.791411596199520506 
-0.791134173384379746 
-0.790580046266017522 
-0.789751864824300931 
-0.788652267311036770 
-0.787283880271266945 
-0.785649318564558108 
-0.783751185386305060 
-0.781592072289016393 
-0.779174559203612560 
-0.776501214460723510 
-0.773574594811978322 
-0.770397245451302393 
-0.766971700036211068 
-0.763300480709104612 
-0.759386098118564057 
-0.755231051440644396 
-0.750837828400166440 
-0.746208905292017111 
-0.741346747002439077 
-0.736253807030328833 
-0.730932527508529439 
-0.725385339225122827 
-0.719614661644733200 
-0.713622902929807346 
-0.707412459961922480 
-0.700985718363072330 
-0.694345052516969652 
-0.687492825590329648 
-0.680431389554174704 
-0.673163085205124023 
-0.665690242186690373 
-0.658015179010572382 
-0.650140203077949064 
-0.642067610700779223 
-0.633799687123086652 
-0.625338706542267531 
-0.616686932130372067 
-0.607846616055408795 
-0.598819999502630207 
-0.589609312695838383 
-0.580216774918670186 
-0.570644594535891780 
-0.560894969014702927 
-0.550970084946022620 
-0.540872118065784946 
-0.530603233276235819 
-0.520165584667227066 
-0.509561315537506498 
-0.498792558416023990 
-0.487861435083213113 
-0.476770056592291436 
-0.465520523290555488 
-0.454114924840676171 
-0.442555340241988837 
-0.430843837851792699 
-0.418982475406642685 
-0.406973300043645736 
-0.394818348321752222 
-0.382519646243054012 
-0.370079209274080778 
-0.357499042367082964 
-0.344781139981344964 
-0.331927486104464098 
-0.318940054273648244 
-0.305820807597016575 
-0.292571698774892308 
-0.279194670121092781 
-0.265691653584223086 
-0.252064570768980811 
-0.238315332957436787 
-0.224445841130344270 
-0.210457985988419249 
-0.196353647973644740 
-0.182134697290563530 
-0.167802993927569144 
-0.153360387678201704 
-0.138808718162449551 
-0.124149814848030449 
-0.109385497071696314 
-0.094517574060528187 
-0.079547844953224534 
-0.064478098821397101 
-0.049310114690872986 
-0.034045661562975393 
-0.018686498435835919 
-0.003234374325668643 
+0.012308971711914030 
+0.027941810560625946 
+0.043662423022198027 
+0.059469099795090408 
+0.075360141453203688 
+0.091333858424567982 
+0.107388570970067043 
+0.123522609162124208 
+0.139734312863434074 
+0.156022031705636888 
+0.172384125068045346 
+0.188818962056350514 
+0.205324921481307765 
+0.221900391837468014 
+0.238543771281863215 
+0.255253467612721607 
+0.272027898248165645 
+0.288865490204933906 
+0.305764680077061257 
+0.322723914014608315 
+0.339741647702354488 
+0.356816346338502122 
+0.373946484613385088 
+0.391130546688176040 
+0.408367026173599434 
+0.425654426108610373 
+0.442991258939126276 
+0.460376046496731917 
+0.477807319977364031 
+0.495283619920030560 
+0.512803496185525898 
+0.530365507935107949 
+0.547968223609233362 
+0.565610220906254124 
+0.583290086761100834 
+0.601006417324030817 
+0.618757817939282972 
+0.636542903123833881 
+0.654360296546064646 
+0.672208631004487245 
+0.690086548406434463 
+0.707992699746786913 
+0.725925745086658747 
+0.743884353532101805 
+0.761867203212839073 
+0.779872981260936626 
+0.797900383789525103 
+0.815948115871501845 
+0.834014891518242152 
+0.852099433658297656 
+0.870200474116100686 
+0.888316753590680186 
+0.906447021634353867 
+0.924590036631441459 
+0.942744565776969523 
+0.960909385055377596 
+0.979083279219216784 
+0.997265041767866789 
+1.015453474926227395 
+1.033647389623441049 
+1.051845605471580125 
+1.070046950744366621 
+1.088250262355866971 
+1.106454385839204191 
+1.124658175325266241 
+1.142860493521402621 
+1.161060211690131405 
+1.179256209627852714 
+1.197447375643543532 
+1.215632606537474292 
+1.233810807579903246 
+1.251980892489788832 
+1.270141783413490266 
+1.288292410903485452 
+1.306431713897054259 
+1.324558639695006423 
+1.342672143940371932 
+1.360771190597111824 
+1.378854751928830114 
+1.396921808477461280 
+1.414971349042002835 
+1.433002370657182167 
+1.451013878572208649 
+1.469004886229443807 
+1.486974415243114800 
+1.504921495378034990 
+1.522845164528283224 
+1.540744468695934843 
+1.558618461969753177 
+1.576466206503893908 
+1.594286772496622984 
+1.612079238168997231 
+1.629842689743607131 
+1.647576221423245446 
+1.665278935369632229 
+1.682949941682125417 
+1.700588358376401210 
+1.718193311363188425 
+1.735763934426952648 
+1.753299369204619484 
+1.770798765164266264 
+1.788261279583820418 
+1.805686077529800926 
+1.823072331835975168 
+1.840419223082101041 
+1.857725939572615559 
+1.874991677315345884 
+1.892215640000216581 
+1.909397038977945105 
+1.926535093238761709 
+1.943629029391095386 
+1.960678081640303994 
+1.977681491767362854 
+1.994638509107562019 
+2.011548390529245278 
+2.028410400412481440 
+2.045223810627778693 
+2.061987900514798966 
+2.078701956861061628 
+2.095365273880638757 
+2.111977153192875711 
+2.128536903801079294 
+2.145043842071237883 
+2.161497291710716251 
+2.177896583746971260 
+2.194241056506246679 
+2.210530055592290211 
+2.226762933865038541 
+2.242939051419360119 
+2.259057775563709125 
+2.275118480798884235 
+2.291120548796694578 
+2.307063368378683421 
+2.322946335494836312 
+2.338768853202256803 
+2.354530331643926999 
+2.370230188027353968 
+2.385867846603311637 
+2.401442738644551156 
+2.416954302424469514 
+2.432401983195837669 
+2.447785233169528230 
+2.463103511493186293 
+2.478356284229932704 
+2.493543024337107283 
+2.508663211644933444 
+2.523716332835239662 
+2.538701881420191597 
+2.553619357720943395 
+2.568468268846382241 
+2.583248128671828070 
+2.597958457817725275 
+2.612598783628362842 
+2.627168640150574053 
+2.641667568112437525 
+2.656095114901998233 
+2.670450834545941898 
+2.684734287688350651 
+2.698945041569343228 
+2.713082670003837293 
+2.727146753360226938 
+2.741136878539105037 
+2.755052638951928756 
+2.768893634499784095 
+2.782659471552056285 
+2.796349762925121496 
+2.809964127861101169 
+2.823502192006497324 
+2.836963587390973096 
+2.850347952406010243 
+2.863654931783625734 
+2.876884176575085217 
+2.890035344129582739 
+2.903108098072990639 
+2.916102108286530381 
+2.929017050885482476 
+2.941852608197903507 
+2.954608468743313843 
+2.967284327211435979 
+2.979879884440858717 
+2.992394847397761293 
+3.004828929154630845 
+3.017181848868957239 
+3.029453331761928325 
+3.041643109097144748 
+3.053750918159336969 
+3.065776502233054313 
+3.077719610581365117 
+3.089579998424589746 
+3.101357426918967430 
+3.113051663135415037 
+3.124662480038164158 
+3.136189656463524322 
+3.147632977098563156 
+3.158992232459809202 
+3.170267218871992920 
+3.181457738446668237 
+3.192563599061017499 
+3.203584614336500547 
+3.214520603617563310 
+3.225371391950372146 
+3.236136810061473135 
+3.246816694336534859 
+3.257410886799047667 
+3.267919235089018937 
+3.278341592441672336 
+3.288677817666192382 
+3.298927775124370410 
+3.309091334709356236 
+3.319168371824355646 
+3.329158767361324767 
+3.339062407679639577 
+3.348879184584926172 
+3.358608995307597933 
+3.368251742481690236 
+3.377807334123514416 
+3.387275683610352139 
+3.396656709659195972 
+3.405950336305413551 
+3.415156492881517014 
+3.424275113995780551 
+3.433306139511018262 
+3.442249514523267884 
+3.451105189340459845 
+3.459873119461212898 
+3.468553265553418807 
+3.477145593433063286 
+3.485650074042827118 
+3.494066683430884446 
+3.502395402729563401 
+3.510636218134035591 
+3.518789120881056220 
+3.526854107227647805 
+3.534831178429818976 
+3.542720340721251748 
+3.550521605292026095 
+3.558234988267329424 
+3.565860510686120755 
+3.573398198479885934 
+3.580848082451326686 
+3.588210198253059868 
+3.595484586366318069 
+3.602671292079657306 
+3.609770365467692699 
+3.616781861369742224 
+3.623705839368611681 
+3.630542363769204250 
+3.637291503577332108 
+3.643953332478346407 
+3.650527928815845868 
+3.657015375570415117 
+3.663415760338339489 
+3.669729175310259883 
+3.675955717249915100 
+3.682095487472822448 
+3.688148591825009870 
+3.694115140661741403 
+3.699995248826136951 
+3.705789035627962136 
+3.711496624822287593 
+3.717118144588225981 
+3.722653727507608146 
+3.728103510543736121 
+3.733467635020007336 
+3.738746246598680489 
+3.743939495259605454 
+3.749047535278841714 
+3.754070525207419795 
+3.759008627850078277 
+3.763862010243882672 
+3.768630843637027716 
+3.773315303467453585 
+3.777915569341596669 
+3.782431825013130577 
+3.786864258361580138 
+3.791213061371117909 
+3.795478430109191059 
+3.799660564705293453 
+3.803759669329635162 
+3.807775952171871037 
+3.811709625419772429 
+3.815560905237930456 
+3.819330011746551179 
+3.823017169000011428 
+3.826622604965705499 
+3.830146551502651597 
+3.833589244340256386 
+3.836950923056992480 
+3.840231831059119472 
+3.843432215559380971 
+3.846552327555691875 
+3.849592421809874487 
+3.852552756826327585 
+3.855433594830846911 
+3.858235201749089072 
+3.860957847185574110 
+3.863601804402144513 
+3.866167350296831451 
+3.868654765382451899 
+3.871064333765384724 
+3.873396343124262842 
+3.875651084688652936 
+3.877828853217760496 
+3.879929946979221889 
+3.881954667727656627 
+3.883903320683451010 
+3.885776214511555082 
+3.887573661300047334 
+3.889295976538882815 
+3.890943479098621260 
+3.892516491209109031 
+3.894015338438250762 
+3.895440349670566071 
+3.896791857086085109 
+3.898070196138896826 
+3.899275705535944603 
+3.900408727215681992 
+3.901469606326807060 
+3.902458691206980745 
+3.903376333361470607 
+3.904222887441925138 
+3.904998711225058372 
+3.905704165591300292 
+3.906339614503634206 
+3.906905424986106823 
+3.907401967102756224 
+3.907829613936152580 
+3.908188741566113400 
+3.908479729048538687 
+3.908702958393988069 
+3.908858814546429361 
+3.908947685361906732 
+3.908969961587355435 
+3.908926036839206475 
+3.908816307582076099 
+3.908641173107581857 
+3.908401035512929944 
+3.908096299679701957 
+3.907727373252494196 
+3.907294666617718626 
+3.906798592882189336 
+3.906239567851933714 
+3.905618010010808216 
+3.904934340499268686 
+3.904188983093083820 
+3.903382364181933628 
+3.902514912748285880 
+3.901587060345928393 
+3.900599241078828161 
+3.899551891579639218 
+3.898445450988715422 
+3.897280360932484644 
+3.896057065502333217 
+3.894776011233330948 
+3.893437647082819808 
+3.892042424409208223 
+3.890590796950674779 
+3.889083220803839502 
+3.887520154402466233 
+3.885902058496214728 
+3.884229396129256884 
+3.882502632619106109 
+3.880722235535252640 
+3.878888674677797965 
+3.877002422056340603 
+3.875063951868503942 
+3.873073740478705229 
+3.871032266396948085 
+3.868940010257359674 
+3.866797454797061384 
+3.864605084834733084 
+3.862363387249446056 
+3.860072850959277879 
+3.857733966900007694 
+3.855347228003978444 
+3.852913129178547891 
+3.850432167284991714 
+3.847904841117165908 
+3.845331651380194060 
+3.842713100669112869 
+3.840049693447693535 
+3.837341936027123257 
+3.834590336544562827 
+3.831795404942086591 
+3.828957652945223167 
+3.826077594041707997 
+3.823155743460158629 
+3.820192618148872565 
+3.817188736754454581 
+3.814144619600452479 
+3.811060788666249532 
+3.807937767565654497 
+3.804776081525603981 
+3.801576257364822631 
+3.798338823472692916 
+3.795064309787829160 
+3.791753247776739055 
+3.788406170412674356 
+3.785023612154305717 
+3.781606108924226106 
+3.778154198088000904 
+3.774668418432569617 
+3.771149310145112565 
+3.767597414791745702 
+3.764013275296066663 
+3.760397435918166664 
+3.756750442233029119 
+3.753072841109404312 
+3.749365180688490451 
+3.745628010362583638 
+3.741861880753845959 
+3.738067343693039390 
+3.734244952198054079 
+3.730395260452799455 
+3.726518823785962997 
+3.722616198649356445 
+3.718687942597122209 
+3.714734614264019186 
+3.710756773344366266 
+3.706754980570593272 
+3.702729797692150271 
+3.698681787453981684 
+3.694611513575376094 
+3.690519540728650405 
+3.686406434517824238 
+3.682272761457358268 
+3.678119088950794868 
+3.673945985269567949 
+3.669754019531645817 
+3.665543761680209123 
+3.661315782462348789 
+3.657070653407954008 
+3.652808946808153046 
+3.648531235694182584 
+3.644238093816028368 
+3.639930095621222605 
+3.635607816233388689 
+3.631271831431099439 
+3.626922717626488879 
+3.622561051844034985 
+3.618187411699195444 
+3.613802375377122900 
+3.609406521611404628 
+3.605000429662732486 
+3.600584679297636370 
+3.596159850767237209 
+3.591726524785742392 
+3.587285282509535378 
+3.582836705515364706 
+3.578381375779549067 
+3.573919875656408784 
+3.569452787857029907 
+3.564980695427916846 
+3.560504181729821749 
+3.556023830416343401 
+3.551540225412643359 
+3.547053950894210050 
+3.542565591265558034 
+3.538075731138896174 
+3.533584955312738529 
+3.529093848750818996 
+3.524602996560719070 
+3.520112983972413900 
+3.515624396317232225 
+3.511137819006378891 
+3.506653837509719374 
+3.502173037334446626 
+3.497696004003872261 
+3.493223323035894445 
+3.488755579922143468 
+3.484293360106144100 
+3.479837248962480700 
+3.475387831775276215 
+3.470945693716856795 
+3.466511419826611817 
+3.462085594989672721 
+3.457668803915455946 
+3.453261631116557151 
+3.448864660887331013 
+3.444478477282786777 
+3.440103664096975322 
+3.435740804841977081 
+3.431390482726498714 
+3.427053280634568377 
+3.422729781104286495 
+3.418420566306441977 
+3.414126218023361137 
+3.409847317627469288 
+3.405584446060095249 
+3.401338183810094673 
+3.397109110892638562 
+3.392897806827945395 
+3.388704850619701947 
+3.384530820734285239 
+3.380376295078922677 
+3.376241850980794545 
+3.372128065165536981 
+3.368035513735993192 
+3.363964772150964677 
+3.359916415203816342 
+3.355891017001290777 
+3.351889150942179096 
+3.347911389696015316 
+3.343958305181708113 
+3.340030468546432374 
+3.336128450144129065 
+3.332252819514362141 
+3.328404145360908117 
+3.324582995530604990 
+3.320789936991859648 
+3.317025535813570070 
+3.313290357143668707 
+3.309584965187858607 
+3.305909923188460553 
+3.302265793402868965 
+3.298653137082452336 
+3.295072514451216072 
+3.291524484684472007 
+3.288009605887505238 
+3.284528435074471453 
+3.281081528146795101 
+3.277669439872228807 
+3.274292723863196031 
+3.270951932555812292 
+3.267647617188447207 
+3.264380327780265212 
+3.261150613110374241 
+3.257959020696099106 
+3.254806096771809543 
+3.251692386267802881 
+3.248618432788724419 
+3.245584778592549124 
+3.242591964569089935 
+3.239640530218772074 
+3.236731013631318099 
+3.233863951464611919 
+3.231039878923000153 
+3.228259329736549166 
+3.225522836139276706 
+3.222830928848104737 
+3.220184137041516514 
+3.217582988338200334 
+3.215028008775846047 
+3.212519722789858090 
+3.210058653191866451 
+3.207645321148695938 
+3.205280246161014368 
+3.202963946041729848 
+3.200696936895202516 
+3.198479733095582311 
+3.196312847265613488 
+3.194196790255371177 
+3.192132071120905579 
+3.190119197103087778 
+3.188158673606075855 
+3.186251004176269053 
+3.184396690480833847 
+3.182596232286581284 
+3.180850127438397124 
+3.179158871838274614 
+3.177522959423823234 
+3.175942882146978619 
+3.174419129952765317 
+3.172952190757993840 
+3.171542550429935048 
+3.170190692765106899 
+3.168897099467828937 
+3.167662250129005486 
+3.166486622205018087 
+3.165370690996001546 
+3.164314929625027251 
+3.163319809016434281 
+3.162385797874817328 
+3.161513362663417315 
+3.160702967583174594 
+3.159955074551197729 
+3.159270143179562673 
+3.158648630753986275 
+3.158090992212501114 
+3.157597680124326178 
+3.157169144668272587 
+3.156805833611779910 
+3.156508192289363635 
+3.156276663581463637 
+3.156111687893110140 
+3.156013703132597659 
+3.155983144690293507 
+3.156020445417177633 
+3.156126035603713298 
+3.156300342958367811 
+3.156543792586637309 
+3.156856806969297047 
+3.157239805941562949 
+3.157693206671464914 
+3.158217423638728594 
+3.158812868613366298 
+3.159479950634551670 
+3.160219075989111115 
+3.161030648190402026 
+3.161915067956909908 
+3.162872733191007590 
+3.163904038957756626 
+3.165009377463261497 
+3.166189138033842276 
+3.167443707094466099 
+3.168773468147427774 
+3.170178801751174724 
+3.171660085498979598 
+3.173217693997624878 
+3.174851998846128787 
+3.176563368614431226 
+3.178352168822064172 
+3.180218761917042780 
+3.182163507254137436 
+3.184186761074314198 
+3.186288876482544552 
+3.188470203427244076 
+3.190731088678589344 
+3.193071875807374393 
+3.195492905163653141 
+3.197994513855441756 
+3.200577035727492081 
+3.203240801339841681 
+3.205986137946894132 
+3.208813369475476129 
+3.211722816504266387 
+3.214714796242053030 
+3.217789622506383118 
+3.220947605702607408 
+3.224189052802445055 
+3.227514267322512342 
+3.230923549303258202 
+3.234417195287504931 
+3.237995498299309549 
+3.241658747822722120 
+3.245407229779907698 
+3.249241226510811487 
+3.253161016751114687 
+3.257166875611124723 
+3.261259074554672122 
+3.265437881377625917 
+3.269703560186644431 
+3.274056371377945585 
+3.278496571615813870 
+3.283024413811583830 
+3.287640147102278032 
+3.292344016828944397 
+3.297136264516043802 
+3.302017127849483202 
+3.306986840655748328 
+3.312045632880461721 
+3.317193730567033150 
+3.322431355835509414 
+3.327758726861182126 
+3.333176057853209695 
+3.338683559033585713 
+3.344281436615696101 
+3.349969892782741709 
+3.355749125666998900 
+3.361619329328163097 
+3.367580693732075581 
+3.373633404729565299 
+3.379777644034996698 
+3.386013589205063568 
+3.392341413617565138 
+3.398761286449940133 
+3.405273372657982023 
+3.411877832955004131 
+3.418574823789604089 
+3.425364497325402713 
+3.432247001419094445 
+3.439222479599255422 
+3.446291071045245680 
+3.453452910565777412 
+3.460708128577616893 
+3.468056851084293069 
+3.475499199654929150 
+3.483035291402658551 
+3.490665238963817529 
+3.498389150475953002 
+3.506207129557251445 
+3.514119275284728339 
+3.522125682173192107 
+3.530226440153951373 
+3.538421634553236217 
+3.546711346071338422 
+3.555095650760907944 
+3.563574620006042526 
+3.572148320500514895 
+3.580816814227181233 
+3.589580158435817125 
+3.598438405622434999 
+3.607391603508083300 
+3.616439795016833880 
+3.625583018255217116 
+3.634821306490657378 
+3.644154688130155417 
+3.653583186698920127 
+3.663106820819277853 
+3.672725604189102988 
+3.682439545561084770 
+3.692248648720430015 
+3.702152912464785395 
+3.712152330581929061 
+3.722246891829120941 
+3.732436579911328600 
+3.742721373460414114 
+3.753101246013453185 
+3.763576165991549871 
+3.774146096678698825 
+3.784810996200272726 
+3.795570817502126992 
+3.806425508328278973 
+3.817375011201193935 
+3.828419263399031713 
+3.839558196935254131 
+3.850791738536888609 
+3.862119809623397515 
+3.873542326285423609 
+3.885059199263458218 
+3.896670333926351759 
+3.908375630250250587 
+3.920174982797472563 
+3.932068280694567264 
+3.944055407611837705 
+3.956136241741388559 
+3.968310655776170925 
+3.980578516888542140 
+3.992939686709107150 
+4.005394021305435537 
+4.017941371160322461 
+4.030581581151359671 
+4.043314490528627125 
+4.056139932894398115 
+4.069057736180797136 
+4.082067722629589390 
+4.095169708770050043 
+4.108363505398123117 
+4.121648917554757041 
+4.135025744505144374 
+4.148493779716805108 
+4.162052810838739347 
+4.175702619680182082 
+4.189442982188651854 
+4.203273668429862830 
+4.217194442564768941 
+4.231205062829909380 
+4.245305281515186380 
+4.259494844942670611 
+4.273773493445572669 
+4.288140961346757152 
+4.302596976937358875 
+4.317141262455683304 
+4.331773534066017284 
+4.346493501836888207 
+4.361300869720319717 
+4.376195335529931896 
+4.391176590920254696 
+4.406244321365115901 
+4.421398206136220921 
+4.436637918282134052 
+4.451963124606876931 
+4.467373485648598930 
+4.482868655658379886 
+4.498448282578753066 
+4.514112008022395983 
+4.529859467251583283 
+4.545690289155478681 
+4.561604096230137628 
+4.577600504556583516 
+4.593679123779537576 
+4.609839557086434780 
+4.626081401185677677 
+4.642404246285804170 
+4.658807676073811521 
+4.675291267694175801 
+4.691854591727115498 
+4.708497212168204271 
+4.725218686405623814 
+4.742018565200416980 
+4.758896392663976016 
+4.775851706237788541 
+4.792884036670919556 
+4.809992908000017664 
+4.827177837527123039 
+4.844438335798646023 
+4.861773906584266669 
+4.879184046855097101 
+4.896668246763306698 
+4.914225989619710688 
+4.931856751873228362 
+4.949560003089723992 
+4.967335205929884978 
+4.985181816128543275 
+5.003099282473550957 
+5.021087046783922148 
+5.039144543888868455 
+5.057271201606500455 
+5.075466440722244954 
+5.093729674968449750 
+5.112060311001355828 
+5.130457748382013961 
+5.148921379553026867 
+5.167450589818518125 
+5.186044757322143539 
+5.204703253026185195 
+5.223425440690176558 
+5.242210676849193618 
+5.261058310793532478 
+5.279967684546177153 
+5.298938132842812898 
+5.317968983108885439 
+5.337059555440302638 
+5.356209162580368499 
+5.375417109899686352 
+5.394682695374044101 
+5.414005209563732990 
+5.433383935591896474 
+5.452818149123248581 
+5.472307118343405996 
+5.491850103936011251 
+5.511446359063615574 
+5.531095129344393513 
+5.550795652832316129 
+5.570547159994858610 
+5.590348873692327025 
+5.610200009156061540 
+5.630099773967658372 
+5.650047368037540707 
+5.670041983583063328 
+5.690082805108296782 
+5.710169009381528937 
+5.730299765415310276 
+5.750474234443672117 
+5.770691569902291818 
+5.790950917405845111 
+5.811251414727998110 
+5.831592191778991463 
+5.851972370585122540 
+5.872391065266921117 
+5.892847382018289615 
+5.913340419085157507 
+5.933869266743522886 
+5.954433007279373413 
+5.975030714965981815 
+5.995661456043967164 
+6.016324288698989164 
+6.037018263040856425 
+6.057742421082410900 
+6.078495796717804822 
+6.099277415701439331 
+6.120086295626632200 
+6.140921445904861109 
+6.161781867743027163 
+6.182666554123978919 
+6.203574489783564516 
+6.224504651190782667 
+6.245456006525417436 
+6.266427515657077230 
+6.287418130124306614 
+6.308426793112646536 
+6.329452439433508104 
+6.350493995503426525 
+6.371550379322216351 
+6.392620500451286603 
+6.413703259993836170 
+6.434797550571612845 
+6.455902256305176223 
+6.477016252791903739 
+6.498138407084617540 
+6.519267577670852631 
+6.540402614450726126 
+6.561542358716568657 
+6.582685643130645303 
+6.603831291705267503 
+6.624978119779530772 
+6.646124933999814743 
+6.667270532297598251 
+6.688413703868366866 
+6.709553229150340137 
+6.730687879802926155 
+6.751816418685764987 
+6.772937599837507427 
+6.794050168454150551 
+6.815152860867542017 
+6.836244404525370300 
+6.857323517967882864 
+6.878388910808599377 
+6.899439283711362947 
+6.920473328370212229 
+6.941489727487367034 
+6.962487154752421858 
+6.983464274820722295 
+7.004419743292372047 
+7.025352206690246071 
+7.046260302439634415 
+7.067142658846830905 
+7.087997895076423305 
+7.108824621132386667 
+7.129621437834367192 
+7.150386936798406978 
+7.171119700414267051 
+7.191818301824803861 
+7.212481304904454049 
+7.233107264237694345 
+7.253694725098809748 
+7.274242223428835530 
+7.294748285816157640 
+7.315211429473643001 
+7.335630162218441441 
+7.356002982449897587 
+7.376328379129052593 
+7.396604831756596887 
+7.416830810352048609 
+7.437004775432119352 
+7.457125177989919251 
+7.477190459473002093 
+7.497199051762614808 
+7.517149377152592571 
+7.537039848326651637 
+7.556868868339291723 
+7.576634830592346326 
+7.596336118815593785 
+7.615971107043775667 
+7.635538159596519492 
+7.655035631056315459 
+7.674461866247753505 
+7.693815200215761152 
+7.713093958204626510 
+7.732296455636905819 
+7.751420998091035131 
+7.770465881281843679 
+7.789429391037212547 
+7.808309803278753236 
+7.827105383998794075 
+7.845814389240353570 
+7.864435065075193521 
+7.882965647582729218 
+7.901404362828541750 
+7.919749426843278428 
+7.937999045601734416 
+7.956151415000277005 
+7.974204720837362537 
+7.992157138790413562 
+8.010006834396049769 
+8.027751963027949245 
+8.045390669875645884 
+8.062921089923360540 
+8.080341347928889917 
+8.097649558401737835 
+8.114843825582216397 
+8.131922243421012553 
+8.148882895555324524 
+8.165723855291036060 
+8.182443185578209821 
+8.199038938992165626 
+8.215509157710794597 
+8.231851873493610583 
+8.248065107661004092 
+8.264146871072179934 
+8.280095164103986605 
+8.295907976629973035 
+8.311583287999543046 
+8.327119067014848497 
+8.342513271912110895 
+8.357763850337210698 
+8.372868739327756771 
+8.387825865289254779 
+8.402633143974746588 
+8.417288480463618328 
+8.431789769140063839 
+8.446134893671921162 
+8.460321726989082691 
+8.474348131263154116 
+8.488211957884496783 
+8.501911047442645142 
+8.515443229703514305 
+8.528806323589758875 
+8.541998137157982285 
+8.555016467578006711 
+8.567859101111690023 
+8.580523813091950558 
+8.593008367900122124 
+8.605310518946428289 
+8.617428008647962656 
+8.629358568406200192 
+8.641099918588171391 
+8.652649768502689298 
+8.664005816380718983 
+8.675165749353329403 
+8.686127243430764366 
+8.696887963480843808 
+8.707445563207684813 
+8.717797685130538099 
+8.727941960562617396 
+8.737876009590079818 
+8.747597441049126843 
+8.757103852507260200 
+8.766392830239269074 
+8.775461949208647638 
+8.784308773043871810 
+8.792930854018834452 
+8.801325733030676446 
+8.809490939578385138 
+8.817423991742142420 
+8.825122396161727778 
+8.832583648015647881 
+8.839805230998067032 
+8.846784617300309961 
+8.853519267587017794 
+8.860006630976883457 
+8.866244145019528844 
+8.872229235675757053 
+8.877959317295061936 
+8.883431792595391840 
+8.888644052640906068 
+8.893593476820871757 
+8.898277432829949873 
+8.902693276643644182 
+8.906838352500601630 
+8.910709992877940522 
+8.914305518473499390 
+8.917622238181365901 
+8.920657449072468381 
+8.923408436372357144 
+8.925872473440694677 
+8.928046821749063611 
+8.929928730860428487 
+8.931515438407970464 
+8.932804170072310868 
+8.933792139562401147 
+8.934476548592227729 
+8.934854586861131764 
+8.934923432031300905 
+8.934680249706975275 
+8.934122193413577051 
+8.933246404575475808 
+8.932050012495372115 
+8.930530134332808956 
+8.928683875083189392 
+8.926508327555534805 
+8.924000572352561278 
+8.921157677848007950 
+8.917976700166512671 
+8.914454683161675774 
+8.910588658394726025 
+8.906375645113545403 
+8.901812650231212487 
+8.896896668304515643 
+8.891624681512848127 
+8.885993659637986042 
+8.880000560039622570 
+8.873642327638675553 
+8.866915894890983196 
+8.859818181770609868 
+8.852346095745563304 
+8.844496531757453539 
+8.836266372199865771 
+8.827652486898170281 
+8.818651733086525724 
+8.809260955387745895 
+8.799476985792576755 
+8.789296643636047790 
+8.778716735579024544 
+8.767734055584195829 
+8.756345384897803896 
+8.744547492025670721 
+8.732337132712753913 
+8.719711049922814539 
+8.706665973815608695 
+8.693198621726812902 
+8.679305698145789449 
+8.664983894695696520 
+8.650229890109841335 
+8.635040350213124327 
+8.619411927897861148 
+8.603341263105935610 
+8.586824982804323270 
+8.569859700965229976 
+8.552442018544979874 
+8.534568523461928180 
+8.516235790576050846 
+8.497440381666930165 
+8.478178845413498976 
+8.458447717370578545 
+8.438243519950464844 
+8.417562762398645759 
+8.396401940775799488 
+8.374757537933291474 
+8.352626023494210017 
+8.330003853830746152 
+8.306887472043337439 
+8.283273307939353458 
+8.259157778012083284 
+8.234537285419500918 
+8.209408219961218833 
+8.183766958060573415 
+8.157609862739462869 
+8.130933283600597861 
+8.103733556803536686 
+8.076007005044985476 
+8.047749937536794462 
+8.018958649984430309 
+7.989629424566444982 
+7.959758529912902780 
+7.929342221084365150 
+7.898376739548642611 
+7.866858313163247907 
+7.834783156149783601 
+7.802147469076500919 
+7.768947438834701735 
+7.735179238617872599 
+7.700839027900663325 
+7.665922952417216329 
+7.630427144140993434 
+7.594347721261461182 
+7.557680788165161090 
+7.520422435412082329 
+7.482568739716896289 
+7.444115763924296303 
+7.405059556991608893 
+7.365396153964719694 
+7.325121575957683540 
+7.284231830131203900 
+7.242722909671894804 
+7.200590793770166087 
+7.157831447599697583 
+7.114440822296059785 
+7.070414854934191418 
+7.025749468509538964 
+6.980440571913364423 
+6.934484059915674514 
+6.887875813139787695 
+6.840611698043724154 
+6.792687566898382379 
+6.744099257764863076 
+6.694842594475239217 
+6.644913386609863082 
+6.594307429476895521 
+6.543020504089829714 
+6.491048377148013415 
+6.438386801012994098 
+6.385031513689795268 
+6.330978238803842473 
+6.276222685580160388 
+6.220760548822047653 
+6.164587508889955103 
+6.107699231680227214 
+6.050091368603434994 
+5.991759556563707179 
+5.932699417935919151 
+5.872906560547743737 
+5.812376577653109777 
+5.751105047916920121 
+5.689087535388420491 
+5.626319589483960826 
+5.562796744962799522 
+5.498514521907519104 
+5.433468425702302262 
+5.367653947010925464 
+5.301066561757502349 
+5.233701731101984223 
+5.165554901422035883 
+5.096621504289071680 
+5.026896956450027432 
+4.956376659802456786 
+4.885056001376184120 
+4.812930353310735043 
+4.739995072833947276 
+4.666245502240608189 
+4.591676968872437925 
+4.516284785095190379 
+4.440064248277883152 
+4.363010640772222004 
+4.285119229889934545 
+4.206385267883106849 
+4.126803991921489612 
+4.046370624071603750 
+3.965080371276119564 
+3.882928425331434674 
+3.799909962867431545 
+3.716020145325676260 
+3.631254118938251452 
+3.545607014705896454 
+3.459073948377787033 
+3.371650020429094230 
+3.283330316040890651 
+3.194109905077709755 
+3.103983842066960541 
+3.012947166177671221 
+2.920994901198206595 
+2.828122055516419042 
+2.734323622097547979 
+2.639594578462963081 
+2.543929886668630402 
+2.447324493284808167 
+2.349773329372973230 
+2.251271310467187092 
+2.151813336550011613 
+2.051394292032700850 
+1.950009045733723134 
+1.847652450857577566 
+1.744319344973020103 
+1.640004549992377880 
+1.534702872149497299 
+1.428409101979447815 
+1.321118014296339238 
+1.212824368172249700 
+1.103522906916078572 
+0.993208358052752649 
+0.881875433300355560 
+0.769518828551226663 
+0.656133223847937597 
+0.541713283363853382 
+0.426253655382268892 
+0.309748972272954948 
+0.192193850472594185 
+0.073582890462796424 
-0.046089323250391168 
-0.166828222159236095 
-0.288639253773879112 
-0.411527881645045834 
-0.535499585384933585 
