+5.110446500000000114 
+4.996035889810850783 
+4.882864804286531246 
+4.770926271519163819 
+4.660213341612637450 
+4.550719086651596967 
+4.442436600670434999 
+4.335358999622282994 
+4.229479421347999590 
+4.124791025545166079 
+4.021286993737072990 
+3.918960529241712898 
+3.817804857140771446 
+3.717813224248616599 
+3.618978899081291445 
+3.521295171825504333 
+3.424755354307619015 
+3.329352779962646558 
+3.235080803803235483 
+3.141932802388661905 
+3.049902173793823223 
+2.958982337578225152 
+2.869166734754975856 
+2.780448827759774311 
+2.692822100419903997 
+2.606280057923219484 
+2.520816226787141456 
+2.436424154827645960 
+2.353097411128254102 
+2.270829586009026180 
+2.189614290995546941 
+2.109445158787922825 
+2.030315843229768102 
+1.952220019277199015 
+1.875151382967821689 
+1.799103651389724501 
+1.724070562650469540 
+1.650045875846081866 
+1.577023371030041421 
+1.504996849182274055 
+1.433960132178141667 
+1.363907062757432787 
+1.294831504493355823 
+1.226727341761525647 
+1.159588479708957731 
+1.093408844223059617 
+1.028182381900618836 
+0.963903060016795266 
+0.900564866494112160 
+0.838161809871445840 
+0.776687919273019389 
+0.716137244377391013 
+0.656503855386444179 
+0.597781842994379531 
+0.539965318356709467 
+0.483048413059240289 
+0.427025279087072995 
+0.371890088793586315 
+0.317637034869431290 
+0.264260330311522296 
+0.211754208392026300 
+0.160112922627354770 
+0.109330746747152929 
+0.059401974663295221 
+0.010320920438868342 
-0.037918081742830623 
-0.085320677609305839 
-0.131892492829873476 
-0.177639133046670672 
-0.222566183905660964 
-0.266679211087645918 
-0.309983760339277659 
-0.352485357504062513 
-0.394189508553373535 
-0.435101699617455928 
-0.475227397016442232 
-0.514572047291356860 
-0.553141077235124179 
-0.590939893923584592 
-0.627973884746494626 
-0.664248417438541239 
-0.699768840110354340 
-0.734540481279506885 
-0.768568649901530954 
-0.801858635400925834 
-0.834415707702164333 
-0.866245117260704411 
-0.897352095093997271 
-0.927741852812500767 
-0.957419582650679502 
-0.986390457498024453 
-1.014659630930050405 
-1.042232237239316461 
-1.069113391466430585 
-1.095308189431056789 
-1.120821707762925001 
-1.145659003932844477 
-1.169825116283708333 
-1.193325064061504293 
-1.216163847446320112 
-1.238346447583359655 
-1.259877826613950980 
-1.280762927706549981 
-1.301006675087751141 
-1.320613974073300945 
-1.339589711099105074 
-1.357938753752232053 
-1.375665950801932880 
-1.392776132230641117 
-1.409274109264989860 
-1.425164674406809162 
-1.440452601464146554 
-1.455142645582272465 
-1.469239543274688309 
-1.482748012454135456 
-1.495672752463605981 
-1.508018444107352529 
-1.519789749681893731 
-1.530991313007026733 
-1.541627759456834390 
-1.551703695990696907 
-1.561223711184298146 
-1.570192375260636375 
-1.578614240121031465 
-1.586493839376140080 
-1.593835688376953996 
-1.600644284245820614 
-1.606924105907444833 
-1.612679614119902460 
-1.617915251505644747 
-1.622635442582510024 
-1.626844593794738891 
-1.630547093543970760 
-1.633747312220259040 
-1.636449602233087219 
-1.638658298042367178 
-1.640377716189454382 
-1.641612155328155964 
-1.642365896255739699 
-1.642643201943941200 
-1.642448317569974670 
-1.641785470547545422 
-1.640658870557854421 
-1.639072709580606357 
-1.637031161925020406 
-1.634538384260847188 
-1.631598515649365311 
-1.628215677574398335 
-1.624393973973317529 
-1.620137491268065055 
-1.615450298396141626 
-1.610336446841633240 
-1.604799970666216602 
-1.598844886540160104 
-1.592475193773344344 
-1.585694874346263994 
-1.578507892941036772 
-1.570918196972419523 
-1.562929716618808307 
-1.554546364853253593 
-1.545772037474466565 
-1.536610613137828096 
-1.527065953386402164 
-1.517141902681945709 
-1.506842288435905175 
-1.496170921040436141 
-1.485131593899414959 
-1.473728083459442395 
-1.461964149240855271 
-1.449843533868726553 
-1.437369963103900083 
-1.424547145873963139 
-1.411378774304282047 
-1.397868523749004943 
-1.384020052822068969 
-1.369837003428215461 
-1.355323000793982935 
-1.340481653498737380 
-1.325316553505659911 
-1.309831276192781502 
-1.294029380383971528 
-1.277914408379949407 
-1.261489885989296234 
-1.244759322559475301 
-1.227726211007825974 
-1.210394027852576215 
-1.192766233243858665 
-1.174846270994706288 
-1.156637568612078226 
-1.138143537327860777 
-1.119367572129869259 
-1.100313051792867647 
-1.080983338909579317 
-1.061381779921688917 
-1.041511705150843348 
-1.021376428829693594 
-1.000979249132861959 
-0.980323448207978565 
-0.959412292206685002 
-0.938249031315637971 
-0.916836899787520920 
-0.895179115972060124 
-0.873278882347025665 
-0.851139385549235961 
-0.828763796405581843 
-0.806155269964029308 
-0.783316945524615171 
-0.760251946670480905 
-0.736963381298865627 
-0.713454341652115076 
-0.689727904348695020 
-0.665787130414202011 
-0.641635065312366137 
-0.617274738976069770 
-0.592709165838354757 
-0.567941344863410968 
-0.542974259577617246 
-0.517810878100533500 
-0.492454153175907905 
-0.466907022202694755 
-0.441172407266058997 
-0.415253215168380763 
-0.389152337460274111 
-0.362872650471588898 
-0.336417015342420633 
-0.309788278054127453 
-0.282989269460326653 
-0.256022805317918767 
-0.228891686318076104 
-0.201598698117274822 
-0.174146611368287019 
-0.146538181751203034 
-0.118776150004423542 
-0.090863241955690732 
-0.062802168553075077 
-0.034595625896004734 
-0.006246295266258528 
+0.022243156841017964 
+0.050870078686305220 
+0.079631833254684814 
+0.108525798224872183 
+0.137549365938146373 
+0.166699943367404124 
+0.195974952086098497 
+0.225371828237269867 
+0.254888022502506750 
+0.284521000070952823 
+0.314268240608297056 
+0.344127238225754084 
+0.374095501449070333 
+0.404170553187499060 
+0.434349930702805587 
+0.464631185578253891 
+0.495011883687579868 
+0.525489605164018769 
+0.556061944369258043 
+0.586726509862455003 
+0.617480924369205653 
+0.648322824750565019 
+0.679249861972008873 
+0.710259701072433636 
+0.741350021133152737 
+0.772518515246893855 
+0.803762890486767745 
+0.835080867875276134 
+0.866470182353297425 
+0.897928582749084825 
+0.929453831747235171 
+0.961043705857717256 
+0.992695995384820229 
+1.024408504396174813 
+1.056179050691731014 
+1.088005465772760694 
+1.119885594810824170 
+1.151817296616791886 
+1.183798443609810125 
+1.215826921786312464 
+1.247900630688985935 
+1.280017483375784249 
+1.312175406388908616 
+1.344372339723809873 
+1.376606236798154193 
+1.408875064420835432 
+1.441176802760971487 
+1.473509445316862454 
+1.505870998885014078 
+1.538259483529127447 
+1.570672932549063372 
+1.603109392449852066 
+1.635566922910697496 
+1.668043596753925772 
+1.700537499914021478 
+1.733046731406603591 
+1.765569403297394313 
+1.798103640671241621 
+1.830647581601087648 
+1.863199377116976585 
+1.895757191175029721 
+1.928319200626452012 
+1.960883595186505790 
+1.993448577403517774 
+2.026012362627858554 
+2.058573178980934060 
+2.091129267324184582 
+2.123678881228082016 
+2.156220286941083142 
+2.188751763358674385 
+2.221271601992312217 
+2.253778106938455483 
+2.286269594847528897 
+2.318744394892923832 
+2.351200848739983584 
+2.383637310515012153 
+2.416052146774229747 
+2.448443736472808663 
+2.480810470933838996 
+2.513150753817295247 
+2.545463001089092181 
+2.577745640989991038 
+2.609997114004686924 
+2.642215872830715018 
+2.674400382347477567 
+2.706549119585250907 
+2.738660573694140066 
+2.770733245913098663 
+2.802765649538897730 
+2.834756309895142934 
+2.866703764301230972 
+2.898606562041383228 
+2.930463264333588835 
+2.962272444298632124 
+2.994032686929072096 
+3.025742589058221022 
+3.057400759329167439 
+3.089005818163708561 
+3.120556397731433229 
+3.152051141918606803 
+3.183488706297239901 
+3.214867758094040351 
+3.246186976159422866 
+3.277445050936504956 
+3.308640684430062429 
+3.339772590175549283 
+3.370839493208106052 
+3.401840130031487774 
+3.432773248587137616 
+3.463637608223108177 
+3.494431979663092491 
+3.525155144975379073 
+3.555805897541893579 
+3.586383042027136980 
+3.616885394347229443 
+3.647311781638836514 
+3.677661042228227650 
+3.707932025600221060 
+3.738123592367181391 
+3.768234614238035185 
+3.798263973987232589 
+3.828210565423752598 
+3.858073293360095413 
+3.887851073581260142 
+3.917542832813758924 
+3.947147508694580864 
+3.976664049740199935 
+4.006091415315557569 
+4.035428575603070556 
+4.064674511571601201 
+4.093828214945451904 
+4.122888688173354410 
+4.151854944397488367 
+4.180726007422430612 
+4.209500911684166624 
+4.238178702219088656 
+4.266758434632975217 
+4.295239175069981208 
+4.323620000181638723 
+4.351899997095835637 
+4.380078263385808413 
+4.408153907039150887 
+4.436126046426772440 
+4.463993810271933427 
+4.491756337619188244 
+4.519412777803401227 
+4.546962290418736785 
+4.574404045287645104 
+4.601737222429878926 
+4.628961012031409972 
+4.656074614413531876 
+4.683077240001753516 
+4.709968109294814909 
+4.736746452833731524 
+4.763411511170717816 
+4.789962534838183572 
+4.816398784317784454 
+4.842719530009360618 
+4.868924052199926855 
+4.895011641032675165 
+4.920981596475979103 
+4.946833228292387474 
+4.972565856007564733 
+4.998178808879353952 
+5.023671425866700346 
+5.049043055598672503 
+5.074293056343486263 
+5.099420795977440690 
+5.124425651953922412 
+5.149307011272416190 
+5.174064270447495062 
+5.198696835477798928 
+5.223204121814985612 
+5.247585554332826696 
+5.271840567296091962 
+5.295968604329597262 
+5.319969118387172458 
+5.343841571720691519 
+5.367585435849005826 
+5.391200191526952068 
+5.414685328714384127 
+5.438040346545110815 
+5.461264753295921537 
+5.484358066355562222 
+5.507319812193715691 
+5.530149526330013110 
+5.552846753303049887 
+5.575411046639285217 
+5.597841968822120151 
+5.620139091260872632 
+5.642301994259756093 
+5.664330266986826956 
+5.686223507443064484 
+5.707981322431310289 
+5.729603327525233603 
+5.751089147038363159 
+5.772438413993102202 
+5.793650770089664448 
+5.814725865675054450 
+5.835663359712130571 
+5.856462919748540052 
+5.877124221885715372 
+5.897646950747894579 
+5.918030799451067026 
+5.938275469572020349 
+5.958380671117268435 
+5.978346122492088632 
+5.998171550469483471 
+6.017856690159230304 
+6.037401284976777305 
+6.056805086612289557 
+6.076067854999664952 
+6.095189358285482584 
+6.114169372797967128 
+6.133007683016112210 
+6.151704081538478697 
+6.170258369052305625 
+6.188670354302549192 
+6.206939854060717465 
+6.225066693093995518 
+6.243050704134194717 
+6.260891727846702892 
+6.278589612799516217 
+6.296144215432246227 
+6.313555400025085973 
+6.330823038667789504 
+6.347947011228695757 
+6.364927205323650306 
+6.381763516285116289 
+6.398455847131053531 
+6.415004108533939764 
+6.431408218789802511 
+6.447668103787179916 
+6.463783696976095783 
+6.479754939337039055 
+6.495581779350027674 
+6.511264172963563190 
+6.526802083563598700 
+6.542195481942464141 
+6.557444346268058055 
+6.572548662052652091 
+6.587508422121942431 
+6.602323626584079008 
+6.616994282798595250 
+6.631520405345396441 
+6.645902015993875978 
+6.660139143671697681 
+6.674231824433968008 
+6.688180101432156022 
+6.701984024883032909 
+6.715643652037762479 
+6.729159047150856665 
+6.742530281449112373 
+6.755757433100670006 
+6.768840587183973412 
+6.781779835656767119 
+6.794575277325081153 
+6.807227017812251368 
+6.819735169527843865 
+6.832099851636726839 
+6.844321190028029633 
+6.856399317284061823 
+6.868334372649442798 
+6.880126502000002198 
+6.891775857811733630 
+6.903282599129903829 
+6.914646891537958417 
+6.925868907126533358 
+6.936948824462430885 
+6.947886828557645167 
+6.958683110838308039 
+6.969337869113763517 
+6.979851307545422934 
+6.990223636615880309 
+7.000455073097838543 
+7.010545840023131525 
+7.020496166651695624 
+7.030306288440564266 
+7.039976447012856298 
+7.049506890126783887 
+7.058897871644624900 
+7.068149651501691721 
+7.077262495675399556 
+7.086236676154165082 
+7.095072470906474749 
+7.103770163849814523 
+7.112330044819682229 
+7.120752409538630978 
+7.129037559585146511 
+7.137185802362752796 
+7.145197451068921346 
+7.153072824664135965 
+7.160812247840768308 
+7.168416050992235000 
+7.175884570181827016 
+7.183218147111777085 
+7.190417129092296022 
+7.197481869010452726 
+7.204412725299221165 
+7.211210061906548674 
+7.217874248264173787 
+7.224405659256753154 
+7.230804675190837472 
+7.237071681763834974 
+7.243207070032932293 
+7.249211236384283552 
+7.255084582501758916 
+7.260827515336092830 
+7.266440447073902575 
+7.271923795106523869 
+7.277277981999084489 
+7.282503435459597441 
+7.287600588307736160 
+7.292569878444014719 
+7.297411748818714905 
+7.302126647400811521 
+7.306715027147086872 
+7.311177345970972574 
+7.315514066711743979 
+7.319725657103274941 
+7.323812589743200263 
+7.327775342061876529 
+7.331614396291283420 
+7.335330239434107114 
+7.338923363232685126 
+7.342394264138111026 
+7.345743443278967000 
+7.348971406430617748 
+7.352078663983986573 
+7.355065730914613908 
+7.357933126751708741 
+7.360681375547041050 
+7.363311005843985235 
+7.365822550646498712 
+7.368216547388158233 
+7.370493537901046111 
+7.372654068384814074 
+7.374698689375721372 
+7.376627955715489904 
+7.378442426520441799 
+7.380142665150346559 
+7.381729239177572843 
+7.383202720355958704 
+7.384563684589760868 
+7.385812711902850936 
+7.386950386407515445 
+7.387977296273474437 
+7.388894033696964847 
+7.389701194869665812 
+7.390399379947621306 
+7.390989193020451431 
+7.391471242079998838 
+7.391846138989713211 
+7.392114499453365184 
+7.392276942984061350 
+7.392334092873404927 
+7.392286576160330469 
+7.392135023600059363 
+7.391880069633288031 
+7.391522352355057279 
+7.391062513483608321 
+7.390501198329692656 
+7.389839055765270004 
+7.389076738192656535 
+7.388214901513406652 
+7.387254205097470106 
+7.386195311751988513 
+7.385038887690433818 
+7.383785602501575340 
+7.382436129118338464 
+7.380991143786943098 
+7.379451326035905367 
+7.377817358644906065 
+7.376089927613810104 
+7.374269722131798765 
+7.372357434546176869 
+7.370353760331530779 
+7.368259398058487619 
+7.366075049362919458 
+7.363801418914944108 
+7.361439214387720753 
+7.358989146426598182 
+7.356451928618108482 
+7.353828277458781315 
+7.351118912324437815 
+7.348324555438894734 
+7.345445931843114451 
+7.342483769364084090 
+7.339438798583982404 
+7.336311752809010045 
+7.333103368038381475 
+7.329814382933411920 
+7.326445538786570566 
+7.322997579490135855 
+7.319471251505621723 
+7.315867303832408908 
+7.312186487977033522 
+7.308429557921897413 
+7.304597270094438599 
+7.300690383336156941 
+7.296709658871407989 
+7.292655860276604507 
+7.288529753449028092 
+7.284332106575970300 
+7.280063690103638407 
+7.275725276706179301 
+7.271317641254640307 
+7.266841560785954002 
+7.262297814472069568 
+7.257687183588637403 
+7.253010451484371401 
+7.248268403549821493 
+7.243461827186193247 
+7.238591511774864706 
+7.233658248645834732 
+7.228662831047021342 
+7.223606054113229646 
+7.218488714834930597 
+7.213311612027515807 
+7.208075546300137582 
+7.202781320024772782 
+7.197429737305103714 
+7.192021603945702779 
+7.186557727420780139 
+7.181038916843417219 
+7.175465982934279729 
+7.169839737990972850 
+7.164160995856653003 
+7.158430571889288885 
+7.152649282930559238 
+7.146817947274833216 
+7.140937384638011309 
+7.135008416126982667 
+7.129031864208062785 
+7.123008552676275862 
+7.116939306624397332 
+7.110824952411778810 
+7.104666317633326678 
+7.098464231088730259 
+7.092219522751186389 
+7.085933023736492586 
+7.079605566272165085 
+7.073237983666219364 
+7.066831110276154071 
+7.060385781478232481 
+7.053902833636186642 
+7.047383104070259918 
+7.040827431026288608 
+7.034236653644694748 
+7.027611611929329705 
+7.020953146716593096 
+7.014262099644387405 
+7.007539313121108115 
+7.000785630294743989 
+6.994001895021523474 
+6.987188951835411999 
+6.980347645916688215 
+6.973478823061095788 
+6.966583329648816658 
+6.959662012613572202 
+6.952715719411283857 
+6.945745297989596168 
+6.938751596756207007 
+6.931735464548482106 
+6.924697750602133439 
+6.917639304520101895 
+6.910560976241876929 
+6.903463616012191828 
+6.896348074350203028 
+6.889215202018293738 
+6.882065849991397144 
+6.874900869425560224 
+6.867721111627144381 
+6.860527428022124674 
+6.853320670124230851 
+6.846101689504958010 
+6.838871337761944780 
+6.831630466487965236 
+6.824379927240215693 
+6.817120571509044602 
+6.809853250687058157 
+6.802578816038126419 
+6.795298118666412535 
+6.788012009485047571 
+6.780721339185605601 
+6.773426958206853143 
+6.766129716703568775 
+6.758830464515779290 
+6.751530051137807575 
+6.744229325686960763 
+6.736929136872843671 
+6.729630332965989226 
+6.722333761767417037 
+6.715040270576848158 
+6.707750706162357801 
+6.700465914729256234 
+6.693186741888543345 
+6.685914032626643966 
+6.678648631274054281 
+6.671391381474068183 
+6.664143126152336727 
+6.656904707485443495 
+6.649676966869890293 
+6.642460744891400815 
+6.635256881293607023 
+6.628066214947218704 
+6.620889583818893698 
+6.613727824940379918 
+6.606581774377172422 
+6.599452267198063993 
+6.592340137443602366 
+6.585246218095381465 
+6.578171341044804166 
+6.571116337062529844 
+6.564082035766695356 
+6.557069265592724072 
+6.550078853761860387 
+6.543111626250138535 
+6.536168407757540599 
+6.529250021677154514 
+6.522357290063497182 
+6.515491033602389237 
+6.508652071579248855 
+6.501841221848386532 
+6.495059300802053848 
+6.488307123339122739 
+6.481585502834506407 
+6.474895251107926519 
+6.468237178392682196 
+6.461612093305141080 
+6.455020802813130842 
+6.448464112205586574 
+6.441942825061078182 
+6.435457743216793425 
+6.429009666737917073 
+6.422599393886182284 
+6.416227721089121872 
+6.409895442908968732 
+6.403603352011767669 
+6.397352239136074203 
+6.391142893062224495 
+6.384976100581335245 
+6.378852646464078902 
+6.372773313429801689 
+6.366738882115618559 
+6.360750131045005418 
+6.354807836597464288 
+6.348912772976971652 
+6.343065712180882443 
+6.337267423969514368 
+6.331518675834533205 
+6.325820232968400347 
+6.320172858232959712 
+6.314577312128826669 
+6.309034352764054887 
+6.303544735823227718 
+6.298109214536571798 
+6.292728539648723363 
+6.287403459388055893 
+6.282134719435191528 
+6.276923062892491245 
+6.271769230252814076 
+6.266673959368162627 
+6.261637985419481467 
+6.256662040884969578 
+6.251746855509331624 
+6.246893156272538050 
+6.242101667359405859 
+6.237373110127711229 
+6.232708203078010101 
+6.228107661822251728 
+6.223572199052533449 
+6.219102524510635277 
+6.214699344956582827 
+6.210363364137780451 
+6.206095282758123943 
+6.201895798446701136 
+6.197765605727019178 
+6.193705395986087048 
+6.189715857443030878 
+6.185797675118287486 
+6.181951530802935579 
+6.178178103026890078 
+6.174478067028794648 
+6.170852094724279979 
+6.167300854675348276 
+6.163825012059451325 
+6.160425228637997463 
+6.157102162725834660 
+6.153856469160107423 
+6.150688799269014240 
+6.147599800841041073 
+6.144590118094025222 
+6.141660391643865680 
+6.138811258473666044 
+6.136043351902790377 
+6.133357301555774299 
+6.130753733331149924 
+6.128233269371026637 
+6.125796528029121113 
+6.123444123840729780 
+6.121176667491009304 
+6.118994765784453449 
+6.116899021613492415 
+6.114890033927887103 
+6.112968397703053114 
+6.111134703910104271 
+6.109389539483809806 
+6.107733487292027696 
+6.106167126104858234 
+6.104691030563414778 
+6.103305771148684222 
+6.102011914150912375 
+6.100810021638165992 
+6.099700651425588482 
+6.098684357044589888 
+6.097761687711127365 
+6.096933188295310835 
+6.096199399290630261 
+6.095560856781785830 
+6.095018092415190658 
+6.094571633366690833 
+6.094222002311212805 
+6.093969717391835239 
+6.093815292188277333 
+6.093759235686187381 
+6.093802052246362067 
+6.093944241573387544 
+6.094186298684451941 
+6.094528713879021176 
+6.094971972707242003 
+6.095516555939186176 
+6.096162939533623870 
+6.096911594607385076 
+6.097762987403992696 
+6.098717579262856958 
+6.099775826588079930 
+6.100938180817679246 
+6.102205088392633314 
+6.103576990725187557 
+6.105054324168965429 
+6.106637519986976237 
+6.108327004321211007 
+6.110123198161109492 
+6.112026517313176477 
+6.114037372369541146 
+6.116156168676914362 
+6.118383306305950953 
+6.120719180019790429 
+6.123164179243548944 
+6.125718688032595338 
+6.128383085042409917 
+6.131157743496993717 
+6.134043031157716541 
+6.137039310293049610 
+6.140146937646997927 
+6.143366264407867483 
+6.146697636178078739 
+6.150141392942135354 
+6.153697869036547807 
+6.157367393118404308 
+6.161150288134138009 
+6.165046871288870634 
+6.169057454015403508 
+6.173182341942887064 
+6.177421834866088979 
+6.181776226714637446 
+6.186245805521066288 
+6.190830853390948185 
+6.195531646471319931 
+6.200348454919339503 
+6.205281542872000955 
+6.210331168414761294 
+6.215497583550434690 
+6.220781034168394896 
+6.226181760013322020 
+6.231699994654472441 
+6.237335965454733788 
+6.243089893539017332 
+6.248961993763717970 
+6.254952474686138686 
+6.261061538532416648 
+6.267289381167078233 
+6.273636192062600259 
+6.280102154267267700 
+6.286687444374893019 
+6.293392232493818739 
+6.300216682215634023 
+6.307160950584042247 
+6.314225188064457761 
+6.321409538512295256 
+6.328714139142393336 
+6.336139120498092581 
+6.343684606419551564 
+6.351350714013808130 
+6.359137553622550953 
+6.367045228792274969 
+6.375073836242447278 
+6.383223465834979571 
+6.391494200542494397 
+6.399886116418602278 
+6.408399282565556021 
+6.417033761104057987 
+6.425789607142098347 
+6.434666868743603274 
+6.443665586897780351 
+6.452785795488167331 
+6.462027521261103580 
+6.471390783795569313 
+6.480875595471451867 
+6.490481961438572256 
+6.500209879586181572 
+6.510059340511594073 
+6.520030327488968602 
+6.530122816438966638 
+6.540336775897111821 
+6.550672166982918654 
+6.561128943369324062 
+6.571707051250869291 
+6.582406429313524932 
+6.593227008703117065 
+6.604168712994512802 
+6.615231458160789835 
+6.626415152541760278 
+6.637719696813529247 
+6.649144983956832178 
+6.660690899226837658 
+6.672357320121454549 
+6.684144116350430487 
+6.696051149804786107 
+6.708078274525211881 
+6.720225336671589389 
+6.732492174491678583 
+6.744878618289883221 
+6.757384490396961318 
+6.770009605138241682 
+6.782753768803012839 
+6.795616779613773417 
+6.808598427694379396 
+6.821698495039993482 
+6.834916755485307860 
+6.848252974674164939 
+6.861706910028093631 
+6.875278310715501995 
+6.888966917620298780 
+6.902772463311893425 
+6.916694672013189660 
+6.930733259569322513 
+6.944887933418089965 
+6.959158392557771577 
+6.973544327515912578 
+6.988045420319554779 
+7.002661344463247062 
+7.017391764878079030 
+7.032236337900947376 
+7.047194711243596643 
+7.062266523961468145 
+7.077451406422625269 
+7.092748980277018944 
+7.108158858424815207 
+7.123680644986697175 
+7.139313935270881650 
+7.155058315744227571 
+7.170913364000019996 
+7.186878648726724883 
+7.202953729678005956 
+7.219138157640772491 
+7.235431474404746766 
+7.251833212731344069 
+7.268342896322192992 
+7.284960039788815678 
+7.301684148621374604 
+7.318514719157357185 
+7.335451238550938058 
+7.352493184741913268 
+7.369640026424487900 
+7.386891223016389674 
+7.404246224628103334 
+7.421704472031303013 
+7.439265396628270466 
+7.456928420421093051 
+7.474692955979916675 
+7.492558406412413774 
+7.510524165333164248 
+7.528589616831465214 
+7.546754135441850586 
+7.565017086111866185 
+7.583377824171403603 
+7.601835695302090912 
+7.620390035505776538 
+7.639040171073654406 
+7.657785418555496548 
+7.676625084728292414 
+7.695558466565457501 
+7.714584851206062410 
+7.733703515923104455 
+7.752913728092975632 
+7.772214745164858662 
+7.791605814628431048 
+7.811086173984651992 
+7.830655050713359877 
+7.850311662242391186 
+7.870055215917412639 
+7.889884908970048016 
+7.909799928487077914 
+7.929799451380279862 
+7.949882644353762018 
+7.970048663874253592 
+7.990296656139879161 
+8.010625757049016471 
+8.031035092168744782 
+8.051523776705188595 
+8.072090915470854000 
+8.092735602855009702 
+8.113456922791774772 
+8.134253948729570638 
+8.155125743600148525 
+8.176071359787300707 
+8.197089839095522024 
+8.218180212720177735 
+8.239341501215324826 
+8.260572714463210175 
+8.281872851643411693 
+8.303240901201380808 
+8.324675840817491235 
+8.346176637376661489 
+8.367742246936415995 
+8.389371614696775836 
+8.411063674968564996 
+8.432817351142841034 
+8.454631555659226194 
+8.476505189976059285 
+8.498437144538076637 
+8.520426298746359706 
+8.542471520927119144 
+8.564571668300196450 
+8.586725586948517730 
+8.608932111787476416 
+8.631190066532372640 
+8.653498263669593626 
+8.675855504423857667 
+8.698260578727783354 
+8.720712265191306045 
+8.743209331069909496 
+8.765750532234203973 
+8.788334613138555795 
+8.810960306790473595 
+8.833626334718772455 
+8.856331406943954931 
+8.879074221945909784 
+8.901853466633136591 
+8.924667816312830126 
+8.947515934657857883 
+8.970396473677922700 
+8.993308073687346749 
+9.016249363273427520 
+9.039218959267483200 
+9.062215466711929679 
+9.085237478829853330 
+9.108283576994606889 
+9.131352330698113917 
+9.154442297519498339 
+9.177552023095707057 
+9.200680041088592276 
+9.223824873154894632 
+9.246985028915329252 
+9.270159005922966600 
+9.293345289632856776 
+9.316542353370651952 
+9.339748658301648021 
+9.362962653399774737 
+9.386182775416973101 
+9.409407448851045075 
+9.432635085916217577 
+9.455864086511393651 
+9.479092838188272196 
+9.502319716122080706 
+9.525543083079011097 
+9.548761289386114015 
+9.571972672900249890 
+9.595175558976421826 
+9.618368260437371475 
+9.641549077542746815 
+9.664716297957275160 
+9.687868196720224034 
+9.711003036214881590 
+9.734119066136710074 
+9.757214523462387490 
+9.780287632420026966 
+9.803336604456008629 
+9.826359638206247027 
+9.849354919463923608 
+9.872320621148105602 
+9.895254903273801972 
+9.918155912920688877 
+9.941021784201041100 
+9.963850638230779211 
+9.986640583096352941 
+10.009389713824509371 
+10.032096112352185457 
+10.054757847494270706 
+10.077372974912858439 
+10.099939537086715546 
+10.122455563280052360 
+10.144919069510850207 
+10.167328058521288625 
+10.189680519745474285 
+10.211974429278599885 
+10.234207749846653712 
+10.256378430774393706 
+10.278484407955538416 
+10.300523603820675334 
+10.322493927306616968 
+10.344393273825890134 
+10.366219525234756205 
+10.387970549803171139 
+10.409644202183098827 
+10.431238323377980848 
+10.452750740710911259 
+10.474179267795076242 
+10.495521704501086901 
+10.516775836927262588 
+10.537939437367967344 
+10.559010264282740366 
+10.579986062265113844 
+10.600864562012420222 
+10.621643480293140982 
+10.642320519917539912 
+10.662893369706651470 
+10.683359704459004291 
+10.703717184922840744 
+10.723963457762488716 
+10.744096155529037517 
+10.764112896628088123 
+10.784011285290086235 
+10.803788911537505868 
+10.823443351156109671 
+10.842972165661761252 
+10.862372902270614361 
+10.881643093868195393 
+10.900780258977713189 
+10.919781901729521678 
+10.938645511830129564 
+10.957368564530433730 
+10.975948520596299218 
+10.994382826276078546 
+11.012668913269575199 
+11.030804198698596963 
+11.048786085074100427 
+11.066611960266483194 
+11.084279197473673406 
+11.101785155190952992 
+11.119127177178967258 
+11.136302592434100589 
+11.153308715155951347 
+11.170142844717009467 
+11.186802265632106668 
+11.203284247526756445 
+11.219586045106055394 
+11.235704898124446061 
+11.251638031353749625 
+11.267382654552772436 
+11.282935962436802413 
+11.298295134644533277 
+11.313457335709625085 
+11.328419715028717363 
+11.343179406829111855 
+11.357733530139892508 
+11.372079188759215640 
+11.386213471224662541 
+11.400133450781218869 
+11.413836185350479724 
+11.427318717500096312 
+11.440578074412403708 
+11.453611267853171185 
+11.466415294140869463 
+11.478987134116454882 
+11.491323753110687989 
+11.503422100914097115 
+11.515279111746611562 
+11.526891704224706103 
+11.538256781332425049 
+11.549371230389583687 
+11.560231923019546940 
+11.570835715120349363 
+11.581179446832193136 
+11.591259942506887626 
+11.601074010677056236 
+11.610618444024813911 
+11.619890019350629373 
+11.628885497542857053 
+11.637601623546599328 
+11.646035126331648613 
+11.654182718863260959 
+11.662041098070096368 
+11.669606944812599636 
+11.676876923853978241 
+11.683847683826467545 
+11.690515857202854022 
+11.696878060264731758 
+11.702930893069597218 
+11.708670939423083013 
+11.714094766845571272 
+11.719198926541508854 
+11.723979953369809692 
+11.728434365810983309 
+11.732558665936693387 
+11.736349339380414136 
+11.739802855303722140 
+11.742915666367171212 
+11.745684208698509821 
+11.748104901861953664 
+11.750174148826888043 
+11.751888335937447749 
+11.753243832880986730 
+11.754236992656638350 
+11.754864151546499329 
+11.755121629080541368 
+11.755005728009965793 
+11.754512734273889762 
+11.753638916968165873 
+11.752380528315518049 
+11.750733803633682584 
+11.748694961304629203 
+11.746260202743943779 
+11.743425712368967595 
+11.740187657568604607 
+11.736542188671826636 
+11.732485438917183984 
+11.728013524420813241 
+11.723122544146775681 
+11.717808579874930075 
+11.712067696170153752 
+11.705895940351958018 
+11.699289342462552810 
+11.692243915236838703 
+11.684755654070627884 
+11.676820536989437116 
+11.668434524618609416 
+11.659593560151339631 
+11.650293569317767606 
+11.640530460354430176 
+11.630300123972858728 
+11.619598433328460985 
+11.608421243989925031 
+11.596764393908296498 
+11.584623703384911764 
+11.571994975041985043 
+11.558873993790502510 
+11.545256526798802099 
+11.531138323463618889 
+11.516515115376524392 
+11.501382616294247185 
+11.485736522108323854 
+11.469572510812156452 
+11.452886242472267497 
+11.435673359195192234 
+11.417929485097729980 
+11.399650226276060394 
+11.380831170773792138 
+11.361467888551494809 
+11.341555931456262840 
+11.321090833188847569 
+11.300068109275354544 
+11.278483257034134013 
+11.256331755545112117 
+11.233609065619566181 
+11.210310629768287072 
+11.186431872171503699 
+11.161968198646402328 
+11.136914996618534346 
+11.111267635086758077 
+11.085021464597303975 
+11.058171817209455412 
+11.030714006463938404 
+11.002643327355169589 
+10.973955056297597821 
+10.944644451094662330 
+10.914706750910228905 
+10.884137176234588651 
+10.852930928854807036 
+10.821083191824815373 
+10.788589129432310187 
+10.755443887168391726 
+10.721642591698312685 
+10.687180350827610198 
+10.652052253473101473 
+10.616253369631653669 
+10.579778750347706762 
+10.542623427684494786 
+10.504782414691836934 
+10.466250705373951746 
+10.427023274661213037 
+10.387095078377061697 
+10.346461053206930103 
+10.305116116669040593 
+10.263055167081546415 
+10.220273083532019243 
+10.176764725847093018 
+10.132524934560521501 
+10.087548530882962439 
+10.041830316670768752 
+9.995365074394339189 
+9.948147567107616496 
+9.900172538418136270 
+9.851434712453180254 
+9.801928793832164644 
+9.751649467633553670 
+9.700591399363217349 
+9.648749234926000895 
+9.596117600593082386 
+9.542691102969662609 
+9.488464328967038952 
+9.433431845769211677 
+9.377588200802300378 
+9.320927921705074226 
+9.263445516295451654 
+9.205135472541000397 
+9.145992258528353958 
+9.086010322431073760 
+9.025184092478639286 
+8.963507976927271415 
+8.900976364026035981 
+8.837583621988120086 
+8.773324098959589534 
+8.708192122986099903 
+8.642182001985293738 
+8.575288023714273677 
+8.507504455736418336 
+8.438825545394781358 
+8.369245519777743780 
+8.298758585687965095 
+8.227358929614117855 
+8.155040717697451313 
+8.081798095700792217 
+8.007625188979201170 
+7.932516102447507933 
+7.856464920549564468 
+7.779465707228526483 
+7.701512505893143512 
+7.622599339388912654 
+7.542720209968127421 
+7.461869099254586857 
+7.380039968217031898 
+7.297226757136591857 
+7.213423385573699775 
+7.128623752341149533 
+7.042821735469232181 
+6.956011192176860369 
+6.868185958841230843 
+6.779339850963587821 
+6.689466663141621083 
+6.598560169036850276 
+6.506614121343762491 
+6.413622251758857473 
+6.319578270950120924 
+6.224475868525376043 
+6.128308713000787833 
+6.031070451771789465 
+5.932754711080176158 
+5.833355095983357330 
+5.732865190324449856 
+5.631278556700674010 
+5.528588736431395922 
+5.424789249528574331 
+5.319873594665314620 
+5.213835249144333162 
+5.106667668867437726 
+4.998364288303696945 
+4.888918520460570072 
+4.778323756849937709 
+4.666573367459776911 
+4.553660700721161803 
+4.439579083478680133 
+4.324321820957996110 
+4.207882196736858482 
+4.090253472711703253 
+3.971428889068430390 
+3.851401664250175383 
+3.730164994928329314 
+3.607712055969080733 
+3.484036000402734423 
+3.359129959395119158 
+3.232987042213721907 
+3.105600336197835709 
+2.976962906728480185 
+2.847067797195152572 
+2.715908028967427335 
+2.583476601361114788 
+2.449766491610140040 
+2.314770654833758101 
+2.178482024005411688 
+2.040893509923431104 
+1.901998001178038411 
+1.761788364120819406 
+1.620257442834850625 
+1.477398059102274175 
+1.333203012374873708 
+1.187665079740416907 
+1.040777015896031443 
+0.892531553111315823 
+0.742921401201583897 
+0.591939247498451948 
