+9.645911022867066364 
+9.473192514541642240 
+9.294872138269543171 
+9.118171549885342841 
+8.946569190645400127 
+8.773053452650902528 
+8.604557752128890513 
+8.437588999021036429 
+8.268779407556049676 
+8.108204135007044400 
+7.945773970633531746 
+7.788112023339137657 
+7.628642183081163708 
+7.473866764333187973 
+7.317329965137354897 
+7.162264478694728709 
+7.011783521445175360 
+6.859610281444636470 
+6.708887828554404464 
+6.559609310692153805 
+6.411767894163194370 
+6.268330493853943253 
+6.123313869371605378 
+5.982630583112517719 
+5.840412185069393303 
+5.702457058940107792 
+5.563010463604156186 
+5.427757682497566627 
+5.293832638954834025 
+5.158480494960619112 
+5.027219464968868401 
+4.891880918257054844 
+4.760620234183996935 
+4.628072939377510409 
+4.499534233009847561 
+4.372332848878837552 
+4.243907265838156029 
+4.119387869992197970 
+3.993685437577522812 
+3.871821465618668690 
+3.748815152907273074 
+3.627160291266704917 
+3.509243115531327284 
+3.390243975089378026 
+3.274916327432071839 
+3.158546254641072970 
+3.045782088124227016 
+2.932014579421789335 
+2.821787993908714043 
+2.710596695340887763 
+2.605067843890756407 
+2.498561714511376763 
+2.395419512977821519 
+2.291337514786694562 
+2.190558014988257973 
+2.088875769278500272 
+1.988396545022948381 
+1.891128421548866179 
+1.793012513355527027 
+1.698047684936536683 
+1.602271055498331265 
+1.509586041883173024 
+1.418020540516479855 
+1.325696243259603335 
+1.234526601799888823 
+1.142680339965476577 
+1.053825192848625747 
+0.964328155712331991 
+0.877763030284466339 
+0.790590318649936563 
+0.708000141711433884 
+0.623103897174811294 
+0.541023446952555886 
+0.458402413544554577 
+0.378539664491475136 
+0.298169376974545486 
+0.220500423955190428 
+0.143908488671836921 
+0.069918336444203533 
-0.004558645240930304 
-0.077975853687139107 
-0.148872740673287041 
-0.220208982762439831 
-0.289078367191489605 
-0.359759129983665105 
-0.427984424136944597 
-0.495184096443187727 
-0.562703824576157530 
-0.627848550794452009 
-0.693283113588154976 
-0.755117800468566358 
-0.818511239043941075 
-0.880872051105846765 
-0.942206133860672423 
-1.001323068103326719 
-1.060641553731702658 
-1.118950776156996341 
-1.175120240888807288 
-1.229214252055276901 
-1.284589910818986880 
-1.338979152745071843 
-1.392387731918573124 
-1.444821384462994018 
-1.496285828564840159 
-1.546786764498124356 
-1.594366469383890816 
-1.642032114494723416 
-1.687843247016438397 
-1.733713873570081887 
-1.777776776313514162 
-1.821873087044897588 
-1.864207977967605956 
-1.906550548557181202 
-1.947177521321897586 
-1.987786800736008885 
-2.026725825044049856 
-2.065622135875258891 
-2.102893057799921195 
-2.140096596607364177 
-2.175719138927334484 
-2.211249976577072118 
-2.247341777778675720 
-2.281850784328330661 
-2.316162965157007037 
-2.375812092580980917 
-2.407026987516394101 
-2.436802131882993550 
-2.465775071716818090 
-2.493950768347655611 
-2.521334167156901174 
-2.547930197599709956 
-2.573743773227169740 
-2.599282668941276242 
-2.623530293921300327 
-2.647010208677222920 
-2.670638355625543525 
-2.693006203379942676 
-2.715013809209661844 
-2.735803316340097879 
-2.756211612440267800 
-2.775443523777203936 
-2.793911981788095744 
-2.811275218456332325 
-2.828246869953849441 
-2.844152855720185613 
-2.859647299367493289 
-2.874115176639410407 
-2.888151880005583649 
-2.901200662903006489 
-2.913554060890930941 
-2.925216685134317984 
-2.936626640583391179 
-2.947096235911550011 
-2.957049317246568165 
-2.966100480944939832 
-2.974456730853432873 
-2.982122865925779465 
-2.989103668508068523 
-2.995284538454960455 
-3.000816262238451770 
-3.005703294676383308 
-3.010030108891447398 
-3.013628132091533018 
-3.016648828972540386 
-3.018975840256709731 
-3.020680384705054067 
-3.021782592357071806 
-3.022242797064732756 
-3.022093667428441321 
-3.021317860907018371 
-3.019950785685582062 
-3.017941122336436521 
-3.015315070131732611 
-3.012147877421339714 
-3.008314703061854445 
-3.003878570260166470 
-2.998950482309696852 
-2.993333677473550836 
-2.987257080866035253 
-2.980477021524547965 
-2.973116040088479295 
-2.965342903306506628 
-2.956844646716303870 
-2.948152011551812279 
-2.938742455578049473 
-2.929003941994999138 
-2.918753655887060816 
-2.907765898349385481 
-2.896493007515758222 
-2.884218447299629062 
-2.871405263464868796 
-2.858057695539558907 
-2.844462690183673814 
-2.830069487551746477 
-2.815457829205930906 
-2.800035428690453188 
-2.784423165771379161 
-2.767987882514567843 
-2.751390944376325365 
-2.733958972216385064 
-2.716393169519774275 
-2.698353640726789848 
-2.679078803063987380 
-2.659691888173606245 
-2.639823874792661229 
-2.619478785572736612 
-2.598660627745436713 
-2.577373393146945801 
-2.556060637277781211 
-2.534304927440981459 
-2.512109977821236129 
-2.489945664460570640 
-2.466892097997924083 
-2.443893752442861000 
-2.419995959739493330 
-2.396177625541202616 
-2.371449888330616318 
-2.346825502560083265 
-2.321281994047435404 
-2.295865387628881038 
-2.269520172831313687 
-2.242225334546326110 
-2.215076274476201590 
-2.186968559788994071 
-2.159030078812405051 
-2.130124148293351283 
-2.101410556854141021 
-2.071720955014823673 
-2.042246450003871061 
-2.012400548679961432 
-1.981566270798413854 
-1.951608289267124263 
-1.920668763117484801 
-1.890013777644149684 
-1.832276787598976497 
-1.799997241675516335 
-1.767372728872400600 
-1.733730267181353923 
-1.699735606531058707 
-1.666082517951405606 
-1.632097837587561884 
-1.597081180683957768 
-1.562436531785008853 
-1.526753218329110595 
-1.491461863644746089 
-1.455855295085795476 
-1.419200463016037972 
-1.382966810601860885 
-1.346427595505101493 
-1.309585986389459222 
-1.271684068494961295 
-1.234241114289950758 
-1.197278283295389656 
-1.159258520535187742 
-1.121736620544579566 
-1.083152208259612337 
-1.045083100322834468 
-1.005946095878266888 
-0.967341541621474121 
-0.928476343885215272 
-0.887717668880940280 
-0.847505857289201359 
-0.807031465517564328 
-0.765463491927265594 
-0.725306873696849763 
-0.684062607506040976 
-0.643416951895401823 
-0.601679223058834367 
-0.558837260614025055 
-0.516607701987831902 
-0.473269917947474639 
-0.429686290467873988 
-0.385859869342558781 
-0.341793690577048892 
-0.298379135221896519 
-0.253847139306341063 
-0.209981849732542969 
-0.164995778533693738 
-0.120691209697429969 
-0.076173425740703848 
-0.030530201892986497 
+0.014409930338416643 
+0.059554954933453530 
+0.105829680214281296 
+0.151380352996902445 
+0.197127709365153336 
+0.243069056558363528 
+0.288258336721673558 
+0.334575813619469642 
+0.380128437909984740 
+0.426811636729514277 
+0.472717456650944001 
+0.518794329059087289 
+0.566005025814455109 
+0.613388827323481323 
+0.660943150672187230 
+0.708665425153583328 
+0.755574156495823601 
+0.803621371818831420 
+0.850843536318702576 
+0.899205760435791035 
+0.946731674788226840 
+0.994404345154549674 
+1.044216912341232373 
+1.094183554314785312 
+1.144301654761493481 
+1.194568610362736649 
+1.245991569356361239 
+1.296551324716130438 
+1.346236769319544280 
+1.396055297797941464 
+1.447025236649121638 
+1.497105370155797033 
+1.547311406302918968 
+1.597640991282606393 
+1.649122636750918858 
+1.699694706957144419 
+1.750383287993484416 
+1.802224037850842286 
+1.853140992597836600 
+1.904167527066584320 
+1.955301369947556545 
+2.007587031242407782 
+2.057881953826152355 
+2.109324210256353638 
+2.159811988664430693 
+2.211446770466642953 
+2.262118907442864035 
+2.356305102668533991 
+2.408284994186449701 
+2.460350599919792103 
+2.511434682642204486 
+2.563663646071766777 
+2.615971959568746286 
+2.667287658799786243 
+2.719746831402787279 
+2.771206286899628779 
+2.823808124744507708 
+2.875403352722699424 
+2.927062840512152597 
+2.979862851502253385 
+3.031646336515342988 
+3.084568950679638100 
+3.136468661733585073 
+3.188423038510129537 
+3.241514239776365436 
+3.293573383591669845 
+3.346767664780402107 
+3.398924014978198294 
+3.452213700735835111 
+3.505548689748155589 
+3.557837280812508496 
+3.611256282656118088 
+3.665806272632093687 
+3.719303325645912928 
+3.818748512121012517 
+3.871248774009492521 
+3.923778306686061867 
+3.978525830106369732 
+4.033301292637023749 
+4.088102761646227101 
+4.141831581379022076 
+4.195581735564491765 
+4.249351437682386212 
+4.303138911877548267 
+4.355844214301032302 
+4.409661674240889617 
+4.463491677947571290 
+4.516233602996538643 
+4.570083335599719909 
+4.622841289397430664 
+4.675604752940023090 
+4.729471486451068962 
+4.782241239342465811 
+4.837210489627121746 
+4.892178771967006234 
+4.947144332899906516 
+5.001006263227082194 
+5.055961306725423654 
+5.112007321265331861 
+5.168043324093404500 
+5.222969125369104404 
+5.277881886282459689 
+5.332779931841301391 
+5.387661598133160368 
+5.442525232300761573 
+5.497369192517596481 
+5.552191847963317883 
+5.605895819268000402 
+5.658480985340606395 
+5.712136915860220654 
+5.766860538908778366 
+5.820461399933304136 
+5.874032772903323263 
+5.927573193649775973 
+5.981081207977048564 
+6.035646318564319657 
+6.089084462283390842 
+6.142485867649826403 
+6.195849120342106886 
+6.249172815901108180 
+6.304629475671147176 
+6.358954177624527304 
+6.413233278379045110 
+6.467465328140754366 
+6.521648887685925544 
+6.575782528336581834 
+6.629864831935977421 
+6.683894390824045573 
+6.737869807812927547 
+6.791789696162358503 
+6.845652679555342957 
+6.899457392073403028 
+6.951053836463333191 
+7.004740415510857687 
+7.057292873425536683 
+7.109784296092991340 
+7.163282771447630815 
+7.215647111379112744 
+7.269013362643262255 
+7.321245645458379414 
+7.374474636340398348 
+7.426569965195932710 
+7.479656738335348720 
+7.531610293555894842 
+7.584549970146445830 
+7.636357008855219064 
+7.689144788268133190 
+7.740800644017518550 
+7.793431803424653026 
+7.845982091431245031 
+7.897401779823982615 
+7.949788485562933715 
+8.002090847660536355 
+8.053264228294949589 
+8.104354436124934224 
+8.155360411220575756 
+8.205242764267282496 
+8.256078902310271417 
+8.305792892893773427 
+8.356455145430041753 
+8.408059204320153412 
+8.458539883679927485 
+8.508929182708751426 
+8.558200574746162914 
+8.608406071342491472 
+8.657495539916663319 
+8.707513429043316933 
+8.756417280250593294 
+8.806243825139461023 
+8.855972312577531369 
+8.904589963597034696 
+8.954121610343012350 
+9.002544682346398375 
+9.050870183455648643 
+9.101104588141195606 
+9.150229798725767694 
+9.200250010597271100 
+9.249163533161674167 
+9.298965939545320580 
+9.347664268913295160 
+9.396254813351282209 
+9.444736739863916597 
+9.494095272177204947 
+9.542355239047447313 
+9.590504123266391900 
+9.639520302185855982 
+9.688419146077990263 
+9.737199823913757157 
+9.785861513687734714 
+9.834403402393597560 
+9.881857447414835960 
+9.929194914861419363 
+9.977377514384615509 
+10.023517164540203694 
+10.070500491032412071 
+10.117364328425660247 
+10.163155223493237855 
+10.209780442617784502 
+10.256284088620807537 
+10.302665478173516078 
+10.349866701465140650 
+10.396939215399029877 
+10.443882319818790450 
+10.489760342581886832 
+10.536445184438312239 
+10.582998581581572139 
+10.629419868181720688 
+10.674783921931187081 
+10.719097957153669753 
+10.764207799311948932 
+10.808271661173421307 
+10.853124959531495364 
+10.896936393095620232 
+10.941530875948803470 
+10.985087685382044498 
+11.065513378112253662 
+11.109605440593762538 
+11.153563844629484691 
+11.196495035660671391 
+11.239296973032205429 
+11.284631869084394751 
+11.328935116952568052 
+11.372214683071577568 
+11.415357529607902620 
+11.458363174575461940 
+11.502104563162719231 
+11.544831564885411623 
+11.587419954586678728 
+11.630734141886531319 
+11.672179097170971573 
+11.713489760252350891 
+11.755522124387921323 
+11.796560178563618493 
+11.872292760877259710 
+11.913788516473740486 
+11.954299421502337708 
+11.996352654754666389 
+12.037420268818381786 
+12.078344412393557050 
+12.119124719101264986 
+12.160588634175935496 
+12.201902033488703836 
+12.243064550662854373 
+12.284075826981542434 
+12.324935511363378282 
+12.365643260337854770 
+12.406198738020897565 
+12.445795056092272546 
+12.486048075266028334 
+12.525347374747587637 
+12.565296706648727110 
+12.603503349464274308 
+12.641567968460954319 
+12.680278846342263321 
+12.718055697900641832 
+12.756472308904873714 
+12.793960417888573744 
+12.832081792843689882 
+12.870053676108666352 
+12.907105457558259332 
+12.944780744522836002 
+12.981541565482388023 
+13.018919417363349567 
+13.055388481410314938 
+13.092468110876193776 
+13.159430664059080129 
+13.196084761911190952 
+13.232587434318514141 
+13.268198175754656987 
+13.304400613204437676 
+13.340451158702588685 
+13.375618566490977912 
+13.411368010144851581 
+13.446240203321950801 
+13.480966130720680951 
+13.515545680868600087 
+13.550694545300441263 
+13.584977974951261359 
+13.620533906025887205 
+13.655224208787647200 
+13.689761474524702933 
+13.724845744475839382 
+13.759073571607675746 
+13.793841938276848680 
+13.827760046221834855 
+13.862212249138249121 
+13.895820407863283208 
+13.929275087728333560 
+13.963254267599175762 
+13.996398747822771824 
+14.029389652772895403 
+14.062226962587585533 
+14.122140206008925389 
+14.153882030819701754 
+14.186789680380492484 
+14.218884002005836464 
+14.251474983284541764 
+14.283259005829490818 
+14.315533404249121574 
+14.347007235386275426 
+14.378327591949439324 
+14.408859991376484544 
+14.439876665597378036 
+14.470740012588084511 
+14.501450093124217844 
+14.531384894725933421 
+14.562410726185994747 
+14.592661428447058825 
+14.622759163680175476 
+14.652704020712098654 
+14.682496093913488977 
+14.712135483176588480 
+14.742222477610402720 
+14.771553710256393188 
+14.800732593979198271 
+14.829168390704202452 
+14.858046050363050483 
+14.886187019747129767 
+14.914763974780552047 
+14.942610646052617795 
+14.970887457445755331 
+14.998440400366803260 
+15.026417670311030150 
+15.054243867423245717 
+15.082482392908634239 
+15.110003883331405206 
+15.137931852741672856 
+15.165703265899463048 
+15.192767554764976978 
+15.219681876679027610 
+15.245901712505661507 
+15.271978025776693499 
+15.298449762404928265 
+15.324236649502184449 
+15.350413357479443022 
+15.376971000901704656 
+15.402847508444077462 
+15.428575785004579046 
+15.454156070980431537 
+15.480106106487149020 
+15.505388144606172318 
+15.530522947910704090 
+15.556019203552466479 
+15.581362705559941517 
+15.606051412106076270 
+15.631093312347186242 
+15.655487014374013910 
+15.680228476336019128 
+15.704328333537361573 
+15.728770560360420205 
+15.752577771105094939 
+15.776240591785366973 
+15.799280793897278130 
+15.822183027801747457 
+15.845420391040700991 
+15.868044726897021945 
+15.890999036081165485 
+15.913346723646169423 
+15.935557985830197225 
+15.958091595184949796 
+15.980028140801589842 
+16.002281987106979244 
+16.024395031973067915 
+16.045920612789654314 
+16.067755983250606278 
+16.089451626693985986 
+16.111007912306579470 
+16.132425213556960131 
+16.153703908173476123 
+16.174844378121907340 
+16.196274202226081940 
+16.217136584605647442 
+16.237861921513363939 
+16.258450611728022750 
+16.278903058154543970 
+16.299632880987378059 
+16.319811305466238593 
+16.339854727922471511 
+16.359763567626711023 
+16.379538247864378064 
+16.399179195914005192 
+16.418686843024605793 
+16.438061624393718319 
+16.457303979145233797 
+16.476414350307312162 
+16.495779141494026021 
+16.514624219565178009 
+16.533338675652146321 
+16.551922968255709634 
+16.570752836754582660 
+16.589075560470849524 
+16.607269528501916511 
+16.625335214463170530 
+16.643637847503622851 
+16.661445811554351337 
+16.679126946444302604 
+16.696681740545244566 
+16.714110685843362347 
+16.731062393109219499 
+16.748243674138244330 
+16.765300593495581438 
+16.782233657333108567 
+16.799043375306858650 
+16.815730260555223907 
+16.832294829676502701 
+16.849071904987468429 
+16.865390935901363179 
+16.881589231808952434 
+16.897667322995587824 
+16.913950182843279890 
+16.929465029069149296 
+16.945185721182127736 
+16.960471118130673318 
+16.975958648967967690 
+16.991016695580981377 
+17.006273220372847277 
+17.021413878645937245 
+17.036439229897617054 
+17.051349836775482771 
+17.066447048098012829 
+17.081127554040328675 
+17.095695033935772500 
+17.110443896636603256 
+17.124784775666206826 
+17.139014374901922366 
+17.153133278544096640 
+17.166857276722950587 
+17.180758782793521533 
+17.194551351482139978 
+17.208513724734828543 
+17.222088016656019960 
+17.235555179820988059 
+17.249187379958609512 
+17.262439946819320369 
+17.275587219449640486 
+17.288629810828574307 
+17.301831309001293846 
+17.314664283086710128 
+17.327394443974117877 
+17.340022415563900893 
+17.352548824417322493 
+17.364974299734310392 
+17.377299473331220270 
+17.389524979618773415 
+17.401651455579862926 
+17.413923991894087351 
+17.425852340159536880 
+17.437683597438933703 
+17.449418410832635118 
+17.460820852148302151 
+17.472366664039949313 
+17.483817974644303206 
+17.495406253223809045 
+17.506897518157419569 
+17.518292472337954280 
+17.529591821181643496 
+17.540796272603358830 
+17.551463925874163152 
+17.562045406992588426 
+17.572759109045897219 
+17.583168383892804343 
+17.593493404053553775 
+17.603947286355008828 
+17.614314714173314513 
+17.624596371323832500 
+17.635000155933301613 
+17.645316078536342985 
+17.655544872384371757 
+17.665687272939287311 
+17.675744017849062573 
+17.685517237721303019 
+17.695209602712182573 
+17.704626442090724225 
+17.713967025091456264 
+17.723424234994435977 
+17.732612738339000202 
+17.741916085166945294 
+17.750955225646379176 
+17.760107489924422453 
+17.768999998223918624 
+17.777820960420992691 
+17.786752594856270804 
+17.795431032009929595 
+17.804218581228582252 
+17.812757257234686392 
+17.821403549253155063 
+17.829805240736355643 
+17.838313116395116964 
+17.846580612375795738 
+17.854952924999082597 
+17.863257845936672652 
+17.871496107939925935 
+17.879502316997395894 
+17.887775593676785491 
+17.895818290374986503 
+17.903959452210756353 
+17.911874185443515728 
+17.919726702333655055 
+17.927517745766007096 
+17.935248059980061441 
+17.942918390547681895 
+17.950529484350930431 
+17.958082089560075900 
+17.965576955611290089 
+17.973166038492031760 
+17.980546539640933190 
+17.987871572695915745 
+17.995141891959143265 
+18.002504969031058124 
+18.009812666792434754 
+18.016921257465391193 
+18.023834686080228096 
+18.030841759178159123 
+18.037657201521469119 
+18.044565738899116525 
+18.051286119852413492 
+18.057960544233850442 
+18.064864976012557918 
+18.071584480048166199 
+18.078258389986245902 
+18.084887473392910806 
+18.091606433618551364 
+18.098147294677055186 
+18.104645652740657624 
+18.111233617485979153 
+18.117648455203749336 
+18.124152803112565380 
+18.130616143971344911 
+18.137039300068781955 
+18.143295798970022759 
+18.149641818051456710 
+18.155698489624079173 
+18.161846233895538205 
+18.167834865815773782 
+18.173914676281405889 
+18.179838254121698071 
+18.185730745776197637 
+18.191714694170528333 
+18.197546602318105613 
+18.203470233439446702 
+18.209244553341392248 
+18.215110926579662021 
+18.220830656798355562 
+18.226642834743174149 
+18.232428800903406341 
+18.238306640556036342 
+18.244042036386343142 
+18.249869904502041607 
+18.255557927024675280 
+18.261339087000699521 
+18.266867964160091731 
+18.272491546854453759 
+18.278095218001570998 
+18.283565977808656555 
+18.289132545923983741 
+18.294568465999915929 
+18.304717931464942637 
+18.310333816581881194 
+18.315822667695840664 
+18.321186137798562754 
+18.326648476461173232 
+18.332098591606513338 
+18.337426383847958533 
+18.342854616003936741 
+18.348272962906435168 
+18.353682209093943101 
+18.359083138957061010 
+18.364366537492351483 
+18.369753317056154884 
+18.375024358742187758 
+18.380400059600241036 
+18.385661752448317685 
+18.391029444278125027 
+18.396284794256025918 
+18.401647544478571206 
+18.407118372093151493 
+18.412479239063291203 
+18.417949772649485851 
+18.423311945751311924 
+18.428675944212876914 
+18.434152103167857462 
+18.439522169096335347 
+18.444896414851214672 
+18.450275618928049681 
+18.455660559275919752 
+18.461052013275214279 
+18.466450757715939801 
+18.471968001289280181 
+18.477494468080493562 
+18.483030981368759882 
+18.488578363695815199 
+18.494026135497215080 
+18.499485907883112645 
+18.504846635474489602 
+18.510220344566207018 
+18.515720148114425569 
+18.521122300418653595 
+18.526539619669271985 
+18.531972827764356282 
+18.537650092643374933 
+18.543346194522904113 
+18.549061946477635843 
+18.554683230499172453 
+18.560440284299041025 
+18.566219404959817041 
+18.571905131994277838 
+18.577496857758788451 
+18.583228317156539333 
+18.588866298137901367 
+18.594528243662693967 
+18.600333603051240061 
+18.606046144748074056 
+18.611904632198438492 
+18.617670663123689678 
+18.623706236791292667 
+18.629650855202086746 
+18.635625683123187457 
+18.641631468038696084 
+18.647668956132676499 
+18.653863111590247570 
+18.659966924393412313 
+18.666104686037158444 
+18.672403472033856531 
+18.678612082876675515 
+18.684856875550288180 
+18.691267174201357193 
+18.697587314344136900 
+18.704076027165942975 
+18.710343531115771754 
+18.716912868473777110 
+18.723524487533929062 
+18.730179160849047548 
+18.736877659224148829 
+18.743620751691445037 
+18.750272986915256013 
+18.756832396481335934 
+18.763572995680796396 
+18.770359301414593745 
+18.777331960747488893 
+18.784212792983431939 
+18.791141486771984148 
+18.798118751983896146 
+18.805145296654764309 
+18.812221826961778248 
+18.819495033406393958 
+18.826821766129906877 
+18.834202769308145520 
+18.841638785005955015 
+18.849130553152726009 
+18.856678811517475935 
+18.864284295684612403 
+18.871947739029742763 
+18.879669872694378796 
+18.887451425562360896 
+18.895293124234068927 
+18.903195693003585376 
+18.911159853832430144 
+18.918864062037940243 
+18.926788667165332924 
+18.934774450633838683 
+18.942986969180068968 
+18.951098401846756758 
+18.959273031586185709 
+18.967511522154655523 
+18.975814534980340653 
+18.984354191910963294 
+18.992962415487170347 
+19.001639900821281515 
+19.010211701593874523 
+19.019028365643315226 
+19.027916347240513062 
+19.036516540568484857 
+19.045183694300760635 
+19.054283830865124116 
+19.063457952685759267 
+19.072706733492328368 
+19.081843619426500425 
+19.091242201620271857 
+19.100717433722159910 
+19.110078165291874086 
+19.119513768301416690 
+19.129024860751790982 
+19.138612057913185538 
+19.148077978680078104 
+19.157817635858378935 
+19.167434072958172919 
+19.177328568833623024 
+19.187097841688782296 
+19.197355503597297144 
+19.207489136665934382 
+19.226523825387943134 
+19.237102584755451318 
+19.247553198651296213 
+19.258302830065197497 
+19.268922081822019265 
+19.279625670939758209 
+19.290193143556926714 
+19.301065370420950273 
+19.311799128449781193 
+19.322842210886662428 
+19.333744415011985041 
+19.344960546507454779 
+19.356264920608978741 
+19.367891529537999418 
+19.379375865237072674 
+19.390950095559873034 
+19.402614760892177515 
+19.414611260263239245 
+19.426460276534456284 
+19.438401339850862826 
+19.450434977180929508 
+19.462561712101585698 
+19.474531730619457193 
+19.486844291513470750 
+19.499251489708420593 
+19.511753835059202800 
+19.524351833917897636 
+19.537045989111049948 
+19.550098846765553873 
+19.562988796712058814 
+19.575976400105695063 
+19.589062145376388457 
+19.602516616446088449 
+19.615529997064143686 
+19.628913062069852202 
+19.642672397032107767 
+19.656258106565310584 
+19.670225196534879331 
+19.684015453630930637 
+19.698192224616487778 
+19.712188901125315965 
+19.726288427637577172 
+19.740491251125732219 
+19.755090868627576128 
+19.769503742089121090 
+19.783723914813073463 
+19.798344317964556183 
+19.813070194285963055 
+19.827598216589450431 
+19.842228251445433784 
+19.857268706846145534 
+19.872106080123426608 
+19.887046634174495807 
+19.902405271114304242 
+19.917872227181465661 
+19.933766903037209772 
+19.949453909234186710 
+19.965573935757547019 
+19.981482570498783957 
+19.997829540589421526 
+20.013961347452074335 
+20.030536818273077415 
+20.046893305627435211 
+20.063361545586310797 
+20.079602397182760853 
+20.095951159676666009 
+20.126551136355480764 
+20.143557891633644630 
+20.160327860291062052 
+20.177912985156435610 
+20.195617235389441646 
+20.213083305634292230 
+20.230664429584443553 
+20.248723276206774813 
+20.266537804964542602 
+20.284468317895395728 
+20.302884628583058202 
+20.320678486744526481 
+20.338958726242495345 
+20.356979487192788270 
+20.375491909974332572 
+20.393740648877589194 
+20.412486334113932429 
+20.431350251482772507 
+20.449944079841792188 
+20.469042814047938350 
+20.488260544184093703 
+20.507201691296202739 
+20.526655707580321319 
+20.545828778186724151 
+20.565520009199744322 
+20.585331411171850391 
+20.605263206281527744 
+20.624905171929363235 
+20.645075931953492443 
+20.664952388191530019 
+20.685362925074255003 
+20.705474648006870098 
+20.726971221574014947 
+20.748174386128560798 
+20.769504569096092439 
+20.790961957767368773 
+20.812546733790142639 
+20.833823575124910121 
+20.855661091791379391 
+20.877185940768676176 
+20.898833769725882803 
+20.921050311157735280 
+20.942947044717556082 
+20.965417854140852683 
+20.987564037318314547 
+21.009833873414393679 
+21.032685781518075885 
+21.055205798894050417 
+21.077849806490981166 
+21.101083852786985062 
+21.123978672634088127 
+21.146997769861968663 
+21.170141228390207289 
+21.193409126552872124 
+21.216801537076932505 
+21.240318527058860809 
+21.264443938410067858 
+21.288212811339676023 
+21.312106431980339494 
+21.336616315911101083 
+21.360762106870321730 
+21.384536193831127804 
+21.408929190184977642 
+21.432945483648428109 
+21.477792908211881695 
+21.502660120217996109 
+21.527140977789812837 
+21.552255509818984081 
+21.578011351875929336 
+21.603378251104075503 
+21.628870024828600549 
+21.654486642153546683 
+21.679701483701240505 
+21.705565125691457240 
+21.731021862487551743 
+21.756598224902802485 
+21.782830758565630447 
+21.808648683737608565 
+21.835127675446436513 
+21.861731051582040664 
+21.889005483105457017 
+21.915859899495629293 
+21.943390296983416476 
+21.970495353554131412 
+21.998281282396064285 
+22.026196085484464504 
+22.053677499852160082 
+22.081847080105202252 
+22.109577904309823282 
+22.138001693574945961 
+22.165981344428040245 
+22.194658720582999933 
+22.222886561821976414 
+22.251816848398490833 
+22.280292190316210110 
+22.308889760861205787 
+22.338196755198659105 
+22.367040694874308571 
+22.396006273135093068 
+22.424498456543933145 
+22.453704207834668694 
+22.482431243376243657 
+22.511876298408260766 
+22.540837309110358433 
+22.570520746601797413 
+22.599714804393798318 
+22.629635650730147489 
+22.660290350367191081 
+22.689835698696789734 
+22.720114356068094708 
+22.749890188808009839 
+22.779779668284223959 
+22.810408779072915308 
+22.840527063720038825 
+22.870758135041384662 
+22.901735046952772734 
+22.932193126290588481 
+22.963401134825883076 
+22.994725383608521696 
+23.026165528138427874 
+23.057076070575785565 
+23.088744597639816902 
+23.120527951879516593 
+23.152425760461881055 
+23.183783201918650718 
+23.215906455736174507 
+23.248143010379884288 
+23.280492464332127156 
+23.312954408812171181 
+23.345528427753578171 
+23.378882311814070505 
+23.411681467497285070 
+23.444591396495017221 
+23.477611653227867805 
+23.510064564322568970 
+23.543301881885973614 
+23.576648155602057955 
+23.609419079041600753 
+23.642979632968135206 
+23.676647705212733541 
+23.710422798264346511 
+23.744304407059868112 
+23.777597338059862864 
+23.811688285380135710 
+23.845185277096064169 
+23.879483495009203864 
+23.913885611636111150 
+23.948391076459017768 
+23.982999331254831077 
+24.018419247572154518 
+24.053233445182133465 
+24.088862304028964445 
+24.124595760276289269 
+24.159715416049163395 
+24.194934312120889075 
+24.229530087677389361 
+24.264943622823054170 
+24.299728865672964417 
+24.335334575395791035 
+24.371036406538983954 
+24.406833706528207273 
+24.443459289302261084 
+24.479447451467233776 
+24.516266390465084157 
+24.552442652112404176 
+24.588710970943040479 
+24.625070645758988519 
+24.660776181751540292 
+24.698061217892576025 
+24.734690672088238017 
+24.771408595979373501 
+24.808966291457025477 
+24.845106876383329819 
+24.881330196900400153 
+24.918392760315107637 
+24.955540016439755391 
+24.992771181975051320 
+25.030847841112255026 
+25.068246113719201418 
+25.105725879072956275 
+25.143286320175256776 
+25.180926611589256936 
+25.217875353334260780 
+25.255671248290926911 
+25.292770793248045891 
+25.330718957984192485 
+25.399838048072126639 
+25.437217480883617782 
+25.476229030765992434 
+25.514533334371900963 
+25.552908970254691212 
+25.591355020651814556 
+25.630657307489425278 
+25.669242788051697346 
+25.707895858206715189 
+25.745824707224603145 
+25.783816596993538894 
+25.822664061646747768 
+25.861575291746873972 
+25.899753290633753977 
+25.938787828564919380 
+25.977084697542380809 
+26.016238603408524455 
+26.054650449096705245 
+26.093117729565079799 
+26.132442574713707018 
+26.171018884933872073 
+26.210452965830278060 
+26.249134242077289514 
+26.288673375229180351 
+26.329072462517125075 
+26.367904911435786630 
+26.407595116069202845 
+26.446522003643515575 
+26.486306424781872693 
+26.526136759133230214 
+26.565197648656827312 
+26.605930596754383544 
+26.645891791518344860 
+26.686711081554541636 
+26.726754497559880974 
+26.766836821072317321 
+26.807776016144444498 
+26.847933288517197070 
+26.888125826172228017 
+26.928352404315781143 
+26.967789848878666703 
+27.007257605331929540 
+27.047577649119702414 
+27.087103056867803730 
+27.126655191918437993 
+27.167057647254026165 
+27.206660108709463941 
+27.247937178387587664 
+27.289237880708412831 
+27.330560813625382366 
+27.371904564608890098 
+27.413267710621227025 
+27.454648818092316276 
+27.495218337920107388 
+27.536630738416619124 
+27.577228121071748035 
+27.617837202011870090 
+27.658456582562287451 
+27.699914085246611251 
+27.740549967239090279 
+27.782021343414349701 
+27.823497454334557233 
+27.864976760833044978 
+27.905628087852591079 
+27.947109138456156074 
+27.987759166354074125 
+28.028406307497462535 
+28.069878450444647910 
+28.110515174335780841 
+28.151144452543050534 
+28.191764755383445618 
+28.232374543031554026 
+28.273800653899954227 
+28.314384456635501408 
+28.354953031488967952 
+28.395504797645010342 
+28.436865172800047219 
+28.478204687972791476 
+28.518695523985925888 
+28.559988672892750117 
+28.601255825030946767 
+28.640846212619756272 
+28.682057335610302573 
+28.722413979475632573 
+28.762738986230885985 
+28.803030670695683568 
+28.844108525274194221 
+28.884327700386286608 
+28.925328001136662692 
+28.999839734992896467 
+29.039900043699319099 
+29.080731270121681575 
+29.120698366379478728 
+29.161430783346290241 
+29.201297403611654602 
+29.241111579002676990 
+29.346473231289287753 
+29.386080344129489106 
+29.426432907159082220 
+29.465914924108837170 
+29.506135948975781957 
+29.545485224712514594 
+29.584765944187665809 
+29.624775663847785268 
+29.663912045339458246 
+29.703770477628374636 
+29.742754651321959614 
+29.782453719628193767 
+29.821277725087256272 
+29.860809260136889520 
+29.900253048078432982 
+29.939606969377408063 
+29.978084569419927163 
+30.017254254544695868 
+30.056327685279669026 
+30.095302693999407495 
+30.134177100933897009 
+30.172174303493946468 
+30.210070708602621892 
+30.248634441022623776 
+30.286320818574893110 
+30.324665857693076987 
+30.362897095534847836 
+30.401012267371285702 
+30.438250334111010886 
+30.475372589525456135 
+30.513130813189420110 
+30.550012461301058408 
+30.586771720617861092 
+30.623406390391195941 
+30.659914258356742778 
+30.697034166955745604 
+30.733279046190752126 
+30.770125930934369762 
+30.806831354900396036 
+30.842663100055737857 
+30.878354386678473986 
+30.914626898309244041 
+30.950027389085825291 
+30.985280456189940423 
+31.021098588511222260 
+31.056046679298553670 
+31.090840274185630676 
+31.125477007988443745 
+31.159954503698216399 
+31.194968996578964493 
+31.229117465065272086 
+31.263791203122259788 
+31.297600794912227684 
+31.331923677518830118 
+31.366065489622755535 
+31.400023616156829576 
+31.433795429035434665 
+31.467378287132554249 
+31.500769536254345837 
+31.533966509116730492 
+31.565650339985502626 
+31.597804548797789437 
+31.629764570412774560 
+31.660881599230748407 
+31.692449650535948535 
+31.723815853695519706 
+31.754343719750117714 
+31.811046149052302212 
+31.841618074966213214 
+31.871975539431446123 
+31.902115887789186388 
+31.932644769582253730 
+31.962338304258310018 
+31.991806629548584340 
+32.021047040973591891 
+32.049467108596530807 
+32.078248318858001653 
+32.106213306372801242 
+32.134524571579149210 
+32.162023906810155438 
+32.190419792290285272 
+32.217998177245519287 
+32.245326677244378288 
+32.272402475497116825 
+32.299222742565774524 
+32.326324005545224338 
+32.352085302038751990 
+32.377593172396757382 
+32.403368244018267319 
+32.428355706534759406 
+32.454106052729493115 
+32.479569400220746900 
+32.504242033214190144 
+32.529127921667715384 
+32.553717489312511191 
+32.578007580147669842 
+32.601518261799107279 
+32.624735284848817685 
+32.647190862707745396 
+32.669817673191722918 
+32.692141819374199940 
+32.714160252907674931 
+32.735429964835844885 
+32.756834170898905256 
+32.777923504049972792 
+32.798274157513120031 
+32.818731014519187283 
+32.838456111193551124 
+32.858268240275933181 
+32.877355728347005481 
+32.896898200184644168 
+32.915709686267383915 
+32.934554666937188472 
+32.952676082541202618 
+32.970810219202967062 
+32.988228423653829680 
+33.005293678698528481 
+33.022002724865970436 
+33.051430081171027098 
+33.067118294697273484 
+33.082437736797899674 
+33.097083776771341945 
+33.111956996359104721 
+33.126150124848138034 
+33.139961103923567975 
+33.153386555210772713 
+33.166685064985038878 
+33.179067292919334875 
+33.191315754523444070 
+33.203165038659975039 
+33.214611698754076485 
+33.225873339777031390 
+33.236495962610973720 
+33.246909499235648866 
+33.256693846427992867 
+33.266057986887339837 
+33.275176411218851058 
+33.283680778244168152 
+33.291914487742197082 
+33.299544558617810708 
+33.306878675757495500 
+33.313619813157892224 
+33.319791515223428746 
+33.325647369879064286 
+33.330944879783629631 
+33.335901180929646159 
+33.340397608622467374 
+33.344352833920808621 
+33.347928023100188000 
+33.351032322058763668 
+33.353613107121688586 
+33.355774234838996506 
+33.357423906028600413 
+33.358627153226116491 
+33.359331247518973385 
+33.359561794719652994 
+33.359284668490289505 
+33.358507064294670386 
+33.357193232301369790 
+33.355391806787785924 
+33.353025219028900494 
+33.350184184022111822 
+33.346748669639964646 
+33.342852118341752998 
+33.338522829612529108 
+33.333576542932085829 
+33.328211365394480481 
+33.322199846240152965 
+33.315783543955134860 
+33.308691182623590521 
+33.301046858699578479 
+33.292846545471554975 
+33.284086201609689226 
+33.274565574676287838 
+33.264661349459444750 
+33.254184798186436467 
+33.243363180498484155 
+33.231741550467368995 
+33.219790310884285134 
+33.207007419518532743 
+33.193910649597661688 
+33.180241100841868729 
+33.165388668345364920 
+33.149905993902841317 
+33.133459742979013640 
+33.116690293476743534 
+33.099277018490852242 
+33.081583003506473517 
+33.063262028480636445 
+33.044309799317694853 
+33.024315608053484539 
+33.004074824193608606 
+32.983189725019954608 
+32.961655955935292184 
+32.939469147237353752 
+32.916151829111150562 
+32.892632219011879613 
+32.868946559415086028 
+32.844103592380449186 
+32.819113064815383041 
+32.792929319649651632 
+32.766061613671148223 
+32.738505455855850812 
+32.709672580316471624 
+32.680113369597286521 
+32.650436006643190012 
+32.619424413340276203 
+32.588314406857143979 
+32.556488399142388346 
+32.523270038668840698 
+32.489983365867701082 
+32.455966752092713534 
+32.420498661407236796 
+32.384993075822769981 
+32.348743468073536178 
+32.311745144872531910 
+32.273215075505838456 
+32.234689657411266239 
+32.195401253447911927 
+32.155345107499123003 
+32.113675132601230189 
+32.072053258329006553 
+32.029649181347082276 
+31.986458082351816756 
+31.942475126269265218 
+31.896773261850213999 
+31.850236667962121828 
+31.802860156492101851 
+31.755611270773925980 
+31.707545813846635951 
+31.657652573098033599 
+31.607922246440821823 
+31.557360405869410158 
+31.505962072058835588 
+31.453722249686997259 
+31.401727816353272260 
+31.347807395268652897 
+31.294156996690574601 
+31.237392091002988082 
+31.179724850675825110 
+31.122330296642232383 
+31.062860457065653463 
+31.003688913778333358 
+30.942395130607323495 
+30.881425613823537901 
+30.819558386420666807 
+30.755497797950788197 
+30.691800976941571832 
+30.627190720708199478 
+30.561661790336302147 
+30.495208930559414284 
+30.426442013439711332 
+30.358106337158268673 
+30.288830758917335118 
+30.217167000533656562 
+30.145976183331313791 
+30.075311317818496093 
+30.002222754714495068 
+29.928167518655612866 
+29.854681127970806642 
+29.778696321347574383 
+29.701728691857589126 
+29.622171520857399685 
+29.543201531756622558 
+29.461589726781816978 
+29.380594980439276753 
+29.298589752893647642 
+29.215568506827438000 
+29.129799852626213408 
+29.042961584358195637 
+28.955047764711515867 
+28.867842982048252054 
+28.777781983023508872 
+28.688461471938282443 
+28.596229803563687710 
+28.502892864748602619 
+28.408444609141177750 
+28.312878972012427425 
+28.216189870224511083 
+28.118371202213829463 
+28.023396904246460792 
+27.925358751352106879 
+27.824183643485639550 
+27.721854749404762686 
+27.618365876141716342 
+27.513710812156311647 
+27.412139015505609052 
+27.309481187720223261 
+27.203558691632721889 
+27.096492749433778613 
+26.990497433180081543 
+26.883393581169293896 
+26.772909155874636156 
+26.663548003287012023 
+26.515981337804042539 
+26.399293975699990256 
+26.278999619437392710 
+26.159809150119521348 
+26.039369779948295047 
+25.915228289678957196 
+25.792246370322736482 
+25.672990392651961145 
+25.547516042683749760 
+25.423308071971469246 
+25.295290307158676768 
+25.168577152200391822 
+25.037990144172724172 
+24.908746420554376044 
+24.778240757230058477 
+24.649168863382900696 
+24.513418506330840074 
+24.379089321924610090 
+24.243473004107485735 
+24.103755619997510706 
+23.965519395595222818 
+23.823115371234386828 
+23.682233201906541353 
+23.542947045338976864 
+23.399446988145243154 
+23.257584006528347231 
+23.111440784539830418 
+22.963952701972679904 
+22.818164345905735502 
+22.667994790508743108 
+22.519567151202473099 
+22.366690496954291234 
+22.215598402860841531 
+22.059988883792080117 
+21.906207026107995972 
+21.747838735962965018 
+21.591341668295520151 
+21.430188560190110536 
+21.270950698221781749 
+21.106986584305914789 
+20.944982205463055891 
+20.778180756578706223 
+20.606487316975282909 
+20.436762735248354517 
+20.265581102758410736 
+20.092935609341878944 
+19.915250673703287276 
+19.743225707249322909 
+19.562518242839296079 
+19.383918330348070214 
+19.200128965321184182 
+19.018494682953630104 
+18.831594587945577501 
+18.646897606665135072 
+18.460674216433673678 
+18.272917421358062740 
+18.079740909871247823 
+17.888864589062606569 
+17.692490220357203867 
+17.498465586833816587 
+17.302872000088932225 
+17.101662020848237944 
+16.898803421645020251 
+16.698395185781965466 
+16.492249898464031332 
+16.288606064065518808 
+16.083349902809196408 
+15.876474192433672528 
+15.663699549199421313 
+15.453529574680668901 
+15.241718122317116979 
+15.028257893922372546 
+14.808734148167513212 
+14.596361821588970997 
+14.377911286495141496 
+14.157782593019076600 
+13.931423924271143733 
+13.707882088080154404 
+13.482639705165427202 
+13.255689324818920483 
+13.022338912769090058 
+12.787194342733668506 
+12.550247636833443465 
+12.311490796388724789 
+12.070915801898127739 
+11.828514613010792544 
+11.584279168501765866 
+11.338201386250906566 
+11.090273163215016439 
+10.840486375402875296 
+10.588832877856066972 
+10.335304504616118493 
+10.085019804496106133 
+9.832918885929579744 
+9.578994004360355419 
+9.317998746059791060 
+9.060365004754871165 
+8.800883790504199666 
+8.539547280396979190 
+8.270956755878287936 
+8.005847841449011071 
+7.738859884025748315 
+7.464478036088532775 
+7.193669514831713130 
+6.915372613782350797 
+6.640711111845889469 
+6.364130536110135239 
+6.079918934619129800 
+5.799436613706053123 
+5.517010992998830687 
+5.232634011976210253 
+4.940433530756764391 
+4.652089329896600844 
+4.361769302276822025 
+4.069465307590102832 
+3.775169185627487600 
+3.472805005027356451 
+3.174458992702521520 
+2.874096084884208757 
+2.571708041129209477 
+2.261052688108095232 
+1.954547817844970226 
+1.645992800544750168 
+1.335379315174463954 
+1.016296211200293342 
+0.701498308533093251 
+0.384616682732122683 
+0.065642931811389360 
-0.262005833860012416 
-0.585232250416748201 
