36
85
133
181
230
278
327
376
425
474
524
573
622
671
721
770
819
868
916
965
1013
1062
1111
1160
1209
1258
1307
1355
1403
1452
1501
1549
1598
1646
1695
1744
1793
1842
1890
1939
1987
2036
2084
2134
2183
2232
2282
2330
2379
2428
2476
2525
2573
2623
2673
2723
2772
2822
2871
2920
2970
3019
3067
3116
3164
3213
3262
3311
3360
3410
3459
3508
3558
3607
3657
3708
3758
3808
3858
3909
3957
4006
4055
4105
4154
4203
4253
4302
4351
4400
4450
4500
4550
4598
4647
4695
4744
4792
4841
4890
4939
4988
5038
5087
5136
5185
5235
5284
5333
5383
5432
5481
5531
5580
5629
5719
5769
5818
5868
5917
5967
6016
6066
6115
6165
6214
6264
6313
6363
6411
6460
6510
6559
6608
6658
6706
6755
6803
6852
6901
6949
6998
7048
7097
7146
7196
7245
7294
7344
7393
7442
7491
7541
7590
7639
7729
7779
7828
7877
7927
7976
8026
8074
8123
8171
8220
8268
8317
8366
8415
8465
8515
8565
8615
8665
8715
8765
8813
8862
8911
8960
9009
9059
9108
9157
9207
9256
9305
9355
9404
9452
9501
9549
9597
9645
9695
9745
9795
9845
9894
9943
9992
10040
10088
10137
10185
10234
10282
10331
10380
10428
10477
10526
10574
10623
10671
10720
10768
10817
10865
10913
10962
11011
11060
11109
11158
11206
11255
11303
11352
11400
11449
11497
11546
11594
11642
11691
11739
11788
11836
11884
11933
11981
12030
12079
12129
12178
12227
12277
12326
12376
12425
12475
12524
12572
12621
12669
12717
12766
12814
12863
12912
12962
13011
13061
13110
13159
13209
13259
13309
13359
13408
13499
13547
13597
13646
13696
13745
13795
13843
13892
13940
13989
14037
14086
14135
14185
14234
14283
14333
14382
14432
14481
14530
14578
14627
14675
14724
14774
14824
14873
14923
14973
15023
15072
15121
15170
15218
15266
15315
15363
15412
15461
15511
15560
15610
15660
15709
15759
15807
15855
15904
15952
16000
16049
16097
16146
16194
16242
16291
16339
16388
16436
16485
16534
16583
16632
16682
16731
16780
16830
16879
16929
16978
17028
17077
17126
17175
17223
17272
17320
17369
17417
17466
17515
17565
17614
17663
17712
17762
17811
17861
17909
17958
18007
18055
18104
18152
18202
18251
18301
18350
18399
18447
18495
18544
18592
18641
18690
18740
18788
18836
18885
18934
18982
19031
19079
19128
19177
19225
19274
19322
19372
19421
19470
19520
19569
19618
19667
19717
19766
19816
19865
19915
19964
20014
20063
20113
20162
20211
20261
20310
20359
20409
20458
20507
20555
20604
20652
20700
20749
20798
20847
20896
20945
20994
21043
21091
21140
21188
21237
21285
21333
21382
21430
21479
21527
21576
21625
21674
21723
21773
21822
21871
21921
21970
22019
22069
22118
22167
22215
22264
22312
22361
22409
22459
22509
22558
22608
22658
22708
22757
22807
22856
22905
22955
23004
23054
23103
23151
23201
23250
23299
23348
23398
23447
23496
23545
23594
23644
23693
23742
23792
23841
23891
23939
23988
24037
24085
24134
24182
24232
24281
24330
24380
24429
24478
24528
24577
24626
24675
24724
24773
24823
24872
24923
24972
25021
25071
25120
25169
25218
25268
25317
25366
25416
25465
25515
25564
25614
25663
25712
25762
25811
25860
25910
25960
26010
26060
26110
26160
26209
26257
26307
26357
26407
26457
26505
26554
26602
26651
26699
26747
26797
26846
26896
26945
26994
27044
27092
27141
27189
27238
27287
27336
27384
27433
27482
27531
27581
27630
27679
27729
27778
27828
27876
27925
27973
28022
28070
28120
28169
28219
28268
28318
28367
28417
28466
28516
28565
28614
28663
28712
28762
28810
28858
28908
28957
29006
29055
29103
29152
29200
29249
29297
29347
29398
29448
29498
29548
29598
29648
29699
29747
29796
29844
29893
29942
29990
30039
30088
30138
30187
30236
30286
30335
30385
30435
30485
30535
30585
30635
30685
30734
30784
30834
30884
30934
30984
31033
31083
31133
31183
31233
31282
31331
31379
31428
31478
31528
31578
31628
31678
31727
31777
31826
31875
31924
31974
32023
32073
32122
32171
32221
32270
32319
32368
32417
32467
32517
32567
32618
32667
32716
32765
32815
32864
32913
32962
33011
33061
33110
33159
33208
33256
33305
33353
33402
33450
33499
33548
33598
33647
33696
33744
33793
33841
33890
33939
33989
34039
34089
34139
34189
34239
34288
34338
34387
34436
34486
34535
34583
34631
34680
34728
34776
34825
34873
34922
34971
35019
35068
35116
35165
35213
35263
35313
35363
35413
35464
35514
35563
35613
35662
35712
35762
35810
35858
35907
35955
36003
36052
36100
36149
36197
36245
36294
36344
36393
36443
36493
36542
36592
36641
36690
36740
36789
36839
36887
36936
36985
37034
37084
37133
37182
37231
37281
37330
37380
37429
37479
37528
37578
37626
37675
37725
37774
37823
37873
37922
37971
38020
38069
38119
38168
38217
38266
38316
38364
38412
38461
38510
38558
38607
38655
38705
38754
38803
38853
38902
38951
39001
39050
39099
39148
39198
39247
39296
39346
39394
39443
39492
39541
39589
39638
39687
39735
39783
39832
39880
39929
39977
40026
40075
40124
40173
40221
40269
40318
40366
40415
40464
40513
40562
40610
40659
40707
40756
40805
40854
40902
40951
41000
41048
41096
41145
41193
41242
41292
41341
41390
41439
41488
41536
41584
41633
41681
41729
41778
41828
41877
41926
41975
42025
42074
42123
42173
42222
42271
42320
42370
42419
42469
42518
42567
42616
42666
42715
42764
42814
42863
42913
42962
43012
43061
43111
43160
43210
43259
43309
43359
43409
43458
43508
43557
43606
43654
43702
43750
43799
43847
43897
43946
43996
44044
44093
44141
44190
44239
44287
44336
44386
44434
44483
44532
44581
44629
44678
44728
44818
44867
44917
44966
45016
45065
45115
45164
45214
45263
45313
45362
45411
45461
45510
45559
45609
45658
45708
45758
45808
45858
45908
45958
46007
46057
46106
46156
46205
46255
46304
46353
46403
46453
46503
46553
46603
46653
46703
46752
46802
46851
46901
46951
47001
47050
47099
47147
47196
47244
47293
47341
47390
47438
47486
47535
47583
47631
47680
47728
47777
47827
47876
47925
47974
48024
48073
48123
48172
48222
48271
48321
48369
48418
48466
48515
48564
48612
48662
48711
48761
48810
48859
48909
48958
49006
49055
49103
49151
49200
49248
49297
49345
49394
49443
49492
49541
49590
49640
49689
49737
49786
49834
49882
49931
49979
50027
50075
50124
50173
50222
50272
50321
50370
50419
50469
50518
50568
50617
50667
50717
50766
50816
50865
50914
50963
51012
51062
51111
51160
51209
51259
51308
51357
51407
51456
51505
51555
51604
51653
51702
51751
51799
51848
51897
51945
51994
52043
52093
52142
52190
52238
52287
52335
52384
52432
52481
52530
52579
52628
52676
52725
52774
52823
52872
52921
52971
53020
53069
53119
53168
53217
53265
53314
53362
53411
53460
53508
53557
53605
53654
53702
53750
53799
53848
53897
53945
53994
54043
54092
54140
54188
54238
54286
54335
54384
54432
54481
54530
54578
54627
54675
54723
54772
54820
54870
54919
54968
55017
55067
55116
55165
55214
55264
55314
55364
55414
55464
55514
55563
55612
55661
55711
55760
55809
55858
55907
55955
56004
56052
56101
56150
56199
56248
56296
56345
56394
56442
56492
56541
56591
56640
56690
56739
56789
56838
56888
56937
56987
57036
57085
57134
57182
57232
57281
57330
57379
57429
57478
57526
57575
57623
57672
57720
57769
57817
57866
57915
57965
58014
58064
58113
58163
58212
58262
58313
58363
58413
58463
58513
58561
58610
58658
58707
58755
58803
58853
58902
58951
59001
59050
59099
59148
59197
59246
59296
59345
59394
59443
59493
59543
59593
59643
59693
59743
59793
59842
59892
59942
59992
60041
60091
60140
60190
60239
60288
60336
60385
60435
60485
60534
60584
60633
60683
60731
60779
60828
60878
60928
60977
61027
61077
61127
61175
61223
61272
61320
61369
61417
61466
61515
61564
61612
61661
61709
61758
61806
61855
61904
61953
62002
62052
62101
62149
62198
62246
62295
62343
62392
62441
62490
62539
62588
62638
62687
62736
62785
62833
62882
62930
62979
63027
63077
63126
63176
63226
63276
63326
63375
63424
63472
63521
63569
63617
63666
63715
63764
63813
63863
63912
63961
64011
64060
64109
64158
64208
64257
64306
64355
64405
64454
64504
64553
64603
64652
64702
64751
64801
64849
64898
64946
64994
65043
65091
65140
65190
65239
65288
65338
65387
65436
65485
65535
65583
65631
65679
65728
65776
65824
65873
65921
65971
66021
66070
66120
66170
66219
66269
66318
66367
66416
66466
66515
66563
66612
66660
66709
66758
66806
66856
66906
66955
67004
67053
67102
67152
67201
67250
67299
67349
67398
67447
67496
67545
67595
67643
67692
67741
67790
67838
67888
67938
67987
68037
68087
68136
68185
68234
68282
68331
68379
68427
68477
68527
68577
68626
68676
68726
68774
68824
68873
68923
68972
69022
69071
69120
69169
69218
69267
69317
69366
69415
69465
69513
69561
69610
69658
69708
69757
69807
69857
69906
69955
70005
70055
70105
70154
70204
70253
70303
70352
70401
70450
70499
70548
70596
70645
70693
70741
70790
70838
70887
70935
70984
71032
71082
71131
71181
71231
71280
71330
71379
71427
71477
71527
71576
71626
71675
71725
71773
71823
71872
71922
71972
72022
72072
72120
72169
72217
72266
72314
72363
72411
72461
72509
72559
72609
72658
72708
72758
72807
72856
72906
72955
73004
73053
73102
73150
73199
73247
73296
73344
73392
73441
73491
73540
73590
73640
73689
73738
73788
73837
73886
73936
73984
74033
74081
74130
74178
74227
74276
74325
74374
74424
74473
74522
74572
74621
74671
74720
74770
74819
74868
74918
74967
75016
75066
75115
75205
75255
75304
75353
75402
75450
75499
75547
75596
75644
75693
75742
75791
75840
75890
75939
75988
76037
76086
76136
76185
76234
76283
76332
76382
76431
76481
76531
76581
76630
76680
76730
76780
76829
76879
76928
76977
77027
77076
77125
77175
77225
77274
77322
77371
77419
77467
77516
77565
77614
77663
77711
77760
77808
77857
77905
77955
78004
78053
78102
78152
78201
78250
78299
78347
78396
78444
78492
78541
78589
78639
78688
78736
78785
78833
78882
78930
78979
79028
79077
79126
79175
79225
79274
79322
79372
79421
79470
79519
79569
79618
79667
79717
79766
79814
79862
79911
79959
80008
80057
80106
80155
80203
80252
80301
80349
80398
80446
80495
80544
80593
80641
80690
80739
80787
80835
80884
80932
80981
81029
81078
81128
81177
81226
81275
81325
81373
81421
81470
81518
81568
81617
81667
81716
81766
81815
81865
81915
81964
82014
82063
82113
82161
82210
82259
82309
82358
82407
82457
82506
82556
82604
82652
82701
82749
82797
82846
82895
82944
82994
83043
83092
83142
83191
83240
83290
83339
83388
83438
83486
83534
83584
83634
83684
83733
83783
83833
83882
83930
83979
84027
84075
84124
84172
84221
84269
84317
84366
84414
84462
84512
84561
84611
84660
84710
84759
84809
84858
84908
84958
85008
85058
85107
85156
85204
85253
85301
85350
85398
85447
85495
85544
85592
85640
85689
85737
85786
85834
85884
85933
85983
86032
86082
86132
86181
86231
86281
86331
86380
