+4.973149914042568120 
+4.914836034842664070 
+4.856728158124788308 
+4.797647664550076740 
+4.741133901120832661 
+4.683649252032629384 
+4.627540849740814366 
+4.570471682106281186 
+4.514771913135668946 
+4.458121546792177092 
+4.400534423733952316 
+4.344314874471224108 
+4.287169086649050165 
+4.231383726572119031 
+4.175814502448372600 
+4.074314346222363881 
+4.018243450680243356 
+3.963515437080804560 
+3.909007446038495814 
+3.808364726827924596 
+3.754489679147376968 
+3.699745041329177919 
+3.645233433641098308 
+3.503523974904468652 
+3.450933554327785480 
+3.398570457332091621 
+3.345373818927765974 
+3.293472247576106682 
+3.241800206075996726 
+3.191405940840371436 
+3.140190393870665453 
+3.089206507662985324 
+3.038454987284217257 
+2.988965187326062090 
+2.937651838971082174 
+2.887601595884436989 
+2.837786488338034818 
+2.788207196160373158 
+2.737859865315554142 
+2.688759070211578006 
+2.638901391248949846 
+2.589292058111272610 
+2.540916526991036761 
+2.490821205632371527 
+2.442935805368338986 
+2.394321727330032346 
+2.345959404904687684 
+2.297849506703160571 
+2.249992695976977597 
+2.202389630627123562 
+2.155040963212830007 
+2.107947340960362403 
+2.061109405771809122 
+2.015456910400988733 
+1.969127108542881199 
+1.923973791603437178 
+1.878154577600160913 
+1.833502824407910126 
+1.789100190061435836 
+1.744048767494410956 
+1.700151188010992076 
+1.656504433179741831 
+1.576992209692910762 
+1.533186446088004029 
+1.490512314023442642 
+1.448091657409952049 
+1.406783009306438625 
+1.364865694070417579 
+1.323203424400269501 
+1.281796717753857173 
+1.240646086828633532 
+1.199752039569587758 
+1.159115079177188257 
+1.119557194949088341 
+1.079430627129169373 
+1.040373662599761051 
+1.000759404079513359 
+0.961404658055085015 
+0.921514757787970318 
+0.882685777675419558 
+0.844117730729891491 
+0.805811077903924478 
+0.767766275484812688 
+0.730752221654969780 
+0.693227103628020203 
+0.656722982020038870 
+0.619719282195491772 
+0.583726773629400952 
+0.547246189901843039 
+0.511030494814726843 
+0.474349191928635783 
+0.438669955335543094 
+0.402536918321249715 
+0.367395814926932296 
+0.331812733402684579 
+0.297914874753974601 
+0.264273944339511679 
+0.230197552414842299 
+0.197076938335300156 
+0.163532448529141838 
+0.130933603490913875 
+0.097922481231779379 
+0.065846823601861004 
+0.033370499324454350 
+0.001164863458737564 
-0.030120717482855497 
-0.061789468047314777 
-0.093186495659073998 
-0.124943830247840282 
-0.155790838901977757 
-0.186986239091365469 
-0.217281884403440984 
-0.247913997037126244 
-0.277656971172207001 
-0.307724480321741822 
-0.336913511862023007 
-0.366415138691765563 
-0.395048992504210439 
-0.423983495136255328 
-0.452060972240227343 
-0.480427145619339413 
-0.508505837673457251 
-0.558322097198884038 
-0.584508946913017802 
-0.611504123137176947 
-0.638210463920918514 
-0.664102188557906814 
-0.690235840180593918 
-0.716079862551875834 
-0.741633998547739814 
-0.786402339435723796 
-0.810164983618597567 
-0.833659620048070593 
-0.857367070697777400 
-0.880319476709907178 
-0.903472978848043340 
-0.926810222893783120 
-0.949855555466021961 
-0.972608763678787902 
-0.995069639197994071 
-1.017237978232648388 
-1.039113581526067698 
-1.060696254347088363 
-1.081562889229901181 
-1.102565002889448920 
-1.122862337230063901 
-1.143283180962099799 
-1.163410194944617615 
-1.182849433152544094 
-1.202006162058865790 
-1.221262472798427368 
-1.239847964802830660 
-1.258150507570166887 
-1.276169963670260366 
-1.293906199750831654 
-1.311005738312378988 
-1.328180936988204053 
-1.344730651297986412 
-1.361680437368954166 
-1.378334696983097629 
-1.394369039910101193 
-1.410437819387065694 
-1.425898181536497944 
-1.441074303752520436 
-1.455966093106452419 
-1.470868608106173703 
-1.485185661786333711 
-1.499218126117376926 
-1.512965924165251330 
-1.526700773966724434 
-1.539873211366834305 
-1.553020818954392368 
-1.565617630356041623 
-1.578177741518952182 
-1.590441051180853549 
-1.621163061844727693 
-1.631909707587444025 
-1.642597907760357856 
-1.652791379662420290 
-1.662711075667437477 
-1.672555018392469783 
-1.681921395541313480 
-1.698563639373235290 
-1.707148428642165428 
-1.715629595914150762 
-1.723660969858621606 
-1.731577193485466459 
-1.739208040640814801 
-1.746553521340606707 
-1.753613649380872275 
-1.760523732550898224 
-1.767007389259548589 
-1.773205757848941744 
-1.779118867232450718 
-1.784858635191588938 
-1.790195508053851192 
-1.795247231717128855 
-1.800013850083731271 
-1.804495410764248575 
-1.808774641834463459 
-1.812603568003069654 
-1.816301326782194359 
-1.819637394523089924 
-1.822748006328166248 
-1.825508808722559273 
-1.828032564309157060 
-1.830218401358910008 
-1.832155622186276922 
-1.833766823916667121 
-1.835117862012651813 
-1.836154788340007116 
-1.836920026165996589 
-1.837383066765325701 
-1.837562216198992182 
-1.837457580767582144 
-1.837080029872666387 
-1.836413943707086993 
-1.835486621285063791 
-1.834287416287330608 
-1.832782910930445652 
-1.831034635441215919 
-1.828969873678785163 
-1.826622294266004864 
-1.823935413953666540 
-1.821016851785008051 
-1.814920661367115606 
-1.811201421412022228 
-1.807284695585027023 
-1.803007442535331961 
-1.798448545739684157 
-1.789448284233015052 
-1.784097085147578809 
-1.773658987190220415 
-1.767388601589686914 
-1.760960279532532979 
-1.754111836787424217 
-1.746971746982889151 
-1.739388615139690231 
-1.731817457332507360 
-1.723803682180717445 
-1.715499109340044015 
-1.706903960243546514 
-1.698199013917657929 
-1.681293606553674991 
-1.663831533793584505 
-1.653826281636668227 
-1.643756067983529690 
-1.633201530524011957 
-1.622145932636904320 
-1.611031742775483444 
-1.599640919641630354 
-1.588214577595844723 
-1.576276865005889150 
-1.564315277794444015 
-1.551831668739048986 
-1.539072683002314257 
-1.525769718834642852 
-1.512455165579329019 
-1.498585853627431241 
-1.484716832795575314 
-1.470282308869350629 
-1.455859946673336403 
-1.441164133151920268 
-1.425886822111828600 
-1.410639399561197216 
-1.395119397480724999 
-1.365904141558094587 
-1.349277209776177600 
-1.332708620203005623 
-1.315868912891235532 
-1.298406386159058457 
-1.281019859591523868 
-1.263363161172601501 
-1.245067954735887383 
-1.226492111617657699 
-1.207635977719331066 
-1.188499902245252926 
-1.169084237693904349 
-1.149389339849120617 
-1.129415567771303586 
-1.109571056525692434 
-1.072843929027079923 
-1.052247957468110506 
-1.031385832185365281 
-1.010257908634778268 
-0.988425184669373458 
-0.966761336832937523 
-0.944832782337157617 
-0.922639888521209706 
-0.899721976416058666 
-0.876529607641257869 
-0.853063181915388213 
-0.828845512029407594 
-0.804826723377114028 
-0.780535104049734585 
-0.755971066402420178 
-0.731634409647060835 
-0.707036915294518842 
-0.682688885641990595 
-0.658091312615242785 
-0.632724287301617672 
-0.606572330369062662 
-0.580150867561544104 
-0.552923783399316804 
-0.525959253766207446 
-0.498726546248678737 
-0.447919162436402729 
-0.421052065456976266 
-0.393371936054023763 
-0.366008987038878963 
-0.337823521305995911 
-0.309966382857883360 
-0.281277288711305751 
-0.252334440384233361 
-0.223138281860775223 
-0.193689259845854167 
-0.163379046948011641 
-0.133420511554467325 
-0.102591331575860423 
-0.072125139616217027 
-0.041408377064166224 
-0.009806929007429410 
+0.021414673015922148 
+0.052885439144350066 
+0.084604898381033244 
+0.116572577088256857 
+0.149448032815084453 
+0.181915760231846413 
+0.213960154209273945 
+0.246915921881484479 
+0.279437464370087874 
+0.312194428111260081 
+0.345876177659754092 
+0.379107474906561492 
+0.413972249261466807 
+0.448385574865627134 
+0.483751552679684949 
+0.518655030342802803 
+0.554520109656229110 
+0.618981282641328789 
+0.654809838032861080 
+0.690139775412000667 
+0.726442664967107632 
+0.762236257054252242 
+0.829208305840476889 
+0.867176795381924492 
+0.903858541173481633 
+0.941538374253205745 
+0.978677829538796118 
+1.016823854959107098 
+1.055204574953824359 
+1.093029050662075452 
+1.131872765436332084 
+1.170949548794895989 
+1.210258850246381357 
+1.249800116909125069 
+1.289572793519145222 
+1.329576322438083213 
+1.370633635993026456 
+1.411101869651026242 
+1.451799256986806785 
+1.493562830982827272 
+1.534721469492545509 
+1.576107541679103274 
+1.616868966054349599 
+1.658703568645520932 
+1.699903261184472658 
+1.776865627109446066 
+1.819553939631154194 
+1.861587769418886040 
+1.904717946426067066 
+1.948070452703173583 
+1.992536268995484416 
+2.072254683427871225 
+2.116454676154039483 
+2.159965395584263259 
+2.204599193772902588 
+2.248533702488940023 
+2.293598927394791431 
+2.339807562848002398 
+2.384379846131595926 
+2.429159209464098357 
+2.475084469211723093 
+2.558100783916158250 
+2.604624409053848400 
+2.652316879280615769 
+2.700230285938928443 
+2.748363959382433386 
+2.797686528285032725 
+2.846263088742947200 
+2.895057879810470691 
+2.943087848238375770 
+2.992312731192619424 
+3.040762879320131340 
+3.089420021950012085 
+3.139282869981712132 
+3.188356249154070454 
+3.238642474016878658 
+3.288129431059338526 
+3.338836311287156633 
+3.388734170831512849 
+3.439858967989210647 
+3.489136371763448263 
+3.581014932017859032 
+3.631881428907087983 
+3.683991328718209335 
+3.735259553023071888 
+3.787777979279192575 
+3.839445184001766709 
+3.891308842672229318 
+3.944432747631456238 
+3.996691250329993395 
+4.049144150911554441 
+4.101790764817856427 
+4.155710770647960572 
+4.208746668056526197 
+4.261974199677014852 
+4.315392673384585542 
+4.369001395192318782 
+4.422799669259139144 
+4.477890537546842076 
+4.532069653834088108 
+4.677834347965055706 
+4.732698558923479126 
+4.832822167758328291 
+4.888205152085220107 
+4.942635160490261192 
+5.044019449522624043 
+5.100092693986709946 
+5.157495957423452460 
+5.213932375459853219 
+5.271704719662849037 
+5.328501358877050897 
+5.386639763942795867 
+5.443793657751408333 
+5.501123272687202359 
+5.559803257128625553 
+5.617485665593080491 
+5.675341579487178656 
+5.733370261870870621 
+5.792760529825470073 
+5.851136019722035897 
+5.909682042199480456 
+5.968397853690415644 
+6.028486195645492707 
+6.086335861308759476 
+6.144346306615011244 
+6.203730409491502229 
+6.262063610173095540 
+6.321775718274302847 
+6.380428783060708042 
+6.440465938748574537 
+6.499435964383888376 
+6.558561759176198436 
+6.620315997532464358 
+6.680997600983054951 
+6.741839244204840043 
+6.804086731401493893 
+6.865249382934371702 
+6.926569757435077079 
+6.988047084824022370 
+7.050940041028614047 
+7.112732121524854456 
+7.174678819916580963 
+7.236779360166233133 
+7.300305034797473169 
+7.362714024554837700 
+7.477736867114450625 
+7.540573553222401415 
+7.603559506724588246 
+7.666693941717889871 
+7.731269075227582555 
+7.793405105535772037 
+7.856980255548304370 
+7.919398864202909394 
+7.983260927441659049 
+8.045959070861048446 
+8.110104935030607365 
+8.175706451650475159 
+8.240138748181085049 
+8.306030878825147568 
+8.372068516969893182 
+8.438250810204285912 
+8.504576904694825856 
+8.569715169051974613 
+8.634989912499650089 
+8.699064070243130331 
+8.764606603738563706 
+8.830283206391580819 
+8.894748681820647818 
+8.959341267637579875 
+9.025409847949481090 
+9.091609277849801884 
+9.157938741072225497 
+9.224397420125637126 
+9.290984496302021611 
+9.359061995842669290 
+9.425905983614050854 
+9.491507902402776864 
+9.558600355931670123 
+9.625817095068487816 
+9.693157293970823929 
+9.761998189205137066 
+9.886230768062002738 
+9.954039411830507333 
+10.077506940887081655 
+10.145649814482448292 
+10.215304046348155254 
+10.283682617278216753 
+10.352176583360432005 
+10.420785106745700688 
+10.490911021423007909 
+10.559748436456519727 
+10.628697871644305906 
+10.697758484858267636 
+10.768342227851874782 
+10.837624892269868582 
+10.907016184834848360 
+10.977934724046310322 
+11.046121268278501049 
+11.115833363570388315 
+11.184224806010746534 
+11.254144403165184940 
+11.322737479794319881 
+11.392861242987276427 
+11.463086871037290848 
+11.533413509827443733 
+11.605278622663989907 
+11.675806734398969766 
+11.746433271361549799 
+11.815713056995326369 
+11.886531904787826619 
+11.955998427308946574 
+12.025556134265585229 
+12.095204215870184683 
+12.166395675721727088 
+12.237679607125192760 
+12.309055146012191528 
+12.381980861763089763 
+12.453538845169624949 
+12.525185821017275956 
+12.598385814966380991 
+12.670209944105423006 
+12.743588897408022476 
+12.817056857389179214 
+12.890612898837231270 
+12.964256095675214198 
+13.037985520969639808 
+13.111800246939299797 
+13.185699344964058710 
+13.258201423059157165 
+13.330782763877927266 
+13.403442491114139656 
+13.477664962018863548 
+13.550480384977451109 
+13.623371543080056156 
+13.696337557086708969 
+13.770868923175322962 
+13.843983491005349862 
+13.915675931532248910 
+13.988932562679030625 
+14.122170097445895465 
+14.195622876723231087 
+14.330712547641475396 
+14.405859411841914763 
+14.541294812998705410 
+14.615122706319061407 
+14.689013510508520000 
+14.762966336806794487 
+14.897444556158543350 
+14.971567275661850971 
+15.044234134965885019 
+15.118472043430477569 
+15.191250029138787525 
+15.265599630642434192 
+15.338485316093988686 
+15.412943110489873533 
+15.485933064944967796 
+15.560495547983665077 
+15.633586336743510614 
+15.708250000194976082 
+15.782963440455064941 
+15.857725760817256599 
+15.932536064097394757 
+16.008921638418755151 
+16.083826147351764746 
+16.158775926521165900 
+16.235301025468650948 
+16.310339525410498140 
+16.386953282005997323 
+16.463610390108264880 
+16.538775493362656732 
+16.615515613596592459 
+16.692296232101334397 
+16.767579606102977152 
+16.842900051938695327 
+16.979798456689451314 
+17.053678933675964657 
+17.129131881167147355 
+17.203076722373065621 
+17.280135089427282935 
+17.355683541076992071 
+17.431262017789368457 
+17.508412923235795233 
+17.584049300072461364 
+17.659712966514987897 
+17.736947979566387801 
+17.814209500665249664 
+17.889950580928818624 
+17.967261745271130735 
+18.044596545700557044 
+18.120406652537184300 
+18.197785407320630213 
+18.275184923850336105 
+18.352604237089519046 
+18.428493440571077855 
+18.505949103339624173 
+18.581872074449321985 
+18.657810385990288182 
+18.735313328530136090 
+18.811279859370365841 
+18.888809702811009572 
+18.964800739782816663 
+19.042353694509241535 
+19.118365523167884845 
+19.194386268099727033 
+19.271966703085436023 
+19.348002684702702680 
+19.424044832593914123 
+19.500092236068937268 
+19.577696099690356846 
+19.653751342486287967 
+19.729809089666566990 
+19.807420671849293115 
+19.883480699102438649 
+19.961092710331612921 
+20.037151298338450545 
+20.113207797869542048 
+20.190813372281567695 
+20.266862871754096176 
+20.532216254560751167 
+20.606685524826531264 
+20.682697409217258411 
+20.757148510327599666 
+20.834690791601872206 
+20.910670467237622461 
+20.986637584345750440 
+21.064141159684112381 
+21.140080123708450799 
+21.216003777697785893 
+21.291911210839071344 
+21.367801512411606524 
+21.442125544690824768 
+21.521074901418288050 
+21.598455329589107521 
+21.675814089163988996 
+21.754696698098868524 
+21.832008737724684977 
+21.909296188888458090 
+21.986558085077149372 
+22.062249018617212215 
+22.137913571760094555 
+22.213550835355697188 
+22.289159900442886197 
+22.364739858257497218 
+22.443372820644651000 
+22.520431406491265847 
+22.597456789614639661 
+22.675987474593373605 
+22.752942846238742192 
+22.829862102841946836 
+22.906744280599930619 
+22.982051912331385779 
+23.118738765010878211 
+23.193938628669101831 
+23.267565028998930643 
+23.342684842533206080 
+23.480550492378618799 
+23.555549411974372020 
+23.630503979188887342 
+23.706941573985137239 
+23.781803773567812499 
+23.856618891615546829 
+23.932911379187288503 
+24.007628618890166194 
+24.083819351425962196 
+24.158435030389181719 
+24.232999080554339599 
+24.309030691019113846 
+24.383487681497410193 
+24.457890323336787475 
+24.533754429072541114 
+24.608044519917957160 
+24.682277546174514526 
+24.754939418044482835 
+24.829056830878588613 
+24.901603725885781415 
+24.975602008629195439 
+25.049538776502661364 
+25.123413133552883636 
+25.197224184324298335 
+25.270971033867176914 
+25.344652787745527434 
+25.419770221210825412 
+25.493317728289678570 
+25.629725417631924245 
+25.706069308965144415 
+25.782336959566372059 
+25.858527365211607218 
+25.930164520654329863 
+26.003221753782110426 
+26.076204995021360133 
+26.149113356098915517 
+26.220460333110970907 
+26.294701887728624712 
+26.367380284810632673 
+26.439980254806506821 
+26.512500912566956401 
+26.586418909113120890 
+26.658776625653100467 
+26.729578170719083374 
+26.801772741135703626 
+26.872412776360103948 
+26.944440744971966950 
+27.014915887812659179 
+27.085308184991507829 
+27.157080677543184777 
+27.227303035917994833 
+27.358739292280993993 
+27.430170955581651526 
+27.502966165928480535 
+27.574212225204675519 
+27.646816222643760597 
+27.717873110227429834 
+27.790282257537974431 
+27.861146412177362208 
+27.931913858224305613 
+28.004024945745150887 
+28.074594347209512080 
+28.147938621574247975 
+28.221174309554911019 
+28.351576958147269636 
+28.423076273943706838 
+28.493040924129431346 
+28.564325706704234875 
+28.634078353231675607 
+28.705145010361658109 
+28.774682136503194840 
+28.845527083450292594 
+28.914845179879954173 
+28.984053571659114112 
+29.054560404452100641 
+29.123544534345196411 
+29.192416374171699545 
+29.262577124456267796 
+29.388566702649431051 
+29.458392767795821499 
+29.580991599527763469 
+29.704596575315971307 
+29.772480787711785410 
+29.838862917101781846 
+29.906508055161562964 
+30.030435714656057655 
+30.099104611547062404 
+30.164904871560654698 
+30.231951988670800802 
+30.297508543850135254 
+30.364305236923808451 
+30.432333435171688762 
+30.498871161089429194 
+30.565279450970862740 
+30.631557471730271658 
+30.697704391400861823 
+30.763719379142330013 
+30.830944752305935452 
+30.896690653265295623 
+30.962302119740510165 
+31.027778325501294887 
+31.094450494571010069 
+31.159650902240940695 
+31.224713560759024489 
+31.290961181421071302 
+31.355743025112143840 
+31.421702392924043323 
+31.486200078343415498 
+31.550555885908568854 
+31.614769000249797415 
+31.678838607235864089 
+31.742763893982136381 
+31.806544048858302887 
+31.870178261496466376 
+31.934959851584618917 
+31.998296733918696333 
+32.062773244694710684 
+32.125809504532703897 
+32.187413868566629560 
+32.250152396305040270 
+32.312739328904385161 
+32.375173866408843537 
+32.437455210196660005 
+32.500848859158558923 
+32.562818257828737956 
+32.624632058798937351 
+32.686289468890969090 
+32.746536166006613655 
+32.807881652143642270 
+32.867821275247258939 
+32.928851745276766394 
+32.988481270631012876 
+33.050430988646077424 
+33.110978193660073998 
+33.172593383070321238 
+33.232811155399986092 
+33.292864697829458009 
+33.352753232700649733 
+33.412475983816563030 
+33.472032176449260987 
+33.530210697491895644 
+33.589434893278692584 
+33.647286712974263878 
+33.706175893269453070 
+33.764894695043139450 
+33.824635415265490224 
+33.883007647807957596 
+33.941207193433356792 
+33.999233290961313969 
+34.058264012345404126 
+34.115937357725677259 
+34.173434965366716654 
+34.230756080361288696 
+34.289064299973787797 
+34.348347727830507381 
+34.406280713344131073 
+34.464026737777736287 
+34.521585007693005309 
+34.580100197283847763 
+34.637276790117951464 
+34.694263242952700921 
+34.749924735092058370 
+34.804271776721364517 
+34.859568103622969204 
+34.914678869631394775 
+34.970722304004766556 
+35.025455925140001057 
+35.081112995628885187 
+35.136573778967644444 
+35.189630747430712177 
+35.242505424844765116 
+35.296292924807303848 
+35.393498557910305635 
+35.445660451287764658 
+35.498717616183824930 
+35.550503770405143200 
+35.603175969419467606 
+35.654583647286784753 
+35.706868093095991412 
+35.757894570958555391 
+35.809788490129648153 
+35.860431058003356952 
+35.912980647326705252 
+35.965322272146124760 
+36.017455190150485578 
+36.069378661025751853 
+36.120059745338117807 
+36.170538274537854306 
+36.220813557478777511 
+36.271904640854586432 
+36.321767182222004067 
+36.371424401198936494 
+36.420875614222481431 
+36.470120139635895384 
+36.520155892090848226 
+36.568980752113830590 
+36.617596877299078528 
+36.666989300757421688 
+36.715181642129010697 
+36.763163219116016478 
+36.811906058439845424 
+36.859459769133472662 
+36.907764625179297013 
+36.955847228463923670 
+37.002751874256574638 
+37.050392350430577437 
+37.096862370810100629 
+37.144057987707817858 
+37.190090713474603490 
+37.234973189501253898 
+37.280574882161275241 
+37.326881775222382487 
+37.372960265354919329 
+37.419724317703284555 
+37.502571754483426503 
+37.545963502363122188 
+37.590039030247901053 
+37.632998733187605467 
+37.675743746281725066 
+37.719157222677303309 
+37.761466585936041440 
+37.804434113799679551 
+37.847175442751222363 
+37.890555231183391527 
+37.932837660543327729 
+37.975747902428103941 
+38.017568924610607439 
+38.060007070344468616 
+38.135792023474486712 
+38.177558242198962546 
+38.219083270259275764 
+38.294037799505971975 
+38.334879249296598402 
+38.374667524534118002 
+38.415026019593383921 
+38.454339796531108675 
+38.493417834923484122 
+38.533049774588711500 
+38.572435030430504810 
+38.610012224953656812 
+38.648136632459298312 
+38.686022395025844389 
+38.722903038766695261 
+38.760314697151315499 
+38.797486013225267243 
+38.834416421971596378 
+38.871851596376956195 
+38.908293559611685453 
+38.944492923234889759 
+38.981180396203164662 
+39.016887917035724342 
+39.052351167626113693 
+39.086853306928375673 
+39.121831387402075109 
+39.156563571008867086 
+39.190347992817621048 
+39.224591807484252115 
+39.258588120154449541 
+39.292336396974668844 
+39.354351903065136753 
+39.387388586301327109 
+39.420175197585152205 
+39.452711215051067484 
+39.485652376620549830 
+39.517680510155571483 
+39.550102349031774907 
+39.581620499179578587 
+39.613520883644653736 
+39.643896733725981107 
+39.674653807274545159 
+39.705776023945716702 
+39.736632509659330026 
+39.767222736987498877 
+39.797546181290222478 
+39.827003820884883112 
+39.855610899381218815 
+39.884558900642588242 
+39.913248734309455301 
+39.941679919598342963 
+39.969851978345012355 
+39.997764435012499007 
+40.025978439730877767 
+40.053364954049961000 
+40.080490446006358241 
+40.107354450705805959 
+40.134496674275993655 
+40.160830960402378764 
+40.187431700606268237 
+40.213758244064102598 
+40.239810111233637713 
+40.265586825507796220 
+40.291087913223400108 
+40.315811112644709624 
+40.340268707970196260 
+40.364460261669997010 
+40.387899738586774845 
+40.411563358854913020 
+40.434959650157544786 
+40.458088185945939586 
+40.480948542450526872 
+40.503081930085976126 
+40.525410162204501319 
+40.547021485062785473 
+40.568815964776099747 
+40.589903638742548253 
+40.611162759866310523 
+40.632150838460795228 
+40.652867473101110818 
+40.690209952558781481 
+40.710558602249832916 
+40.730224530724385090 
+40.749617106153991131 
+40.768735943920489717 
+40.787962391509367421 
+40.822220762998107091 
+40.840274585649240180 
+40.858052836310470468 
+40.875555147502865339 
+40.892432367802825866 
+40.909387359233143400 
+40.925727738278837364 
+40.942134004343337494 
+40.958262552189978578 
+40.973792334632356926 
+40.989370084952319928 
+41.004669083556443354 
+41.019688989557621994 
+41.034429465083036348 
+41.048890175282174653 
+41.063070788334790961 
+41.077251730570878863 
+41.090865433034387877 
+41.104198054598079182 
+41.117512694897364156 
+41.130018779867192791 
+41.142758161306787201 
+41.154957529175760556 
+41.167114495915789973 
+41.178976830867966896 
+41.190544214375499621 
+41.201816330162394308 
+41.212576233335852294 
+41.223051969563499597 
+41.233448272152429581 
+41.243348999137452893 
+41.252964698383983944 
+41.262482534794443723 
+41.271521514778186202 
+41.280450291870110391 
+41.288911441400067304 
+41.303864969264061813 
+41.311660112965640224 
+41.319009278765882698 
+41.326212167972869338 
+41.332980410735125076 
+41.339590004058756278 
+41.345776316604627709 
+41.351791600001568838 
+41.357395002017611318 
+41.362814988925300952 
+41.367933954843088884 
+41.372658258566957556 
+41.377180495270671656 
+41.381319551543874979 
+41.385244141904436788 
+41.388797065621417914 
+41.392123120463821806 
+41.395089053980193228 
+41.397764148181934729 
+41.400148203083126930 
+41.402241022063336118 
+41.404008563154370393 
+41.405524287218419488 
+41.406748209545597206 
+41.407696124611042876 
+41.408329933035744830 
+41.408679122000528139 
+41.408713833562934781 
+41.408435268477383318 
+41.407868783391904799 
+41.407009266650995016 
+41.405856559533788186 
+41.404410506781076151 
+41.402670956603600416 
+41.400682190679241046 
+41.398310774213072705 
+41.395689855841574456 
+41.392712315292676806 
+41.389497117609622023 
+41.385912893639066112 
+41.378602693909925847 
+41.374337359294450778 
+41.369789126246011790 
+41.364854227076357063 
+41.359624297970206896 
+41.354214939715525645 
+41.348400661200770401 
+41.342291046075594352 
+41.335885998559120935 
+41.329045602378769786 
+41.322043383341018341 
+41.314593447908556811 
+41.306993710903789463 
+41.298933897967174289 
+41.290736326500400821 
+41.282066328437309721 
+41.273270636096611952 
+41.264178807461412646 
+41.254790783443617386 
+41.244905785347931726 
+41.226335281688648138 
+41.215586299430349015 
+41.204752841650311268 
+41.193392687400738339 
+41.181960208723275230 
+41.169988742720761365 
+41.157957121594925809 
+41.145628919759325015 
+41.122478262373952873 
+41.109586314664326778 
+41.096132180836320913 
+41.082665005302125394 
+41.068913178689157917 
+41.054581250835305184 
+41.039952698428635358 
+41.012623836986577430 
+40.997478518308341222 
+40.981724136049223262 
+40.965673216977428694 
+40.949662375123374147 
+40.933024524800970312 
+40.916438797449558251 
+40.899214161374750631 
+40.882053705819068057 
+40.863875879982103356 
+40.845762336029288520 
+40.827352597339142903 
+40.808646724391600458 
+40.789253904545020646 
+40.769949920155717393 
+40.750752963849066646 
+40.730863237454329351 
+40.710677738358896249 
+40.690617489260283435 
+40.670273580264520774 
+40.631802300772619674 
+40.610205566451966774 
+40.588313600756116273 
+40.565670641079435654 
+40.543182519078300174 
+40.519931472842912967 
+40.497321709588540273 
+40.473949265123685848 
+40.450768238806574573 
+40.426812883932484510 
+40.403061099828150304 
+40.378523366151213736 
+40.353691653278403351 
+40.329081811354178910 
+40.303668579630844704 
+40.278489382049890821 
+40.252495242724798175 
+40.226747303922557819 
+40.200718163076594180 
+40.173856866073272442 
+40.146702873434009007 
+40.119256365730869618 
+40.090948386448005181 
+40.062911446944035276 
+40.034001384193160789 
+40.005374801500643400 
+39.976456677611558632 
+39.947247218402743840 
+39.918351595344915950 
+39.888566034790272852 
+39.859106482845170660 
+39.828745677069775866 
+39.798094619421917173 
+39.767153541025457741 
+39.735282297034991927 
+39.703755981007319065 
+39.671940368242935904 
+39.639835707058097114 
+39.607442250065076905 
+39.574090272135457269 
+39.541114118120674448 
+39.507849957456116385 
+39.474298060106832509 
+39.439765109989693315 
+39.405632708557959631 
+39.371213412205989357 
+39.335796242416243729 
+39.300798182823079685 
+39.266237049939370252 
+39.229944324162836722 
+39.194089130815235933 
+39.157208315950406075 
+39.090075845803994525 
+39.053122732476168721 
+39.015885755920429290 
+38.978365247076730782 
+38.939787090769044653 
+38.900914421692355916 
+38.861747605808332651 
+38.823079102346000013 
+38.783330974421936332 
+38.744093511326283874 
+38.703765562813558176 
+38.663960620241944355 
+38.589293748608106682 
+38.548688908622189331 
+38.507804840930759838 
+38.465798974796619802 
+38.425200583694753220 
+38.383481186163500354 
+38.342344000043148355 
+38.300075376389344228 
+38.258400959101059868 
+38.215584723524678168 
+38.173374673761969689 
+38.130012476092815632 
+38.085481701462505555 
+38.041564023075345347 
+37.997372071099484003 
+37.951995976650266584 
+37.907251239967933998 
+37.862233585259829738 
+37.816016348928286561 
+37.770448691205857017 
+37.723671196264767502 
+37.677555444299933640 
+37.630219658187527898 
+37.582602667126451479 
+37.535665689099928954 
+37.488459629771199388 
+37.440013321865762919 
+37.392265127149144632 
+37.344249364048394568 
+37.294978402211718560 
+37.246423604149704545 
+37.197602793943261190 
+37.148516496417123278 
+37.099165241176777386 
+37.048534248257979584 
+36.956706471050026153 
+36.863991880235758458 
+36.813142315429345786 
+36.762031461720766856 
+36.709608775526902491 
+36.657971745607241587 
+36.606075153113302179 
+36.553919579369903659 
+36.500433251385487665 
+36.446678502076316875 
+36.393739035754194333 
+36.339454685897592867 
+36.285997442872613306 
+36.231186016779460601 
+36.177213491139340817 
+36.122986861842051098 
+36.067392280966132034 
+36.012654173393073620 
+35.957663867666681767 
+35.902422004626835417 
+35.846929230083162565 
+35.790045980652038793 
+35.735193554620188650 
+35.678951970240746050 
+35.622462107453273461 
+35.566885015191303410 
+35.509905645575940980 
+35.452680011001987737 
+35.395208797220888641 
+35.337492695025076728 
+35.279532400256087499 
+35.221328613812488584 
+35.161686731483897006 
+35.102993151794450455 
+35.044058228215405393 
+34.984882682056806402 
+34.925467239725662694 
+34.864592706670578082 
+34.805919597705752722 
+34.745788876387024402 
+34.686655572183568097 
+34.626056536642323636 
+34.565222055346659147 
+34.504152890499042883 
+34.444103225849687533 
+34.382571751432607243 
+34.322070699700930163 
+34.260079962974181456 
+34.199130528927994987 
+34.136683617396727186 
+34.074007453627210396 
+34.012388886824133749 
+33.949261271566754772 
+33.885906813251040148 
+33.822326330851581133 
+33.759825050969368476 
+33.695799568983929362 
+33.631550534264476937 
+33.565760723722355863 
+33.502385171513225259 
+33.437470539130799807 
+33.372335745328996381 
+33.308317594581012600 
+33.242749515586936582 
+33.178308590056673211 
+33.113659698841956924 
+33.047450307212301368 
+32.982383687999643485 
+32.915749609614749716 
+32.850268689178506065 
+32.783213442984575181 
+32.715946792926679620 
+32.647090383241121003 
+32.579399405436717529 
+32.511499800803591143 
+32.386245837313055063 
+32.317759494238558204 
+32.249068123050406598 
+32.180172674838573244 
+32.109661823044270079 
+32.040356980208102300 
+31.970850966111722613 
+31.901144753778527985 
+31.831239321707389678 
+31.759702909615384669 
+31.689397980413279043 
+31.618896820264634329 
+31.548200429762097485 
+31.475861052531580953 
+31.406225987649786902 
+31.334949964833541003 
+31.263482769266332184 
+31.193289717735336097 
+31.121447115998346789 
+31.050888309092503192 
+30.978674373801432296 
+30.907753822188418269 
+30.775786347126505405 
+30.643214977137038346 
+30.569970811369014285 
+30.496546625095017902 
+30.422943505690334121 
+30.347654968266340347 
+30.273693671800987914 
+30.198041941827430179 
+30.122208535766045401 
+30.047716678320256278 
+29.971527057491083923 
+29.895159312032653531 
+29.820147265310637863 
+29.743430391205798458 
+29.666538998763151369 
+29.589474310475885943 
+29.512237555046588966 
+29.436379785287680733 
+29.296625661358120851 
+29.221867936910477681 
+29.145394817708588420 
+29.070328793766645248 
+28.993543289649146288 
+28.918173556729332319 
+28.841080376306244659 
+28.762255519802877757 
+28.684853221198359563 
+28.607299771391662802 
+28.531183674502905490 
+28.453334641946497641 
+28.375338142141572462 
+28.295599160052336885 
+28.217308530327578353 
+28.138874220811157301 
+28.058692416704317907 
+27.979971683591326581 
+27.899500265278994959 
+27.822111984768980619 
+27.742975592085777237 
+27.663703229095176539 
+27.582674252372569867 
+27.503131150613803868 
+27.421828638804580436 
+27.275142183456090095 
+27.195097144784849519 
+27.113287731859674778 
+27.032987686455118848 
+26.949278219098797393 
+26.865435752608906483 
+26.783109622757436341 
+26.699008300519203374 
+26.546972423986797907 
+26.467486533156183270 
+26.386231289593368388 
+26.306524569539302405 
+26.225046638471919636 
+26.143458311315733056 
+26.061761002720388092 
+25.909753145866158519 
+25.827752311037816213 
+25.743971343088258408 
+25.661762949731102168 
+25.577773201904239642 
+25.495363171103832656 
+25.412855546090263203 
+25.261061578583472453 
+25.176594841931443369 
+25.093724598165021433 
+25.010763953304284257 
+24.927714406366522581 
+24.842879890821688349 
+24.759655324574623592 
+24.676346421523486896 
+24.592954705628947920 
+24.507777340914266517 
+24.425928962279872536 
+24.344005539451664788 
+24.262008528365310411 
+24.178228860546809642 
+24.096087607382411733 
+24.013877199112993566 
+23.929884279106587996 
+23.847538640691968936 
+23.692967441418410601 
+23.610439917600309911 
+23.526130831498029750 
+23.443482910121812068 
+23.359054078985948877 
+23.272842356408698805 
+23.188297868080120168 
+23.103698601792803657 
+23.019046199303680567 
+22.932613133394866622 
+22.849588584618821585 
+22.764786687832454959 
+22.681670339553910765 
+22.596778003892453057 
+22.513576280882080738 
+22.428600089838024445 
+22.345319465625699706 
+22.258529883024579021 
+22.173439271968636177 
+22.086576335099621815 
+22.001417337795015072 
+21.916227094667160458 
+21.829267863424657747 
+21.744019781113827605 
+21.658745702808218425 
+21.573447379681837788 
+21.486385106607446716 
+21.401043168899285263 
+21.317424550784792814 
+21.233789451548332750 
+21.148396696213836776 
+21.064733415527278737 
+20.907835376506348268 
+20.822400253436530448 
+20.736958385256073711 
+20.649767743294603406 
+20.564317812967509269 
+20.478866660393030941 
+20.393416127362641532 
+20.166727547198160408 
+20.083038471045121298 
+19.995871803024009239 
+19.910459725253048191 
+19.825060689428951832 
+19.739676588189993822 
+19.656051329152667506 
+19.570702400176912761 
+19.415734934476468254 
+19.330448973385223610 
+19.243449334433222475 
+19.158217974525509675 
+19.073016573410185970 
+18.987847082877678417 
+18.900974366231700685 
+18.815875331063391940 
+18.730814142687890467 
+18.647527498746356400 
+18.562547074456873020 
+18.479343364105382364 
+18.394451511694061452 
+18.311338409204573452 
+18.226542989214799206 
+18.143528220593360345 
+18.060564985505173752 
+17.975928489548504530 
+17.822350066002222491 
+17.737881406894025815 
+17.653476262807515695 
+17.570857245894394794 
+17.486583934592218270 
+17.402380313760559716 
+17.249624082158405258 
+17.165627966693815409 
+17.083421371258189936 
+16.999581097878618152 
+16.917531225612712831 
+16.835561922829207049 
+16.750265069407056728 
+16.666763273657874578 
+16.583351860037232939 
+16.498333576089528663 
+16.415111351267405837 
+16.331986036257678307 
+16.248959806310750764 
+16.166034843684013111 
+16.081524195445538794 
+15.998810521396377382 
+15.916204748597602148 
+15.833709087556142592 
+15.749645648538541209 
+15.667379231774512860 
+15.585229646217458210 
+15.503199130752479462 
+15.419619593998278972 
+15.337836509022146458 
+15.256179299495153501 
+15.172987724507892793 
+15.091591760475603579 
+15.010328542044103273 
+14.930854670414024810 
+14.849860991333612148 
+14.769006898866628319 
+14.689940457203489288 
+14.607726721623315314 
+14.527305278675365585 
+14.447032706013311909 
+14.366911342490125136 
+14.285313153416330678 
+14.205504459854761734 
+14.125854083409182138 
+14.044743843030586206 
+13.965420563994786818 
+13.887876570957365274 
+13.808883213305410464 
+13.731667001972828857 
+13.654616401590937258 
+13.576133756600226477 
+13.499424753070712768 
+13.421295566873775229 
+13.343348552623643499 
+13.267171276580068451 
+13.189592091288103504 
+13.113779841500585732 
+13.036578103420389141 
+12.961140329651605896 
+12.821767509647820305 
+12.745316648186497233 
+12.669069569011703891 
+12.593028776247340517 
+12.517196781387465165 
+12.440035042161849077 
+12.366169268256383518 
+12.290978809896088819 
+12.217535095656655741 
+12.144303850422652147 
+12.069768604215004970 
+11.995459838634502603 
+11.921380124119892230 
+11.846027364676903204 
+11.772418300237895039 
+11.697551188412994350 
+11.624423358562186337 
+11.551537650346944019 
+11.477416777146071780 
+11.405028241757184659 
+11.332889750777408011 
+11.261003942363727148 
+11.189373462186900099 
+11.116547086663917554 
+11.045440577050410269 
+10.973154414909384258 
+10.901145320255826832 
+10.830847966345817923 
+10.759395885504677182 
+10.689649906083040776 
+10.620180912936778128 
+10.550991620334229992 
+10.482084750137195428 
+10.412065576852775450 
+10.343737651302957303 
+10.275700415478008054 
+10.207956621848557788 
+10.139135652614225336 
+10.071993161632123659 
+10.005152472810843634 
+9.938616369358840075 
+9.871039255585698058 
+9.805127062457671627 
+9.738192428615803919 
+9.672915601621795645 
+9.607957506509519519 
+9.542005228069690759 
+9.477699743318670045 
+9.413721560642693831 
+9.350073532997283721 
+9.286758521075643813 
+9.225061305236781806 
+9.163689107463429906 
+9.101376383143971793 
+9.040669274132612898 
+8.980295393721556607 
+8.920257474282518473 
+8.858078178719820173 
+8.797502022901795726 
+8.737284739000610756 
+8.627626278628110157 
+8.568443032780166391 
+8.508433582039199194 
+8.450001323123549568 
+8.391945255054793051 
+8.333095251235278056 
+8.275808354660481925 
+8.218906685261286427 
+8.161243978797692478 
+8.105129810598487694 
+8.049409977851816222 
+7.948104842329776432 
+7.893520157981871677 
+7.839341483148916545 
+7.785571879724659361 
+7.732214417552173202 
+7.678196065512308266 
+7.625680696227121302 
+7.573586788716696994 
+7.522967656900631184 
+7.472758859666846831 
+7.421930336276052032 
+7.372559709620636781 
+7.321577791619305664 
+7.273066192161710575 
+7.223982583570066396 
+7.176333398265697383 
+7.128136365353400450 
+7.081361745728971258 
+7.034063724410858143 
+6.986273490363842598 
+6.940847541624221684 
+6.857803979621955648 
+6.813660394402599962 
+6.769066628968547938 
+6.725845932209502109 
+6.646052848537459035 
+6.603298963475870309 
+6.561892645961425963 
+6.520959570681261752 
+6.479665062460580494 
+6.439697759407371436 
+6.397761344914102644 
+6.358792788190621437 
+6.319516806336308967 
+6.280753746134605464 
+6.243282304664329985 
+6.206309400847344726 
+6.169083722735013708 
+6.133127896179508376 
+6.096947069662276064 
+6.062021237636415094 
+6.026898481078210246 
+5.992315258999276750 
+5.958964219375617155 
+5.925459083756944523 
+5.891836817975887541 
+5.859445793573522465 
+5.827611374979406733 
+5.795704604366803459 
+5.765005258997318194 
+5.734872932500384657 
+5.705311089185922668 
+5.652511604413164470 
+5.624586996181308862 
+5.597798355657313429 
+5.571032934771406708 
+5.544858312237246345 
+5.519278009381817007 
+5.494799402589865878 
+5.470406028028167889 
+5.447096925397303835 
+5.423904376581142550 
+5.400869301542187806 
+5.378916735833390028 
+5.357583301470303816 
+5.336872586996412871 
+5.317191790752073821 
+5.296943268374110225 
+5.277758083046081516 
+5.259236482472956276 
+5.241032076216493252 
+5.223862694833452558 
+5.207368578231162282 
+5.191553612513360783 
+5.176717612321928286 
+5.162258866316471462 
+5.148490906621652208 
+5.135417656173519418 
+5.123524568216415886 
+5.112051457873616478 
+5.101470171288942979 
+5.091343484911960537 
+5.082088305058420907 
+5.073322679344891561 
+5.065407976871925122 
+5.057874583615447506 
+5.051199643505547066 
+5.045229142876352491 
+5.039866875773374666 
+5.035331192946254752 
