83
133
182
231
281
329
378
426
475
523
572
621
671
720
769
817
866
914
963
1011
1100
1149
1198
1247
1297
1346
1396
1446
1496
1546
1595
1644
1735
1784
1833
1883
1932
1981
2031
2080
2129
2178
2228
2277
2327
2376
2426
2476
2524
2573
2621
2670
2718
2766
2816
2865
2915
2964
3014
3063
3113
3162
3212
3261
3310
3359
3409
3458
3507
3556
3605
3655
3704
3795
3845
3895
3943
3992
4041
4090
4179
4270
4319
4369
4418
4468
4517
4566
4615
4705
4754
4845
4895
4945
4995
5043
5092
5140
5189
5239
5288
5337
5386
5436
5485
5534
5584
5633
5682
5772
5821
5870
5920
5969
6018
6067
6117
6167
6216
6266
6316
6364
6413
6461
6510
6558
6647
6737
6786
6836
6885
6934
6983
7032
7080
7129
7177
7226
7274
7323
7413
7462
7511
7560
7610
7659
7708
7758
7807
7856
7905
7955
8004
8053
8102
8151
8200
8249
8298
8346
8394
8444
8494
8544
8592
8641
8689
8778
8827
8875
8925
8974
9023
9073
9122
9171
9220
9270
9319
9368
9418
9467
9517
9566
9616
9664
9712
9761
9809
9858
9906
9955
10005
10098
10148
10198
10247
10296
10345
10394
10443
10492
10540
10590
10640
10690
10739
10789
10880
10928
10976
11025
11073
11122
11171
11219
11268
11317
11365
11414
11462
11510
11559
11607
11656
11704
11752
11801
11849
11898
11947
11996
12045
12095
12144
12194
12284
12334
12383
12432
12482
12531
12580
12629
12678
12727
12775
12823
12872
12921
12970
13018
13066
13115
13204
13253
13302
13350
13398
13447
13495
13544
13593
13643
13692
13742
13791
13841
13891
13941
13990
14040
14090
14139
14230
14279
14328
14378
14427
14476
14526
14575
14624
14674
14724
14773
14823
14873
14923
14972
15021
15070
15120
15169
15218
15268
15317
15366
15415
15465
15514
15563
15612
15661
15710
15760
15809
15858
15908
15957
16006
16054
16103
16151
16200
16248
16297
16345
16395
16444
16494
16543
16593
16642
16691
16740
16788
16837
16885
16934
16982
17030
17079
17168
17217
17265
17314
17403
17452
17501
17550
17600
17649
17698
17747
17797
17846
17895
17985
18035
18084
18133
18224
18273
18322
18372
18421
18470
18519
18568
18618
18667
18716
18765
18815
18864
18913
18963
19012
19062
19110
19159
19207
19297
19345
19434
19483
19532
19621
19670
19718
19767
19816
19864
19913
19961
20010
20059
20107
20156
20205
20254
20303
20352
20401
20449
20497
20546
20594
20643
20691
20739
20788
20838
20887
20937
20986
21036
21085
21135
21184
21234
21283
21333
21383
21433
21482
21531
21579
21628
21676
21724
21773
21821
21870
21919
21968
22018
22067
22116
22165
22214
22303
22392
22481
22570
22620
22670
22719
22769
22819
22869
22918
22967
23015
23064
23112
23161
23210
23260
23309
23358
23448
23496
23545
23594
23642
23692
23741
23790
23840
23930
23979
24028
24078
24127
24176
24225
24275
24324
24373
24422
24471
24521
24570
24619
24668
24716
24765
24813
24861
24950
24999
25048
25098
25148
25198
25247
25338
25387
25436
25485
25535
25584
25633
25682
25732
25781
25830
25880
25929
25979
26028
26078
26127
26177
26227
26276
26325
26375
26424
26473
26522
26572
26622
26671
26721
26770
26820
26869
26919
26969
27017
27066
27114
27162
27211
27259
27308
27398
27487
27536
27584
28608
28694
28743
28792
28841
28891
28940
28989
29037
29086
29134
29223
29271
29321
29370
29418
29466
29515
29563
29612
29662
29712
29762
29812
29861
29910
29959
30007
30056
30105
30155
30204
30253
30302
30352
30400
30450
30500
30550
30600
30650
30699
30748
30797
30847
30896
30945
30994
31044
31092
31141
31189
31237
31286
31334
31383
31431
31479
31528
31576
31625
31673
31723
31772
31821
31870
31920
32010
32060
32109
32159
32209
32259
32308
32358
32407
32457
32506
32556
32605
32655
32704
32754
32803
32893
32943
32993
33043
33092
33142
33191
33240
33288
33337
33386
33434
33483
33532
33583
33633
33683
33734
33784
33834
33883
33933
33982
34032
34081
34131
34180
34270
34319
34367
34456
34504
34553
34601
34650
34699
34748
34797
34845
34894
34943
34992
35041
35090
35140
35189
35239
35288
35338
35387
35436
35486
35534
35624
35672
35721
35770
35819
35867
35916
35965
36013
36062
36112
36161
36210
36259
36308
36358
36406
36454
36503
36551
36600
36648
36698
36747
36797
36846
36896
36945
36994
37042
37091
37180
37229
37279
37328
37377
37426
37475
37525
37574
37623
37672
37721
37771
37820
37869
37919
37968
38017
38067
38116
38166
38216
38265
38315
38364
38413
38462
38511
38560
38610
38658
38707
38755
38805
38855
38904
38954
39004
39052
39100
39149
39238
39286
39335
39384
39433
39483
39533
39583
39632
39681
39729
39778
39826
39875
39924
39973
40021
40070
40119
40168
40217
40266
40316
40406
40455
40504
40553
40602
40651
40699
40748
40797
40846
40895
40944
40992
41041
41090
41139
41269
41317
41366
41415
41465
41515
41564
41613
41662
41711
41760
41809
41859
41908
41956
42005
42094
42143
42192
42241
42289
42338
42387
42437
42528
42578
42628
42678
42727
42818
42867
42922
42971
43021
43150
43198
43247
43336
43384
43473
43523
43613
43662
43711
43761
43811
43860
43910
43960
44009
44059
44108
44157
44207
44256
44305
44354
44403
44453
44543
44592
44642
44691
44741
44789
44838
44886
44935
44983
45032
45081
45129
45178
45227
45276
45326
45375
45424
45473
45523
45572
45620
45669
45717
45765
45814
45864
45913
45962
46011
46061
46110
46159
46208
46257
46307
46356
46405
46455
46506
46554
46603
46651
46699
46748
46797
46847
46895
46944
46992
47041
47089
47137
47187
47237
47287
47337
47387
47437
47486
47535
47583
47633
47682
47731
47780
47830
47879
47927
47977
48026
48075
48124
48173
48222
48271
48320
48368
48417
48466
48516
48565
48655
48705
48753
48802
48851
48899
48948
48997
49126
49174
49223
49273
49322
49372
49421
49471
49521
49611
49701
49750
49800
49849
49898
50030
50079
50128
50177
50225
50274
50323
50371
50420
50469
50517
50566
50615
50663
50712
50760
50809
50858
50906
50955
51004
51053
51102
51152
51201
51250
51300
51349
51399
51448
51497
51547
51596
51644
51693
51741
51790
51838
51886
51935
52025
52075
52124
52174
52224
52272
52321
52369
52418
52467
52516
52564
52613
52662
52710
52759
52848
52898
52948
52997
53047
53096
53146
53195
53245
53295
53344
53393
53443
53492
53541
53590
53640
53689
53739
53788
53838
53887
53936
53985
54034
54084
54133
54182
54231
54281
54329
54378
54426
54475
54524
54574
54623
54672
54721
54770
54820
54869
54918
54967
55017
55066
55156
55206
55255
55304
55354
55403
55452
55502
55551
55601
55650
55700
55790
55839
55889
55938
55988
56037
56086
56135
56184
56233
56282
56330
56379
56428
56476
56525
56615
56665
56714
56764
56814
56863
56911
56959
57008
57056
57145
57193
57242
57291
57339
57388
57436
57484
57533
57622
57671
57720
57768
57817
57866
57914
57963
58011
58061
58111
58161
58210
58259
58307
58355
58405
58454
58503
58552
58602
58651
58699
58749
58798
58848
58898
58947
58997
59046
59096
59146
59195
59244
59294
59343
59392
59441
59490
59539
59587
59636
59684
59733
59782
59830
59878
59927
59975
60024
60072
60202
60250
60299
60347
60395
60444
60493
60542
60592
60641
60689
60737
60786
60834
60883
60932
60981
61031
61080
61130
61180
61270
61318
61407
61455
61504
61552
61601
61649
61698
61746
61794
61842
61931
61980
62028
62076
62166
62214
62263
62311
62360
62408
62457
62506
62556
62605
62654
62703
62752
62802
62850
62898
62947
62995
63044
63093
63142
63190
63239
63287
63336
63384
63433
63481
63530
63578
63627
63676
63725
63774
63824
63873
63922
63971
64020
64070
64119
64168
64218
64268
64318
64368
64417
64506
64554
64603
64652
64701
64749
64798
64847
64895
64985
65033
65082
65131
65179
65228
65277
65325
65374
65422
65471
65519
65568
65616
65665
65715
65805
65854
65903
65952
66000
66049
66097
66145
66195
66245
66295
66345
66436
66486
66535
66585
66634
66725
66774
66823
66871
66920
66968
67017
67065
67115
67165
67215
67264
67314
67364
67412
67461
67509
67558
67607
67657
67706
67755
67805
67853
67986
68035
68085
68135
68185
68235
68285
68335
68385
68435
68485
68534
68583
68632
68682
68731
68779
68828
68876
68925
68974
69022
69071
69120
69169
69218
69266
69315
69363
69453
69502
69551
69601
69650
69699
69749
69799
69848
69898
69947
69997
70088
70137
70187
70237
70286
70336
70385
70435
70484
70534
70583
70633
70682
70732
70781
70830
70880
70930
70980
71030
71079
71129
71178
71226
71275
71324
71372
71421
71469
71518
71566
71655
71704
71752
71801
71850
71899
71948
71997
72045
72094
72142
72191
72239
72287
72336
72384
72433
72522
72571
72660
72709
72758
72807
72856
72905
72954
73002
73051
73101
73150
73199
73249
73297
73346
73394
73442
73532
73581
73630
73680
73729
73778
73828
73877
73926
73975
74025
74074
74165
74214
74263
74312
74362
74411
74461
74510
74559
74609
74657
74705
74754
74802
74851
74899
74947
74996
75044
75093
75141
75190
75239
75288
75337
75427
75475
75525
75575
75624
75674
75724
75774
75824
75875
75925
75973
76022
76070
76119
76167
76216
76265
76315
76364
76413
76463
76512
76602
76652
76701
76751
76801
76891
76941
76991
77039
77088
77138
77187
77237
77286
77376
77425
77475
77525
77575
77624
77674
77723
77772
77823
77873
77923
77974
78024
78074
78124
78175
78266
78317
78366
78415
78464
78514
78563
78612
78662
78712
78762
78811
78860
78910
78959
79008
79058
79107
79157
79206
79256
79306
79356
79405
79455
79505
79556
79605
79653
79702
79751
79800
79849
79898
79948
79997
80047
80096
80146
80195
80245
80293
80382
80430
80480
80529
80579
80629
80678
80728
80776
80825
80914
80962
81051
81100
81149
81199
81248
81298
81347
81397
81446
81495
81544
81592
81641
81689
81738
81786
81834
81884
81932
81981
82029
82078
82126
82215
82263
82312
82360
82408
82457
82506
82556
82606
82656
82706
82756
82806
82855
82905
82954
83003
83052
83102
83151
83199
83248
83296
83344
83393
83441
83492
83543
83594
83643
83693
83743
83875
83925
83973
84022
84070
84119
84167
84216
84265
84356
84404
84453
84501
84550
84639
84689
84738
84788
84837
84887
84935
84983
85032
85080
85129
85177
85226
85274
85323
85371
85419
85468
85516
85564
85614
85664
85714
85763
85813
85863
85912
85961
86011
86060
86109
86158
86208
86257
86306
86356
