9
58
108
157
206
256
305
354
403
451
540
589
637
686
776
825
875
924
973
1022
1111
1159
1208
1256
1304
1353
1402
1452
1501
1550
1640
1690
1738
1787
1835
1884
1932
1981
2029
2077
2126
2174
2222
2272
2321
2370
2419
2469
2518
2566
2615
2664
2753
2802
2851
2941
2990
3038
3087
3135
3184
3232
3282
3331
3380
3429
3479
3528
3576
3625
3673
3722
3811
3860
3909
4000
4049
4098
4147
4195
4244
4293
4342
4391
4441
4490
4539
4588
4638
4726
4775
4823
4871
4920
4969
5018
5068
5116
5165
5254
5302
5351
5401
5451
5500
5549
5599
5647
5696
5745
5793
5842
5890
5939
5987
6035
6084
6133
6182
6231
6281
6330
6379
6428
6478
6527
6577
6626
6675
6725
6774
6823
6872
6922
6971
7020
7070
7119
7168
7217
7267
7316
7365
7415
7464
7514
7604
7652
7701
7749
7797
7846
7894
7944
7994
8044
8094
8144
8194
8243
8291
8380
8429
8477
8527
8576
8625
8675
8725
8775
8824
8874
8924
8974
9023
9073
9123
9173
9222
9272
9321
9370
9461
9510
9559
9609
9659
9708
9757
9807
9856
9905
9954
10003
10051
10100
10148
10198
10246
10295
10343
10392
10440
10489
10537
10628
10678
10727
10776
10825
10874
10924
10974
11023
11072
11122
11171
11221
11270
11319
11368
11418
11467
11516
11566
11615
11664
11714
11763
11812
11903
11993
12041
12090
12138
12186
12235
12283
12333
12383
12433
12482
12531
12580
12630
12720
12769
12819
12868
12917
12967
13016
13064
13113
13161
13210
13258
13307
13356
13407
13458
13508
13559
13610
13661
13710
13758
13806
13855
13903
13951
14000
14049
14099
14148
14198
14247
14297
14346
14395
14443
14492
14581
14671
14720
14770
14819
14909
14958
15007
15057
15106
15155
15204
15254
15303
15353
15402
15452
15501
15551
15600
15650
15699
15747
15796
15845
15893
15942
15993
16044
16094
16145
16196
16246
16296
16345
16394
16443
16491
16540
16590
16640
16690
16740
16789
16839
16889
16939
16988
17038
17087
17136
17184
17233
17281
17330
17379
17429
17479
17528
17578
17627
17677
17726
17775
17824
17874
17923
17972
18021
18070
18118
18167
18216
18305
18354
18444
18493
18543
18592
18641
18690
18739
18788
18836
18925
18973
19023
19072
19121
19170
19219
19269
19318
19368
19417
19467
19516
19564
19613
19743
19793
19842
19891
19940
19988
20037
20086
20135
20185
20233
20281
20329
20379
20428
20477
20567
20615
20664
20713
20762
20811
20861
20910
20959
21008
21058
21107
21156
21205
21255
21304
21354
21403
21453
21502
21552
21600
21648
21738
21786
21835
21885
21934
21983
22033
22082
22131
22181
22230
22279
22328
22377
22425
22474
22522
22570
22619
22667
22716
22805
22853
22902
22952
23001
23050
23099
23149
23198
23289
23339
23389
23438
23487
23537
23627
23676
23726
23775
23824
23874
23923
23972
24021
24070
24120
24169
24218
24267
24316
24365
24454
24503
24552
24600
24649
24697
24746
24795
24843
24892
24940
24989
25037
25086
25135
25184
25232
25282
25332
25424
25474
25524
25573
25663
25712
25761
25811
25860
25910
25959
26009
26059
26109
26158
26208
26258
26307
26357
26407
26457
26505
26554
26603
26653
26702
26752
26801
26892
26940
26989
27037
27085
27134
27182
27231
27279
27368
27417
27506
27556
27605
27655
27704
27754
27803
27853
27902
27951
28000
28049
28099
28189
28238
28288
28337
28387
28437
28486
28535
28584
28634
28684
28733
28783
28832
28881
28931
28980
29029
29078
29127
29177
29226
29275
29324
29374
29424
29473
29523
29572
29622
29672
29721
29770
29820
29869
29919
29967
30016
30066
30115
30164
30214
30263
30312
30362
30412
30462
30512
30562
30611
30660
30708
30756
30805
30894
30942
30991
31080
31129
31218
31267
31316
31365
31415
31464
31513
31563
31612
31662
31711
31760
31810
31859
31908
31957
32006
32055
32103
32152
32200
32249
32298
32348
32397
32446
32496
32545
32594
32643
32693
32742
32791
32841
32890
32980
33071
33120
33170
33220
33270
33319
33368
33417
33507
33596
33645
33694
33744
33793
33843
33892
33941
33991
34041
34091
34140
34189
34238
34288
34337
34385
34434
34483
34532
34582
34631
34680
34729
34778
34826
34874
34923
34971
35019
35068
35116
35165
35213
35262
35310
35360
35409
35500
35549
35599
35690
35739
35788
35877
35925
35973
36022
36071
36120
36170
36260
36309
36358
36407
36496
36546
36595
36645
36694
36744
36793
36843
36892
36941
36991
37040
37089
37138
37187
37237
37286
37336
37385
37435
37485
37535
37585
37634
37684
37733
37783
37832
37881
37929
37978
38067
38115
38165
38214
38263
38312
38362
38411
38460
38509
38599
38649
38698
38747
38796
38845
38895
38944
38993
39042
39092
39141
39191
39240
39290
39339
39389
39438
39487
39538
39588
39638
39689
39737
39786
39835
39883
39932
39981
40029
40078
40126
40175
40223
40273
40322
40370
40419
40507
40556
40645
40693
40741
40790
40838
40887
40936
40986
41035
41085
41134
41183
41233
41282
41331
41381
41430
41480
41529
41579
41628
41678
41727
41777
41826
41876
41925
41974
42024
42073
42121
42170
42219
42267
42356
42405
42453
42502
42550
42599
42647
42696
42746
42795
42886
42935
42984
43033
43083
43132
43182
43231
43281
43330
43379
43429
43478
43527
43575
43624
43672
43721
43769
43818
43868
43918
43968
44019
44069
44119
44168
44218
44267
44316
44366
44415
44463
44512
44562
44611
44660
44709
44759
44807
44855
44904
44952
45000
45049
45099
45148
45197
45247
45295
45343
45392
45440
45488
45537
45586
45636
45685
45734
45783
45831
45879
45928
46017
46067
46118
46168
46218
46267
46316
46365
46415
46464
46513
46562
46611
46661
46710
46759
46809
46858
46906
46954
47003
47052
47101
47149
47198
47247
47296
47345
47394
47443
47491
47540
47588
47637
47686
47735
47784
47832
47881
47929
47978
48069
48118
48167
48217
48266
48315
48365
48414
48464
48514
48563
48612
48662
48711
48759
48808
48857
48906
48954
49004
49053
49102
49151
49200
49249
49298
49386
49435
49483
49532
49580
49629
49679
49728
49778
49827
49877
49926
49976
50025
50157
50206
50255
50305
50354
50444
50494
50542
50632
50680
50729
50778
50827
50877
50926
50975
51024
51074
51123
51173
51222
51271
51319
51368
51417
51466
51514
51564
51614
51663
51713
51763
51812
51862
51912
51961
52010
52059
52109
52158
52207
52257
52306
52355
52404
52454
52503
52552
52601
52649
52698
52747
52795
52844
52892
52981
53070
53119
53167
53216
53264
53354
53404
53453
53503
53552
53643
53693
53743
53792
53841
53890
53940
53989
54038
54087
54135
54184
54273
54321
54371
54420
54469
54518
54567
54616
54665
54713
54762
54810
54859
54907
54956
55005
55054
55103
55152
55201
55249
55299
55348
55398
55448
55497
55546
55595
55643
55692
55740
55789
55837
55886
55934
55983
56031
56080
56129
56178
56227
56276
56326
56375
56424
56474
56524
56573
56623
56673
56723
56771
56819
56868
56957
57005
57054
57103
57152
57200
57250
57300
57350
57399
57449
57498
57588
57637
57686
57735
57783
57832
57880
57929
57978
58027
58076
58125
58175
58264
58313
58361
58409
58458
58506
58554
58604
58653
58702
58792
58842
58891
58941
58990
59039
59089
59179
59228
59277
59367
59415
59463
59512
59560
59609
59658
59707
59756
59805
59854
59902
59951
60000
60049
60098
60148
60197
60247
60337
60387
60436
60526
60575
60624
60673
60722
60772
60821
60870
60919
60968
61018
61067
61116
61165
61215
61306
61355
61405
61454
61503
61552
61601
61649
61698
61746
61795
61844
61892
61981
62030
62078
62126
62175
62224
62272
62361
62410
62460
62509
62559
62609
62658
62708
62758
62807
62856
62905
62955
63003
63051
63100
63148
63197
63245
63294
63343
63392
63440
63489
63538
63628
63678
63727
63777
63826
63876
63925
63975
64024
64072
64121
64169
64217
64266
64314
64363
64412
64462
64511
64562
64612
64663
64714
64762
64811
64859
64908
64956
65005
65053
65101
65150
65199
65248
65297
65346
65396
65445
65493
65542
65590
65638
65687
65735
65784
65834
65883
65932
65981
66031
66121
66170
66219
66268
66318
66366
66415
66585
66633
66682
66730
66819
66868
66916
66965
67014
67063
67112
67162
67210
67259
67307
67355
67405
67454
67503
67552
67601
67649
67698
67747
67796
67844
67894
67943
67993
68043
68093
68143
68193
68242
68291
68340
68389
68437
68487
68539
68589
68638
68687
68737
68786
68836
68886
68936
68986
69037
69086
69135
69184
69234
69283
69332
69381
69430
69478
69527
69575
69624
69672
69720
69769
69817
69865
69913
69962
70010
70059
70108
70157
70207
70256
70306
70355
70404
70454
70503
70552
70601
70691
70740
70790
70840
70889
70939
70988
71038
71087
71136
71185
71234
71283
71333
71382
71431
71481
71531
71581
71631
71681
71731
71780
71871
71920
71969
72018
72068
72117
72166
72215
72305
72395
72443
72492
72540
72589
72638
72687
72736
72784
72834
72883
72932
72981
73031
73080
73128
73177
73227
73277
73327
73377
73426
73476
73525
73614
73662
73711
73759
73808
73856
73905
73953
74002
74050
74099
74147
74196
74245
74293
74342
74391
74440
74489
74539
74628
74677
74725
74774
74822
74870
74919
74967
75016
75064
75112
75162
75210
75259
75348
75396
75444
75494
75543
75593
75641
75689
75738
75786
75834
75883
75932
75981
76031
76080
76129
76178
76227
76275
76324
76372
76421
76469
76518
76568
76618
76667
76717
76767
76817
76866
76916
76965
77015
77064
77113
77163
77213
77262
77312
77362
77410
77459
77507
77556
77604
77653
77702
77751
77801
77850
77900
77949
77999
78048
78098
78147
78197
78246
78295
78345
78395
78444
78494
78544
78592
78641
78690
78739
78788
78837
78887
78977
79026
79076
79125
79175
79224
79273
79322
79372
79421
79470
79519
79568
79616
79665
79713
79762
79810
79858
79907
79955
80003
80052
80140
80190
80239
80288
80338
80387
80436
80485
80535
80584
80633
80682
80731
80781
80830
80879
80929
80978
81068
81117
81166
81254
81303
81392
81442
81492
81542
81592
81683
81733
81782
81871
81919
81968
82018
82067
82116
82165
82214
82305
82355
82404
82454
82503
82553
82603
82652
82702
82751
82800
82849
82899
82948
82997
83047
83096
83145
83193
83242
83290
83340
83389
83439
83488
83537
83587
83636
83685
83735
83784
83833
83882
83932
83981
84030
84080
84129
84179
84228
84278
84327
84376
84425
84475
84524
84573
84663
84711
84760
84808
84857
84905
84954
85003
85051
85099
85148
85196
85245
85293
85342
85390
85439
85489
85538
85587
85637
85686
85734
85783
85832
85880
85929
85978
86026
86075
86123
86173
86222
86272
86321
86371
