7.89418
8.27444
8.27444
2.72266
3.6657
3.6657
3.6657
3.6657
3.6657
3.6657
3.6657
3.6657
3.6657
0.471521
0.471521
0.471521
0.471521
0.471521
0.471521
0.471521
0.471521
0.471521
0.471521
0.471521
0.471521
0.471521
0.471521
0.471521
0.471521
0.471521
0.471521
0.471521
0.471521
0.471521
0.471521
0.471521
0.471521
0.471521
0.471521
0.471521
0.471521
0.471521
4.92816
4.92816
4.92816
4.5479
4.92816
8.0767
3.62007
3.62007
3.62007
3.62007
3.62007
5.62784
5.62784
5.62784
2.46408
6.92072
2.46408
2.46408
2.46408
0.471521
0.471521
0.471521
0.471521
0.471521
0.471521
0.471521
0.471521
0.471521
0.471521
0.471521
0.471521
0.471521
0.471521
0.471521
0.471521
0.471521
0.471521
0.471521
0.471521
0.471521
0.471521
0.471521
0.471521
0.471521
0.471521
0.471521
0.471521
0.471521
0.471521
0.471521
0.471521
0.471521
0.471521
0.471521
0.471521
0.471521
0.471521
0.471521
0.471521
0.471521
0.471521
0.471521
0.471521
0.471521
0.471521
0.471521
0.471521
0.471521
0.471521
0.471521
0.471521
0.471521
0.471521
0.471521
0.471521
0.471521
0.471521
0.471521
0.471521
0.471521
0.471521
0.471521
0.471521
0.471521
0.471521
0.471521
0.471521
0.471521
0.471521
0.471521
0.471521
0.471521
0.471521
0.471521
0.471521
0.471521
0.471521
0.471521
0.471521
0.471521
0.471521
0.471521
0.471521
0.471521
0.471521
0.471521
0.471521
0.471521
0.471521
0.471521
0.471521
0.471521
0.471521
0.471521
0.471521
0.471521
0.471521
0.471521
0.471521
0.471521
0.471521
0.471521
0.471521
0.471521
0.471521
0.471521
0.471521
0.471521
0.471521
0.471521
0.471521
0.471521
0.471521
0.471521
0.471521
0.471521
0.471521
0.471521
0.471521
0.471521
0.471521
0.471521
0.471521
0.471521
0.471521
0.471521
0.471521
0.471521
0.471521
0.471521
0.471521
0.471521
0.471521
0.471521
0.471521
0.471521
0.471521
0.471521
0.471521
0.471521
0.471521
0.471521
0.471521
0.471521
0.471521
0.471521
0.471521
0.471521
0.471521
0.471521
0.471521
0.471521
0.471521
0.471521
0.471521
0.471521
0.471521
0.471521
0.471521
0.471521
0.471521
0.471521
0.471521
0.471521
0.471521
0.471521
0.471521
0.471521
0.471521
0.471521
0.471521
0.471521
0.471521
0.471521
0.471521
0.471521
0.471521
0.471521
0.471521
0.471521
0.471521
0.471521
0.471521
0.471521
0.471521
0.471521
0.471521
0.471521
0.471521
0.471521
0.471521
0.471521
0.471521
0.471521
0.471521
0.471521
0.471521
0.471521
0.471521
0.471521
0.471521
0.471521
0.471521
0.471521
0.471521
0.471521
0.471521
0.471521
0.471521
0.471521
0.471521
0.471521
0.471521
0.471521
0.471521
0.471521
0.471521
0.471521
0.471521
0.471521
0.471521
0.471521
0.471521
0.471521
0.471521
0.471521
0.471521
0.471521
0.471521
0.471521
0.471521
0.471521
0.471521
0.471521
0.471521
0.471521
0.471521
0.471521
0.471521
0.471521
0.471521
0.471521
0.471521
0.471521
0.471521
0.471521
0.471521
0.471521
0.471521
0.471521
0.471521
0.471521
0.471521
0.471521
0.471521
19.5301
19.5301
20.1689
19.5301
19.5301
20.1689
19.5301
19.5301
20.1689
18.1612
18.8
18.8
18.1612
18.8
18.8
18.1612
18.8
0.471521
0.471521
0.471521
0.471521
0.471521
0.471521
0.471521
0.471521
0.471521
0.471521
0.471521
0.471521
0.471521
0.471521
0.471521
0.471521
0.471521
0.471521
0.471521
0.471521
0.471521
0.471521
0.471521
0.471521
0.471521
0.471521
0.471521
0.471521
0.471521
0.471521
0.471521
0.471521
0.471521
0.471521
0.471521
0.471521
0.471521
0.471521
0.471521
0.471521
0.471521
0.471521
0.471521
0.471521
0.471521
0.471521
0.471521
0.471521
4.92816
4.92816
4.92816
4.92816
4.92816
4.92816
4.92816
4.92816
4.92816
4.92816
0.471521
0.471521
0.471521
0.471521
0.471521
0.471521
0.471521
0.471521
0.471521
0.471521
0.471521
0.471521
0.471521
0.471521
0.471521
0.471521
0.471521
0.471521
0.471521
0.471521
0.471521
0.471521
0.471521
0.471521
0.471521
0.471521
0.471521
0.471521
0.471521
0.471521
4.92816
4.92816
4.92816
4.92816
4.92816
8.0767
4.92816
3.62007
3.62007
0.471521
0.471521
0.471521
0.471521
0.471521
0.471521
0.471521
0.471521
0.471521
3.62007
3.62007
3.62007
3.62007
3.62007
3.62007
0.471521
0.471521
0.471521
0.471521
0.471521
3.75696
3.75696
3.75696
7.83334
3.6657
8.12234
4.92816
0.471521
0.471521
0.471521
0.471521
9.59774
9.59774
9.59774
9.21748
9.59774
9.59774
4.92816
0.471521
0.471521
0.471521
0.471521
3.43754
0.471521
0.471521
0.471521
3.62007
3.62007
3.62007
3.62007
3.62007
2.46408
10.0388
9.67379
2.22071
6.8903
6.8903
6.8903
6.8903
6.8903
0.471521
0.471521
0.471521
2.72266
2.72266
2.72266
5.79515
5.79515
3.62007
3.62007
3.62007
8.28965
8.28965
8.28965
8.28965
5.1411
5.1411
5.1411
9.59774
9.59774
9.61295
4.94337
4.94337
4.94337
4.94337
4.94337
4.94337
4.94337
17.2942
13.4764
3.62007
3.62007
12.8375
21.2489
21.8725
21.8725
11.7576
13.2786
12.6702
9.59774
9.21748
4.5479
0.471521
0.471521
0.471521
0.471521
0.471521
0.471521
0.471521
0.471521
0.471521
0.471521
0.471521
0.471521
2.44887
2.44887
0.471521
3.62007
3.62007
3.62007
3.62007
8.09191
10.9515
3.62007
8.09191
5.79515
3.62007
3.62007
3.62007
3.62007
7.69644
7.69644
7.69644
7.69644
3.62007
3.62007
5.1411
5.1411
7.11845
0.471521
0.471521
0.471521
0.471521
0.471521
4.66958
4.66958
4.66958
4.66958
4.66958
4.66958
9.33916
9.33916
8.28965
8.28965
8.28965
8.28965
5.1411
0.471521
0.471521
9.64337
14.3282
14.313
18.9977
14.5411
9.36958
5.17152
5.17152
9.84111
12.3356
3.43754
7.9246
3.43754
3.43754
3.43754
0.471521
0.471521
3.62007
8.09191
8.09191
3.62007
3.62007
3.62007
7.80292
7.42266
7.42266
7.81813
11.9249
11.9249
12.3204
15.4233
14.7388
14.4498
14.4498
14.4651
17.279
17.279
15.1039
17.8113
14.3434
13.3091
15.7275
17.1117
12.1683
12.1683
12.1683
11.6359
7.42266
11.6359
11.1492
3.62007
8.28965
8.28965
8.28965
8.28965
12.5029
11.9249
11.9097
11.9097
33.4476
22.4809
9.67379
14.2521
5.09547
5.09547
15.3473
3.0877
3.0877
3.0877
8.01586
7.60518
7.49871
3.04207
7.25534
11.0579
11.0579
10.7994
7.05761
8.8068
8.8068
0.471521
9.41522
13.9023
9.44564
18.6023
15.8036
31.8505
30.6185
33.8431
33.0369
11.6511
15.7275
18.3893
18.3893
21.2185
13.9175
18.435
18.435
18.4198
20.6557
16.4424
12.5942
30.2382
34.0104
35.7748
33.8431
16.1686
16.1686
13.2026
17.644
8.06149
9.58253
15.7275
15.4994
16.412
11.8185
16.6706
14.2673
9.81069
7.84855
6.54046
5.18673
5.18673
5.18673
7.0424
13.3243
25.2948
19.7735
18.6935
17.279
30.0405
30.0405
17.7505
17.7505
17.7505
15.043
19.9408
19.9408
24.8233
24.5952
10.267
1.35372
1.35372
0.471521
9.74984
10.3583
4.79126
4.79126
4.79126
4.79126
4.79126
4.79126
0.593204
5.04984
0.593204
0.471521
0.471521
0.471521
0.471521
0.471521
4.92816
4.92816
11.0579
3.62007
8.09191
5.1411
5.1411
10.8146
17.8113
17.8113
17.8113
10.5712
8.09191
15.4842
19.378
19.6214
26.8463
19.8799
24.3518
15.4842
15.4842
15.4689
20.5796
15.8948
15.8188
8.77638
8.77638
4.31974
13.1874
13.9175
13.7502
8.60907
11.8185
38.3453
38.3605
40.8094
36.5961
40.2314
19.6062
16.8531
17.0052
14.313
16.1686
35.6987
43.3495
54.3618
46.9848
49.7379
49.1903
53.723
61.2217
58.7881
58.7576
46.422
48.369
24.8689
10.7689
15.6971
28.5194
45.5703
55.3201
52.9777
47.3955
47.8518
51.7305
42.2848
41.0071
39.547
36.155
25.8272
27.5156
23.2871
18.6023
35.7291
26.7398
12.4421
14.5411
19.2107
25.6903
24.078
14.7541
18.5566
9.14143
23.0133
32.3068
41.0984
25.5382
16.3359
15.2864
33.8887
55.5483
36.2463
54.0728
57.2062
66.3932
76.7819
45.5398
49.4489
44.9314
41.1136
30.3599
33.3411
33.1282
20.1689
19.4541
19.4541
24.1236
12.3508
23.1198
18.5566
21.5227
13.6133
15.5146
33.7974
37.0829
23.5
27.6829
33.7974
38.8625
37.6913
38.0259
28.778
31.4702
13.7958
10.7537
9.49127
18.0851
18.1308
22.6178
22.8155
13.2939
20.5796
18.1764
20.3515
20.9903
21.9638
15.2712
10.6016
22.7547
28.6411
18.5871
18.9673
26.5269
20.4123
7.57476
5.278
11.2405
10.7537
46.3916
38.178
13.735
1.47541
13.0049
17.5071
13.1418
16.199
18.8456
23.5761
39.912
49.023
42.6347
29.0518
19.4997
12.5029
20.8686
37.9651
30.9835
33.6149
25.0971
25.1732
11.2861
8.3657
6.99677
8.53302
8.51781
19.6366
10.2974
14.1608
6.19062
9.41522
1.47541
5.93204
13.3851
13.3547
19.5301
18.4958
10.5256
5.85599
5.85599
5.85599
5.85599
15.0126
13.2026
14.7236
1.15599
1.15599
5.62784
10.3126
5.62784
7.27056
11.0731
0.471521
0.471521
0.471521
4.94337
0.471521
3.45275
12.0162
9.50648
8.10712
5.1411
8.28965
11.2709
3.62007
3.62007
0.471521
3.62007
3.62007
12.6246
7.90939
12.579
7.90939
13.5068
13.5068
13.4916
13.4916
15.1799
18.146
9.00454
2.03819
5.00421
5.01942
14.3282
8.10712
7.93981
11.3317
1.15599
10.0541
11.4382
5.53657
2.55534
6.87509
6.87509
7.37703
7.25534
7.27056
5.53657
10.2062
4.80648
4.80648
9.00454
12.077
10.3735
7.22492
9.27832
12.4725
9.91716
10.3126
17.5375
18.3285
13.6437
13.6437
5.00421
5.00421
5.00421
9.06538
5.93204
5.93204
9.08059
9.08059
5.00421
5.00421
5.39968
8.3657
17.7657
14.6324
15.7579
17.3854
9.70421
5.00421
5.29321
11.6511
9.46085
10.7537
13.8871
9.70421
22.3897
27.8654
18.3437
12.6702
16.3664
21.7508
14.4194
22.1463
27.1201
26.5117
22.8308
48.156
36.1094
30.588
30.588
25.8728
10.556
10.4191
18.4198
18.9065
18.4198
14.0087
16.199
13.2178
21.69
22.1159
19.3172
17.5223
21.7356
14.1
14.1
24.5039
37.4479
30.0405
30.5424
18.4502
19.0282
5.81036
5.81036
25.2948
19.1955
21.1272
18.9977
19.0586
17.1269
14.5867
9.0958
5.18673
11.4078
9.85632
34.9382
20.1842
24.5495
22.0246
38.5583
43.5321
45.5703
41.3722
33.0978
30.9531
31.4398
35.2424
34.3754
24.3518
11.2557
8.28965
11.2557
15.4689
27.6677
30.6489
36.6874
44.9466
60.0809
49.0534
28.489
22.8764
26.6486
22.2984
20.9751
20.321
10.7385
10.0845
11.5751
11.6359
11.5751
11.9706
15.2864
24.5495
20.3058
29.8732
24.6712
17.5071
20.5796
23.0893
23.4088
21.2793
24.7168
28.2304
22.8916
26.4812
27.5916
30.3143
23.2566
20.0168
12.0618
19.3172
11.9097
11.1948
20.3819
21.8117
18.7544
18.7544
13.2482
17.1725
18.7544
18.8761
20.1233
20.7469
12.9897
15.9557
16.5641
22.6026
18.146
19.3628
18.4654
26.5269
28.7628
28.7628
40.0185
40.7029
22.5266
26.9223
22.7851
20.1385
21.112
12.7311
20.4579
12.944
9.74984
5.18673
10.2366
9.76506
11.0123
24.4887
24.4887
20.4579
43.0301
31.2421
36.4745
42.4978
42.8172
13.8871
17.0812
20.5644
30.1469
39.4405
26.6486
33.8279
33.4324
31.4855
42.802
43.0453
37.2958
36.4288
30.9075
40.4596
26.8311
29.7058
29.1278
33.4932
34.269
37.8586
30.0861
33.5236
25.8272
30.2686
16.6401
35.2576
33.5084
15.91
26.6181
28.6868
11.0427
19.1955
14.5411
15.5298
10.0388
11.0275
19.3324
10.1301
10.1301
14.1304
18.4502
23.1198
14.2065
23.5761
23.2871
23.2871
13.9327
21.0664
17.9634
16.6553
27.4243
43.1366
42.8476
36.2919
42.2392
34.9078
31.8201
25.7512
25.9337
22.7243
14.3282
12.9592
23.2262
27.5764
31.2877
32.4741
19.956
17.3246
17.3246
16.0469
18.8304
16.1534
18.4654
30.2686
15.0278
18.6023
25.8424
22.8003
22.3288
33.6149
38.5583
35.6227
22.8916
15.2864
19.6062
27.7133
30.9379
33.2955
30.3447
36.2007
49.5554
34.634
34.634
35.6531
35.288
44.0036
48.658
43.3039
43.3039
41.3266
47
46.2091
36.6874
31.1812
36.5961
33.402
30.4664
22.7699
21.69
18.0243
21.9029
21.5835
20.0321
10.8298
18.5262
21.4466
18.2981
23.0589
17.8113
15.3625
16.1686
19.8039
23.8346
24.7929
24.2757
22.8612
27.2418
25.5838
22.0398
22.0094
32.0026
38.9385
38.9385
40.7942
56.2936
56.689
53.7534
43.8971
36.079
24.7321
20.3058
13.4308
24.6712
33.5693
33.3411
39.9424
36.2919
30.0557
31.7288
33.2803
33.5236
33.5084
26.7246
24.1997
18.0243
17.0508
23.3935
25.0819
20.4123
20.8686
14.1608
7.1945
10.2214
11.0427
20.4123
20.8382
25.1275
21.2793
17.2029
22.1919
14.7693
10.4952
7.34661
7.78771
7.75729
15.4233
13.6133
20.2754
21.5075
23.7586
27.7133
21.4466
20.245
21.1424
13.2026
15.8188
5.08026
1.15599
12.3052
12.0922
12.0922
10.5408
7.3314
14.8453
12.0922
8.71554
8.71554
4.50227
9.32395
17.5984
9.74984
7.54434
15.0278
6.3123
10.4952
7.93981
11.9249
13.0201
3.62007
4.94337
6.19062
6.41877
10.8906
11.8032
5.77994
5.77994
5.77994
2.63139
5.77994
5.77994
7.78771
11.3317
16.3968
9.06538
9.06538
10.5864
7.52913
11.9553
7.54434
5.73431
8.71554
13.4155
7.9246
14.8909
10.1909
10.1909
16.5793
12.7615
8.28965
3.62007
3.62007
15.6363
10.9667
12.5638
10.2974
12.1987
12.1987
9.03496
9.03496
9.03496
10.2974
10.3278
10.3278
16.701
12.2291
9.00454
9.00454
9.01975
4.30453
1.15599
1.15599
1.15599
5.82557
12.5638
12.5638
7.49871
9.36958
9.36958
5.29321
8.3657
5.76473
8.56344
8.56344
8.56344
1.15599
5.82557
1.15599
1.15599
1.15599
1.15599
5.82557
1.15599
3.42233
6.38835
8.09191
5.85599
13.0657
16.0469
7.0424
11.2557
18.0395
23.5152
18.8152
21.7965
20.61
23.5609
23.3327
21.6139
13.4764
12.579
9.90195
16.3055
18.3589
10.3278
13.735
13.735
19.8647
20.7317
13.233
8.97412
1.15599
5.82557
5.82557
5.82557
5.82557
5.82557
1.15599
1.15599
1.15599
1.15599
4.12201
1.15599
1.15599
1.15599
4.30453
4.30453
14.9518
33.5389
30.9075
48.445
44.9771
52.8104
47.8974
50.4376
26.0249
29.3712
29.3712
8.12234
26.466
30.2838
17.7353
17.7353
15.4842
10.7689
7.22492
8.60907
3.93948
6.20583
9.41522
9.41522
9.41522
16.2903
9.35437
9.35437
9.27832
5.08026
7.40745
3.40712
12.8071
10.556
8.22881
10.1149
8.45696
6.19062
6.19062
10.5408
9.01975
9.01975
13.0961
8.33528
13.0049
16.0013
16.0013
16.0165
16.0317
27.1353
5.17152
5.17152
5.17152
5.18673
0.471521
3.46796
3.46796
0.471521
0.471521
5.61262
5.61262
0.471521
0.471521
0.471521
4.92816
4.92816
4.94337
4.92816
4.92816
0.471521
0.471521
0.471521
0.471521
0.471521
3.62007
8.32007
3.62007
6.6013
6.6013
3.62007
3.62007
3.62007
3.62007
0.471521
0.471521
5.1411
14.2977
0.471521
0.471521
4.94337
0.471521
7.69644
7.69644
7.69644
8.09191
3.62007
3.62007
3.62007
3.62007
3.62007
3.62007
3.62007
3.62007
8.0767
3.62007
5.62784
5.62784
5.62784
5.62784
0.471521
0.471521
0.471521
0.471521
0.471521
0.471521
0.471521
0.471521
0.471521
0.471521
0.471521
0.471521
0.471521
0.471521
0.471521
0.471521
0.471521
0.471521
0.471521
0.471521
0.471521
0.471521
0.471521
2.72266
2.72266
2.72266
2.72266
2.72266
0.471521
0.471521
2.44887
2.44887
2.44887
2.44887
2.44887
2.44887
2.44887
2.44887
2.44887
2.44887
