10
59
109
158
207
256
305
354
403
452
501
550
599
649
698
747
796
846
895
944
993
1043
1093
1143
1192
1242
1291
1340
1389
1439
1489
1538
1588
1638
1688
1738
1787
1836
1885
1934
1984
2033
2082
2131
2180
2230
2279
2328
2378
2427
2516
2564
2613
2662
2711
2759
2808
2857
2906
2956
3006
3055
3105
3154
3202
3251
3340
3389
3477
3526
3575
3623
3673
3722
3771
3820
3869
3919
3968
4017
4066
4116
4165
4214
4263
4312
4362
4410
4459
4509
4558
4607
4656
4706
4754
4803
4853
4902
4951
5001
5091
5140
5189
5238
5287
5336
5384
5433
5482
5571
5620
5668
5717
5765
5813
5862
5911
5959
6008
6056
6105
6154
6204
6252
6301
6349
6397
6446
6494
6543
6632
6681
6730
6778
6827
6875
6924
6974
7024
7073
7123
7173
7223
7272
7321
7370
7420
7469
7518
7568
7617
7666
7715
7765
7814
7863
7912
8002
8091
8140
8188
8237
8285
8335
8384
8433
8482
8531
8580
8629
8678
8727
8777
8826
8876
8925
8975
9024
9074
9124
9174
9264
9314
9363
9413
9462
9512
9561
9611
9660
9710
9759
9808
9857
9907
9956
10005
10054
10102
10151
10199
10247
10296
10346
10397
10446
10496
10546
10596
10645
10695
10744
10794
10843
10892
10941
10991
11039
11088
11136
11184
11233
11281
11330
11380
11430
11479
11528
11578
11627
11676
11726
11775
11824
11874
11924
11974
12023
12073
12123
12172
12221
12271
12320
12369
12419
12468
12518
12567
12617
12665
12714
12762
12812
12861
12910
12960
13009
13099
13148
13237
13286
13336
13386
13436
13526
13575
13624
13672
13720
13769
13818
13867
13917
13967
14017
14066
14116
14164
14213
14261
14310
14358
14407
14455
14544
14593
14641
14690
14738
14787
14836
14885
14934
14982
15031
15080
15169
15217
15266
15314
15363
15412
15462
15512
15561
15610
15659
15707
15756
15805
15853
15901
15950
16000
16050
16100
16192
16242
16291
16341
16390
16440
16489
16539
16588
16636
16685
16775
16823
16873
16922
16971
17020
17070
17119
17168
17218
17267
17316
17364
17413
17461
17509
17559
17609
17659
17709
17759
17809
17859
17908
17957
18006
18055
18105
18154
18203
18252
18302
18351
18400
18449
18538
18587
18642
18698
18748
18797
18847
18896
18945
18994
19044
19093
19143
19192
19241
19289
19338
19387
19435
19484
19532
19582
19632
19681
19731
19781
19831
19879
19928
19976
20025
20073
20122
20171
20220
20269
20318
20367
20417
20467
20517
20567
20617
20666
20715
20764
20814
20863
20912
20961
21010
21059
21148
21197
21286
21336
21386
21437
21486
21535
21584
21634
21683
21732
21782
21832
21922
21971
22019
22067
22117
22166
22215
22264
22314
22363
22412
22462
22511
22560
22609
22657
22705
22754
22802
22852
22901
22951
23001
23050
23100
23149
23199
23248
23297
23346
23396
23445
23493
23542
23590
23639
23688
23737
23786
23836
23886
23936
23984
24033
24082
24132
24181
24230
24279
24328
24377
24426
24475
24523
24572
24622
24671
24720
24769
24819
24868
24917
24966
25015
25065
25114
25164
25214
25263
25313
25363
25412
25461
25551
25601
25650
25740
25789
25838
25888
25937
26026
26075
26123
26172
26220
26269
26318
26366
26415
26465
26514
26564
26614
26663
26713
26761
26810
26858
26907
26956
27006
27055
27104
27153
27203
27252
27301
27351
27401
27452
27503
27554
27604
27655
27704
27752
27801
27849
27898
27946
27995
28043
28091
28140
28188
28237
28286
28336
28385
28435
28484
28534
28583
28633
28683
28732
28782
28831
28880
28929
28978
29027
29076
29125
29174
29223
29272
29321
29370
29419
29469
29518
29567
29617
29666
29716
29765
29815
29864
29913
29962
30012
30061
30110
30160
30209
30258
30308
30358
30407
30457
30506
30555
30605
30654
30703
30752
30800
30849
30898
30946
30995
31045
31095
31145
31195
31245
31294
31343
31393
31442
31492
31542
31592
31642
31692
31742
31792
31842
31892
31941
31991
32040
32088
32137
32186
32235
32285
32335
32384
32433
32482
32531
32579
32628
32677
32725
32774
32823
32872
32922
32972
33021
33071
33121
33171
33220
33270
33320
33370
33419
33469
33518
33568
33616
33664
33713
33761
33809
33859
33908
33958
34007
34057
34106
34154
34203
34252
34300
34350
34400
34449
34499
34549
34599
34648
34698
34747
34796
34846
34895
34944
34993
35043
35092
35142
35192
35241
35291
35341
35391
35440
35489
35538
35588
35637
35686
35736
35786
35835
35885
35934
35984
36033
36082
36130
36178
36227
36275
36324
36372
36422
36471
36521
36570
36620
36669
36718
36767
36817
36866
36915
36965
37014
37064
37112
37160
37209
37257
37307
37357
37406
37456
37506
37556
37604
37653
37701
37750
37798
37847
37896
37946
37995
38044
38094
38143
38191
38240
38288
38337
38385
38434
38484
38533
38583
38633
38683
38733
38783
38833
38882
38931
38981
39030
39079
39129
39178
39226
39275
39323
39371
39420
39468
39518
39567
39616
39665
39715
39764
39813
39862
39912
39961
40010
40059
40109
40159
40210
40260
40310
40361
40410
40460
40509
40559
40608
40658
40707
40756
40805
40854
40902
40951
41001
41050
41099
41148
41198
41247
41296
41345
41395
41444
41493
41542
41592
41641
41691
41740
41790
41840
41889
41939
41989
42037
42086
42135
42184
42232
42281
42329
42379
42428
42478
42527
42577
42626
42675
42724
42772
42821
42870
42918
42967
43017
43066
43115
43164
43213
43262
43310
43359
43407
43456
43504
43553
43601
43650
43699
43747
43796
43844
43893
43943
43992
44041
44090
44140
44189
44238
44287
44337
44386
44435
44484
44534
44583
44632
44682
44731
44780
44830
44879
44928
44978
45026
45075
45124
45172
45221
45269
45318
45366
45415
45463
45511
45560
45608
45656
45705
45754
45802
45852
45901
45951
45999
46048
46097
46145
46194
46243
46292
46341
46391
46440
46489
46538
46587
46635
46684
46733
46782
46831
46879
46929
46978
47028
47077
47127
47177
47227
47277
47326
47376
47425
47475
47525
47575
47625
47674
47723
47772
47822
47871
47920
47970
48020
48069
48119
48169
48218
48267
48315
48364
48412
48461
48510
48559
48609
48658
48707
48756
48804
48853
48901
48950
48998
49046
49095
49143
49192
49240
49289
49337
49386
49435
49483
49532
49580
49629
49677
49725
49774
49822
49870
49919
49967
50016
50064
50113
50161
50209
50258
50307
50356
50405
50455
50504
50553
50602
50651
50701
50750
50799
50848
50897
50947
50997
51046
51095
51145
51194
51243
51292
51341
51390
51440
51489
51539
51588
51637
51686
51734
51783
51832
51881
51930
51979
52027
52076
52124
52172
52221
52269
52317
52365
52414
52462
52511
52561
52609
52658
52706
52755
52803
52852
52900
52949
52997
53046
53094
53143
53192
53241
53291
53340
53390
53439
53487
53536
53584
53632
53681
53729
53777
53826
53874
53924
53974
54024
54074
54124
54174
54224
54274
54322
54370
54419
54468
54516
54565
54614
54662
54711
54759
54808
54856
54904
54953
55002
55051
55100
55149
55199
55248
55297
55347
55399
55449
55498
55547
55596
55646
55695
55745
55794
55844
55893
55941
55990
56038
56087
56136
56185
56233
56282
56331
56380
56429
56478
56526
56575
56624
56672
56721
56770
56819
56868
56916
56965
57013
57062
57110
57160
57209
57258
57308
57357
57406
57456
57505
57554
57603
57653
57701
57750
57798
57847
57895
57944
57993
58043
58092
58141
58191
58240
58289
58338
58388
58437
58486
58535
58585
58634
58683
58733
58782
58831
58880
58929
58979
59027
59075
59124
59172
59221
59269
59317
59366
59414
59463
59512
59562
59611
59660
59709
59759
59807
59855
59904
59953
60001
60050
60098
60147
60195
60243
60292
60340
60390
60439
60488
60537
60587
60636
60684
60733
60781
60830
60880
60930
60979
61027
61076
61125
61173
61222
61271
61321
61370
61420
61470
61519
61569
61618
61667
61716
61766
61815
61864
61913
61963
62012
62061
62111
62160
62208
62257
62306
62355
62405
62454
62503
62552
62602
62651
62700
62749
62799
62848
62897
62946
62994
63042
63091
63139
63188
63236
63284
63333
63381
63431
63481
63531
63580
63630
63680
63729
63778
63827
63876
63924
63974
64023
64072
64121
64171
64220
64269
64318
64368
64417
64466
64515
64565
64614
64663
64712
64761
64811
64860
64910
64960
65010
65060
65110
65161
65210
65259
65308
65358
65407
65457
65506
65556
65606
65655
65705
65754
65802
65852
65901
65950
66000
66049
66098
66148
66197
66247
66296
66346
66395
66444
66492
66541
66589
66638
66686
66776
66825
66874
66923
66972
67022
67071
67121
67171
67220
67270
67320
67370
67419
67468
67517
67566
67614
67663
67711
67759
67808
67856
67906
67956
68005
68055
68105
68155
68203
68251
68300
68348
68396
68445
68494
68543
68592
68642
68691
68739
68788
68836
68885
68934
68983
69033
69082
69131
69180
69230
69278
69327
69375
69424
69472
69521
69569
69618
69666
69715
69763
69812
69860
69910
69959
70008
70057
70106
70156
70205
70254
70303
70353
70402
70451
70501
70550
70600
70649
70698
70748
70797
70847
70896
70946
70995
71044
71094
71143
71192
71241
71291
71339
71388
71438
71487
71536
71586
71635
71684
71733
71783
71833
71882
71932
71981
72031
72080
72130
72179
72229
72278
72328
72376
72425
72473
72522
72570
72619
72668
72716
72765
72813
72862
72910
72959
73007
73055
73105
73154
73203
73253
73302
73351
73400
73449
73497
73546
73594
73642
73691
73740
73788
73836
73885
73933
73982
74030
74080
74130
74179
74229
74278
74328
74378
74426
74475
74524
74572
74621
74670
74718
74768
74817
74866
74916
74965
75014
75064
75113
75163
75212
75262
75312
75361
75410
75460
75509
75558
75608
75657
75706
75756
75805
75854
75903
75951
75999
76048
76097
76147
76196
76245
76293
76341
76390
76438
76487
76537
76586
76636
76686
76735
76784
76833
76882
76930
76979
77028
77077
77126
77175
77224
77274
77323
77372
77421
77471
77520
77569
77619
77668
77717
77767
77817
77866
77916
77966
78015
78065
78113
78162
78210
78259
78307
78355
78404
78452
78501
78549
78598
78646
78694
78743
78792
78841
78890
78940
78989
79038
79087
79135
79183
79232
79280
79328
79377
79426
79474
79522
79572
79621
79670
79719
79769
79818
79867
79916
79965
80014
80063
80112
80160
80209
80259
80308
80357
80407
80456
80505
80554
80604
80652
80700
80749
80797
80845
80894
80944
80994
81044
81093
81143
81192
81241
81290
81340
81389
81437
81486
81535
81583
81632
81680
81728
81777
81825
81873
81923
81972
82021
82070
82120
82169
82219
82268
82358
82408
82457
82506
82554
82604
82653
82702
82751
82801
82850
82899
82949
82998
83047
83097
83146
83194
83243
83293
83342
83392
83441
83490
83538
83587
83635
83684
83732
83782
83831
83880
83930
83979
84028
84077
84126
84175
84223
84272
84322
84371
84421
84470
84520
84568
84617
84665
84714
84762
84810
84860
84909
84959
85009
85059
85108
85158
85207
85256
85305
85355
85404
85454
85503
85553
85602
85651
85700
85750
85799
85848
85898
85948
85998
86047
86097
86145
86193
86242
86290
86340
86390
