0.471521
0.471521
3.62007
3.62007
0.471521
0.471521
0.471521
0.471521
0.471521
0.471521
0.471521
0.471521
0.471521
0.471521
0.471521
0.471521
0.471521
0.471521
0.471521
0.471521
0.471521
0.471521
0.471521
0.471521
0.471521
0.471521
0.471521
0.471521
0.471521
0.471521
0.471521
0.471521
0.471521
3.6657
3.6657
3.6657
3.6657
3.75696
3.75696
0.471521
0.471521
0.471521
0.471521
0.471521
0.471521
0.471521
0.471521
0.471521
0.471521
0.471521
0.471521
0.471521
0.471521
0.471521
0.471521
0.471521
0.471521
0.471521
0.471521
0.471521
0.471521
0.471521
0.471521
0.471521
0.471521
0.471521
0.471521
0.471521
5.17152
5.17152
0.471521
0.471521
0.471521
0.471521
0.471521
0.471521
0.471521
0.471521
0.471521
0.471521
0.471521
0.471521
0.471521
0.471521
0.471521
0.471521
0.471521
0.471521
0.471521
0.471521
0.471521
0.471521
0.471521
0.471521
0.471521
0.471521
0.471521
0.471521
0.471521
0.471521
0.471521
0.471521
0.471521
0.471521
0.471521
0.471521
0.471521
0.471521
0.471521
0.471521
0.471521
0.471521
0.471521
0.471521
0.471521
0.471521
0.471521
0.471521
0.471521
0.471521
0.471521
0.471521
0.471521
0.471521
0.471521
0.471521
0.471521
0.471521
0.471521
0.471521
0.471521
0.471521
0.471521
0.471521
0.471521
0.471521
0.471521
0.471521
0.471521
0.471521
0.471521
0.471521
0.471521
0.471521
0.471521
0.471521
0.471521
0.471521
0.471521
0.471521
0.471521
0.471521
0.471521
0.471521
0.471521
0.471521
0.471521
0.471521
0.471521
0.471521
0.471521
0.471521
0.471521
0.471521
0.471521
0.471521
0.471521
0.471521
0.471521
0.471521
0.471521
0.471521
0.471521
0.471521
0.471521
0.471521
0.471521
0.471521
0.471521
0.471521
0.471521
0.471521
0.471521
0.471521
0.471521
0.471521
0.471521
0.471521
0.471521
0.471521
0.471521
0.471521
0.471521
0.471521
0.471521
0.471521
0.471521
0.471521
0.471521
0.471521
0.471521
0.471521
0.471521
0.471521
0.471521
0.471521
0.471521
0.471521
0.471521
0.471521
0.471521
0.471521
0.471521
0.471521
0.471521
0.471521
0.471521
0.471521
0.471521
0.471521
0.471521
0.471521
0.471521
0.471521
0.471521
0.471521
0.471521
0.471521
0.471521
0.471521
0.471521
0.471521
0.471521
0.471521
0.471521
0.471521
0.471521
0.471521
0.471521
0.471521
0.471521
0.471521
0.471521
0.471521
0.471521
0.471521
0.471521
0.471521
0.471521
0.471521
0.471521
0.471521
0.471521
0.471521
0.471521
0.471521
0.471521
0.471521
0.471521
0.471521
0.471521
0.471521
0.471521
0.471521
0.471521
0.471521
0.471521
0.471521
0.471521
0.471521
0.471521
0.471521
0.471521
0.471521
0.471521
0.471521
0.471521
0.471521
0.471521
0.471521
0.471521
0.471521
0.471521
0.471521
0.471521
0.471521
0.471521
0.471521
0.471521
0.471521
0.471521
0.471521
0.471521
0.471521
0.471521
0.471521
0.471521
0.471521
0.471521
0.471521
0.471521
0.471521
0.471521
0.471521
0.471521
0.471521
0.471521
0.471521
0.471521
0.471521
0.471521
0.471521
0.471521
0.471521
0.471521
0.471521
5.17152
5.1411
5.1411
5.17152
5.17152
5.17152
5.17152
0.471521
0.471521
0.471521
0.471521
0.471521
0.471521
0.471521
0.471521
0.471521
0.471521
0.471521
0.471521
0.471521
0.471521
0.471521
0.471521
0.471521
0.471521
0.471521
0.471521
0.471521
0.471521
0.471521
0.471521
0.471521
0.471521
0.471521
0.471521
0.471521
0.471521
0.471521
0.471521
0.471521
0.471521
0.471521
0.471521
0.471521
2.72266
2.72266
0.471521
0.471521
0.471521
0.471521
0.471521
0.471521
0.471521
0.471521
0.471521
0.471521
0.471521
0.471521
0.471521
0.471521
0.471521
0.471521
0.471521
0.471521
0.471521
5.17152
5.17152
5.17152
5.17152
5.17152
5.17152
5.17152
0.471521
0.471521
0.471521
0.471521
0.471521
0.471521
0.471521
0.471521
0.471521
1.35372
1.35372
1.35372
1.35372
1.35372
1.35372
1.35372
1.35372
1.35372
1.35372
1.35372
1.35372
1.35372
1.35372
1.35372
1.35372
5.81036
1.35372
5.20194
5.20194
4.31974
4.31974
4.31974
8.77638
11.9249
8.77638
9.47606
9.47606
9.3848
14.3282
14.0848
12.9897
12.9897
24.1541
24.1541
17.6744
12.1683
3.62007
6.6013
6.6013
6.6013
6.6013
6.58609
8.53302
7.66602
7.66602
12.001
12.001
7.28577
5.21715
0.471521
0.471521
4.94337
4.94337
7.9246
3.43754
3.43754
6.64693
6.63172
8.89806
8.91327
8.91327
6.64693
6.64693
3.6657
8.13754
12.8375
12.1987
7.72687
11.1036
11.1036
8.32007
8.32007
8.32007
12.1227
0.471521
0.471521
0.471521
0.471521
0.471521
0.471521
3.62007
3.62007
3.62007
0.471521
0.471521
0.471521
0.471521
2.46408
2.46408
0.471521
3.45275
3.43754
8.13754
3.43754
4.65437
0.471521
0.471521
3.55923
3.57444
5.81036
5.46052
5.46052
4.63916
16.8987
16.8987
16.8987
7.20971
10.4647
10.1757
5.97767
18.4502
17.9178
11.2709
11.2709
3.62007
3.62007
10.3278
10.3278
10.7233
7.52913
5.62784
5.62784
10.3278
5.62784
5.62784
6.6013
16.8227
16.8379
16.7314
14.0392
6.6013
31.6376
35.577
35.3185
32.2916
16.123
14.2369
24.3822
29.2952
21.5379
21.5379
19.7583
19.7735
14.8453
11.7576
14.313
3.83301
3.84822
8.03107
13.0657
13.0657
11.1644
14.2977
14.313
9.79548
12.7767
8.98933
9.06538
13.735
34.8013
16.9139
18.0091
22.1919
23.9563
15.2408
19.956
18.435
14.0848
14.0848
13.6741
24.8689
18.6327
18.6327
15.6515
18.2981
13.7958
13.7958
16.9443
16.3359
10.8146
13.1874
15.1799
20.7926
20.7926
20.7926
28.9149
19.667
19.8191
22.8155
22.8155
16.1686
19.8039
20.1842
22.3744
22.2832
19.3172
28.5803
24.1236
24.6712
23.9715
22.0398
17.9178
21.0055
25.2948
16.6249
16.4728
16.1534
19.0434
15.8644
15.1191
11.3774
11.3774
18.2068
18.3285
22.8308
22.2376
24.8081
32.1091
34.5275
31.0444
26.2531
31.2117
37.2046
31.0596
30.7097
35.7291
45.0379
51.1981
32.3372
29.4929
29.5994
29.3864
36.7482
32.033
28.5194
30.3903
35.0751
34.6188
42.3609
37.3567
45.3573
42.2696
41.1897
40.4444
33.4324
38.3605
26.0706
32.1547
34.7101
33.5236
32.5806
27.8958
35.6987
34.5123
36.2919
35.0903
32.2156
29.4016
37.2654
36.9308
33.8583
28.3978
40.1858
40.855
49.0686
51.2133
39.2123
37.9955
38.0107
47.4411
52.0195
55.0159
29.0974
25.7664
21.0816
38.8016
36.2159
27.1353
26.2987
26.0858
29.2952
25.0211
38.3149
35.7139
35.6987
54.7269
53.2363
55.5787
57.5104
65.3437
59.2596
64.1421
64.0356
67.6101
61.389
68.401
50.3767
68.401
82.5923
83.7787
77.6033
50.4376
62.0431
53.936
35.3489
39.4861
40.855
34.923
37.9042
49.0686
44.901
50.1638
58.1644
42.1479
41.8133
45.1748
39.5013
49.7987
67.7165
60.9631
59.3356
65.1004
71.3062
76.8123
76.645
75.5651
61.8454
66.4085
57.4039
62.6211
59.1987
59.1531
76.1431
69.6483
79.17
84.3871
51.6848
56.2175
47.6845
42.6347
44.8249
47.3042
58.8793
50.4832
56.6434
57.267
54.8029
74.7285
66.6518
66.4085
56.035
40.0337
59.2748
55.8525
38.7712
57.4648
42.4673
41.0071
41.8285
44.4447
62.2712
74.3787
62.6363
34.8622
30.223
25.7359
48.2321
47.4563
44.5816
42.1023
44.0188
30.2686
25.0058
34.4667
38.0107
39.7599
28.1696
24.1084
36.2007
31.455
31.0139
34.4515
52.4301
20.61
27.9414
31.2421
34.4211
39.6078
35.1207
50.7722
57.9971
59.868
60.3243
41.2809
38.756
36.5049
36.3832
41.2809
40.4444
34.847
29.6906
24.8689
32.8088
25.7664
48.5971
47.1065
34.0712
19.3628
41.5851
35.288
17.3702
22.0855
22.344
29.1887
26.1466
27.7893
30.0405
31.0444
22.344
25.4622
23.1654
17.6136
18.1612
19.1803
12.9897
12.1075
19.8647
17.0356
27.7285
27.7133
32.033
24.3822
23.8042
23.8042
29.3408
17.5223
15.4081
34.269
38.6343
18.4806
25.31
12.1683
9.61295
8.48738
15.2104
16.8835
16.9443
12.0922
13.8871
18.511
31.6832
27.1353
39.5317
27.5764
15.3168
30.1013
29.6298
14.2369
13.7502
27.5916
22.4961
22.4961
20.2906
14.7084
18.0547
18.0547
16.5185
17.857
20.3819
20.2754
24.2757
28.413
32.0178
53.8143
37.2046
42.6042
49.9052
42.878
49.9052
52.7191
38.0259
38.6343
41.8893
41.6308
33.0065
30.0253
34.6644
34.6644
38.969
29.7058
20.9903
21.401
19.4997
21.401
21.401
25.2188
15.2408
10.6168
6.00809
7.01198
15.5146
15.5146
17.4311
17.4311
13.233
8.50259
9.96279
18.8913
18.8913
22.0246
19.9408
15.91
26.9223
28.3673
35.4858
42.7563
25.9945
29.8427
24.4126
21.2641
29.6146
25.0515
24.8385
19.9256
12.29
12.29
14.6172
9.18706
11.21
19.5149
21.401
17.6136
17.355
16.2903
17.933
10.1757
10.1757
22.4353
20.7621
10.7537
11.1948
8.91327
8.91327
8.68512
11.9097
11.9097
12.5029
12.5638
17.4919
13.7958
13.8262
11.2861
8.32007
5.4301
6.19062
12.9897
13.4003
4.27411
11.7576
11.7424
7.9246
7.9246
3.43754
4.27411
10.2518
14.6476
17.8265
28.5955
47.1978
14.0392
14.0392
14.0392
13.7045
9.90195
9.0958
6.51004
6.41877
7.08803
11.0275
11.1492
25.7968
26.1922
29.8579
26.9528
26.9528
20.1081
20.1081
16.123
18.6783
13.0505
14.6324
16.5032
11.6359
19.5757
17.644
25.0515
8.04628
11.1948
10.9515
19.6214
18.4045
11.1492
14.3434
14.2065
14.3586
26.6334
26.6181
28.6868
23.424
11.1644
11.1644
11.1644
23.4392
20.4732
20.4427
21.3249
13.2482
13.2482
13.7197
18.4198
27.6981
13.6133
27.622
30.6185
21.3706
21.112
9.2479
8.3657
8.3657
8.3657
15.3016
15.8188
17.2029
21.0664
16.0317
16.0317
14.3738
14.7997
5.65826
1.39935
8.04628
20.321
20.321
25.9793
23.7738
8.33528
20.8078
21.0816
18.7392
8.0767
13.3547
17.5375
17.1877
15.2408
19.5757
17.6592
15.5754
15.5754
20.7165
20.7165
34.5123
30.4968
32.246
20.4732
20.4732
20.5492
32.0178
28.991
21.2489
25.7664
21.9181
21.4466
30.0557
19.4084
10.3583
9.96279
9.87153
14.5867
45.1748
33.7062
16.2751
16.5032
16.2751
10.343
5.91683
22.8916
6.25146
15.1495
36.9612
47.7301
43.9123
39.8816
26.7702
26.7702
29.1431
31.3486
31.3486
14.4194
22.4961
34.2994
34.4058
39.6534
39.4405
38.5279
61.0696
58.3013
39.3492
35.7291
28.0175
26.0097
30.1469
25.2188
29.0214
21.0207
32.1395
23.8042
19.1194
17.9026
6.29709
5.90162
18.1612
18.5566
1.82524
6.44919
10.6473
5.53657
5.36926
5.53657
5.53657
0.593204
0.593204
3.74175
12.1683
13.522
44.901
48.0495
19.3628
11.2557
23.4696
12.7311
17.1877
17.1877
9.73463
9.62816
4.27411
17.355
13.5981
13.5068
18.3589
10.6473
11.499
7.01198
16.0926
11.9097
19.1194
19.2259
6.20583
8.35049
8.35049
8.35049
14.2369
18.4502
18.4654
18.0243
22.2376
18.2677
18.2981
9.12622
6.63172
21.3706
17.9939
32.6262
32.1699
31.4094
33.5997
35.5923
33.5236
49.1295
49.3424
49.312
53.2059
51.0612
43.2887
47.8214
32.5806
30.0101
33.1738
32.9609
35.3489
28.1392
41.2657
35.8812
26.8615
26.1466
23.6217
21.3554
22.8764
24.6408
24.7016
21.7508
18.4198
38.2845
37.8738
28.7172
29.1278
34.056
30.8466
27.7437
41.1745
44.0948
36.2007
33.4628
40.4596
44.612
52.3237
47.3194
68.2945
64.9787
54.9398
54.9246
36.657
41.2657
32.6719
36.5353
52.3541
60.9023
52.5366
19.6518
23.2719
31.0444
31.3638
29.3256
37.235
43.0301
40.9767
38.0259
34.2081
29.6906
45.1139
44.1557
64.6897
61.2369
48.658
51.1677
42.7411
49.6618
47.1065
47.6845
38.467
43.9732
43.4712
27.7437
31.3334
35.8204
35.2728
39.3492
42.0567
41.0528
41.646
36.657
36.9916
38.4974
61.3282
61.2978
68.6292
64.8874
46.3916
44.2165
41.144
44.7337
54.4683
52.7039
53.9512
52.6431
52.7191
50.7418
51.6544
50.9547
51.1981
58.4686
56.7347
61.0696
65.146
61.9366
49.7227
51.2285
62.6667
62.5906
66.0282
69.1007
66.1347
66.9712
39.1059
48.8557
64.4007
57.5408
47.8822
35.7444
28.2913
28.3521
34.2081
49.4033
58.2405
63.7771
57.3279
52.1716
50.1334
31.2725
35.9877
39.8359
50.2094
49.7987
51.3806
56.8563
65.3589
69.7852
73.0098
85.2237
65.4198
72.3557
68.2945
68.401
50.6353
66.667
72.3101
65.8913
67.1842
50.3159
49.6466
53.145
63.99
57.0389
59.2444
57.1606
57.6625
63.0774
67.0929
55.9894
59.29
64.2334
62.2712
55.2745
56.1871
61.7085
57.3431
51.7457
52.0347
72.2949
57.6777
53.9968
49.6466
53.9512
52.5366
44.1253
44.034
47.3499
52.3845
57.2062
60.157
57.8146
57.9667
66.013
65.6023
57.9515
51.7913
51.7913
52.3997
48.3233
53.9664
57.7385
57.9211
58.5599
53.6622
66.2259
60.9936
65.0395
69.3745
73.9832
75.3522
69.1007
66.013
63.2295
59.7311
56.111
52.9929
54.1489
52.9929
62.4081
68.2793
50.179
51.3958
52.5518
39.9728
35.8965
34.847
32.4589
33.2346
45.2052
49.4945
33.0978
44.5664
31.9722
35.3945
25.234
44.2774
29.3408
40.7181
40.201
45.7984
22.6634
29.7971
35.8965
29.2191
24.4887
22.4353
17.9482
23.3479
20.4884
19.3932
11.423
11.423
19.1194
14.3738
16.7466
9.12622
12.1835
16.1078
11.4382
10.7233
10.7233
11.0579
11.0427
11.0427
12.5029
20.2146
23.0133
34.6492
15.3625
24.3518
25.5838
18.7848
14.2217
9.73463
15.8036
15.8188
29.6754
32.7935
37.1437
47.5932
44.7033
34.3602
54.4227
69.4201
70.8651
65.222
40.9615
40.8703
39.3948
21.3249
14.7693
10.4799
23.3175
18.6327
21.2793
16.5793
18.9369
13.7958
9.0958
13.5981
16.7466
13.1418
15.1952
14.3282
12.29
14.5715
14.4803
16.3511
33.0673
7.65081
4.60874
13.4155
13.4308
12.5181
10.6168
10.632
10.7689
3.75696
11.3926
11.3926
14.5411
7.60518
7.7725
15.4385
12.1683
8.76117
11.7424
11.8489
20.5188
20.5188
20.5188
12.3812
14.1456
8.60907
13.3243
9.76506
20.2298
16.9748
15.3473
16.8075
20.5036
17.2638
26.466
22.344
13.0353
13.8414
18.3133
18.3133
18.9977
18.9977
20.7165
16.5793
15.8948
19.4997
14.7541
18.7848
17.5223
15.0735
15.4994
5.96246
13.8414
16.3664
16.1838
15.256
10.9515
8.54822
13.0201
5.08026
5.08026
0.471521
0.471521
0.471521
0.471521
14.2673
9.81069
5.47573
0.866991
0.866991
0.866991
9.5369
13.1722
16.4728
14.5715
16.7618
11.6664
6.73819
11.0731
10.6929
5.93204
10.5256
15.1647
13.2634
33.4628
25.1732
30.4664
24.9298
30.4816
22.2376
17.4767
23.8194
28.6563
39.9728
21.2489
15.6667
11.2861
16.1838
9.20227
9.15664
12.3052
11.0884
15.5754
10.556
10.556
10.556
10.5712
10.5712
10.5712
1.35372
0.471521
0.471521
12.5029
13.8262
13.8719
11.5903
9.96279
9.70421
9.70421
9.70421
5.35405
5.35405
8.50259
8.77638
9.05017
9.05017
9.05017
9.05017
13.7197
14.0696
18.4045
15.043
14.0696
14.2825
14.7845
15.7731
15.7731
15.6819
12.3052
12.3052
12.3052
12.29
7.3314
7.3314
3.14855
9.30874
12.4725
10.4647
10.4647
10.4647
10.4647
15.2408
15.2408
12.1075
1.15599
5.61262
5.61262
5.61262
19.4236
1.15599
1.15599
1.15599
1.15599
1.15599
1.15599
1.15599
1.15599
1.15599
2.37282
2.37282
2.37282
2.37282
2.37282
2.37282
1.15599
1.15599
1.15599
2.40324
2.40324
