2.40324
2.37282
6.82945
5.61262
4.92816
4.92816
4.92816
0.471521
0.471521
0.471521
0.471521
0.471521
0.471521
2.72266
3.33107
4.5479
3.43754
3.43754
3.43754
3.43754
3.43754
3.43754
0.471521
0.471521
0.471521
0.471521
0.471521
0.471521
4.92816
4.92816
4.92816
4.92816
4.92816
4.92816
4.92816
0.471521
0.471521
0.471521
0.471521
0.471521
0.471521
0.471521
0.471521
0.471521
0.471521
0.471521
0.471521
0.471521
0.471521
0.471521
0.471521
0.471521
0.471521
0.471521
0.471521
0.471521
0.471521
0.471521
0.471521
0.471521
0.471521
0.471521
0.471521
0.471521
0.471521
0.471521
0.471521
0.471521
0.471521
0.471521
0.471521
0.471521
0.471521
0.471521
0.471521
0.471521
0.471521
0.471521
0.471521
0.471521
0.471521
0.471521
0.471521
0.471521
0.471521
0.471521
0.471521
0.471521
0.471521
0.471521
0.471521
0.471521
0.471521
0.471521
0.471521
0.471521
0.471521
0.471521
0.471521
0.471521
0.471521
0.471521
0.471521
0.471521
0.471521
0.471521
0.471521
0.471521
0.471521
0.471521
0.471521
0.471521
0.471521
0.471521
0.471521
0.471521
0.471521
0.471521
0.471521
0.471521
0.471521
0.471521
0.471521
0.471521
0.471521
0.471521
0.471521
0.471521
0.471521
0.471521
0.471521
0.471521
0.471521
0.471521
0.471521
0.471521
0.471521
0.471521
0.471521
0.471521
0.471521
0.471521
0.471521
0.471521
0.471521
0.471521
0.471521
0.471521
0.471521
0.471521
0.471521
0.471521
0.471521
0.471521
0.471521
0.471521
0.471521
0.471521
0.471521
0.471521
0.471521
0.471521
0.471521
0.471521
0.471521
0.471521
0.471521
0.471521
0.471521
0.471521
0.471521
0.471521
0.471521
0.471521
0.471521
0.471521
0.471521
0.471521
0.471521
0.471521
0.471521
0.471521
0.471521
0.471521
0.471521
0.471521
0.471521
0.471521
0.471521
0.471521
0.471521
0.471521
0.471521
0.471521
0.471521
0.471521
0.471521
0.471521
0.471521
0.471521
0.471521
0.471521
0.471521
0.471521
0.471521
0.471521
0.471521
0.471521
0.471521
0.471521
0.471521
0.471521
0.471521
0.471521
0.471521
0.471521
0.471521
0.471521
0.471521
0.471521
0.471521
0.471521
0.471521
0.471521
0.471521
0.471521
0.471521
0.471521
0.471521
0.471521
0.471521
0.471521
0.471521
0.471521
0.471521
0.471521
0.471521
0.471521
0.471521
0.471521
0.471521
0.471521
0.471521
0.471521
0.471521
0.471521
0.471521
0.471521
0.866991
0.866991
1.04952
1.04952
1.04952
1.04952
0.866991
0.866991
1.04952
1.04952
1.04952
0.866991
1.04952
1.04952
1.04952
1.04952
1.04952
1.04952
1.04952
1.04952
0.471521
0.471521
0.471521
0.471521
0.471521
0.471521
0.471521
0.471521
0.471521
0.471521
0.471521
0.471521
0.471521
0.471521
0.471521
0.471521
0.471521
0.471521
0.471521
0.471521
0.471521
0.471521
0.471521
0.471521
0.471521
0.471521
0.471521
0.471521
0.471521
0.471521
0.471521
0.471521
0.471521
0.471521
0.471521
0.471521
0.471521
0.471521
0.471521
0.471521
0.471521
0.471521
0.471521
0.471521
0.471521
0.471521
0.471521
0.471521
0.471521
0.471521
0.471521
0.471521
0.471521
0.471521
0.471521
0.471521
0.471521
0.471521
0.471521
0.471521
0.471521
0.471521
0.471521
0.471521
0.471521
0.471521
0.471521
0.471521
0.471521
0.471521
0.471521
0.471521
0.471521
0.471521
0.471521
0.471521
0.471521
0.471521
0.471521
0.471521
0.471521
0.471521
0.471521
0.471521
0.471521
0.471521
0.471521
0.471521
0.471521
0.471521
0.471521
0.471521
0.471521
0.471521
0.471521
0.471521
0.471521
0.471521
0.471521
0.471521
0.471521
0.471521
0.471521
0.471521
0.471521
0.471521
0.471521
0.471521
0.471521
0.471521
0.471521
0.471521
0.471521
0.471521
0.471521
0.471521
0.471521
0.471521
0.471521
0.471521
0.471521
0.471521
0.471521
0.471521
0.471521
0.471521
0.471521
0.471521
0.471521
0.471521
0.471521
0.471521
0.471521
3.93948
8.01586
8.01586
8.01586
8.39612
8.39612
8.41133
3.93948
3.93948
3.93948
3.93948
3.93948
3.93948
3.93948
19.5301
24.6408
24.002
24.6408
24.6408
24.002
24.6408
24.6408
19.5301
0.471521
0.471521
0.471521
0.471521
3.62007
3.62007
8.28965
12.366
4.94337
0.471521
0.471521
0.471521
0.471521
0.471521
0.471521
3.43754
3.43754
0.471521
0.471521
5.1411
0.471521
0.471521
0.471521
0.471521
0.471521
0.471521
0.471521
0.471521
0.471521
0.471521
4.66958
4.66958
4.27411
7.30098
26.8767
26.8767
26.2683
26.2683
22.7091
15.2256
13.8566
14.2521
14.2521
14.2521
14.313
14.313
12.7919
8.32007
3.62007
3.62007
3.62007
3.62007
3.62007
3.62007
3.62007
3.62007
3.62007
3.62007
3.62007
7.81813
7.81813
3.62007
6.6013
6.6013
3.43754
7.6356
3.43754
3.43754
3.43754
3.43754
12.5942
5.1411
5.1411
5.1411
5.1411
3.62007
8.28965
12.4877
10.4647
10.4647
10.7841
10.7841
10.4647
5.79515
5.79515
5.79515
5.81036
5.35405
5.67347
7.86376
8.35049
11.499
7.0424
11.3926
11.3926
11.2709
8.12234
8.12234
8.12234
10.1453
10.1453
3.6657
5.94725
12.1075
12.1075
12.1075
9.73463
9.73463
9.73463
0.593204
0.593204
0.593204
4.79126
4.79126
9.74984
9.74984
9.85632
6.70777
9.74984
6.00809
10.2062
10.6625
7.65081
5.99288
6.95114
9.62816
9.64337
10.0084
6.06894
6.00809
10.4343
5.99288
14.1456
16.4272
19.9256
7.42266
10.5712
9.61295
32.4893
26.9832
29.356
24.002
19.2867
27.3634
17.8113
20.7165
5.77994
14.9518
14.6324
17.9634
12.9897
10.1149
13.0961
17.9026
21.4618
21.7812
16.8379
19.7887
24.2301
21.2793
13.6741
19.4236
20.9295
7.84855
7.93981
7.93981
7.93981
9.00454
15.3168
13.4764
12.8832
17.5375
19.4845
18.511
22.7395
22.6787
18.8609
22.344
21.6291
30.4511
17.1421
35.2424
29.7211
31.5007
40.49
43.8059
44.6576
57.4952
41.1745
41.7068
41.1593
37.1285
28.0023
23.4848
14.8453
31.09
26.1314
20.9447
20.9295
17.3702
17.5071
18.1916
22.9524
23.0741
27.8654
27.2722
34.6796
29.4168
27.1201
27.4243
41.2961
46.1178
41.9502
39.2123
55.4266
62.2864
70.6674
38.0563
24.5039
19.7126
17.6592
19.9712
16.1078
16.2142
19.2563
15.4081
30.3903
23.4544
23.3631
22.8916
26.1618
21.5227
21.4162
27.7133
22.4049
17.933
18.0091
14.7388
16.2295
18.511
23.0893
18.8304
25.234
22.2984
20.7469
25.0363
17.7505
19.7278
19.0282
23.7586
26.7855
29.3408
28.9605
41.7068
30.6337
39.3036
35.3337
22.1159
26.0401
28.2456
33.0369
32.6262
36.9308
24.7168
26.8767
36.7026
42.8324
44.6576
61.1457
60.7502
56.9628
57.9515
41.9654
35.1968
30.1165
38.4974
41.8741
47.6084
53.5101
61.0088
42.6651
33.6301
27.9414
37.1133
39.4557
33.4932
37.9803
33.4324
35.4554
14.9974
26.3291
26.2835
30.4816
36.6266
28.5499
31.7897
16.0317
8.9437
13.4308
18.0091
51.9282
46.3004
43.6842
33.8431
28.0631
28.0935
17.0204
18.435
22.6939
26.5269
24.6408
27.4395
31.9113
37.1589
39.7903
32.4285
24.5343
26.6334
20.9599
17.9939
24.3974
27.3634
26.9984
36.2311
34.1473
21.3858
21.5227
21.6139
21.8573
25.0971
26.4965
22.7243
22.1919
25.5382
30.1469
30.7858
28.3673
28.3673
23.6369
26.5269
24.9298
28.8084
21.7965
32.2003
19.9408
38.5583
37.4935
12.4269
28.5955
43.2126
33.1282
28.6868
47.3651
43.7906
39.6686
39.7295
40.4596
31.8201
51.8521
54.0424
25.0667
21.4314
17.6136
18.222
23.3935
23.3327
14.5715
13.6893
14.1152
23.7586
9.40001
18.6631
32.246
23.7282
17.0508
12.1227
21.5531
31.0596
18.222
18.1308
25.4317
48.1712
39.2275
48.2929
37.1589
47.1521
28.5651
27.5764
27.3026
30.9987
22.2832
22.1311
24.7168
24.5647
42.878
42.9237
25.1123
26.9071
27.257
22.6178
22.922
37.4327
14.9366
24.1541
31.7592
36.6266
29.7211
29.7363
17.3094
17.4919
13.2178
13.2178
22.268
19.2867
8.70033
15.4385
16.6097
17.933
17.933
21.0511
23.1198
7.46829
10.5864
12.1531
14.4042
18.5414
16.2599
16.123
15.7275
19.2411
23.6673
21.7204
19.8191
14.4346
18.7392
24.1997
26.3596
29.5081
17.1269
16.9596
22.4353
17.3702
9.59774
9.59774
14.4651
23.3935
22.557
20.7013
20.5036
36.444
44.8097
39.0906
35.1664
35.5923
29.3864
28.5499
18.435
20.5796
20.5796
4.24369
4.12201
19.3476
18.7087
4.36537
4.36537
8.16797
14.3434
20.9447
17.5071
17.4767
23.8499
28.2152
28.6107
27.9871
27.5764
8.24402
20.0777
16.3968
17.7809
29.1431
28.0935
32.8088
35.5162
42.1631
42.4826
47
44.2774
42.7868
45.8288
44.4295
39.045
38.8929
45.768
37.5696
39.3036
36.3528
51.0004
48.5059
48.5059
39.1667
48.369
34.7405
50.0421
50.8178
37.0068
45.1596
35.2576
27.2722
22.8916
25.4469
17.6744
19.2107
14.9974
19.7583
11.8337
11.8185
11.8032
16.0926
16.0165
11.8032
11.8032
11.9401
9.65858
9.65858
19.4084
14.5259
14.5107
12.6094
15.7731
15.0126
15.0278
14.4346
24.1541
41.9806
41.1288
22.8612
22.8308
22.8308
34.5579
46.6502
60.8567
58.1492
38.4062
57.4191
56.4761
45.5094
36.2615
42.7868
53.3275
39.6686
51.2133
59.2596
46.5741
28.3825
29.1583
29.2647
28.0479
28.8693
33.6605
19.8952
17.8265
17.7049
20.6861
22.3288
25.8576
21.3706
25.599
21.5835
26.3139
24.291
19.8191
16.7922
21.4314
21.4314
21.4314
16.7466
24.3366
24.291
13.3091
13.3091
13.3091
13.3243
17.5375
28.2
24.58
23.5152
23.0589
23.0589
12.7007
12.7007
33.1434
11.6055
15.8036
11.1492
10.9515
6.67735
9.55211
13.811
17.1877
12.9592
9.64337
12.2291
14.5259
21.0816
15.9253
15.9253
15.9253
9.05017
9.05017
9.05017
6.76861
4.92816
18.6935
18.8304
18.8304
20.1689
19.2107
20.7317
15.043
22.8612
22.8612
22.8612
18.0699
13.3395
13.3395
13.4308
19.8191
12.7311
9.76506
9.64337
8.59386
6.95114
9.93237
12.7919
9.2479
2.47929
7.07282
12.5486
12.5486
12.5486
12.2139
14.7388
23.0437
23.8499
26.9528
14.7845
14.7845
17.9026
32.9
27.044
27.044
28.9757
18.8761
18.8304
11.9553
9.06538
8.18318
11.2861
14.7845
11.3774
11.3774
11.3774
6.76861
6.69256
6.69256
6.69256
6.3123
7.78771
11.0123
10.8906
15.7731
14.3586
14.7084
12.6094
13.2786
14.0392
13.157
13.0201
13.157
13.5372
20.1994
19.5149
15.3168
19.4997
19.8647
16.0621
21.4618
17.9787
14.8453
18.8152
11.9249
14.8453
14.7541
28.0479
27.1201
39.7295
42.1783
41.1745
31.8505
20.7317
25.234
25.234
42.9237
43.9123
49.9204
24.9298
16.7466
24.2301
23.8499
32.3981
20.1385
15.4689
21.7052
41.9654
37.6457
42.3609
36.155
36.1398
51.0156
58.6816
63.1839
47.4259
42.7715
28.4586
37.9499
39.5926
32.7935
39.0146
38.6039
46.3916
51.122
34.4971
34.4971
33.8431
38.9081
33.6149
23.8042
20.823
17.4311
12.8832
17.2029
21.188
21.112
21.5987
33.8887
33.478
34.1625
30.6489
42.1783
24.1845
24.1845
16.0621
15.5602
8.04628
14.1761
12.8984
20.5644
24.9602
26.2683
7.95502
10.9363
10.9363
17.066
10.3278
18.1764
26.0554
28.4738
49.8292
54.6356
54.5292
50.2398
38.9842
42.1479
49.1751
55.0311
47.2586
47.289
37.4631
39.7599
45.6463
45.2965
34.8013
23.9259
23.3175
19.4236
28.5346
32.4437
36.2463
41.2201
49.7531
54.5596
46.2243
43.3952
52.7039
52.7039
43.7754
38.9842
29.28
37.1285
39.4557
54.225
32.5046
37.6457
37.5088
37.5088
30.9531
34.1321
34.1168
34.1321
30.7097
35.866
40.3683
37.9651
42.8932
49.9813
54.5596
64.1877
64.0052
52.9169
55.1984
62.3625
64.3551
59.3508
51.2741
59.3052
58.7424
58.8185
58.3622
59.7311
59.2444
59.2444
65.2068
54.3162
51.2437
49.966
67.2146
69.0094
54.8942
48.6123
50.3311
66.2564
65.8457
60.4612
58.5447
53.936
36.2159
53.0842
53.145
45.3725
44.2774
50.1334
42.8172
49.8139
37.4479
41.7372
31.957
40.6573
41.6916
39.3948
29.2647
29.2191
28.413
33.0217
34.1625
31.2421
32.0178
31.0139
30.4207
28.0327
40.6117
43.1366
47.5476
61.1457
64.9939
72.4774
69.9981
52.6127
36.9156
36.6266
36.4592
48.9013
48.8861
42.8324
45.3573
40.6269
44.1253
35.9573
42.1479
37.813
39.4253
39.5622
41.6612
64.0052
51.4262
63.047
48.369
47.9887
57.1606
76.3865
72.6295
68.5075
56.2175
46.2243
40.1402
45.1292
45.479
38.8929
45.3117
44.9923
56.2023
47.8822
48.445
52.1411
57.191
57.0693
56.5826
60.4308
51.3046
59.6703
56.5369
54.3923
67.0321
58.8945
61.5868
43.4864
59.944
61.3282
65.0395
60.5829
56.0502
64.0356
66.6214
63.2143
65.6631
59.4573
63.6402
66.3476
46.0114
48.9317
54.3618
52.491
45.0987
53.8903
50.4376
50.7418
41.8285
41.6308
43.3647
50.1942
44.901
41.9198
41.1593
40.2162
40.201
40.4748
40.8703
41.646
38.5431
43.3495
58.8793
57.9363
48.8253
48.0952
52.567
65.7848
71.7169
77.1926
72.7816
69.2832
69.5722
32.2308
23.7586
23.7586
43.8819
28.2304
29.1735
23.4544
35.3185
35.9117
28.0479
36.0334
48.9774
48.8253
46.3156
58.9554
70.6217
65.0243
65.9521
54.8334
67.8686
67.0929
49.8748
46.8936
45.3117
41.9198
43.3647
49.7075
54.2554
49.2207
50.8635
36.9156
36.7178
29.9036
43.5321
43.5625
34.7253
34.7253
34.9991
28.0479
24.6104
54.1945
39.0754
37.0981
45.2052
33.8583
40.1249
29.6602
35.79
37.3262
37.3262
52.2932
52.1107
50.1334
52.2932
20.5036
23.3479
14.7236
20.823
25.5534
16.7162
31.6528
32.2764
34.5427
32.8088
37.6761
32.7935
40.6117
38.9385
44.9771
43.8363
41.2657
53.2059
45.5094
42.802
42.802
35.7444
44.9923
36.5201
44.4599
45.8593
45.8593
41.1288
40.7486
38.4822
44.2317
41.357
47.1978
41.4787
34.1473
48.0191
46.635
45.1748
28.8389
35.5162
35.0751
57.4648
57.3583
49.6771
23.2871
19.4084
26.3596
36.5657
32.0635
38.9233
41.0071
37.0525
34.9991
34.1777
45.479
49.2816
41.5699
44.3078
32.0178
37.6761
33.113
28.1392
29.2039
41.4026
42.0719
34.1777
34.3298
25.1884
25.4469
28.6411
25.0819
24.367
20.0168
27.1505
32.3372
36.5505
42.8628
41.8741
40.7181
39.0602
39.7295
54.7117
62.4233
58.1492
46.8936
41.722
40.0033
40.1706
45.6615
50.1486
45.8745
48.3385
52.202
49.2207
46.2395
47.4868
41.5395
46.1178
46.2851
36.733
43.745
48.1256
48.1256
44.1253
41.8437
33.0978
34.2842
32.1851
27.8502
30.6945
35.3337
48.1864
43.9884
24.1541
14.5411
11.5599
16.4272
15.545
15.5298
19.7431
17.6897
25.3405
35.1816
39.4405
37.0981
41.935
15.1495
17.2333
32.3829
44.8402
43.8059
23.4088
24.2149
23.3783
23.3783
35.8052
18.8
16.8531
18.1764
22.1311
21.1576
21.9942
19.089
19.6974
22.6787
28.0175
28.0175
21.6596
30.3599
27.4243
5.59741
11.712
13.4764
18.2677
18.4198
31.0596
30.7402
4.86732
10.3887
8.44175
10.9363
13.7197
27.8806
29.7211
26.7246
26.7246
26.5573
24.8081
24.1388
24.1388
28.6107
35.7291
32.8392
33.478
28.7172
28.7172
29.4016
27.2418
21.4314
25.9793
18.6175
16.3511
0.471521
5.06505
5.06505
5.06505
4.94337
6.85987
11.5751
6.85987
4.94337
5.08026
7.05761
9.978
9.978
3.45275
0.471521
2.73787
2.73787
5.81036
3.62007
8.0767
8.0767
11.0579
11.0579
10.6929
10.6929
6.23625
6.23625
6.23625
6.23625
0.471521
3.62007
3.62007
3.74175
5.91683
8.19839
3.62007
3.62007
3.62007
3.62007
3.62007
