41
131
179
228
317
366
416
465
514
563
612
662
711
760
809
859
908
956
1005
1053
1103
1152
1201
1250
1300
1349
1398
1448
1497
1547
1596
1646
1736
1786
1835
1885
1934
1984
2033
2083
2132
2181
2231
2321
2371
2420
2470
2519
2568
2618
2667
2716
2764
2813
2861
2911
2961
3010
3060
3108
3198
3246
3295
3344
3392
3441
3489
3578
3627
3718
3768
3817
3867
3916
3965
4013
4062
4111
4159
4207
4256
4305
4354
4403
4452
4500
4590
4638
4687
4735
4824
4873
4921
4970
5019
5069
5160
5210
5301
5350
5400
5450
5498
5547
5595
5644
5694
5743
5793
5843
5893
5942
6033
6082
6130
6178
6267
6315
6364
6412
6461
6509
6559
6609
6658
6708
6798
6888
6938
6987
7036
7085
7134
7183
7233
7283
7332
7382
7431
7481
7571
7620
7711
7760
7809
7859
7908
7956
8087
8136
8185
8276
8326
8375
8425
8516
8565
8615
8665
8715
8764
8813
8863
8953
9002
9051
9101
9151
9200
9250
9299
9349
9397
9445
9535
9594
9643
9692
9741
9790
9839
9889
9939
9989
10040
10091
10141
10192
10242
10292
10341
10390
10440
10529
10619
10668
10718
10767
10816
10865
10954
11002
11051
11099
11148
11198
11247
11297
11346
11396
11445
11495
11544
11594
11643
11693
11742
11834
11885
11936
11986
12037
12086
12136
12185
12235
12284
12334
12382
12431
12479
12528
12576
12625
12673
12722
12770
12818
12867
12956
13045
13093
13143
13233
13282
13331
13380
13469
13518
13566
13615
13663
13711
13760
13808
13857
13905
13954
14002
14052
14101
14151
14200
14250
14299
14347
14396
14444
14492
14541
14589
14637
14685
14734
14782
14830
14879
14927
15016
15067
15158
15208
15298
15347
15396
15444
15493
15541
15590
15638
15687
15737
15786
15835
15885
15934
15982
16031
16079
16128
16176
16224
16273
16321
16370
16418
16467
16515
16564
16614
16663
16713
16762
16812
16861
16910
16960
17009
17058
17149
17237
17326
17375
17423
17471
17521
17570
17619
17668
17718
17767
17815
17905
17954
18044
18093
18141
18189
18238
18286
18334
18383
18431
18479
18528
18577
18626
18676
18725
18816
18865
18914
18963
19014
19064
19114
19164
19256
19306
19355
19405
19453
19502
19550
19599
19647
19696
19744
19793
19841
19890
19938
19987
20035
20084
20132
20181
20229
20278
20326
20376
20425
20475
20524
20574
20623
20673
20722
20772
20820
20868
20917
20965
21014
21063
21112
21162
21212
21262
21311
21361
21411
21459
21507
21596
21645
21694
21742
21790
21840
21888
21937
21985
22033
22082
22130
22221
22269
22318
22366
22414
22463
22511
22560
22608
22657
22706
22754
22802
22851
22900
22948
22996
23045
23093
23142
23191
23241
23290
23339
23389
23497
23548
23600
23651
23703
23754
23803
23852
23902
23951
24000
24049
24098
24148
24197
24246
24295
24344
24394
24444
24493
24542
24592
24641
24690
24781
24830
24879
24929
24977
25026
25074
25122
25171
25219
25269
25318
25367
25417
25466
25515
25564
25613
25661
25710
25758
25807
25855
25904
25953
26001
26050
26098
26147
26195
26244
26292
26340
26389
26437
26487
26536
26627
26676
26726
26774
26822
26871
26919
26967
27057
27106
27155
27204
27253
27303
27352
27402
27492
27542
27591
27641
27690
27739
27789
27838
27887
27937
27985
28034
28083
28133
28182
28231
28281
28329
28378
28426
28475
28523
28572
28661
28710
28759
28808
28857
28905
28953
29002
29050
29098
29148
29197
29246
29295
29385
29435
29483
29532
29580
29628
29676
29725
29774
29824
29873
29923
29972
30021
30071
30120
30210
30260
30309
30358
30408
30457
30506
30555
30603
30652
30702
30752
30802
30852
30901
30951
31001
31050
31100
31149
31199
31248
31297
31346
31435
31484
31532
31581
31629
31678
31726
31775
31823
31873
31922
31972
32021
32071
32120
32170
32219
32268
32317
32367
32416
32464
32512
32561
32609
32657
32706
32754
32804
32853
32903
32953
33003
33052
33102
33151
33201
33250
33300
33350
33399
33489
33538
33587
33636
33685
33734
33783
33831
33880
33929
33979
34027
34076
34124
34173
34221
34271
34320
34368
34416
34465
34513
34562
34610
34660
34750
34799
34848
34938
34988
35079
35128
35219
35269
35317
35366
35414
35462
35511
35600
35648
35698
35748
35796
35845
35894
35943
35992
36041
36090
36141
36191
36241
36292
36342
36392
36441
36490
36539
36588
36638
36687
36735
36784
36832
36882
36931
36980
37030
37079
37128
37219
37269
37318
37368
37417
37466
37516
37605
37655
37704
37754
37803
37853
37903
37952
38001
38049
38098
38147
38196
38244
38334
38384
38434
38484
38534
38584
38633
38681
38730
38778
38827
38875
38924
38972
39021
39071
39202
39251
39300
39350
39399
39449
39499
39549
39598
39731
39781
39831
39881
39971
40060
40109
40198
40247
40297
40346
40396
40445
40495
40544
40593
40643
40692
40741
40790
40840
40889
40937
40986
41035
41084
41134
41183
41232
41281
41330
41378
41426
41475
41523
41572
41620
41669
41718
41767
41816
41864
41913
41963
42011
42060
42108
42156
42205
42253
42302
42350
42399
42448
42498
42547
42596
42646
42695
42744
42794
42843
42892
42942
42991
43040
43090
43139
43188
43237
43287
43337
43385
43434
43483
43532
43621
43669
43718
43766
43815
43865
43915
43965
44056
44106
44196
44246
44295
44345
44394
44483
44531
44580
44629
44677
44725
44774
44822
44871
44920
44970
45019
45068
45118
45167
45216
45265
45314
45363
45412
45460
45509
45598
45648
45697
45746
45796
45846
45937
45986
46035
46083
46132
46181
46230
46279
46329
46378
46427
46477
46526
46575
46624
46673
46722
46770
46819
46868
46918
46967
47017
47066
47115
47165
47214
47264
47354
47403
47452
47501
47549
47598
47646
47695
47744
47792
47840
47889
47937
47986
48034
48084
48133
48183
48233
48283
48373
48422
48470
48518
48567
48615
48705
48754
48804
48854
48903
48953
49003
49052
49102
49152
49202
49251
49300
49348
49396
49445
49493
49542
49590
49639
49689
49738
49788
49837
49886
49935
49983
50032
50080
50128
50177
50225
50274
50322
50371
50419
50469
50519
50569
50619
50669
50719
50768
50817
50866
50914
50963
51012
51060
51110
51160
51209
51259
51308
51358
51407
51456
51506
51555
51605
51654
51703
51752
51800
51889
51938
51988
52038
52087
52137
52187
52236
52286
52336
52386
52436
52485
52535
52584
52673
52721
52770
52819
52867
52916
52964
53013
53061
53110
53158
53209
53260
53311
53362
53413
53464
53514
53563
53613
53662
53712
53762
53811
53861
53911
53960
54051
54102
54153
54204
54256
54307
54358
54407
54456
54586
54634
54683
54732
54781
54829
54878
54926
54975
55023
55071
55121
55169
55219
55268
55317
55367
55456
55505
55554
55604
55653
55703
55753
55802
55852
55900
55949
55997
56046
56095
56143
56192
56240
56289
56337
56426
56475
56524
56572
56621
56670
56718
56768
56818
56867
56916
56966
57015
57065
57114
57164
57213
57262
57312
57360
57410
57459
57509
57558
57608
57657
57706
57756
57805
57855
57904
57954
58002
58050
58099
58147
58195
58244
58292
58341
58391
58441
58491
58541
58591
58640
58690
58739
58789
58838
58886
58935
58984
59033
59083
59132
59182
59231
59281
59330
59380
59429
59518
59566
59615
59663
59711
59759
59808
59857
59905
59954
60002
60051
60101
60150
60199
60248
60297
60347
60396
60445
60494
60543
60593
60642
60691
60740
60790
60839
60888
60938
60987
61037
61087
61137
61186
61236
61285
61336
61386
61436
61486
61537
61586
61636
61685
61735
61784
61834
61883
61932
61981
62030
62078
62127
62175
62224
62272
62321
62370
62420
62468
62516
62565
62613
62661
62710
62799
62848
62898
62947
62996
63045
63095
63144
63194
63243
63292
63342
63392
63443
63493
63544
63595
63646
63696
63787
63837
63887
63936
63986
64076
64126
64216
64266
64314
64363
64412
64460
64508
64557
64606
64655
64705
64754
64803
64853
64902
64952
65002
65051
65101
65151
65201
65249
65298
65346
65395
65443
65492
65541
65590
65638
65688
65737
65802
65851
65900
65950
65999
66048
66096
66145
66194
66283
66332
66380
66429
66477
66525
66574
66622
66672
66721
66812
66861
66911
66960
67010
67061
67111
67161
67211
67261
67311
67361
67411
67461
67552
67601
67650
67699
67749
67798
67847
67896
67946
67997
68047
68098
68147
68195
68244
68292
68341
68390
68439
68488
68537
68627
68678
68728
68777
68827
68876
68925
68975
69024
69072
69121
69169
69258
69308
69357
69406
69454
69503
69551
69599
69648
69696
69745
69793
69842
69890
69939
69987
70035
70084
70132
70181
70230
70320
70369
70417
70466
70514
70563
70611
70660
70708
70757
70806
70855
70904
70953
71003
71052
71101
71151
71201
71291
71340
71390
71439
71489
71578
71627
71677
71726
71775
71825
71874
71923
71971
72020
72069
72119
72168
72217
72267
72316
72365
72415
72466
72515
72565
72614
72663
72712
72760
72809
72857
72905
72954
73003
73052
73102
73151
73201
73250
73341
73390
73440
73488
73537
73585
73633
73682
73730
73780
73830
73880
73930
73980
74030
74080
74130
74180
74229
74279
74328
74378
74427
74476
74526
74575
74625
74674
74723
74772
74820
74868
74957
75006
75054
75104
75196
75245
75295
75345
75394
75444
75493
75542
75591
75641
75690
75740
75790
75840
75890
75940
75989
76038
76086
76135
76225
76315
76364
76413
76463
76512
76561
76610
76660
76709
76759
76808
76898
76947
76995
77043
77093
77143
77192
77240
77288
77336
77385
77433
77523
77573
77622
77671
77721
77769
77818
77867
77916
77965
78014
78063
78112
78161
78210
78258
78307
78355
78403
78452
78500
78549
78598
78647
78696
78826
78875
78966
79015
79064
79114
79163
79212
79261
79310
79358
79407
79456
79505
79554
79602
79651
79740
79789
79878
79928
79978
80028
80077
80127
80176
80226
80275
80324
80373
80423
80472
80521
80570
80619
80669
80718
80808
80857
80906
80956
81005
81055
81104
81153
81203
81252
81302
81350
81400
81449
81499
81548
81598
81647
81796
81845
81893
81942
81990
82039
82087
82135
82184
82233
82282
82331
82381
82430
82480
82530
82578
82627
82675
82724
82772
82821
82870
82920
82969
83019
83068
83118
83166
83215
83264
83313
83362
83411
83460
83508
83639
83688
83737
83786
83834
83883
83933
83982
84031
84081
84129
84177
84267
84356
84405
84454
84503
84593
84643
84692
84741
84791
84881
84930
84979
85028
85076
85126
85175
85225
85274
85324
85373
85422
85470
85519
85609
85659
85708
85757
85805
85855
85904
85952
86001
86049
86098
86187
86235
86324
86373
