0.471521
0.471521
4.92816
4.92816
4.92816
0.471521
4.92816
4.92816
4.92816
0.471521
0.471521
0.471521
0.471521
3.20939
3.20939
3.62007
7.81813
7.81813
7.81813
3.62007
0.471521
0.471521
0.471521
0.471521
0.471521
0.471521
0.471521
0.471521
0.471521
0.471521
0.471521
0.471521
0.471521
0.471521
0.471521
0.471521
0.471521
0.471521
0.471521
0.471521
0.471521
0.471521
0.471521
0.471521
0.471521
0.471521
3.43754
3.43754
3.45275
3.43754
3.43754
3.43754
3.43754
3.43754
0.471521
0.471521
0.471521
0.471521
6.66214
6.66214
2.72266
2.72266
2.72266
2.72266
2.72266
2.72266
2.72266
2.72266
2.72266
2.72266
2.72266
2.73787
0.471521
0.471521
0.471521
0.471521
0.471521
0.471521
0.471521
0.471521
0.471521
0.471521
0.471521
0.471521
0.471521
0.471521
0.471521
0.471521
0.471521
0.471521
0.471521
0.471521
0.471521
0.471521
0.471521
0.471521
0.471521
0.471521
0.471521
0.471521
0.471521
0.471521
0.471521
0.471521
0.471521
0.471521
0.471521
0.471521
0.471521
0.471521
0.471521
0.471521
0.471521
0.471521
0.471521
0.471521
0.471521
0.471521
0.471521
0.471521
2.44887
2.44887
2.44887
2.44887
2.44887
2.44887
2.44887
2.44887
2.44887
2.44887
2.44887
2.44887
2.44887
2.44887
0.471521
0.471521
0.471521
0.471521
0.471521
0.471521
0.471521
0.471521
0.471521
0.471521
0.471521
0.471521
0.471521
0.471521
0.471521
0.471521
0.471521
0.471521
0.471521
0.471521
0.471521
0.471521
0.471521
0.471521
0.471521
0.471521
0.471521
0.471521
0.471521
0.471521
0.471521
0.471521
0.471521
0.471521
0.471521
0.471521
0.471521
0.471521
0.471521
0.471521
0.471521
0.471521
0.471521
0.471521
0.471521
0.471521
0.471521
0.471521
0.471521
0.471521
0.471521
0.471521
0.471521
0.471521
0.471521
0.471521
0.471521
0.471521
0.471521
0.471521
0.471521
0.471521
0.471521
0.471521
0.471521
0.471521
0.471521
0.471521
0.471521
0.471521
0.471521
3.43754
3.43754
3.43754
3.43754
3.43754
3.43754
3.43754
3.43754
3.43754
3.43754
0.471521
0.471521
0.471521
0.471521
0.471521
0.471521
0.471521
0.471521
0.471521
0.471521
0.471521
0.471521
0.471521
0.471521
0.471521
0.471521
0.471521
0.471521
0.471521
0.471521
0.471521
0.471521
0.471521
0.471521
0.471521
0.471521
0.471521
0.471521
0.471521
0.471521
0.471521
0.471521
0.471521
0.471521
0.471521
0.471521
0.471521
0.471521
0.471521
0.471521
0.471521
0.471521
0.471521
0.471521
0.471521
0.471521
0.471521
0.471521
0.471521
0.471521
0.471521
0.471521
0.471521
0.471521
0.471521
0.471521
0.471521
0.471521
0.471521
0.471521
0.471521
0.471521
0.471521
0.471521
0.471521
0.471521
0.471521
0.471521
0.471521
0.471521
0.471521
0.471521
0.471521
0.471521
0.471521
0.471521
0.471521
0.471521
0.471521
0.471521
0.471521
0.471521
0.471521
0.471521
0.471521
0.471521
0.471521
0.471521
0.471521
0.471521
0.471521
0.471521
0.471521
0.471521
0.471521
0.471521
0.471521
0.471521
0.471521
0.471521
0.471521
0.471521
0.471521
0.471521
0.471521
0.471521
0.471521
0.471521
0.471521
0.471521
0.471521
0.471521
0.471521
0.471521
0.471521
0.471521
0.471521
0.471521
0.471521
0.471521
0.471521
0.471521
0.471521
0.471521
0.471521
0.471521
0.471521
0.471521
0.471521
0.471521
0.471521
0.471521
0.471521
0.471521
0.471521
0.471521
0.471521
0.471521
0.471521
0.471521
0.471521
0.471521
0.471521
0.471521
0.471521
0.471521
0.471521
0.471521
0.471521
0.471521
0.471521
0.471521
0.471521
0.471521
0.471521
0.471521
0.471521
0.471521
0.471521
0.471521
0.471521
0.471521
0.471521
0.471521
0.471521
0.471521
0.471521
0.471521
0.471521
0.471521
0.471521
0.471521
0.471521
0.471521
0.471521
0.471521
0.471521
0.471521
0.471521
0.471521
0.471521
0.471521
0.471521
0.471521
0.471521
0.471521
0.471521
0.471521
0.471521
0.471521
0.471521
0.471521
0.471521
0.471521
0.471521
0.471521
0.471521
0.471521
0.471521
0.471521
0.471521
0.471521
0.471521
0.471521
0.471521
0.471521
0.471521
0.471521
0.471521
0.471521
0.471521
0.471521
0.471521
3.6657
3.6657
9.33916
8.45696
8.45696
8.45696
9.01975
6.03852
3.27023
12.7615
7.93981
7.95502
12.1531
12.1531
12.1531
7.95502
8.35049
7.27056
8.28965
8.25923
8.25923
14.5411
14.5411
19.3628
8.89806
22.0094
31.5159
31.5159
31.4398
30.8314
23.3935
14.7236
19.5605
9.978
5.1411
5.1411
5.1411
0.471521
0.471521
3.45275
3.45275
3.45275
3.45275
0.471521
0.471521
0.471521
4.5479
4.5479
4.5479
7.69644
0.471521
3.20939
3.20939
3.20939
3.20939
3.20939
5.65826
9.76506
21.7508
21.7508
13.9783
13.8871
10.7689
12.7767
7.81813
9.62816
6.90551
13.446
25.234
28.3673
23.5761
24.6864
28.2609
24.3062
21.9333
24.9146
6.63172
3.45275
3.43754
3.43754
3.43754
5.68868
5.68868
5.68868
5.68868
5.70389
5.70389
3.45275
3.45275
3.77217
0.790939
0.790939
0.790939
0.790939
3.93948
6.90551
6.90551
3.77217
6.37314
6.37314
4.82169
4.82169
4.82169
6.52525
12.001
16.5793
13.157
13.1722
15.7427
6.51004
6.92072
6.92072
11.3926
12.7007
8.12234
5.1411
9.59774
4.92816
7.90939
2.46408
4.36537
2.38803
6.49483
4.56311
6.57088
6.57088
15.4537
12.7159
8.10712
3.45275
5.4301
5.4301
9.52169
13.9783
18.4806
18.4806
18.4806
10.6777
6.17541
4.27411
4.27411
8.15276
8.15276
7.10324
3.95469
4.94337
4.94337
0.471521
0.471521
5.06505
4.47185
3.62007
6.58609
11.2557
11.2557
12.5029
5.1411
5.1411
5.18673
5.18673
3.43754
3.43754
3.43754
0.471521
6.82945
6.82945
7.6356
16.9291
20.3667
23.0437
15.6819
14.7845
15.9709
13.3699
9.96279
13.0049
9.88674
12.5486
11.6664
11.6816
8.70033
8.70033
5.41489
5.41489
6.57088
6.57088
12.6398
9.79548
9.43043
14.8909
10.1149
9.70421
11.712
15.5906
10.7081
9.99321
17.5223
17.5832
18.7696
21.9181
27.546
27.5156
12.6094
9.26311
19.1651
18.1155
20.1537
14.4346
15.0583
17.6592
19.8952
21.8269
12.0162
11.499
11.6207
15.8188
18.5566
13.5676
11.5903
10.9058
11.3165
21.2032
20.3819
20.3819
20.0016
13.0505
10.0084
10.4191
13.8566
13.9783
18.6479
14.2065
14.6172
16.5185
16.0317
16.2142
11.3317
14.1913
13.6589
28.1088
36.7178
29.3864
25.6903
30.9987
21.9942
21.7356
17.6744
15.7579
13.1113
16.1534
21.9333
25.0819
29.2647
17.3702
16.8075
14.5411
24.7321
44.4447
56.7651
63.0622
58.8337
29.0062
61.5411
34.8317
48.2321
19.7278
15.8644
17.7961
21.9638
21.2945
29.2039
41.7981
42.0567
48.5059
43.3952
32.1547
56.5521
29.9796
39.8968
41.2353
45.9657
44.5816
52.4301
36.8243
39.258
32.033
30.1469
31.4855
34.0104
36.7026
23.8499
25.9489
22.6482
20.0016
26.0858
32.8544
15.256
18.6935
22.9677
18.1003
23.1502
38.5735
40.2771
71.1237
33.6453
14.4346
20.0929
20.1689
39.623
35.6531
28.2761
35.9117
55.5483
32.9152
28.991
28.8693
33.3411
33.189
24.6256
24.1236
24.367
22.6939
22.2984
34.3906
28.2761
31.2117
34.0712
38.9537
31.2269
26.0097
41.433
41.935
25.812
30.0253
26.679
34.1321
31.9874
31.1508
28.0935
28.3825
23.1958
27.3026
27.0136
27.1961
37.2654
31.6528
36.0486
46.5741
36.4136
42.7868
49.8292
38.4366
23.7586
27.2722
24.2301
28.0327
32.6414
25.0819
24.0476
29.9796
32.322
32.0787
27.8502
27.1657
27.6068
21.2641
26.1466
21.4162
21.1576
23.8803
33.402
58.3013
51.7305
44.5512
46.3612
33.6149
36.657
28.8693
16.8987
24.1084
30.1317
30.1317
22.8764
22.9677
44.5512
38.9385
26.9832
34.5427
38.2693
25.2492
36.5657
30.9531
31.5615
9.58253
11.3926
26.9376
11.5295
15.834
21.5987
18.8152
31.0748
15.6667
24.3974
20.5796
17.4919
16.5945
7.95502
29.4625
38.0715
30.7858
17.2181
20.4732
23.2719
37.3414
18.9065
18.5566
18.5414
13.9479
18.9977
11.4078
16.8531
16.6249
15.5754
9.01975
2.7835
8.28965
7.14887
2.02298
6.90551
4.74563
4.74563
1.07994
9.81069
9.29353
14.1152
5.67347
5.30842
3.45275
8.06149
8.04628
11.1796
12.944
12.944
12.9592
12.9592
10.7841
12.6702
9.93237
9.94758
9.94758
19.5149
19.5149
11.1644
10.5104
14.3282
7.75729
3.57444
3.45275
3.45275
3.45275
3.45275
3.43754
13.1874
10.0388
0.471521
6.72298
12.29
12.3356
11.8032
10.3126
7.55955
10.7081
10.7081
16.9291
0.471521
3.78738
3.98512
0.471521
0.790939
0.790939
0.790939
5.24758
5.24758
12.7767
8.32007
8.32007
0.471521
3.75696
8.15276
15.7123
17.0508
12.6854
11.5751
11.3317
19.1346
19.1346
27.0897
28.0175
23.1958
19.2259
18.8
20.1842
26.9071
27.3787
24.656
27.3939
36.5201
43.8971
48.0495
61.1913
57.2366
47.3803
45.7832
57.2518
47.9127
46.9848
41.1897
46.1483
62.7276
60.7198
41.2961
33.9191
36.7939
21.8117
23.6369
27.2113
26.7094
31.4855
43.091
40.201
39.3948
48.5971
32.1395
44.5207
44.0644
45.2965
44.7641
44.8097
44.8097
43.7298
70.7434
56.111
59.6094
67.6101
64.6745
57.0693
46.0114
47.1978
52.7039
45.5094
53.3884
54.1793
40.8855
49.7835
40.5508
44.4599
50.1334
66.3476
47.3651
75.124
67.1842
40.3075
54.3923
55.9437
51.0004
61.8301
56.7651
65.146
67.1385
63.9444
62.6667
64.3703
57.9971
70.1654
52.6583
42.589
42.6042
45.4638
54.301
50.255
55.0615
49.1447
49.1447
39.4101
40.2314
43.2735
39.5622
37.9347
38.3758
38.0411
43.2279
54.59
56.7803
53.1146
50.6505
47.5476
50.3007
58.347
65.6631
63.123
65.2677
60.6437
59.3661
62.545
69.1159
53.1146
40.9919
37.1893
30.512
35.3641
30.877
26.1618
26.1618
26.6029
24.656
27.5916
32.8088
27.0744
29.8123
29.4625
24.8081
21.8421
21.8421
24.8385
22.3136
26.7094
26.5421
30.4207
25.5534
27.835
22.7699
14.7997
14.4498
9.73463
8.24402
13.5372
6.98156
13.0505
17.2333
16.6401
14.6476
11.4382
8.28965
8.27444
5.06505
0.471521
0.471521
0.471521
8.32007
6.6013
6.20583
6.20583
6.20583
8.15276
10.7994
10.7994
6.6013
8.13754
8.13754
11.0275
11.0275
8.03107
11.6968
11.7576
15.0887
17.279
16.8075
16.4272
16.4272
9.35437
9.35437
13.5524
10.0693
10.6625
11.0579
19.3172
11.3469
14.7693
42.4673
12.7311
24.9146
13.3547
8.76117
9.11101
22.4505
19.7126
19.7278
20.1081
22.4809
16.3664
16.7162
18.4198
18.4198
18.4502
10.8754
10.8906
6.11457
6.11457
13.7502
17.8418
10.6625
13.3699
18.222
18.3437
9.26311
6.1602
6.1602
6.03852
9.00454
9.88674
10.0997
6.92072
7.0424
33.9191
9.74984
11.0275
6.35793
5.67347
13.3243
15.1343
15.1343
16.0469
15.8492
11.3165
17.5528
14.6628
14.678
18.222
18.3285
14.2065
14.7388
14.4346
16.9596
16.3511
17.2181
14.3282
14.3282
14.4955
15.3168
16.0165
16.8987
17.5832
21.2489
19.1346
23.3023
14.1456
9.08059
8.16797
12.655
12.7159
12.7007
9.74984
12.1227
5.06505
8.9437
12.0162
11.2405
4.30453
4.7
8.88285
27.6524
22.6482
22.344
22.344
19.9104
26.6029
24.4126
23.4392
33.8279
41.0071
41.7981
43.8515
62.7276
59.9593
56.4913
48.3081
52.4758
23.5761
17.0508
17.644
17.644
19.7431
19.4845
18.2068
17.6744
30.8314
9.91716
7.02719
21.2032
21.188
21.3401
23.8499
60.6589
56.8259
52.7648
52.3389
25.9033
30.801
14.5411
21.6748
21.7052
16.0165
19.1651
21.8725
27.6677
29.1126
26.3291
54.8029
41.144
39.1515
23.8346
32.4893
36.0334
36.7482
31.2117
28.5042
20.8078
17.4159
11.7576
23.9715
19.3172
19.8495
17.1117
34.5123
33.5541
42.2088
45.0531
41.8133
61.2521
49.6162
46.924
36.5961
36.8091
29.4321
33.478
30.588
29.6298
30.7706
26.2987
28.1848
26.968
17.9787
13.3091
17.7657
17.6744
31.455
29.5081
21.2945
26.466
32.0026
21.0055
21.0055
30.0253
39.1515
49.4033
31.9722
36.2919
39.0602
39.5622
39.9424
52.9473
51.7
55.4266
63.1687
52.8408
55.8981
49.2055
51.046
40.855
37.813
39.8512
37.524
34.0712
43.9123
50.3463
53.8599
55.9894
45.7528
43.3039
38.8929
39.8359
36.1398
44.0036
48.1712
51.0916
49.4793
45.6615
49.3576
37.5088
35.7748
43.5169
47.1369
57.9059
66.2259
68.6596
68.036
59.8376
55.7916
67.5492
67.7926
69.6939
56.4913
72.2492
65.511
68.4771
62.9101
68.2033
68.6596
57.6321
60.7654
65.9369
74.8654
74.2418
74.5004
76.9036
71.0324
67.1842
65.2829
79.1243
79.4894
66.9408
69.4505
71.2758
68.8877
78.4855
74.1049
65.0395
67.1842
64.7962
76.5233
62.0887
52.278
65.1916
63.1534
60.522
73.1771
59.6398
65.0091
60.9327
56.5369
59.0923
69.6787
48.7796
48.1712
60.8415
67.3211
71.6256
73.8159
63.4272
86.0907
79.1091
60.8871
63.9748
60.9936
60.2939
65.4046
64.4159
72.2645
58.4686
61.6932
66.7735
78.3942
59.9593
64.9787
65.435
73.1314
59.3356
59.4573
63.8379
62.8644
60.6133
56.9324
58.423
64.5528
52.3997
57.8906
67.4732
62.4994
71.5191
82.3641
67.747
81.8166
72.1275
72.7664
72.7664
60.8871
50.2703
38.1172
42.6651
42.1783
46.3156
49.1903
44.4447
43.9275
41.3722
44.247
44.7489
48.7036
52.6279
55.822
53.5405
45.3725
49.89
50.5897
51.2894
52.2324
46.4829
52.9169
60.8567
47.502
63.047
60.4004
60.2635
33.4172
23.0285
18.6935
18.511
21.2337
20.9751
22.922
24.6104
26.7246
29.9492
28.4282
45.5246
73.0554
63.7314
67.1842
61.5259
50.9395
54.3771
53.0081
56.9628
56.5521
53.8143
55.5939
46.924
49.5858
59.3508
56.8868
47.9583
50.4832
27.9719
32.4893
35.2272
31.957
37.1893
43.4408
40.779
40.9919
41.0071
34.2081
25.3405
35.9573
45.7984
51.4567
43.3343
50.3919
42.7107
56.3848
42.7107
45.2965
46.1178
47.867
44.7185
42.3304
31.9266
28.4282
34.7557
49.9356
45.4334
52.6735
52.7191
56.7499
49.8748
49.8139
55.0919
58.8185
56.8563
57.5104
51.8673
56.1415
48.08
50.179
55.3657
34.8165
35.2728
25.6143
22.2528
25.523
22.633
9.76506
9.2479
13.9631
9.56732
20.8078
27.1505
18.2829
17.9939
16.8835
16.8835
25.6143
43.3952
44.4751
45.3117
52.3084
50.255
34.0864
41.3266
59.4725
55.3657
37.9955
46.2395
21.1728
31.166
36.8243
36.9308
35.1512
30.1926
17.355
34.3906
22.5113
22.6482
31.5159
41.2961
35.2576
36.9764
42.6955
29.9492
15.6819
25.6599
32.322
29.8427
42.3152
46.0874
22.3592
32.6567
23.8346
20.3819
20.6253
29.4929
41.0984
42.0262
48.1104
61.0392
48.4602
47.8062
45.6007
39.8664
31.744
31.744
33.7214
37.0677
37.0677
45.844
43.2887
34.5275
36.9764
32.3068
24.58
54.3923
50.0877
40.6877
39.2275
42.3761
26.0401
26.0401
21.401
29.0062
29.0062
16.488
29.28
28.9301
27.0897
34.4363
32.8544
32.5806
8.91327
21.8573
21.9181
31.3334
31.4246
24.4735
21.7052
31.9722
21.6444
6.52525
25.9489
25.8424
25.8424
21.69
21.5379
8.71554
21.4922
21.401
21.6748
21.401
21.69
25.8272
20.3667
14.9214
18.0547
12.366
12.1379
10.1301
13.3091
18.2372
18.2372
19.4388
19.667
45.0531
45.2356
15.6819
15.5298
15.7884
17.9178
40.9615
16.6706
18.6327
16.4576
24.0932
17.9787
17.9939
18.0091
18.0091
14.9214
14.9214
17.9482
14.3586
12.8528
13.0809
5.20194
9.93237
10.6168
10.343
24.5952
19.8799
15.545
11.3621
9.65858
11.1188
11.1188
14.2673
8.91327
8.91327
10.9058
13.0809
13.0809
13.0809
13.0809
10.5104
10.5104
10.7841
4.30453
12.3812
12.3812
12.3812
12.6702
8.18318
7.27056
7.27056
11.7576
8.15276
12.6398
12.6398
12.6398
17.3398
30.2686
23.2566
5.00421
2.03819
5.00421
5.00421
2.03819
2.03819
1.15599
1.15599
1.38414
1.15599
1.15599
3.40712
1.15599
1.15599
1.15599
1.15599
1.15599
1.15599
1.15599
1.15599
1.15599
1.15599
1.15599
1.15599
5.61262
5.61262
5.61262
4.30453
4.30453
4.30453
4.30453
4.30453
10.7689
10.7689
13.8262
13.8262
13.8262
6.6013
3.62007
3.62007
3.62007
7.81813
