0.471521
0.471521
0.471521
0.471521
3.62007
3.62007
3.62007
5.04984
0.471521
0.471521
0.471521
0.471521
0.471521
0.471521
0.471521
0.471521
0.471521
0.471521
0.471521
0.471521
0.471521
0.471521
0.471521
0.471521
0.471521
0.471521
0.471521
0.471521
0.471521
0.471521
0.471521
0.471521
0.471521
0.471521
4.92816
0.471521
0.471521
0.471521
0.471521
0.471521
0.471521
0.471521
0.471521
0.471521
0.471521
0.471521
0.471521
0.471521
0.471521
0.471521
0.471521
0.471521
0.471521
0.471521
0.471521
0.471521
0.471521
0.471521
0.471521
0.471521
0.471521
0.471521
0.471521
0.471521
0.471521
0.471521
0.471521
0.471521
0.471521
0.471521
0.471521
0.471521
0.471521
0.471521
0.471521
0.471521
0.471521
0.471521
0.471521
0.471521
0.471521
0.471521
0.471521
0.471521
0.471521
0.471521
0.471521
0.471521
0.471521
0.471521
0.471521
0.471521
0.471521
6.66214
6.66214
6.66214
0.471521
0.471521
0.471521
0.471521
0.471521
0.471521
0.471521
0.471521
0.471521
0.471521
0.471521
0.471521
0.471521
0.471521
0.471521
0.471521
0.471521
0.471521
0.471521
0.471521
0.471521
0.471521
0.471521
0.471521
0.471521
0.471521
0.471521
0.471521
0.471521
0.471521
0.471521
0.471521
0.471521
0.471521
0.471521
0.471521
0.471521
0.471521
2.44887
2.44887
2.44887
2.44887
2.44887
2.44887
0.471521
0.471521
0.471521
0.471521
0.471521
0.471521
0.471521
0.471521
0.471521
0.471521
0.471521
0.471521
0.471521
0.471521
0.471521
0.471521
0.471521
0.471521
0.471521
0.471521
0.471521
0.471521
0.471521
0.471521
0.471521
0.471521
0.471521
0.471521
0.471521
0.471521
0.471521
0.471521
0.471521
0.471521
0.471521
0.471521
1.27767
1.27767
1.27767
1.27767
0.471521
0.471521
0.471521
0.471521
0.471521
0.471521
0.471521
0.471521
0.471521
0.471521
0.471521
0.471521
0.471521
0.471521
0.471521
0.471521
0.471521
0.471521
0.471521
0.471521
0.471521
0.471521
0.471521
0.471521
0.471521
0.471521
0.471521
0.471521
0.471521
0.471521
0.471521
0.471521
0.471521
0.471521
0.471521
0.471521
0.471521
0.471521
0.471521
0.471521
0.471521
0.471521
0.471521
0.471521
0.471521
0.471521
0.471521
0.471521
0.471521
0.471521
0.471521
0.471521
0.471521
0.471521
0.471521
0.471521
0.471521
0.471521
0.471521
0.471521
0.471521
0.471521
0.471521
0.471521
0.471521
0.471521
0.471521
0.471521
0.471521
0.471521
0.471521
0.471521
0.471521
0.471521
0.471521
0.471521
0.471521
0.471521
0.471521
0.471521
0.471521
0.471521
0.471521
0.471521
0.471521
0.471521
0.471521
0.471521
0.471521
0.471521
0.471521
0.471521
0.471521
0.471521
0.471521
0.471521
0.471521
0.471521
0.471521
0.471521
0.471521
0.471521
0.471521
0.471521
0.471521
0.471521
0.471521
0.471521
0.471521
0.471521
0.471521
0.471521
0.471521
0.471521
0.471521
0.471521
0.471521
0.471521
0.471521
0.471521
0.471521
0.471521
0.471521
0.471521
0.471521
0.471521
0.471521
0.471521
0.471521
0.471521
0.471521
0.471521
0.471521
0.471521
0.471521
0.471521
0.471521
0.471521
0.471521
0.471521
0.471521
0.471521
0.471521
0.471521
0.471521
0.471521
0.471521
0.471521
0.471521
0.471521
0.471521
0.471521
0.471521
0.471521
0.471521
0.471521
0.471521
0.471521
0.471521
0.471521
0.471521
0.471521
0.471521
0.471521
0.471521
0.471521
0.471521
0.471521
0.471521
0.471521
0.471521
0.471521
0.471521
0.471521
0.471521
0.471521
0.471521
0.471521
0.471521
0.471521
0.471521
0.471521
0.471521
0.471521
0.471521
0.471521
0.471521
0.471521
0.471521
0.471521
0.471521
0.471521
0.471521
0.471521
0.471521
0.471521
0.471521
0.471521
0.471521
0.471521
0.471521
0.471521
0.471521
0.471521
0.471521
0.471521
0.471521
0.471521
0.471521
0.471521
0.471521
0.471521
0.471521
0.471521
0.471521
4.94337
4.94337
4.94337
4.94337
4.94337
4.94337
4.94337
4.94337
4.94337
4.94337
4.92816
4.92816
4.92816
4.92816
0.471521
0.471521
0.471521
0.471521
0.471521
0.471521
0.471521
0.471521
0.471521
0.471521
0.471521
0.471521
0.471521
0.471521
0.471521
0.471521
0.471521
0.471521
11.8641
11.8641
11.8641
7.39224
7.39224
7.40745
11.8793
7.1945
4.92816
4.92816
4.92816
0.471521
0.471521
4.92816
4.92816
3.62007
3.62007
0.471521
4.94337
4.94337
4.94337
4.94337
4.94337
0.471521
0.471521
0.471521
0.471521
4.94337
4.94337
4.94337
4.94337
9.70421
9.70421
9.70421
9.70421
4.94337
0.471521
0.471521
0.471521
0.471521
0.471521
0.471521
0.471521
4.5479
4.5479
4.5479
7.20971
7.20971
7.20971
10.2822
10.2822
5.81036
5.81036
8.79159
5.81036
11.0731
8.00065
8.00065
7.34661
7.34661
4.27411
4.27411
9.62816
12.2443
5.5822
7.55955
0.790939
0.471521
0.471521
0.471521
0.471521
0.471521
0.471521
0.471521
0.471521
1.27767
1.27767
8.86764
10.8754
10.8754
7.39224
6.54046
6.87509
6.87509
11.3469
11.3469
6.17541
6.41877
6.41877
15.1647
14.3586
14.3586
14.3586
10.2822
10.2822
10.2822
10.2822
5.61262
0.912622
0.912622
5.5822
5.5822
8.06149
16.4728
16.4728
17.279
20.2754
10.8298
4.35016
9.00454
9.00454
13.7045
13.7045
12.1531
7.4835
6.64693
10.845
11.21
16.1838
21.5379
13.3395
22.1919
18.2829
15.2408
15.2408
16.8835
14.9214
12.29
12.29
14.0544
13.0809
8.06149
12.4269
12.1379
16.8075
15.4994
13.8871
13.6437
21.4922
17.279
17.1877
21.0359
38.391
17.8722
20.2146
5.61262
8.59386
13.1722
19.9104
16.7314
19.9104
12.6398
13.1113
7.97023
5.61262
3.62007
5.52136
14.4955
15.5602
29.7667
27.5156
10.2366
13.2634
7.08803
7.08803
5.17152
8.39612
8.39612
11.3621
8.39612
25.6447
30.0405
29.6754
15.6971
16.8227
18.724
13.1722
17.1117
16.8835
27.7437
19.5453
23.2262
23.6521
21.2185
28.0631
27.6981
33.9191
38.5887
38.756
42.8932
33.1586
29.6298
31.166
33.0521
35.8965
34.0864
28.7628
31.744
30.6337
16.4576
26.6334
27.5156
15.7275
12.868
17.4311
16.6097
20.9599
19.1499
27.0592
10.7081
16.8379
28.0327
26.755
25.3557
21.1424
24.1388
18.5414
23.0437
10.2822
12.8984
12.8984
21.2337
20.3515
21.0207
13.157
25.1884
32.4741
20.9599
15.6667
15.4842
15.9557
16.1686
20.1994
17.568
13.0809
7.97023
16.8835
16.7466
7.87897
7.87897
10.921
21.188
15.3168
12.1531
15.834
10.8146
13.1113
17.9026
4.09159
4.18285
4.18285
17.3094
19.2411
20.2602
25.4165
15.9405
12.7919
20.5036
20.5036
17.5071
14.8149
15.1191
13.4612
8.09191
15.2256
19.5757
19.5301
26.9528
30.0101
30.5272
36.079
33.9039
27.1657
24.1845
23.9259
26.0401
26.9223
23.5761
15.7123
15.5754
14.5259
9.85632
11.0275
17.9634
27.4851
7.39224
16.5185
23.9715
23.5456
27.546
17.9787
18.435
18.4198
18.1003
28.0023
22.9677
29.6906
34.2537
34.2537
37.7065
43.4408
27.911
27.1049
28.6107
41.5243
37.524
45.8745
44.8249
31.3942
18.3437
14.1456
23.7282
18.5871
18.6023
16.3055
34.1168
25.6903
17.6592
10.6016
11.3013
8.15276
13.7806
13.9631
26.177
22.2223
27.1505
17.1117
15.7123
16.3664
17.4919
15.5602
15.3929
15.8796
37.3719
29.9492
26.4965
29.4473
45.0227
42.2544
29.0974
17.9026
21.3554
23.0133
27.9871
33.1282
27.6677
46.8175
35.2424
41.0376
24.7625
12.1227
17.9026
7.58997
12.4725
8.00065
8.00065
8.00065
16.1382
11.5447
8.00065
17.0052
12.0618
20.0016
20.4123
20.0473
24.7321
24.4583
24.9754
23.8194
19.1042
11.2405
8.35049
11.0884
14.602
16.0165
8.12234
3.65049
8.12234
21.4618
18.0547
17.9482
6.81424
6.38835
9.50648
20.6709
17.1421
18.3893
24.6256
19.1194
19.4236
17.1269
18.8
17.568
20.3819
11.6055
8.12234
7.40745
9.29353
10.0997
10.0997
4.09159
11.9097
12.29
13.9175
23.4544
14.7541
19.0586
21.0664
19.9864
21.0664
19.9864
15.8492
15.8492
10.0541
14.3586
14.7693
4.50227
4.989
4.97379
16.5945
16.1382
10.9819
10.9819
7.14887
4.3958
4.27411
16.8227
14.9822
9.36958
12.1227
12.8528
11.9706
8.77638
20.7621
15.2864
20.5036
20.0321
18.3589
8.97412
12.2139
12.2139
14.4803
24.7321
27.5156
14.2825
9.61295
16.2447
15.2712
6.84466
5.81036
8.09191
8.8068
22.3592
25.6143
11.3926
11.9553
7.4835
12.2443
12.2443
12.2443
9.2479
8.33528
12.7919
8.33528
3.62007
11.499
15.8796
33.3563
34.3906
24.0932
24.002
33.6605
36.4897
34.7253
26.7702
24.7929
24.7929
29.067
29.4016
19.8343
25.0515
19.8495
19.3932
15.043
11.2405
17.7809
10.3887
12.5638
21.2641
18.3285
17.7049
21.1576
24.9298
11.788
11.4078
11.4838
32.9
30.1165
19.1651
37.0068
33.402
36.8547
36.8547
27.6829
32.9913
30.7249
21.2641
25.9337
6.76861
6.76861
6.76861
3.71133
8.15276
8.10712
18.6783
18.7696
14.0696
10.921
10.9058
10.9058
1.73398
4.86732
1.73398
1.73398
1.73398
10.632
18.9369
30.5576
21.0207
25.6447
26.466
21.8269
21.8421
21.7508
21.7508
16.6706
7.9246
17.3398
19.3172
9.94758
9.94758
8.01586
17.4311
15.9861
12.3356
7.6356
24.8689
9.50648
14.2065
40.3531
28.489
19.2715
14.602
14.602
12.7311
12.7311
0.471521
5.1411
0.471521
4.92816
4.92816
4.92816
4.5479
7.20971
7.1945
11.8641
9.00454
9.00454
14.602
14.6172
14.6172
10.7841
11.6207
17.6897
7.9246
3.45275
0.471521
0.471521
4.27411
7.3314
10.4799
15.5906
15.6971
16.7162
13.5676
14.0544
16.3207
24.0476
19.5453
24.5952
37.524
34.7557
27.4547
30.5576
42.8476
19.7431
16.3207
16.3207
12.8223
5.62784
2.46408
5.73431
7.02719
16.3055
7.45308
17.6288
21.979
5.29321
5.29321
5.29321
5.29321
5.29321
9.74984
12.7919
9.64337
4.92816
4.92816
9.61295
3.62007
0.471521
0.471521
12.7311
21.979
28.9757
33.6453
33.6453
5.1411
5.52136
3.27023
5.55178
1.70356
6.37314
1.70356
1.70356
1.70356
1.38414
1.38414
12.7919
17.0204
12.5486
17.3094
26.5421
13.4003
13.0201
8.9437
23.1502
22.0094
24.4431
17.7049
20.7774
17.9026
14.4651
20.321
14.8757
19.6062
16.2599
20.0321
24.58
24.0628
13.5829
37.6609
9.44564
22.2223
25.9489
25.6903
34.4058
29.067
29.0518
29.4321
35.1055
38.2541
20.7013
24.5039
34.9991
34.6796
31.3029
24.1997
34.4211
29.9492
11.9097
7.45308
7.55955
10.6473
10.6473
10.632
40.8855
32.6719
30.0253
36.6418
19.6214
23.5761
12.6854
31.6984
45.5703
32.8848
32.9304
27.0592
30.1622
46.2699
32.5198
32.2764
46.6198
54.4075
41.2049
40.6877
43.7754
61.313
50.1942
50.1638
39.8207
33.5997
37.4783
33.1586
42.589
52.9777
42.6803
32.9457
24.945
28.8236
22.6634
22.6634
18.0547
13.3851
37.6457
45.4638
27.4243
35.0751
25.7512
27.4547
37.0677
16.3359
32.0939
30.5728
38.7256
35.3185
36.155
47.2586
47.7605
34.5123
34.7253
43.6538
46.0418
49.3424
37.4479
31.8353
30.9987
31.3181
34.056
34.0864
33.2651
38.0107
38.3758
35.6531
29.2952
31.6528
29.0366
32.033
27.044
29.9492
14.1913
17.9634
18.3893
19.8495
19.8495
18.9521
16.8987
20.0168
24.1541
25.4774
20.7013
21.979
24.2149
28.9149
29.7515
20.3667
15.8644
18.435
18.4198
12.868
21.1424
24.945
28.0175
25.8424
26.7246
48.3081
40.0489
42.6042
53.2819
61.7085
63.625
52.2628
60.3243
37.813
27.2874
33.6301
20.3819
20.0929
18.6783
10.0845
15.4842
13.2482
12.8223
9.73463
11.3013
11.3013
16.7618
7.31619
8.15276
10.4647
9.8259
9.8259
21.3249
26.6181
24.1845
24.6256
28.5651
28.8845
26.466
23.5609
25.5838
25.5838
49.4945
48.6123
45.2204
42.5434
36.3376
47.578
50.7266
65.6936
62.6363
61.1457
61.7845
47.8822
37.2502
44.6728
33.478
38.0563
39.0298
47.7149
52.8256
57.9819
46.711
55.9437
31.5463
44.4447
54.012
42.0567
52.8104
52.2628
54.7421
53.7839
42.2848
33.0978
41.4939
53.6774
35.0143
19.4541
24.7929
26.3139
36.4745
31.455
25.8728
55.6091
41.722
56.7042
57.3127
40.6725
48.7036
48.7036
43.7298
34.7557
29.1126
15.043
11.6816
12.6702
17.857
18.4045
23.7586
33.6605
39.8968
38.467
38.1324
33.1282
29.7058
25.7664
30.0709
34.4211
37.6152
44.0036
25.1427
22.7699
30.7402
27.546
27.5764
26.7702
33.5693
39.547
39.9272
41.2657
42.3152
36.0029
36.0029
35.9117
39.3492
42.3761
48.8253
37.9651
41.646
33.1282
56.0198
52.8256
48.0495
46.924
69.3897
69.4049
64.2182
65.9065
79.2156
80.2499
89.6043
84.6761
77.7858
65.6023
60.0809
55.3201
52.6735
60.5981
51.4567
68.9182
85.1172
71.9602
67.7774
57.4952
62.5754
54.0576
58.2557
63.7162
66.591
53.8447
69.846
65.5719
61.0392
44.3686
38.6952
27.2266
24.7929
29.5233
26.5421
27.0136
24.0932
18.0395
17.3094
19.8952
24.8081
32.0026
45.3877
51.3958
42.6651
52.3693
44.8402
42.1631
25.2188
35.212
39.0602
49.7683
53.6926
50.3463
47.8214
60.0657
62.0127
51.0764
44.8554
63.123
68.8269
69.1615
71.8994
54.1337
61.5564
60.233
60.0809
64.5376
62.0431
44.7641
45.3269
48.3385
50.6657
38.9385
37.1741
55.0615
58.7272
39.334
39.988
27.8958
29.8732
34.345
28.5194
29.2343
29.2343
33.691
33.7366
26.2987
21.5683
20.1537
22.4505
14.7541
18.0699
24.1236
46.6198
21.9638
19.8191
24.291
26.2227
31.0291
40.3987
27.2874
29.6906
32.7631
26.9376
29.1126
22.2984
17.9634
22.5113
21.3554
18.4806
16.0317
22.4049
31.1812
26.6942
21.2793
20.8382
25.8424
29.1126
34.1625
41.722
38.9233
41.1745
41.1745
50.9547
50.9851
48.3385
42.7107
31.3181
39.8512
36.1398
37.2502
68.6444
54.225
40.2771
33.6453
23.2262
34.5884
31.2421
28.8541
33.189
29.0062
29.1126
27.4699
23.2719
26.5269
24.0324
31.9418
31.8353
26.3596
21.0511
19.3932
17.9939
23.1045
12.7767
15.6971
23.1502
18.1764
28.5803
30.588
28.9453
27.4547
30.4664
25.6751
16.9443
25.3405
27.257
33.691
35.0751
35.4858
33.6301
36.8091
21.3706
17.8874
18.1003
17.8874
12.7463
12.7463
10.2518
10.2518
7.10324
17.1421
14.9214
8.97412
13.7045
8.77638
12.3052
15.2256
7.84855
5.85599
15.6058
15.6058
11.1796
11.1796
8.95891
5.97767
5.97767
9.87153
9.91716
19.4997
24.8385
24.3974
22.1159
22.557
12.8528
6.47962
6.47962
20.4579
25.5382
12.4421
25.0667
5.00421
5.11068
8.95891
14.8757
17.279
9.64337
9.08059
9.0958
26.8463
28.8693
14.3434
15.8796
15.8796
15.4842
15.8796
11.1796
15.8644
22.0246
22.0246
25.3253
23.4544
17.8874
17.0052
21.69
21.69
20.8078
20.8078
28.7628
27.0897
26.7702
23.9107
23.6369
28.1392
24.8537
33.4932
38.2389
49.7075
39.3796
52.491
47.5628
47.3347
51.122
58.6512
58.1492
43.8819
41.6916
16.7314
24.2605
6.6013
15.7884
15.7731
20.7165
23.4544
18.7544
14.3738
23.6977
16.3968
8.56344
15.5146
10.9515
10.9515
10.921
15.7884
18.2829
18.2829
13.3243
13.3243
10.0693
5.8712
5.8712
5.90162
10.5864
10.5864
10.5864
7.81813
1.15599
1.15599
2.03819
6.49483
2.03819
6.70777
6.70777
2.03819
6.51004
2.03819
2.03819
5.55178
13.4916
8.51781
8.51781
8.51781
8.51781
8.51781
4.31974
8.8068
8.97412
8.97412
4.50227
4.50227
4.50227
3.62007
12.7463
12.7463
8.0767
8.0767
8.0767
4.92816
4.92816
4.92816
4.92816
4.92816
7.69644
7.69644
7.69644
3.62007
3.62007
3.62007
3.62007
3.62007
3.62007
3.62007
3.62007
5.81036
5.81036
7.69644
7.69644
0.973463
5.18673
