11.1188
6.66214
6.66214
6.66214
6.66214
6.66214
6.66214
6.66214
6.66214
6.66214
6.66214
6.66214
6.66214
0.471521
0.471521
0.471521
0.471521
0.471521
0.471521
0.471521
0.471521
0.471521
0.471521
0.471521
0.471521
0.471521
0.471521
0.471521
0.471521
0.471521
0.471521
0.471521
0.471521
0.471521
0.471521
0.471521
0.471521
0.471521
0.471521
0.471521
0.471521
0.471521
0.471521
0.471521
0.471521
0.471521
0.471521
0.471521
0.471521
0.471521
0.471521
0.471521
0.471521
0.471521
0.471521
0.471521
0.471521
0.471521
0.471521
0.471521
0.471521
0.471521
0.471521
0.471521
0.471521
0.471521
0.471521
0.471521
0.471521
0.471521
0.471521
0.471521
0.471521
0.471521
0.471521
0.471521
0.471521
0.471521
0.471521
0.471521
0.471521
0.471521
0.471521
0.471521
0.471521
0.471521
0.471521
0.471521
0.471521
0.471521
0.471521
0.471521
0.471521
0.471521
0.471521
0.471521
0.471521
0.471521
0.471521
0.471521
0.471521
0.471521
0.471521
0.471521
0.471521
0.471521
0.471521
0.471521
0.471521
0.471521
0.471521
0.471521
0.471521
0.471521
0.471521
0.471521
0.471521
0.471521
0.471521
0.471521
0.471521
0.471521
0.471521
0.471521
0.471521
0.471521
0.471521
0.471521
0.471521
0.471521
0.471521
0.471521
0.471521
0.471521
0.471521
0.471521
0.471521
0.471521
0.471521
0.471521
0.471521
0.471521
3.43754
3.43754
3.43754
3.43754
3.43754
3.43754
3.43754
3.43754
3.43754
3.43754
3.43754
3.43754
3.43754
0.471521
0.471521
0.471521
0.471521
0.471521
3.43754
3.43754
0.471521
0.471521
0.471521
0.471521
0.471521
0.471521
2.72266
0.471521
0.471521
0.471521
0.471521
0.471521
0.471521
0.471521
0.471521
0.471521
0.471521
0.471521
0.471521
0.471521
0.471521
0.471521
0.471521
0.471521
0.471521
0.471521
0.471521
0.471521
0.471521
0.471521
0.471521
0.471521
0.471521
0.471521
0.471521
0.471521
0.471521
0.471521
0.471521
0.471521
0.471521
0.471521
0.471521
0.471521
0.471521
0.471521
0.471521
0.471521
0.471521
0.471521
0.471521
0.471521
0.471521
0.471521
0.471521
0.471521
0.471521
0.471521
0.471521
0.471521
0.471521
0.471521
0.471521
0.471521
0.471521
0.471521
0.471521
0.471521
0.471521
0.471521
0.471521
0.471521
0.471521
0.471521
0.471521
0.471521
0.471521
0.471521
0.471521
0.471521
0.471521
0.471521
0.471521
0.471521
0.471521
4.92816
4.92816
4.92816
4.92816
4.92816
4.92816
4.92816
4.92816
4.92816
4.92816
4.92816
4.92816
4.92816
4.92816
4.92816
4.92816
0.471521
0.471521
0.471521
0.471521
2.72266
2.72266
2.52492
2.52492
2.52492
2.52492
2.52492
2.52492
2.52492
2.52492
2.52492
2.52492
2.52492
2.52492
0.471521
0.471521
0.471521
0.471521
0.471521
0.471521
0.471521
0.471521
0.471521
0.471521
0.471521
0.471521
0.471521
0.471521
0.471521
0.471521
0.471521
0.471521
0.471521
0.471521
0.471521
0.471521
0.471521
0.471521
5.17152
5.17152
5.17152
5.17152
5.17152
0.471521
0.471521
0.471521
0.471521
0.471521
0.471521
0.471521
0.471521
0.471521
0.471521
0.471521
0.471521
0.471521
0.471521
0.471521
0.471521
0.471521
0.471521
0.471521
0.471521
0.471521
0.471521
0.471521
0.471521
0.471521
0.471521
0.471521
2.72266
2.72266
2.72266
2.72266
2.72266
2.72266
2.72266
0.471521
0.471521
0.471521
0.471521
0.471521
0.471521
0.471521
0.471521
0.471521
0.471521
0.471521
0.471521
0.471521
0.471521
0.471521
0.471521
0.471521
0.471521
0.471521
0.471521
0.471521
0.471521
0.471521
0.471521
0.471521
0.471521
0.471521
0.471521
0.471521
0.471521
0.471521
0.471521
0.471521
0.471521
0.471521
0.471521
0.471521
0.471521
0.471521
0.471521
0.471521
0.471521
0.471521
0.471521
0.471521
0.471521
0.471521
0.471521
0.471521
0.471521
0.471521
0.471521
0.471521
0.471521
0.471521
0.471521
0.471521
0.471521
0.471521
0.471521
0.471521
2.44887
0.471521
0.471521
0.471521
0.471521
0.471521
0.471521
0.471521
0.471521
0.471521
0.471521
0.471521
2.44887
2.44887
2.44887
2.44887
2.44887
2.44887
2.44887
0.471521
0.471521
0.471521
2.46408
2.46408
2.44887
2.44887
2.44887
2.44887
2.44887
5.17152
5.17152
5.17152
0.471521
0.471521
0.471521
0.471521
0.471521
0.471521
0.471521
0.471521
2.72266
2.72266
2.72266
2.72266
2.72266
2.72266
2.72266
2.72266
0.471521
0.471521
0.471521
0.471521
4.94337
4.94337
0.471521
0.471521
0.471521
0.471521
0.471521
4.94337
4.94337
17.2942
17.2942
17.2942
17.2942
12.8223
12.8223
12.8223
5.61262
5.61262
8.76117
0.471521
0.471521
5.17152
5.17152
5.17152
0.471521
6.63172
6.63172
0.471521
0.471521
0.471521
0.471521
0.471521
0.471521
0.471521
0.471521
4.45664
3.98512
3.98512
4.45664
6.96635
6.96635
3.43754
3.43754
3.43754
3.43754
6.58609
10.5864
3.62007
3.62007
0.471521
0.471521
0.471521
4.94337
4.94337
4.94337
0.471521
0.471521
0.471521
0.471521
0.471521
0.471521
9.61295
0.471521
4.66958
7.81813
3.62007
3.62007
3.62007
3.20939
3.20939
3.20939
3.20939
3.20939
3.20939
3.20939
3.20939
7.66602
4.92816
4.92816
4.92816
0.471521
0.471521
0.471521
0.471521
0.471521
0.471521
0.471521
0.471521
0.471521
0.471521
0.471521
0.471521
0.471521
0.471521
0.471521
0.471521
0.471521
0.471521
0.471521
0.471521
4.92816
5.79515
5.08026
8.03107
13.1265
13.1265
8.53302
5.35405
5.35405
5.35405
5.35405
2.44887
2.44887
2.44887
2.44887
5.17152
5.17152
5.17152
0.471521
0.471521
4.65437
4.65437
4.66958
4.94337
4.94337
0.471521
0.471521
0.471521
0.471521
0.471521
0.471521
8.09191
8.09191
8.09191
8.09191
3.62007
13.0049
12.6246
0.471521
0.471521
0.471521
0.471521
0.471521
4.94337
4.94337
4.94337
4.94337
4.94337
0.471521
0.471521
0.471521
0.471521
0.471521
3.62007
3.62007
8.22881
8.2136
8.2136
5.06505
5.06505
5.06505
5.06505
0.471521
0.471521
0.471521
0.471521
0.471521
0.471521
0.471521
0.471521
5.81036
10.267
4.94337
4.94337
4.94337
4.94337
4.94337
4.5479
7.52913
7.52913
7.52913
10.8906
7.90939
7.62039
4.5479
0.471521
3.62007
3.62007
8.09191
12.7463
4.92816
9.61295
9.689
9.689
4.92816
4.92816
8.0767
3.62007
3.62007
3.62007
3.20939
3.20939
6.17541
3.43754
3.43754
3.43754
3.0877
3.0877
3.0877
3.0877
5.35405
5.35405
5.70389
5.70389
5.7191
5.7191
6.43398
3.54402
7.25534
7.25534
7.25534
7.25534
7.25534
15.9557
8.15276
12.0618
14.1456
7.90939
10.2062
8.2136
4.92816
9.62816
9.79548
5.61262
12.4269
22.5266
14.6324
14.7693
3.62007
0.471521
11.712
11.3621
6.87509
6.87509
2.66181
5.23237
5.23237
5.23237
5.23237
7.90939
3.46796
3.46796
3.46796
7.90939
7.90939
7.90939
7.90939
15.8188
7.46829
11.9553
8.8068
10.0084
10.5408
5.4301
5.4301
4.5479
4.5479
7.69644
7.69644
12.6702
8.2136
8.2136
11.1796
8.2136
8.2136
7.69644
3.62007
3.62007
4.5479
4.5479
14.9214
17.4767
11.3013
11.3013
6.6013
6.6013
11.1948
16.0621
6.6013
10.6777
18.5719
11.2709
6.81424
6.81424
11.2861
6.81424
14.2673
11.0731
11.2557
11.2557
14.6932
14.7084
14.7693
14.6932
10.0541
6.84466
6.92072
3.86343
3.93948
10.9971
8.41133
3.93948
10.9058
24.8994
38.8473
27.0744
35.4097
33.2499
29.3712
25.6143
17.4463
17.4615
22.2984
8.24402
5.46052
8.60907
7.81813
10.4799
12.7615
5.17152
0.471521
5.1411
5.1411
0.593204
5.18673
5.18673
11.788
11.788
13.4308
7.31619
7.31619
11.5903
7.31619
14.5259
11.4382
13.3395
10.1909
5.91683
3.20939
3.20939
3.20939
4.94337
3.45275
18.2372
11.7424
19.5453
5.56699
12.8071
2.60097
6.76861
8.71554
11.499
6.81424
19.302
23.4848
27.1201
27.1353
22.3592
14.8149
14.8301
15.1191
15.1191
10.5104
7.68123
10.3887
4.27411
7.31619
7.27056
10.2214
14.8149
13.735
17.7657
16.9291
6.6013
6.61651
11.0731
13.6741
6.20583
6.29709
6.29709
0.471521
3.46796
7.65081
3.55923
3.55923
7.39224
14.4498
17.3854
9.32395
9.30874
17.8722
21.6444
22.0246
18.4045
14.7236
24.3974
19.667
29.4473
34.7557
22.557
27.6677
19.8495
15.8492
19.2867
23.3631
22.8155
19.8039
22.8612
13.8414
34.1929
21.7812
21.6139
18.4806
16.9596
16.9291
13.5372
18.0091
20.9903
22.9068
31.7745
27.0744
23.9107
20.2146
19.4388
10.1909
17.8874
20.4123
12.5181
10.2366
26.9223
22.4961
23.5761
21.188
25.3709
29.5385
16.199
15.8188
14.8149
22.6178
9.91716
27.4091
26.3444
17.6136
31.455
36.0942
31.5463
23.9563
28.5346
25.8424
8.38091
12.1075
5.17152
14.8301
8.6547
10.0845
43.6081
50.0573
47.8214
14.6628
13.9631
20.1233
16.2295
18.9369
26.679
24.2301
37.524
33.5236
35.3793
20.1689
15.9861
20.4275
23.4088
29.0366
23.6521
25.7512
21.0359
16.5945
22.3897
17.0812
19.8039
16.2142
29.8123
9.29353
11.1036
15.0583
21.7812
20.2602
16.9443
17.0052
6.17541
10.9058
7.89418
13.3395
8.86764
19.3476
2.19029
5.17152
9.33916
14.1608
19.3628
20.5644
20.5796
25.9489
20.5796
20.6709
18.9217
15.8492
18.5719
27.7285
13.9631
15.2408
10.7689
0.471521
0.471521
8.06149
11.0123
8.03107
8.03107
15.834
6.40356
14.1152
14.1913
15.6515
10.8906
15.2256
16.4728
12.7311
8.04628
10.2974
0.912622
3.25502
4.06117
3.96991
10.5712
6.40356
3.43754
5.35405
6.35793
6.6013
11.0579
10.7689
6.00809
0.790939
4.7
3.46796
7.9246
7.9246
3.46796
8.15276
8.13754
5.1411
15.2408
13.5524
8.85243
8.85243
8.85243
17.2333
16.0774
14.3434
5.18673
5.06505
5.06505
7.3314
7.3314
11.21
6.6013
15.4081
9.5369
4.5479
7.52913
3.45275
7.65081
7.25534
3.43754
4.66958
0.471521
4.66958
0.471521
0.471521
5.06505
10.4952
14.9518
9.44564
13.1874
13.2026
8.59386
4.12201
18.1155
5.82557
13.7958
9.00454
9.00454
5.85599
9.00454
1.47541
1.47541
6.1602
1.47541
1.47541
5.84078
5.82557
1.15599
1.15599
1.38414
1.15599
1.15599
5.82557
7.28577
13.4612
4.12201
12.3964
16.6858
11.4686
14.9518
16.0774
8.48738
12.579
17.0204
20.8382
15.6515
12.6702
15.332
16.0621
12.4573
12.4573
12.3964
12.3964
16.412
17.279
12.7919
7.37703
12.3204
11.6359
18.9825
15.8492
19.2411
15.7123
15.7123
8.03107
8.06149
9.81069
5.18673
0.471521
4.65437
4.66958
4.27411
7.42266
3.62007
3.62007
7.42266
16.6097
16.4576
17.2181
19.956
8.06149
6.66214
5.77994
2.73787
10.2822
12.8071
12.366
16.9748
12.2748
12.5029
8.03107
11.1948
11.21
11.21
11.21
11.21
12.6854
9.62816
5.17152
5.17152
5.17152
3.62007
2.73787
6.92072
7.81813
5.32363
3.62007
3.62007
3.62007
0.471521
0.471521
0.471521
0.471521
5.06505
4.94337
4.94337
7.81813
3.74175
0.471521
0.471521
0.471521
9.52169
5.26279
0.593204
6.58609
3.62007
8.68512
5.06505
10.6929
5.18673
16.7466
21.7052
12.366
12.1683
24.4126
23.0133
27.622
23.3023
16.0013
11.9858
31.2725
27.7133
29.356
14.8301
12.6094
25.2948
23.5304
16.1534
17.7353
16.5793
10.0388
9.99321
15.9557
15.9557
15.9557
15.0735
10.632
16.7922
9.44564
9.44564
21.5835
9.30874
10.8754
6.87509
14.024
10.8754
30.0101
24.7168
4.86732
11.499
16.8075
13.0201
10.3735
37.1893
22.3136
23.6673
21.0664
22.9829
20.823
5.08026
16.5793
9.81069
12.7919
12.7919
9.81069
5.08026
4.31974
9.61295
4.66958
8.88285
8.92848
5.06505
9.74984
5.1411
4.5479
11.8489
12.6094
20.6253
20.5188
20.5188
20.5188
17.1725
17.1725
15.5298
11.3013
7.10324
14.4651
3.45275
3.45275
19.6062
12.3356
4.66958
12.3812
12.6094
7.9246
10.8906
14.0392
18.4654
13.3851
14.2673
18.3589
23.5456
7.08803
15.6363
21.8117
20.4123
20.0473
38.2997
39.7143
37.9499
43.0301
49.9356
49.6771
51.8065
49.6466
41.0984
32.3068
19.1651
13.0657
15.1343
19.378
13.5676
13.0809
13.0809
7.65081
7.27056
10.4799
6.66214
16.199
7.02719
20.7013
24.7625
11.5142
11.5142
15.4537
25.2188
11.4686
21.8269
26.2683
28.4586
29.7058
33.8583
17.1573
20.4275
25.3253
25.6143
29.4625
20.8686
18.6327
16.6706
14.7845
17.1421
21.8877
23.8194
10.4039
11.3469
11.134
7.05761
4.73042
4.85211
9.18706
11.4838
16.2295
11.4838
4.68479
4.7
8.00065
8.00065
4.8369
7.98544
7.98544
16.7466
15.7884
12.8375
8.32007
17.5071
12.8071
12.0466
7.93981
7.93981
12.6246
12.8984
12.8984
19.1651
15.0887
4.01554
4.09159
8.77638
8.56344
12.7767
12.7767
11.9249
29.3256
19.7126
10.7537
15.1495
19.7583
12.0314
16.7618
12.1227
12.1227
12.1835
7.4835
14.7388
15.3929
20.0168
16.2599
26.2531
25.7359
21.6444
34.8165
26.7246
18.8609
13.0201
21.5227
24.3518
24.3518
21.6444
32.0178
30.9683
31.9874
24.4431
21.69
34.6036
35.4402
15.9253
19.9864
25.7359
25.4165
12.001
6.85987
20.2602
20.0929
18.3589
32.1395
29.28
22.6634
22.7091
19.9408
11.4838
20.0321
21.2489
16.9139
14.1913
14.5107
17.8418
13.1113
8.92848
13.4003
5.77994
2.79871
6.99677
7.11845
11.0731
11.0731
15.7884
16.0317
6.87509
5.33884
5.33884
9.81069
9.93237
11.7576
6.79903
9.30874
9.30874
7.81813
5.47573
13.8566
9.35437
5.47573
12.8832
23.0741
21.5987
18.3589
17.1877
18.8456
14.4803
15.7427
11.1948
11.1796
8.03107
11.1796
15.6515
11.499
15.6363
11.3013
15.7731
20.4579
12.3508
12.5333
12.5333
15.4994
15.4994
7.9246
7.9246
7.9246
12.3964
12.5333
12.2596
12.29
15.8036
23.4392
4.66958
7.65081
0.471521
0.593204
3.74175
6.70777
11.3165
14.3282
17.5528
19.089
9.93237
0.471521
0.471521
3.62007
7.81813
7.81813
7.81813
4.79126
4.79126
4.79126
11.1948
29.3256
28.7172
6.58609
6.17541
3.20939
3.62007
3.62007
8.16797
8.15276
8.16797
3.45275
4.92816
5.06505
5.82557
5.82557
1.35372
0.471521
0.471521
0.471521
3.62007
5.81036
4.66958
11.6359
7.9246
11.0731
3.62007
3.62007
3.62007
6.6013
13.3091
8.85243
8.85243
5.77994
5.77994
5.77994
2.73787
2.73787
2.73787
0.471521
7.80292
10.7841
10.7841
32.7783
3.34628
8.06149
3.95469
8.9437
7.55955
11.6816
16.8987
12.6854
9.81069
9.81069
0.471521
3.62007
3.62007
3.62007
8.09191
3.62007
8.32007
3.72654
12.8071
17.0204
28.7324
16.7162
3.98512
4.45664
4.45664
9.06538
5.08026
9.81069
4.22848
4.22848
4.22848
1.27767
8.71554
9.00454
13.4916
13.3851
13.7958
9.46085
9.46085
6.3123
1.71877
1.71877
6.41877
6.41877
9.20227
5.06505
0.593204
0.593204
0.593204
0.593204
4.77605
5.18673
9.65858
9.65858
10.1453
10.5256
1.35372
1.35372
5.85599
1.38414
5.85599
5.46052
8.60907
13.3243
14.2825
10.0693
10.4495
9.15664
9.15664
4.92816
4.92816
4.92816
4.92816
4.5479
9.14143
9.52169
21.0207
21.766
9.67379
20.0929
28.8541
36.4592
36.4592
0.471521
4.66958
0.471521
0.471521
5.17152
5.17152
8.33528
3.62007
3.62007
11.1948
6.58609
6.6013
7.62039
8.13754
11.2861
11.0731
11.0731
15.7731
15.7731
15.7731
11.0731
11.0731
6.6013
3.45275
3.57444
3.57444
3.57444
8.22881
12.7159
8.24402
3.57444
8.03107
8.03107
7.65081
16.8075
12.7311
9.59774
13.0505
22.2984
7.43787
17.7961
23.424
24.7929
12.8223
11.4078
11.4078
16.123
11.4078
11.4078
11.423
11.423
0.471521
0.471521
1.35372
1.35372
1.35372
1.35372
1.35372
1.35372
6.06894
1.35372
1.35372
2.2055
5.81036
5.81036
6.92072
7.17929
2.46408
4.94337
9.64337
9.64337
9.64337
0.471521
0.471521
0.471521
0.471521
4.5479
0.471521
4.5479
0.471521
0.471521
0.471521
0.471521
0.471521
0.471521
0.471521
0.471521
0.471521
0.471521
0.471521
0.471521
0.471521
0.471521
0.471521
0.471521
8.60907
8.83722
8.83722
4.13722
4.13722
1.15599
1.15599
1.15599
1.15599
1.15599
6.3123
4.30453
4.30453
4.30453
1.15599
3.13334
1.15599
1.15599
1.15599
5.61262
5.61262
5.61262
5.61262
1.15599
1.15599
1.15599
1.15599
1.15599
1.15599
1.15599
1.15599
1.15599
1.15599
1.15599
4.12201
4.12201
4.12201
8.59386
8.59386
8.59386
8.59386
10.845
8.59386
1.15599
5.61262
5.61262
5.61262
5.61262
5.61262
1.15599
