10.845
7.69644
2.55534
2.55534
2.55534
2.55534
7.69644
7.69644
7.69644
7.69644
7.69644
7.69644
7.69644
7.69644
12.1531
12.1531
7.69644
7.69644
12.1531
12.1531
12.1531
7.69644
7.69644
7.69644
7.69644
2.55534
2.55534
2.55534
2.55534
2.55534
2.55534
2.55534
2.55534
2.55534
2.55534
2.55534
2.55534
2.55534
2.55534
2.55534
2.55534
2.55534
2.55534
1.85566
0.471521
0.471521
0.471521
0.471521
0.471521
0.471521
0.471521
0.471521
0.471521
0.471521
0.471521
0.471521
0.471521
0.471521
0.471521
0.471521
0.471521
0.471521
0.471521
0.471521
0.471521
0.471521
0.471521
0.471521
0.471521
2.72266
2.72266
2.72266
2.72266
2.72266
0.471521
0.471521
0.471521
0.471521
0.471521
0.471521
0.471521
0.471521
0.471521
0.471521
0.471521
0.471521
0.471521
0.471521
0.471521
0.471521
0.471521
0.471521
0.471521
0.471521
0.471521
0.471521
0.471521
0.471521
0.471521
0.471521
0.471521
0.471521
0.471521
0.471521
0.471521
0.471521
0.471521
0.471521
0.471521
0.471521
0.471521
0.471521
0.471521
0.471521
0.471521
0.471521
0.471521
0.471521
0.471521
0.471521
0.471521
0.471521
0.471521
0.471521
0.471521
0.471521
0.471521
0.471521
0.471521
0.471521
0.471521
0.471521
0.471521
0.471521
0.471521
0.471521
0.471521
0.471521
0.471521
0.471521
0.471521
0.471521
0.471521
0.471521
0.471521
0.471521
0.471521
0.471521
0.471521
0.471521
0.471521
0.471521
0.471521
0.471521
0.471521
0.471521
0.471521
0.471521
0.471521
0.471521
0.471521
0.471521
0.471521
0.471521
0.471521
0.471521
0.471521
0.471521
0.471521
0.471521
0.471521
0.471521
0.471521
0.471521
0.471521
0.471521
0.471521
0.471521
0.471521
0.471521
0.471521
0.471521
0.471521
0.471521
0.471521
0.471521
0.471521
0.471521
0.471521
0.471521
0.471521
0.471521
0.471521
0.471521
0.471521
0.471521
0.471521
0.471521
0.471521
0.471521
0.471521
0.471521
0.471521
0.471521
0.471521
0.471521
0.471521
0.471521
0.471521
0.471521
0.471521
0.471521
0.471521
0.471521
0.471521
0.471521
0.471521
0.471521
0.471521
0.471521
0.471521
0.471521
0.471521
0.471521
0.471521
0.471521
0.471521
0.471521
0.471521
0.471521
0.471521
0.471521
0.471521
0.471521
0.471521
0.471521
0.471521
0.471521
0.471521
0.471521
0.471521
0.471521
0.471521
0.471521
0.471521
0.471521
0.471521
0.471521
0.471521
0.471521
0.471521
0.471521
0.471521
0.471521
0.471521
0.471521
0.471521
0.471521
0.471521
0.471521
0.471521
0.471521
0.471521
0.471521
0.471521
0.471521
0.471521
0.471521
0.471521
0.471521
0.471521
0.471521
0.471521
0.471521
0.471521
0.471521
0.471521
0.471521
0.471521
0.471521
0.471521
0.471521
0.471521
0.471521
0.471521
0.471521
0.471521
0.471521
0.471521
0.471521
0.471521
0.471521
0.471521
0.471521
0.471521
0.471521
0.471521
0.471521
0.471521
0.471521
0.471521
0.471521
0.471521
0.471521
0.471521
0.471521
0.471521
0.471521
0.471521
0.471521
0.471521
0.471521
0.471521
0.471521
0.471521
0.471521
0.471521
0.471521
0.471521
0.471521
0.471521
0.471521
0.471521
0.471521
0.471521
0.471521
0.471521
0.471521
0.471521
0.471521
0.471521
0.471521
0.471521
0.471521
0.471521
0.471521
0.471521
3.43754
3.43754
3.43754
3.45275
3.45275
3.45275
3.45275
3.45275
0.471521
0.471521
0.471521
0.471521
0.471521
0.471521
0.471521
0.471521
0.471521
0.471521
0.471521
0.471521
0.471521
0.471521
0.471521
0.471521
0.471521
0.471521
0.471521
0.471521
0.471521
0.471521
0.471521
0.471521
0.471521
0.471521
0.471521
0.471521
0.471521
0.471521
0.471521
0.471521
4.94337
0.471521
0.471521
0.471521
0.471521
0.471521
0.471521
0.471521
0.471521
0.471521
4.94337
4.94337
4.94337
4.94337
4.94337
0.471521
0.471521
0.471521
0.471521
0.471521
0.471521
0.471521
0.471521
0.471521
0.471521
0.471521
0.471521
0.471521
0.471521
0.471521
0.471521
0.471521
0.471521
0.471521
4.94337
0.471521
0.471521
0.471521
0.471521
0.471521
0.471521
0.471521
0.471521
0.471521
6.66214
6.66214
0.471521
0.471521
0.471521
0.471521
0.471521
0.471521
0.471521
4.94337
7.9246
7.9246
7.9246
7.9246
4.94337
8.09191
12.7919
12.7919
12.7919
5.17152
10.5408
10.5408
10.3278
10.1453
13.6893
17.355
11.1796
6.47962
15.5906
11.1796
15.0887
8.42654
8.42654
8.42654
8.2136
13.157
13.157
13.3699
9.61295
9.61295
7.65081
7.65081
7.6356
7.6356
7.6356
3.43754
6.58609
6.58609
3.62007
3.62007
3.62007
8.09191
8.09191
8.09191
8.09191
8.09191
8.09191
8.09191
8.09191
3.62007
3.62007
3.62007
3.62007
7.1945
6.98156
11.1796
16.1382
14.8909
16.412
16.412
9.59774
9.59774
9.59774
5.17152
8.41133
8.41133
9.85632
8.03107
11.1796
12.8832
7.93981
4.66958
17.2486
19.1499
5.55178
15.1799
10.5104
10.5104
8.79159
8.79159
19.6366
19.1955
14.5107
14.4194
17.8418
17.8418
30.6641
21.9942
0.471521
0.471521
0.471521
0.471521
8.24402
8.24402
8.24402
8.41133
8.41133
8.41133
8.44175
9.49127
5.18673
12.7159
16.0013
32.8544
34.9078
33.3107
34.0104
38.969
33.9191
34.4058
34.8926
37.7673
36.5961
47.3194
48.3538
48.9926
50.7114
25.9185
22.1615
20.7774
16.3664
16.0774
8.71554
18.2829
13.8566
15.0278
24.9146
42.3609
28.778
33.6149
34.6188
28.4586
30.3599
27.4851
13.5981
24.2149
20.5188
21.9942
22.1311
30.8466
40.7638
44.6272
38.0563
29.4168
28.8084
22.1463
30.4968
39.2732
33.2955
29.2495
20.0321
23.8651
21.7204
26.1466
30.4664
33.7366
49.7227
34.2385
31.5311
14.2217
13.8871
18.2068
25.5078
25.7968
31.9113
21.2793
27.5156
32.3677
28.2913
41.6612
46.8023
35.4706
22.0855
33.0673
32.4133
38.4822
43.2431
34.9991
33.2194
39.4253
34.7557
36.3832
41.068
40.5813
45.0987
30.0253
30.6185
53.3884
49.1599
41.6916
36.1094
29.1583
41.1593
16.1534
33.113
41.8437
51.3806
45.2204
43.2583
53.2515
54.9246
52.7952
53.2819
53.6622
51.5936
47.8974
56.0046
61.1457
50.4984
54.6508
38.8473
36.657
27.0744
27.6068
21.8725
21.7204
16.0469
20.3515
18.7392
32.8392
24.1845
24.2757
22.2071
23.5456
20.2146
25.3861
33.0217
39.623
25.4317
20.9143
20.6253
22.9524
22.9372
14.1608
13.8871
15.4233
19.667
20.0625
39.3948
32.8696
32.8544
32.7327
30.2686
27.9414
20.6557
22.4961
23.5304
38.0563
46.0418
46.6502
44.1709
33.6453
34.4058
29.6754
21.2032
21.112
22.8155
24.0628
17.2942
24.9146
21.8117
25.9641
28.702
24.0324
24.1236
24.1541
19.6062
27.8806
37.0068
43.2279
45.5703
42.7259
61.1609
58.3318
61.5107
53.7839
43.5169
40.9007
34.0408
36.7482
46.3916
33.3563
30.5728
30.1622
30.4968
33.402
36.9916
35.6683
19.1955
18.6935
16.5793
13.7197
18.3589
30.6489
31.7745
27.6524
28.5499
26.6181
42.4217
34.269
33.9343
33.9343
38.2845
58.2405
45.555
43.8819
47.3651
40.1554
21.979
18.7696
18.4654
26.3596
27.1049
20.1689
29.0366
28.8389
30.3143
24.3974
26.4812
27.9414
28.5651
32.8088
51.5631
49.1143
51.4262
43.958
17.5984
46.5893
17.8874
24.7168
24.1236
40.1706
48.2929
26.0097
22.7395
30.588
36.6266
27.1961
27.4547
28.7324
30.6337
30.9835
23.5304
20.7621
21.0055
25.3861
20.9447
15.4081
16.0013
8.8068
8.77638
8.53302
8.48738
8.53302
16.6553
18.2068
25.3709
17.5223
16.3664
7.4835
32.6719
20.0321
24.5343
27.7437
21.3858
12.0922
20.7621
17.279
12.8375
19.4236
19.0586
18.7392
26.5725
27.2874
27.1657
29.4929
44.8402
34.1473
13.9631
14.4498
19.3476
13.5676
16.2751
20.8078
26.6486
18.0851
20.3058
16.0621
17.1269
24.367
19.8799
13.8414
23.2414
24.0932
21.2793
15.332
20.2906
31.2877
55.746
57.0541
37.7673
53.2971
19.8952
34.5884
46.4677
14.2369
37.4935
41.3722
41.7981
26.1314
19.5453
21.0816
15.8948
35.1816
27.6524
26.9984
33.0978
25.0971
26.7094
37.7673
46.4068
46.0266
42.4673
32.1395
21.766
20.3819
25.5078
15.5298
10.5408
6.72298
12.8223
20.2754
23.2262
23.2262
12.3356
9.18706
7.27056
10.4191
19.8039
14.6932
15.621
20.3667
26.0401
17.7201
17.7201
14.7388
14.6628
21.9638
27.622
27.3482
24.3366
14.4042
17.9787
25.0819
30.877
25.2644
28.991
18.1003
21.0968
25.9185
32.5502
32.3524
29.5537
24.8537
26.2683
21.1728
16.1382
20.0777
34.6948
21.9333
22.0398
14.2673
14.2673
17.7809
18.6631
18.6783
24.3366
21.1424
28.1696
20.0625
23.7586
23.7586
23.7586
14.9366
14.5715
19.9712
21.3249
32.5654
37.1893
36.5353
34.1929
31.0444
30.7554
25.7512
25.0667
16.9291
22.9524
23.5913
13.735
20.534
25.0058
17.4615
12.868
17.5223
18.2068
13.7502
10.1301
10.1301
11.6207
10.2214
10.2214
10.0997
10.0997
10.2214
15.0278
11.9706
15.7275
16.9596
21.6596
21.6444
7.78771
7.78771
7.78771
5.50615
8.66991
5.68868
7.52913
4.53269
4.56311
4.53269
6.00809
10.7537
10.5712
10.6016
10.2062
5.38447
5.70389
5.68868
8.6547
11.4838
12.6398
28.6107
24.4735
4.27411
8.98933
10.9058
11.3013
11.3013
12.0314
13.0353
8.3657
11.9097
13.5372
18.0547
16.7618
20.5644
26.7398
26.755
24.9754
25.6143
14.1304
13.4612
17.6897
18.8761
16.5641
14.0544
9.58253
14.0544
9.59774
9.61295
9.61295
7.90939
10.3735
15.7275
11.1492
11.9401
11.9401
11.9401
14.2065
20.3363
24.6408
24.7473
24.6712
20.2602
21.1272
20.61
21.6291
17.6897
16.6249
12.0466
17.7961
21.1424
16.1686
16.4576
15.6058
14.9518
18.1612
8.91327
8.91327
9.14143
12.9744
21.7965
14.3282
13.4155
7.52913
21.5987
12.3356
13.8871
18.1003
8.01586
12.2291
12.8223
12.9744
48.1864
31.1965
13.1722
10.4952
13.233
9.43043
19.5149
19.5149
23.8194
19.0738
28.6411
27.6524
10.8602
17.6288
13.0201
32.2764
27.6677
24.3518
26.1922
38.68
29.3408
31.9266
32.6871
30.6489
22.0246
22.2832
22.0246
21.9333
12.7615
27.2266
19.1042
17.0204
9.20227
16.8075
20.1689
25.3861
23.8499
23.4544
30.8923
26.3139
24.4278
27.5308
24.5647
23.1958
17.9787
21.6291
26.1314
17.9634
14.8301
12.8071
23.2871
21.477
11.4534
15.2712
24.6864
16.9443
11.8489
11.8489
4.82169
5.4301
9.33916
11.134
19.0434
14.3738
12.001
12.001
24.2149
23.4392
16.1838
20.5948
28.6563
20.534
22.7851
15.5298
19.7735
24.5647
26.5573
29.9492
27.6981
26.7855
29.7819
28.4738
20.0168
20.1689
19.6062
19.4693
16.5945
20.1233
20.4123
20.4123
20.4123
20.4123
20.4275
20.4275
14.2065
12.1227
13.7654
8.15276
8.79159
11.7728
11.6055
39.6838
36.0029
40.0033
42.9693
26.4356
12.0466
12.0466
16.3511
20.3515
15.0278
25.6295
25.6295
9.06538
9.05017
16.6401
8.86764
8.85243
8.85243
8.85243
8.85243
8.85243
8.88285
13.3699
12.6854
11.0579
10.6777
15.8492
9.03496
8.25923
12.8984
14.1152
21.0359
19.8799
20.4579
19.956
14.2977
14.2977
17.3246
6.64693
14.4651
15.5146
20.2602
12.4117
18.9977
22.7851
18.3893
18.3741
17.7049
17.4767
18.6631
17.8418
17.8418
19.4388
33.2955
29.8427
24.6408
21.2641
23.4392
28.9605
33.1434
52.9777
50.6809
49.9356
45.0531
41.3266
49.2207
46.5741
50.3919
53.4796
59.0314
57.9211
57.3431
61.8301
46.3916
48.1256
50.8178
49.5097
42.5434
41.4026
37.1741
50.2398
46.4981
45.6919
46.057
51.6696
47.9279
48.3538
48.445
54.3314
37.5544
39.4709
54.225
55.3657
53.647
66.4845
65.0852
69.5722
69.4505
68.1272
68.5683
68.5835
56.8868
54.8334
62.7428
66.6062
66.1803
76.8276
73.892
75.2153
79.0939
78.5615
82.4402
78.2725
76.858
64.2182
63.7619
62.4842
70.2871
60.9479
63.336
67.3819
55.1072
48.3538
62.8644
57.3431
55.3962
60.1418
48.2473
49.9965
54.2858
53.0994
52.9929
55.3962
59.3052
50.8483
54.8334
64.7809
69.1615
52.9777
46.3764
48.6123
47.1217
47.1217
49.4185
61.0392
70.0133
58.6968
58.0123
61.891
63.8987
67.0321
52.8104
38.9842
47.3955
59.4117
66.1651
49.7835
51.7152
34.6644
48.5211
44.3534
51.989
38.3453
53.2819
40.5356
31.455
31.6376
39.8512
39.3796
41.4939
41.3114
45.5855
32.3524
40.9311
42.1023
31.379
41.2505
35.8356
35.866
31.1812
49.0991
47.4868
37.6
35.577
35.577
42.3609
42.3761
45.1139
32.2003
35.7291
35.3793
29.1431
24.6712
21.8573
14.2217
28.489
28.5346
41.9654
42.3152
52.0955
54.6965
35.7596
33.4932
44.8249
26.7398
39.5165
41.2505
41.6612
37.0829
35.9269
36.5201
41.8589
41.1136
38.3605
44.8097
55.5939
50.9699
48.4146
52.567
65.3589
68.2337
69.2072
65.7544
50.8939
53.9207
47.8518
45.555
46.3308
51.335
52.567
53.4949
51.0764
53.2971
56.5826
56.5826
56.5826
56.2479
72.0363
60.5829
61.2978
67.7013
64.4767
56.8259
48.08
46.1483
26.968
26.679
31.3486
23.8499
23.8194
26.8159
26.8159
23.8346
20.8838
28.3673
31.5767
45.6159
45.5398
49.9965
43.3647
46.2395
50.6961
50.6961
41.5243
41.4939
29.3864
26.5877
31.1812
34.1168
31.1356
29.5994
22.1463
24.0172
22.0702
22.0398
21.6444
22.2984
30.0557
44.0644
39.0602
35.1359
36.9916
33.6758
41.4787
41.8589
37.9042
43.8211
63.1382
45.4181
36.9156
46.635
41.3874
38.6191
43.5321
47.791
34.345
34.345
31.9266
41.2505
34.5427
35.5618
27.3482
29.6298
35.0295
37.9651
41.2353
37.9194
37.889
43.4104
47.289
44.3686
39.334
37.0525
40.3531
36.3984
51.0004
57.4039
65.0547
67.4732
59.2444
54.9246
44.5664
49.1751
54.879
56.4913
64.6136
67.8534
83.6874
77.5729
79.2916
59.6855
72.3101
61.602
76.6602
66.2411
63.2751
45.3725
44.1861
48.8253
49.6618
39.4405
29.0062
29.6754
31.3181
47.2738
54.1945
57.3431
64.0661
69.3288
61.2673
60.8871
62.8644
62.1343
64.4615
65.1916
80.8431
70.3936
63.2599
63.123
53.2059
67.8382
78.7745
82.3489
59.214
58.7881
41.1897
40.3683
37.3262
37.3262
42.8172
28.9301
31.4855
36.6418
43.3952
54.1641
56.5217
57.8906
53.2515
58.6512
49.4641
50.9395
51.2589
39.9424
31.5007
28.2
22.8003
22.9372
44.4599
43.6994
58.5447
53.0538
40.5813
34.8317
59.0619
27.3939
29.6906
39.1059
40.1249
38.6495
38.969
27.6829
23.5609
20.7926
19.0434
22.1767
19.089
19.4997
21.6748
21.9181
30.2078
29.1583
20.7469
11.8641
11.6511
13.6437
11.7728
16.5793
9.93237
9.79548
16.5337
22.6787
28.0023
23.2719
23.2719
24.3214
27.5612
21.401
16.7618
11.4534
13.0961
3.2246
6.06894
6.06894
4.13722
17.7201
13.2026
8.74596
6.08415
13.446
18.3133
9.17185
9.17185
12.0922
18.2981
12.9897
13.9023
13.9023
18.5871
18.5871
19.1042
14.8149
18.6175
5.1411
0.471521
0.471521
0.471521
3.65049
3.65049
10.7841
10.267
10.2822
12.8071
8.09191
12.7919
7.90939
7.90939
7.90939
7.90939
12.0922
12.0922
4.66958
4.66958
5.55178
5.55178
1.35372
10.5104
7.81813
5.55178
5.55178
8.51781
8.8068
4.31974
4.31974
7.1945
7.1945
11.4078
11.8032
9.55211
9.689
4.94337
8.18318
12.8832
8.18318
2.72266
2.72266
2.72266
11.8945
10.3887
6.58609
3.43754
3.43754
3.43754
3.45275
3.45275
3.43754
3.45275
3.43754
3.43754
3.86343
3.86343
5.46052
25.0819
