+3.920329782525004081 
+3.875679276046634314 
+3.832226210333678385 
+3.788159341467363994 
+3.745276637501245176 
+3.701790621417318405 
+3.659475554769222150 
+3.616567613918775681 
+3.573950636827245120 
+3.531623917507077159 
+3.488731859525253665 
+3.446989429068626709 
+3.404692118765805020 
+3.328478466311096895 
+3.287849364339953340 
+3.247505675692304195 
+3.206632131311291545 
+3.133000619987125202 
+3.093757037951933242 
+3.054003267963355750 
+3.015328754874824213 
+2.976154222887344325 
+2.937271138994964836 
+2.900216891033938538 
+2.862666357916755722 
+2.794419298178964173 
+2.758402647336748004 
+2.691584511055303164 
+2.656327286630695284 
+2.619880562284572889 
+2.584438837693924018 
+2.549269702763029333 
+2.513663114103907859 
+2.479042643055131556 
+2.444692706017915107 
+2.409919917434498959 
+2.376114499442671502 
+2.341895931796039054 
+2.307956203071436896 
+2.274965107207735926 
+2.242240445253593784 
+2.209121879883747752 
+2.176279318916730432 
+2.143712049002302944 
+2.111419357771309624 
+2.080038231010579608 
+2.048287107776879168 
+2.017435353867870873 
+1.987466301708255001 
+1.957130586143614792 
+1.927054558536957618 
+1.873088711198728440 
+1.844336854186067853 
+1.814649414069329669 
+1.785229047581001982 
+1.756075053687272458 
+1.727186732324252016 
+1.699133259133042806 
+1.670768907844251139 
+1.643227585125303314 
+1.616493156124370056 
+1.588352623563382693 
+1.561028020259959348 
+1.533964257694420130 
+1.507160643472693184 
+1.480616486162726897 
+1.454331095293605269 
+1.428303781354664626 
+1.402533855794608098 
+1.377020631020622332 
+1.351763420397493753 
+1.327259078101070244 
+1.302506753529098393 
+1.278008402605096183 
+1.254245765860486639 
+1.230725747823284699 
+1.206975160600230801 
+1.183943376727486285 
+1.160689655593770020 
+1.137685866049668260 
+1.114931330911462570 
+1.092873061386003375 
+1.070610055853411069 
+1.048594292337277079 
+1.026825097421459443 
+1.005301798634241628 
+0.984023724447449677 
+0.962990204275566253 
+0.942200568474846456 
+0.922062697552175514 
+0.902157782452477797 
+0.882884358726973684 
+0.863438750890713980 
+0.844614058587112471 
+0.825625305155682998 
+0.806485957666085440 
+0.787960956030689719 
+0.769293527346189610 
+0.751229736542136539 
+0.733031637463106289 
+0.715426523620498855 
+0.698047496451438931 
+0.680893937813556338 
+0.663622083497621418 
+0.646922180728935814 
+0.630445884647014676 
+0.613863198024679591 
+0.584276415047468856 
+0.568661360112719727 
+0.552955042317032408 
+0.537477788980660343 
+0.522228952337010277 
+0.507506078910427760 
+0.492707599877770797 
+0.478135612646373609 
+0.452193715048450517 
+0.438810132490651039 
+0.425360714451677335 
+0.411858013960115787 
+0.398841526621469544 
+0.385779338991722121 
+0.373193327890401605 
+0.360819474859627842 
+0.348411169709837765 
+0.336464136539190051 
+0.324727455542280996 
+0.312967467007205347 
+0.301653964937942387 
+0.290549016778955949 
+0.279652028837457323 
+0.268962408254168839 
+0.258479563002528945 
+0.248202901887891514 
+0.238131834546726484 
+0.220167597746060206 
+0.210676539977832533 
+0.201201386370229773 
+0.192120546708487883 
+0.183062762706764470 
+0.174389751063488418 
+0.165746901276458303 
+0.157646061128665416 
+0.143132681370016890 
+0.135422266045674089 
+0.128061356412594751 
+0.120742678639592427 
+0.113764401218048317 
+0.106835194919393750 
+0.100237332989228101 
+0.093563858042079673 
+0.087220576632898617 
+0.081071454049235214 
+0.074996386998556375 
+0.069237795830787263 
+0.063560038635188665 
+0.058189645037295179 
+0.053010528256105083 
+0.047922296459947944 
+0.043127900748475945 
+0.038431058396764417 
+0.034019066588221847 
+0.029711252625685969 
+0.025679354215211614 
+0.021758214377669560 
+0.012471538300045104 
+0.009247432830589819 
+0.006274333223188044 
+0.003430303553986214 
+0.000777345975691901 
-0.001637745870351370 
-0.003870459047759400 
-0.005881309017681247 
-0.007754627577897910 
-0.009447223515790970 
-0.010930582457818971 
-0.012267055078589273 
-0.013424454060243729 
-0.014421453372865489 
-0.015218733499779979 
-0.015827723674567640 
-0.016512522632864179 
-0.016635701326287222 
-0.016586376293567184 
-0.016363029522619588 
-0.015975299093265338 
-0.015394174008981132 
-0.014649754257012759 
-0.013712223041066895 
-0.012619633400470232 
-0.011355535782617387 
-0.009920471140829612 
-0.008280443758009959 
-0.006539600692844871 
-0.004594872889794210 
-0.002526151379402819 
-0.000247767398190657 
+0.002146770876289228 
+0.004756709418027860 
+0.007475008679779016 
+0.010476120326079474 
+0.013649683120084077 
+0.016926541580720933 
+0.020439889545351253 
+0.024048653164071343 
+0.027899575051895109 
+0.031838079985401002 
+0.035853679646868475 
+0.040113171856508423 
+0.044442195753410463 
+0.049020609994239628 
+0.053759345927085533 
+0.058657878823292098 
+0.063610875575914161 
+0.068824196703321849 
+0.074307023469247113 
+0.079839512211739461 
+0.085411502179953303 
+0.091254648271757777 
+0.097129957963405733 
+0.103281725952405257 
+0.109588623779627525 
+0.121711239503104363 
+0.128319286344453332 
+0.135216584395387862 
+0.148282358564249428 
+0.155611305934262312 
+0.163245660378234181 
+0.170879527629600236 
+0.178823960610216659 
+0.186760663453366949 
+0.195013051298996043 
+0.203250511623781716 
+0.211636064787601441 
+0.220169203962596871 
+0.229028098294794535 
+0.237857878051994209 
+0.247018415201844643 
+0.256330499208349938 
+0.265602857173668383 
+0.275213427840867109 
+0.284973954917327799 
+0.294684246345688905 
+0.304740118055282228 
+0.314944362851108384 
+0.325296451009127630 
+0.335584425287895893 
+0.346227683636536554 
+0.356799990911372600 
+0.367512279836116562 
+0.378586969278357444 
+0.389580569103978647 
+0.400712658138391742 
+0.412214178894836802 
+0.423624570232516096 
+0.434934937662010856 
+0.446616064347463482 
+0.468180394437195169 
+0.479995853837422715 
+0.492190759064752736 
+0.504266893139321049 
+0.516726950290668618 
+0.539698877398780308 
+0.552796176322015054 
+0.566030757195148393 
+0.579402107084898255 
+0.592638229694453234 
+0.605730646237614856 
+0.619224401612171516 
+0.632568271325176568 
+0.646317778884378580 
+0.660480326371389648 
+0.674488925978904863 
+0.688625042287698275 
+0.702888198982182910 
+0.717572902746921315 
+0.732388885362651898 
+0.747335643043061992 
+0.762715538690070805 
+0.777619472299333925 
+0.792647555199984755 
+0.808109820202831841 
+0.823387298111259103 
+0.838787504023675190 
+0.854628023505479284 
+0.869954223991499909 
+0.885719801871895474 
+0.901931703451311684 
+0.917940978379045536 
+0.934400579950954491 
+0.950651651256097185 
+0.981147510425289138 
+0.997737282824894933 
+1.014444708371758264 
+1.031613902092309409 
+1.048904629988022030 
+1.065966984658500039 
+1.083496908740497311 
+1.100792738736995791 
+1.133217966964986889 
+1.151562487633983611 
+1.170030009387046821 
+1.188620018869775308 
+1.207332003535393827 
+1.226165451643796089 
+1.244747038026810859 
+1.263444399468323098 
+1.282257055996821826 
+1.301184528382463235 
+1.320226338136168742 
+1.339382007508759020 
+1.358264570382607950 
+1.377255577641129047 
+1.396354581693954877 
+1.415954222832795928 
+1.435270061566435995 
+1.455090033954149042 
+1.474620888646371863 
+1.494659339291835920 
+1.514403396798951640 
+1.568521694352051910 
+1.589064907469356580 
+1.609715583862454391 
+1.630473256440275076 
+1.668945374420934602 
+1.689159992440250502 
+1.710320003442061143 
+1.731584778683902037 
+1.752953855274070882 
+1.774426771041890394 
+1.795570528546392541 
+1.817247685207750596 
+1.839027308045246389 
+1.860908937749105263 
+1.882892115726181981 
+1.904976384099062781 
+1.927161285705185190 
+1.949446364095946294 
+1.970933862624238087 
+1.992963394059956039 
+2.015087850423399107 
+2.036852414921400012 
+2.059163525303786990 
+2.081110116883682526 
+2.122500816065223006 
+2.145630597393088479 
+2.187505373638824135 
+2.210433458595436385 
+2.233452374134588414 
+2.256561699568163437 
+2.280235404330697158 
+2.303526113681412024 
+2.327384031303017853 
+2.350854415265375863 
+2.374894804268295800 
+2.398543158848076118 
+2.422764283167420984 
+2.446588909668347966 
+2.470989038638504276 
+2.494988243648929682 
+2.519565651989973176 
+2.543737747369566815 
+2.567994791820159328 
+2.592834018040091948 
+2.617261438976919763 
+2.642273663473532430 
+2.666869785849870222 
+2.692053302059199460 
+2.716816456053089190 
+2.762513273763731014 
+2.808484394437589682 
+2.834141506196973914 
+2.859366446719604049 
+2.884671133391455200 
+2.910574027358422633 
+2.936038603031412286 
+2.961581707780672090 
+2.987202939911261179 
+3.033937984217491390 
+3.059248999388474388 
+3.084633527840608735 
+3.110622337880117438 
+3.136154280997835109 
+3.162292797393270405 
+3.188506347070759084 
+3.214794533761947459 
+3.241695740804386272 
+3.268133518139709537 
+3.295186546622488777 
+3.321772304598273884 
+3.348975514242036766 
+3.375161374566913786 
+3.401963902051185595 
+3.428288741703467313 
+3.455232377725469650 
+3.482246713865758903 
+3.509884837860803408 
+3.538150716443286825 
+3.565935464335446614 
+3.594350041471696233 
+3.622839053359992345 
+3.650841296782968204 
+3.678352106354892292 
+3.706493969807638234 
+3.734140821462350601 
+3.785094379083734584 
+3.812929595211620004 
+3.841400566044030462 
+3.892819325832550970 
+3.920905731123002003 
+3.949056335373924309 
+3.977847225633687422 
+4.029837000571307115 
+4.058231680957164578 
+4.133865700518516206 
+4.186481158153937621 
+4.215800565543257328 
+4.244594497187683224 
+4.273448350158300713 
+4.302952438633509402 
+4.331926220638636416 
+4.360958800129886015 
+4.390049806197919402 
+4.419794349245258047 
+4.449002271496264704 
+4.478267503557589180 
+4.507589676855381811 
+4.536368294066400964 
+4.565802103041539439 
+4.594689372964474217 
+4.623629888853595382 
+4.653832508995258799 
+4.683486394798928032 
+4.713194672854392309 
+4.742956979173228227 
+4.773381995777650211 
+4.803252352969260563 
+4.832564436409029440 
+4.862539227335906489 
+4.892566235156136756 
+4.922030728962319301 
+4.952160042090670622 
+4.981724062886498494 
+5.012571742161166632 
+5.042853411916893513 
+5.073185150970118684 
+5.104187146871477232 
+5.134618957081793944 
+5.165099759470471064 
+5.195629198553252337 
+5.226831454765621388 
+5.257458077449728151 
+5.288132266520564784 
+5.320108601290795214 
+5.351507217091890922 
+5.382954236488397548 
+5.414449285989896055 
+5.446623330387628137 
+5.477581984353219191 
+5.508585693792272586 
+5.540268213617640214 
+5.571361888366793025 
+5.603135483849758458 
+5.634317702708758091 
+5.666180925959344528 
+5.697450272260779158 
+5.729401680007554454 
+5.760756741603501929 
+5.792794895179987691 
+5.824876314454952464 
+5.856357729759819719 
+5.888523738249720196 
+5.919442793074340514 
+5.950400398598130636 
+5.982042384538003077 
+6.013723868573073617 
+6.044796761013129682 
+6.075906909536993972 
+6.108352587186806737 
+6.140187889147035172 
+6.172060999047349839 
+6.203971579075819420 
+6.235919291955257293 
+6.268556926798460438 
+6.300578636266026322 
+6.332636463108735292 
+6.392267106068153737 
+6.424426280557845814 
+6.456620282680266776 
+6.489506860600262605 
+6.521770212962888280 
+6.554067388492657464 
+6.585737913560787860 
+6.618101068003369392 
+6.649835590685940545 
+6.682263429031776170 
+6.714723451719544656 
+6.746551914036924558 
+6.779074679087949029 
+6.811628650018255904 
+6.844213499474878226 
+6.876828900623804586 
+6.908807989895024981 
+6.941482909055934236 
+6.974187409145890193 
+7.006252839246374542 
+7.039683853520584123 
+7.072475149795721450 
+7.105964810598004000 
+7.138812921267968292 
+7.171688665343872060 
+7.205935278495669394 
+7.239538762421410922 
+7.273169995467213766 
+7.306828637506503021 
+7.340514348963138147 
+7.374226790810451959 
+7.407290591441141103 
+7.441054961412086222 
+7.474169002949015095 
+7.507307432137150016 
+7.540469932435245326 
+7.573656187804034268 
+7.606865882705479365 
+7.640098702101979278 
+7.673354331455513488 
+7.707311834175966325 
+7.740612591264413922 
+7.773935211302126724 
+7.807960097227125473 
+7.842007090616430531 
+7.902664405582200402 
+7.936088780456127090 
+7.968850457403803489 
+8.002314201891785217 
+8.035113851111360006 
+8.067931852232735679 
+8.101452190189394997 
+8.134991043049655701 
+8.169233128986913783 
+8.202808452588552512 
+8.236401364621389831 
+8.270697659476862640 
+8.304325174876657556 
+8.337969356663130327 
+8.371629900536674995 
+8.405993945350669350 
+8.440374388279682449 
+8.475458999717872643 
+8.509871585936839011 
+8.544299600131768813 
+8.578742722107552510 
+8.613200632186522654 
+8.646983423893320975 
+8.680779811659009582 
+8.715279625957457199 
+8.749102570153912239 
+8.783628860717831444 
+8.817477142935434387 
+8.851337516626497148 
+8.885901074199459515 
+8.919784971706450349 
+8.953680064892022727 
+8.987586058118044008 
+9.022194940039369726 
+9.056122055647787050 
+9.090059181184642512 
+9.124698914685009044 
+9.158655368506565253 
+9.192620946388196046 
+9.226595355966974665 
+9.260578305341908845 
+9.295263284829431427 
+9.329262599306504811 
+9.363269574716373000 
+9.397283921007247187 
+9.431305348585276249 
+9.466028090474605250 
+9.500757597862662607 
+9.536188347647930996 
+9.570930587825511537 
+9.605678670223248616 
+9.640432290108257973 
+9.675191143237977798 
+9.709954925859296537 
+9.744723334707613205 
+9.779496067006025584 
+9.814272820464401192 
+9.849053293278497989 
+9.883141474761913514 
+9.917232655777919348 
+9.952022373766162389 
+9.986118752934418197 
+10.020217279115449571 
+10.055013614767386088 
+10.089115620753339897 
+10.123218925276706415 
+10.157323248310767383 
+10.192124337677217483 
+10.226229865891873771 
+10.260335569491193297 
+10.294441170213051606 
+10.329242409220679377 
+10.363346954832433511 
+10.397450559750993193 
+10.432248899951542143 
+10.466349761039454691 
+10.500448847582269707 
+10.535241719000620009 
+10.569336380978494816 
+10.603428438501151021 
+10.638213283310941293 
+10.672299243476132347 
+10.706381773195737139 
+10.740460599859883217 
+10.775230813118412243 
+10.809301328047073554 
+10.843367319113262681 
+10.878123590049918690 
+10.912179614928259497 
+10.974717387768144761 
+11.009452194846277351 
+11.043486135242019941 
+11.078208068918110385 
+11.112228845949809752 
+11.146936789902326836 
+11.180943311297468767 
+11.214942373830364630 
+11.249627329638302697 
+11.283610510044654873 
+11.317585428450328777 
+11.352244920799023475 
+11.386202338220897445 
+11.420150694270468250 
+11.454089725117142962 
+11.487326827325421874 
+11.520554481047858175 
+11.554464375356607420 
+11.587672182151095512 
+11.621561302671278071 
+11.654748257495210595 
+11.689306631848676687 
+11.723853130709933623 
+11.757696911565384212 
+11.792219081789134805 
+11.826728553985571324 
+11.861225053002293350 
+11.895708304120692134 
+11.928799506960238830 
+11.963255996950909577 
+11.997698428409830029 
+12.032126528327420800 
+12.066540024123497687 
+12.100938643646351522 
+12.134634595947222380 
+12.168315744763237518 
+12.201294924272765741 
+12.235632612516280204 
+12.269267822720323124 
+12.302887211971910375 
+12.336490526880190544 
+12.370762791391069157 
+12.404332858000383766 
+12.493314035777771664 
+12.526821375264951541 
+12.559627677562428261 
+12.593099625742475212 
+12.626553323125492057 
+12.660670676616113894 
+12.694086738531741076 
+12.728165169702890580 
+12.761542580120334378 
+12.795581053802639104 
+12.828918799817451202 
+12.862916284024905167 
+12.896213355845649318 
+12.929489923364094750 
+12.990555912183701537 
+13.024450652445430876 
+13.057645828662007403 
+13.090819308050715364 
+13.124647178011372262 
+13.157776075520498438 
+13.191557945863745971 
+13.224641266760066571 
+13.258376124001948426 
+13.292086853046285455 
+13.325773196562625600 
+13.359434897616363713 
+13.392399209294389095 
+13.426011361808527056 
+13.459598108533462835 
+13.493159194101206566 
+13.526694363535121113 
+13.560203362249168890 
+13.593685936046927765 
+13.627141831120731297 
+13.659234155806078803 
+13.691969236370312046 
+13.724010719636346778 
+13.756693433973381957 
+13.789349341858088138 
+13.821312583221459391 
+13.855244844391904735 
+13.888482827039389633 
+13.921691904072837076 
+14.008560784857372994 
+14.041663135539064200 
+14.073413117132922423 
+14.105795755776217248 
+14.137489087940764421 
+14.169813440073276922 
+14.201449228339686925 
+14.233714382193749515 
+14.265291734707538751 
+14.323763859687439037 
+14.355257164924381641 
+14.388030929998340213 
+14.420117543462971810 
+14.452172569001064062 
+14.484848978886748938 
+14.516839483470892702 
+14.548797707434868443 
+14.581374627213957496 
+14.613917454669397955 
+14.645776115756259372 
+14.678250726129796533 
+14.710690523395495433 
+14.742447516624618942 
+14.774817672815423464 
+14.806505955545350872 
+14.838159888605936487 
+14.896853863040405486 
+14.928408411921193277 
+14.959927742563941422 
+14.992053788289084082 
+15.023501279374297468 
+15.055553553109849219 
+15.087568214406378075 
+15.119545026237595664 
+15.150845352184436621 
+15.208876726927837097 
+15.240071319906288494 
+15.271228478734371947 
+15.302347982200995347 
+15.334063532406304375 
+15.365106282998564069 
+15.395478353055040088 
+15.426445029271022236 
+15.458003725737754053 
+15.489521834435020509 
+15.520369978450890613 
+15.551807037203385420 
+15.583202815758347981 
+15.614557082424454393 
+15.645869605844126227 
+15.677140154992692089 
+15.708368499177407074 
+15.738931107214064298 
+15.768830264282460263 
+15.799311556049620009 
+15.829130641664079349 
+15.859529771071176896 
+15.889887074868202177 
+15.920820577640558469 
+15.951092720905737821 
+15.981322390062494776 
+16.012124985857933979 
+16.041653449928215736 
+16.071140540325863810 
+16.126316622270145729 
+16.156295013382614201 
+16.186839925387921824 
+16.241704785858747329 
+16.272120431109801331 
+16.303096387072894657 
+16.333417682484906663 
+16.363086909427192239 
+16.393314836948903235 
+16.422892134280445475 
+16.452423614121745032 
+16.481909066966377253 
+16.511948601039751594 
+16.541340422476384475 
+16.570685585847446220 
+16.599983882786673917 
+16.629831577319318825 
+16.659034550314597567 
+16.688784543029573371 
+16.718484863169503996 
+16.746950234434734739 
+16.775961004714435632 
+16.804332863533502973 
+16.833247769039843433 
+16.862113941195161715 
+16.890343558158352977 
+16.919112652137002328 
+16.948418003114483099 
+16.976502600051148306 
+17.004539452698178792 
+17.033110960388622601 
+17.061632309699106713 
+17.089522761133537188 
+17.117944216852357897 
+17.145736423131875625 
+17.174634631851741773 
+17.202903185603449998 
+17.231695691465528597 
+17.259860243652354939 
+17.335473902450676320 
+17.363446181758497744 
+17.391365937316553669 
+17.443076879095524845 
+17.470845462280717442 
+17.498560749360045463 
+17.549326868668298829 
+17.576327912596390490 
+17.603837971996817657 
+17.630733997317435069 
+17.658136461245341309 
+17.707768374254552413 
+17.735571935082038664 
+17.762763654303341809 
+17.790453191979011649 
+17.885261738418591904 
+17.912144567123824856 
+17.938423993842228299 
+17.965194802414501396 
+17.991364119947643729 
+18.017478673332604444 
+18.044080602245141876 
+18.070083927521949363 
+18.096571929947618429 
+18.144534720410259609 
+18.170859331066207432 
+18.197660992449542050 
+18.223867441552894064 
+18.250015115043161984 
+18.276103820139621092 
+18.302663962129607000 
+18.350316332866427160 
+18.398293363723919214 
+18.424566263557736079 
+18.450252831127023967 
+18.476401298198645407 
+18.523309272555430027 
+18.548242794292207236 
+18.573635205049363606 
+18.619599011432185875 
+18.645332123987245154 
+18.669975268239326738 
+18.694558826132777085 
+18.719592895749332939 
+18.785199715880452231 
+18.810005958423069217 
+18.834749049000151899 
+18.859428799994162773 
+18.884546733144148334 
+18.909097940741297350 
+18.954025376862290386 
+18.978394816650727250 
+19.002699822242760774 
+19.026940207478357792 
+19.050623056263738420 
+19.074734971366844150 
+19.098781712671033972 
+19.142291150007469724 
+19.166153345310281253 
+19.190434612464621011 
+19.214163513086383261 
+19.238308381123445656 
+19.262384069103745787 
+19.286390381603574440 
+19.309849071634918261 
+19.333717444995453860 
+19.357040580297013577 
+19.380770250910646979 
+19.404429579941865569 
+19.427547289889520954 
+19.450597074804178988 
+19.473578752356065280 
+19.496492140409742433 
+19.519802565589294829 
+19.542577426036643828 
+19.565283448033767399 
+19.588381709926942165 
+19.610948096976464683 
+19.633445098366841819 
+19.656329510446322928 
+19.678685773047270402 
+19.701426198181909655 
+19.724093617227673292 
+19.746687838901419099 
+19.769208672120122117 
+19.791655926000061072 
+19.814029409855901775 
+19.835883668777000821 
+19.857222877908075276 
+19.878935995069639375 
+19.900136599628407197 
+19.939263769631292433 
+19.960704285659517154 
+19.981637196066504458 
+20.002934530569078220 
+20.024159271403195959 
+20.062524082032375361 
+20.083543421806485441 
+20.104062754017604675 
+20.124511609732074646 
+20.145313616550883040 
+20.165619544110786165 
+20.186275299324012877 
+20.206856912240699131 
+20.226946434623094717 
+20.247380756991244510 
+20.267325657304219533 
+20.287612000484330110 
+20.307411604769132651 
+20.327549281398475500 
+20.347202916940993589 
+20.366784072099058278 
+20.386698236240068383 
+20.406132419347120077 
+20.426298757111176485 
+20.445984765113379922 
+20.465594372605025342 
+20.485525240405436875 
+20.505376191672262109 
+20.524752411080065428 
+20.544444583449504194 
+20.563664845584035845 
+20.582807655118351420 
+20.601484530705416631 
+20.620473505537827208 
+20.638999354212845816 
+20.657450222807259621 
+20.676207976658339760 
+20.694887252498297414 
+20.713109060882622714 
+20.731632474738152183 
+20.750076898084877541 
+20.768068150386756798 
+20.786355698492211985 
+20.804192947911708700 
+20.822322948985352298 
+20.840373109402722918 
+20.858343258158487998 
+20.875868925653637831 
+20.909244135975647794 
+20.927263634651851021 
+20.945198956160254511 
+20.963049919676262078 
+20.980816344522146721 
+20.998145247468702479 
+21.015392616314084506 
+21.032558281411976253 
+21.049294243944469684 
+21.066297669168967843 
+21.082874377853855208 
+21.099714899933243117 
+21.130431310000659550 
+21.147037239323800861 
+21.163896483388395353 
+21.180334501046250040 
+21.196689156555279965 
+21.213291474510839407 
+21.229477191191588048 
+21.245251268236891917 
+21.274610190170008650 
+21.290474929806251225 
+21.305933959758515783 
+21.321631241682364788 
+21.337561418916074274 
+21.353087114322697460 
+21.368841855188307477 
+21.384195282069494937 
+21.399463192707244730 
+21.414954368427505216 
+21.429741798456852564 
+21.444752160453731449 
+21.459676339975644055 
+21.474816083360138919 
+21.489565631867503015 
+21.504228496007257831 
+21.518804509831674920 
+21.533588294127749663 
+21.547988328961825033 
+21.562009791548728543 
+21.576236746779589026 
+21.590088344399131159 
+21.604141571794443166 
+21.618106793585763370 
+21.643246568738327085 
+21.656684008253897389 
+21.670590898172378047 
+21.684405326721400087 
+21.697853592108614862 
+21.711484431218380564 
+21.725022288027890482 
+21.738466987936302388 
+21.751552244851740880 
+21.764283387441210493 
+21.777190718709974249 
+21.790007925706770919 
+21.802993636347242301 
+21.815628255637161459 
+21.828172255996140194 
+21.840878674731758480 
+21.853239088801057477 
+21.865508390097421199 
+21.877933994880294222 
+21.890018712932580058 
+21.902011825164869663 
+21.913913168509999707 
+21.925722579984750382 
+21.937439896689003405 
+21.949301240151793735 
+21.960597594596464432 
+21.972037650407919784 
+21.983384960663709506 
+21.994868076016878433 
+22.006027506662402260 
+22.017093701184872856 
+22.028066497321923123 
+22.039166782782547926 
+22.049950381269550093 
+22.060640091730416401 
+22.071235752203190117 
+22.081950533976343110 
+22.092355681199055795 
+22.102456815159627013 
+22.112467077750917355 
+22.122591998878217368 
+22.140941140631639428 
+22.150796103227989420 
+22.160555590982841778 
+22.170023178177942214 
+22.179593189125068164 
+22.189067244864247641 
+22.198254759609223896 
+22.207538388171741417 
+22.216539052985549318 
+22.225631623567828399 
+22.234627440663206954 
+22.243345703019528514 
+22.252149513558691751 
+22.260856091694353864 
+22.269639959249822425 
+22.278149598219865624 
+22.286732173104059740 
+22.295044217716846191 
+22.303424831596242228 
+22.311538627106415333 
+22.319716612096101471 
+22.327631504191266743 
+22.335447707200369649 
+22.343165060985935355 
+22.350937849837318794 
+22.358454999427554100 
+22.365872816407090795 
+22.379091412349623624 
+22.386083958092871882 
+22.392980601863328616 
+22.399921849995845236 
+22.406624233468875218 
+22.413230261379585073 
+22.420143421079174573 
+22.426815092589272638 
+22.433381706259591937 
+22.439843092589498497 
+22.451332227605064418 
+22.457373722575528774 
+22.463313538964314375 
+22.469033394004814141 
+22.474771458367186483 
+22.480293372998129797 
+22.490272031575472056 
+22.495621485362804037 
+22.500974185862485655 
+22.506115863196161087 
+22.511256215497379429 
+22.516189466873413494 
+22.521116808333438541 
+22.525745608960562549 
+22.530368181635232361 
+22.534978012293287009 
+22.539479513335191285 
+22.543785720222455637 
+22.548072230463532151 
+22.552249907942048424 
+22.556238279650738576 
+22.560121807413249684 
+22.563824270282079709 
+22.567499781420544025 
+22.570998168092888392 
+22.574465040320319531 
+22.577758741271395593 
+22.580950929041005537 
+22.584104758246226652 
+22.587213578934225211 
+22.590211754970059843 
+22.593099117740095494 
+22.595821059737119185 
+22.598488514841989172 
+22.601044654278641843 
+22.603441510006923920 
+22.605685483406652736 
+22.607913378473167398 
+22.609988073928796837 
+22.611955065353782857 
+22.613851011309225925 
+22.616980154508809164 
+22.618560735466850531 
+22.620028365860093800 
+22.621356896590327779 
+22.622600387669599797 
+22.623730425964840407 
+22.624708369907345684 
+22.625598524388319532 
+22.626379242941165870 
+22.627037767061036533 
+22.627590975100705606 
+22.628046923357079123 
+22.628386849963970207 
+22.628628469165633419 
+22.628752297055864773 
+22.628770053838774601 
+22.628678616778234556 
+22.628481566222884425 
+22.628170535715018019 
+22.627758068578756934 
+22.627226822640874815 
+22.626584097366496451 
+22.625829733996258852 
+22.624982369045625319 
+22.624006539540424399 
+22.622918598807213897 
+22.621744005398952027 
+22.620433661770331213 
+22.619040899397731437 
+22.617507530323837983 
+22.615895989065467830 
+22.614138971836855063 
+22.612308041609004761 
+22.608581708747795602 
+22.606391776716936448 
+22.604088024178622618 
+22.601670292065737300 
+22.599085560886759794 
+22.596437058049058777 
+22.593674095021047066 
+22.590736591879210238 
+22.587741886818520243 
+22.584696852830351332 
+22.581474456921178273 
+22.578136804603829546 
+22.574755362041965867 
+22.571189079119694298 
+22.567507064915513837 
+22.563787827723771784 
+22.559876242547069580 
+22.555931813358096605 
+22.551875722429755911 
+22.547619798387994905 
+22.543337599742311994 
+22.538757754377570564 
+22.534151315015240158 
+22.529330096797931304 
+22.524486785921972398 
+22.519525994229784516 
+22.514342694316091809 
+22.509144055507757543 
+22.503827452802759979 
+22.498392726168596312 
+22.492725156042318702 
+22.486934254588103244 
+22.481139351092611633 
+22.475225676509651862 
+22.469068716673088915 
+22.463041372900303116 
+22.456770423152672578 
+22.450511671116693435 
+22.443870125567809026 
+22.437240456685543677 
+22.430490893620653736 
+22.423621275710242884 
+22.416631442233938998 
+22.409521232412991765 
+22.402439257605838208 
+22.394939040325528623 
+22.387466736202501494 
+22.379717184990482792 
+22.371841452572574838 
+22.357346611014005333 
+22.349116660125535105 
+22.340928256762669690 
+22.332617882354931282 
+22.324185375435675383 
+22.315806385742142481 
+22.307131629838504949 
+22.298334259913268340 
+22.289597386327969275 
+22.280371030961156009 
+22.255397144585838731 
+22.246093625946020467 
+22.236473850333965174 
+22.226930306494033118 
+22.217267756888290364 
+22.207280995105168842 
+22.197377488698112558 
+22.187354515200265581 
+22.176999344625034638 
+22.166734481394293255 
+22.156349689079519294 
+22.145624685030217194 
+22.134997068680288379 
+22.124023862423477738 
+22.112925032721246765 
+22.101700416385586578 
+22.090349850142835919 
+22.068935517006742941 
+22.057224193438457860 
+22.045143380349692563 
+22.033176143765498267 
+22.020833853909820732 
+22.008860772707230069 
+21.996512310369162435 
+21.984036444761436258 
+21.971691500864825031 
+21.958962944540754592 
+21.946370151512699209 
+21.922158880092574407 
+21.908938738197328178 
+21.895590072132012693 
+21.881836327900497707 
+21.845164805914681239 
+21.830924532919564029 
+21.816838278036406962 
+21.802330919261233788 
+21.788276704371313031 
+21.774097776077827149 
+21.759494653882818227 
+21.744761239594588176 
+21.730202016742051541 
+21.715210187808693831 
+21.700087572039766570 
+21.684834003173488526 
+21.669449314837205378 
+21.653615319849429000 
+21.637965208566782849 
+21.621860026748013439 
+21.605943811989195780 
+21.576034903267085951 
+21.546342072819189895 
+21.530146475068765000 
+21.513482084197541155 
+21.496684787539855677 
+21.480101266412901850 
+21.463040375763672074 
+21.445846079205647783 
+21.428518208646440968 
+21.411056595870348929 
+21.378997987146746595 
+21.361158807548548566 
+21.328413199616118590 
+21.310568260277236163 
+21.292218068663540720 
+21.273732850202790701 
+21.255112435582866226 
+21.235972473675658989 
+21.217078390485230699 
+21.198048598944666310 
+21.178490377092668240 
+21.159185880920869494 
+21.139745162989523664 
+21.120568950377908379 
+21.100858066725457718 
+21.081416874805746886 
+21.061435157185165679 
+21.041728330822376591 
+21.021475109910422674 
+21.000666915892757913 
+20.980135902386972901 
+20.959467136857117708 
+20.938660447796994646 
+20.917286779883479397 
+20.896200905103146539 
+20.874976587896831859 
+20.836071645424119936 
+20.814456503849676494 
+20.793147617977712827 
+20.771256947833933282 
+20.749677824889825928 
+20.727510949000013341 
+20.704747594021412738 
+20.682298117938323401 
+20.659708507224635810 
+20.636978588314942584 
+20.613639980652031625 
+20.591097130870291920 
+20.567945244426411477 
+20.545129129681182434 
+20.521697943793284935 
+20.498607894800525031 
+20.474896725624518012 
+20.451043861222135689 
+20.427540234338778191 
+20.403406355011242113 
+20.379130258602707215 
+20.354711769645369657 
+20.330653384818369034 
+20.305952498602284351 
+20.281617142145329069 
+20.257144477575444341 
+20.231505930921922953 
+20.206235251092643068 
+20.180300797217881836 
+20.154739767632626979 
+20.129034762403861691 
+20.103185604386389684 
+20.076660132856197549 
+20.050519186150875584 
+20.001587710410042575 
+19.975032894912498449 
+19.947786470615415766 
+19.920388672441575295 
+19.870690567957201011 
+19.842867913178633188 
+19.815454149461018574 
+19.787894133789095008 
+19.760187686753958758 
+19.731764671187391968 
+19.703761824865040353 
+19.675035986434135538 
+19.646736006205323122 
+19.618288687447961394 
+19.589693849637296097 
+19.561539372035952056 
+19.532651973575934079 
+19.503616517057825064 
+19.475029889808020300 
+19.445700803966921910 
+19.416223119376944339 
+19.385990482024705983 
+19.356212012254452759 
+19.326284393895360125 
+19.295592073058184468 
+19.265362556828353746 
+19.234983340393629447 
+19.204454240729152303 
+19.173147405354232120 
+19.142945658621318472 
+19.111965809135650574 
+19.081472164742191211 
+19.024548837575746774 
+18.992996279889755584 
+18.961292405279920104 
+18.929437028953163491 
+18.870531850655581252 
+18.838906118687642532 
+18.806470860367436870 
+18.774549786101836446 
+18.741812668285863452 
+18.708922787445022351 
+18.675879957167254020 
+18.642683990829642227 
+18.608652506098138701 
+18.575146572117805732 
+18.540798404083034256 
+18.506981738031370810 
+18.473010991943571213 
+18.438187941438627604 
+18.403905317189355628 
+18.369468044659612360 
+18.334168360324742508 
+18.299418059539963366 
+18.264512540237674898 
+18.229451613180451375 
+18.194955350060990185 
+18.159586220116064936 
+18.124787679681244157 
+18.059868739568397444 
+18.023906539525892612 
+17.958186530156666549 
+17.922527044621748615 
+17.886716680811762359 
+17.850004454708024326 
+17.813134618694245859 
+17.776864225405777375 
+17.739681819406296626 
+17.671741712830570492 
+17.634882831264086178 
+17.597871639597894244 
+17.559932089748581774 
+17.522612549556541239 
+17.484357847572354672 
+17.446729214539224984 
+17.408158599675697786 
+17.369428110156896139 
+17.329742198200325021 
+17.290688101868532556 
+17.251473541646234366 
+17.211293071838468904 
+17.171753712076494480 
+17.131241406085017331 
+17.090561195410145956 
+17.050531486556518956 
+17.009518208219041924 
+16.968336402053033396 
+16.926985858414784758 
+16.885466367390577602 
+16.843777718795841736 
+16.801919702173918836 
+16.759892106795614808 
+16.719385879676341489 
+16.677874176540225193 
+16.602057151063899454 
+16.525699668923653718 
+16.483429033116269835 
+16.440994011644914252 
+16.397523309083648968 
+16.354755549299664352 
+16.311822797334500024 
+16.267843580488509758 
+16.225461511280048654 
+16.181144543231020805 
+16.136654935446578918 
+16.091992472891565313 
+16.047156940243642254 
+16.003049997855288922 
+15.957871150051069264 
+15.913427343798463909 
+15.868816499393524566 
+15.824038412826382682 
+15.778173879100208410 
+15.733979695815534683 
+15.613477696793001570 
+15.568685226848614889 
+15.523730966248134422 
+15.477673075617474296 
+15.431446174590949028 
+15.385050056532580953 
+15.337532431794947740 
+15.290793794634900848 
+15.243885314630045258 
+15.195844225604165700 
+15.148591959525955275 
+15.101169222236965339 
+15.054548806822069196 
+15.006787990623678297 
+14.958856080817032108 
+14.910752867949916833 
+14.862478142284579974 
+14.813041201258194235 
+14.763425233337848397 
+14.714627677233522718 
+14.664656575604396949 
+14.614505779331775415 
+14.565183442690425863 
+14.515688099728667027 
+14.465004089167795343 
+14.415158555434352650 
+14.365139373936955280 
+14.314946331715322714 
+14.264579215513951027 
+14.213004538324398141 
+14.162285069731357368 
+14.111390881239984196 
+14.060321758400380787 
+14.008029859777856529 
+13.956606642592859657 
+13.905007841513501887 
+13.852174784383077366 
+13.799158449531606863 
+13.702197641739957135 
+13.649735717274523950 
+13.597096932593544238 
+13.544281070244760912 
+13.491287912468735044 
+13.439204132774214884 
+13.385859358999756097 
+13.332336639135988321 
+13.278635754193647500 
+13.225857846346428914 
+13.171803620211175456 
+13.118679160401665484 
+13.065382898425450975 
+13.011914626974927955 
+12.957154795484814969 
+12.902215275305660924 
+12.848222531111822775 
+12.791796282667274198 
+12.736316366307175230 
+12.680655873454742988 
+12.624814581361867738 
+12.567647067991288168 
+12.511439806669631736 
+12.407729047395939403 
+12.349846908334914275 
+12.245181044741851650 
+12.186767355681567437 
+12.128163372373624185 
+12.069368854796806545 
+12.012746640154574607 
+11.954763224455334125 
+11.895407142573374060 
+11.837052406672832205 
+11.778513542525402613 
+11.718589967988961575 
+11.659678393912576766 
+11.600582002225781508 
+11.540088810379922180 
+11.481833850056812452 
+11.422181630752861636 
+11.362343676193239261 
+11.303546594485284871 
+11.243340280540614629 
+11.182947544276656160 
+11.122368154427459075 
+11.060359803787797262 
+10.999402590469902208 
+10.937008222233973953 
+10.875672237190816105 
+10.814148427582122025 
+10.751175174442582971 
+10.688005860949377990 
+10.624640238436560580 
+10.562351229354334237 
+10.498596179892160762 
+10.434644078147162105 
+10.371779597215940782 
+10.307436593528947810 
+10.244188547031942704 
+10.180750297931858483 
+10.115821080104318241 
+10.051997820975362430 
+9.987983642693295749 
+9.922466002279815456 
+9.858065362971839107 
+9.794793211643346709 
+9.728688928481876275 
+9.663712654882228748 
+9.598544024168827349 
+9.533182796233257150 
+9.411285865890643976 
+9.346720127380455878 
+9.279266675171598422 
+9.214321550121466586 
+9.147831373747461470 
+9.082509798780893817 
+9.015634854089192629 
+8.949935896537908775 
+8.882675230004078770 
+8.816597954403720294 
+8.748950609642665910 
+8.569922207591966767 
+8.501562791010385922 
+8.434407854137138116 
+8.367064038564393513 
+8.298122163651786565 
+8.230395947008231516 
+8.161063219513287947 
+8.092953651228485867 
+8.023229099312676027 
+7.954735225943980303 
+7.886050827461664525 
+7.815738740051255462 
+7.687519773021198155 
+7.618094871350235664 
+7.547025912769026235 
+7.477213430727462473 
+7.405748324362394719 
+7.335547295690595604 
+7.265153638238859735 
+7.193094509154751570 
+7.120834140553866654 
+7.048372278809249991 
+6.977193619006877512 
+6.904332133560123097 
+6.832761516966658455 
+6.759499409344225995 
+6.687535856372175402 
+6.613872125052907336 
+6.541514653123096323 
+6.405317826757368493 
+6.332398234806623449 
+6.196674377891900676 
+6.123194757468310989 
+6.047981437794295090 
+5.910844413595666147 
+5.835052454467716920 
+5.759054539778848181 
+5.557991639652089866 
+5.481243361461701546 
+5.404287915589069513 
+5.328701866995940506 
+5.251335538251899138 
+5.175346486583281447 
+5.097568241967488589 
+5.021175173746647680 
+4.942983977074766777 
+4.800428492276158643 
+4.723257865566209190 
+4.645885969111356317 
+4.566694294559024314 
+4.422318359664746623 
+4.273979095805858108 
+4.193802421440523176 
+4.113414220826201451 
+4.032814224375752765 
+3.950350726324572292 
+3.869321991541211148 
+3.788080644095558558 
+3.706626412700884998 
+3.624959025645582589 
+3.541404949563817794 
+3.459306070276452427 
+3.376993212061410787 
+3.294466101491198895 
+3.213415215719100715 
+3.132158212731161129 
+3.047296044415928051 
+2.963913579222154482 
+2.880315493717148456 
+2.796501511897477421 
+2.710754203410371765 
+2.626503178991689502 
+2.542035421980616938 
+2.457350654625678477 
+2.299502252854785045 
+2.215939046115801947 
+2.130419082600192304 
+2.044680759152608829 
+1.960480206553218308 
+1.874308792450102512 
+1.789683448491145690 
+1.703077841823089411 
+1.618026625399931806 
+1.530985720817927387 
+1.445507547450189278 
+1.358030236152987236 
+1.272124017972980692 
+1.182412702761879153 
+1.094271911665808172 
+1.004103763411164252 
+0.913704439454970263 
+0.823073635831962580 
+0.732211048086901073 
+0.642940541258174125 
+0.553446848619760789 
+0.461896390764659603 
+0.371950892697952007 
+0.281781337782124996 
+0.191387436715437786 
+0.100768899739008155 
+0.008069144366813941 
-0.083004134831174525 
-0.174302927914783190 
-0.267697728649109123 
-0.359453042064393102 
-0.530456631686041291 
-0.624747707968267285 
-0.717382519931548224 
-0.808347440403605511 
