+0.895598277829918077 
+0.914441158023533873 
+0.933696874549258760 
+0.952201857390805984 
+0.970347836249761952 
+0.988137704319422272 
+1.005926537625093209 
+1.023005706533611558 
+1.039399437052003217 
+1.055793609078743867 
+1.071521795674905686 
+1.087242127841560935 
+1.102315664913581017 
+1.117677088611654046 
+1.132397347461066017 
+1.146789863530527143 
+1.160857429079777514 
+1.174880010529147256 
+1.188299525917284605 
+1.201402469192772271 
+1.214449350301837427 
+1.226921087370519858 
+1.239084547801699632 
+1.250942459849799349 
+1.262497542724244415 
+1.273979093760649661 
+1.285151020844888414 
+1.296016184038344843 
+1.306577433645830233 
+1.316635338886289919 
+1.326603210437394154 
+1.336085034170437114 
+1.345100751234264536 
+1.354028609328516097 
+1.362506720138536798 
+1.370890913734885030 
+1.378841475314323883 
+1.386534680466224190 
+1.394125238124309440 
+1.401305801640849502 
+1.408236348382222669 
+1.415055903914914204 
+1.421488566012620414 
+1.427804868856293208 
+1.433870741207720734 
+1.439572442436800825 
+1.445038632661976408 
+1.450378235377089098 
+1.455477381738317089 
+1.460241723491547461 
+1.464780059440502491 
+1.469269678941715895 
+1.473436567121224838 
+1.477453374217856386 
+1.481161923785644374 
+1.484578400136541632 
+1.487847551739544638 
+1.490838265959333331 
+1.493621732968489990 
+1.496251774029266013 
+1.498623338171873431 
+1.500794476987880932 
+1.502845371465343804 
+1.504649047685902685 
+1.506281599400359994 
+1.507680124275839972 
+1.508904161169692060 
+1.509888591608967490 
+1.510703209976940631 
+1.511316990323112730 
+1.511757784297137475 
+1.512009807957765517 
+1.512085483670123409 
+1.511976980135326887 
+1.511682253818894095 
+1.511204060607621358 
+1.510559751605584644 
+1.509743809981169527 
+1.508758484393531107 
+1.507580770607020781 
+1.506260047022735638 
+1.504776680252340570 
+1.503132885162393961 
+1.501292460357991354 
+1.499331258404555278 
+1.497216267118190558 
+1.494901847285053265 
+1.492482785643619803 
+1.489916497548203100 
+1.487148309837706073 
+1.484291134442873528 
+1.481230587277760691 
+1.478091257637352607 
+1.474815485807499993 
+1.471405386208982424 
+1.467863065022863012 
+1.464190620201831550 
+1.460468968334161843 
+1.456545086948572099 
+1.452413400268848243 
+1.448241276264723876 
+1.443860573387415691 
+1.439448603474227539 
+1.434827418133145516 
+1.430087998604874677 
+1.425330729166115695 
+1.420463988737987515 
+1.415489785014107937 
+1.410514825326790733 
+1.405333777560756836 
+1.400051200677943974 
+1.394669070238228059 
+1.389189353755100997 
+1.383614010707013620 
+1.377944992548724157 
+1.372065734845215212 
+1.366213376313097250 
+1.360151058894162546 
+1.354123227287748588 
+1.347885844439727254 
+1.341817587471858086 
+1.335543577771291179 
+1.329191293986570432 
+1.322762615546649423 
+1.316259413970702452 
+1.309683552879470803 
+1.303036888006607441 
+1.296183508648902416 
+1.289399421312770411 
+1.282409638610267022 
+1.275353857133153301 
+1.268377018876424511 
+1.261196244190604387 
+1.253955195769682840 
+1.246802326033427555 
+1.239595182803545637 
+1.232335542774201986 
+1.224875467865079504 
+1.217515152249789345 
+1.210107659100207567 
+1.202654733976459944 
+1.195004679681504811 
+1.187465257991951351 
+1.179730536937600993 
+1.172111649169504943 
+1.164299403001042510 
+1.156608016338996903 
+1.148725322203592913 
+1.140968340718564455 
+1.133340632744216370 
+1.125685771062248541 
+1.117845046514214680 
+1.110140070004716817 
+1.102251418879840239 
+1.094341002016568920 
+1.086248404030101700 
+1.078298979801184831 
+1.070169951120191865 
+1.062188114626581026 
+1.054029353293920002 
+1.046021637645766944 
+1.038003511104817811 
+1.029976551500605852 
+1.021778300828115826 
+1.013738278636460821 
+1.005694143792372985 
+0.997647444181926968 
+0.989599720271808758 
+0.981552505120664831 
+0.973507324390443740 
+0.965301629099467928 
+0.957265183686023091 
+0.949235336020530229 
+0.941049967605948057 
+0.933038007223086496 
+0.925037140852256079 
+0.916885957056862155 
+0.908911994755795094 
+0.900953555980506748 
+0.893012092604426932 
+0.884927556353787170 
+0.877185863198941207 
+0.869303964605757318 
+0.861284631115364907 
+0.853450075796954977 
+0.845641083488289036 
+0.837859055255734897 
+0.830105384974105021 
+0.822381459338000442 
+0.814531995635835671 
+0.806872368144573970 
+0.799246630202178121 
+0.791501608275085422 
+0.783948477051874870 
+0.776280349276153081 
+0.768653176312952935 
+0.761219642191646728 
+0.753677718647938644 
+0.746180935661460598 
+0.738730682608560452 
+0.731475909622959053 
+0.724268444414235435 
+0.716963988894999016 
+0.709856022412232113 
+0.702799227668445048 
+0.695652478639893879 
+0.688702924954614937 
+0.681808343242739201 
+0.674969977701254775 
+0.668051286489129703 
+0.661330268520965103 
+0.654669182615909451 
+0.647935197727721901 
+0.641398903304114754 
+0.635057646466776093 
+0.628648383575593828 
+0.622305065742006835 
+0.615901496648478153 
+0.609695014224643783 
+0.603558026150476934 
+0.597491693815306424 
+0.591375590394406347 
+0.585335477654073566 
+0.579491061488861092 
+0.573721924852766740 
+0.567913820236234157 
+0.562300211352053547 
+0.556765266061737929 
+0.551199599458800815 
+0.545718161282029213 
+0.540322113092900569 
+0.535117943713813826 
+0.529894366168595199 
+0.524861414829149053 
+0.519814777151470508 
+0.514957396250721011 
+0.510092111712391771 
+0.505509156268304505 
+0.500920382971398848 
+0.496423220324299030 
+0.492018694732046957 
+0.487620831415695233 
+0.483406575410003481 
+0.479204967988169417 
+0.475104066215663812 
+0.471183904235029316 
+0.467285506414451490 
+0.463565805561544197 
+0.459873994409830622 
+0.456288054313169877 
+0.452877532595600429 
+0.449570623426140292 
+0.446368274275472765 
+0.443333566412404179 
+0.440400976006166733 
+0.437513527137095570 
+0.434789956715419701 
+0.432171122050165446 
+0.429606647721959389 
+0.427153112659934386 
+0.424811413675150518 
+0.422538131954436569 
+0.420425097926626745 
+0.418426570220329919 
+0.416543420197374614 
+0.414776512918054507 
+0.413094262935217948 
+0.411564827231685249 
+0.410154208961616529 
+0.408888392524682731 
+0.407715455108456359 
+0.406684063123788131 
+0.405752049324091202 
+0.404958234733465372 
+0.404270339087450303 
+0.403706960058628106 
+0.403268894391106747 
+0.402956932663135536 
+0.402771859298458268 
+0.402714615744042104 
+0.402791123195435752 
+0.402996649937363338 
+0.403340378554124024 
+0.403820263454776729 
+0.404437098633201486 
+0.405191671497885264 
+0.406084762884452610 
+0.407095129338702288 
+0.408215281474861968 
+0.409465173023595641 
+0.410875619829187910 
+0.412389726741620444 
+0.414071268613145915 
+0.415890790723650428 
+0.417848980080609333 
+0.419990780306017275 
+0.422231205954702982 
+0.424612337747941437 
+0.427187795012611005 
+0.429855227816015817 
+0.432724191341142927 
+0.435680583285327994 
+0.438780963873906360 
+0.442025966517352320 
+0.445486924345927959 
+0.449099781300343170 
+0.452788384115197673 
+0.456703925163958968 
+0.460690397055791845 
+0.464825205296843957 
+0.469197920194582951 
+0.473634229620055580 
+0.478220646732366972 
+0.482957746404058641 
+0.487846097764133624 
+0.492990709418054007 
+0.498186364039343466 
+0.503534954593544470 
+0.509150916335076031 
+0.514810160430036357 
+0.520744235085629059 
+0.526716315301440918 
+0.532970706162105512 
+0.539257758416158861 
+0.545834621254352115 
+0.552438734990381652 
+0.559340178252922815 
+0.566263396630053761 
+0.573345297389899811 
+0.580735801712823352 
+0.588139775627493977 
+0.595547902731706991 
+0.603269314030680848 
+0.610989291242252541 
+0.619029948382066708 
+0.627063526294061035 
+0.635425194989394426 
+0.643949681908955185 
+0.652637421294406828 
+0.661488841928434379 
+0.670504367146101510 
+0.679873478722244240 
+0.689221831654923789 
+0.698735534855153828 
+0.708414989870794987 
+0.718463256268999428 
+0.728478800788954328 
+0.738870823745555128 
+0.749224030597073654 
+0.759528540600118096 
+0.770214071295548197 
+0.780844826649843671 
+0.791637534784538577 
+0.802822485056563839 
+0.813943481960197612 
+0.825464237592100636 
+0.837395496294547903 
+0.849016499879242659 
+0.860801402592389020 
+0.873001195150848286 
+0.885118229996846528 
+0.897657690121937080 
+0.910108054132807487 
+0.922723795122376123 
+0.935505191777582068 
+0.948724020371486843 
+0.961841010707128463 
+0.975402980504255890 
+0.988856644076415714 
+1.002477296133078122 
+1.016554214631103514 
+1.030513081109989626 
+1.044935766656684528 
+1.059233830249904917 
+1.074003266323392491 
+1.088641471195652466 
+1.103758602031117197 
+1.119365657494836075 
+1.134838585134197775 
+1.150809163769605403 
+1.166963684239180399 
+1.183302370424595740 
+1.199825440815736055 
+1.216197144762867888 
+1.233085919428267063 
+1.250159697548415050 
+1.267071680488194740 
+1.284512341959228809 
+1.302138578696417470 
+1.319592510582530132 
+1.337225008819044714 
+1.355036234253447880 
+1.373026342874864580 
+1.391195485825383216 
+1.409543809411412552 
+1.427691546512731779 
+1.446778559605300218 
+1.465665254749684232 
+1.484731667625302398 
+1.504372574587624634 
+1.523802458846305719 
+1.543814494632136158 
+1.564014142513087124 
+1.583991924238439486 
+1.604563362162921170 
+1.624905693893299086 
+1.645428595954098849 
+1.666556555597028977 
+1.687444535160909531 
+1.708513324794112886 
+1.730198545078533989 
+1.751632853633366960 
+1.773691183552737805 
+1.795938043728313449 
+1.818373488634536184 
+1.840997567763469567 
+1.863352221164134459 
+1.885888118931968949 
+1.909070797326057001 
+1.931972977818593673 
+1.955056487646753327 
+1.978798027218868327 
+2.002728407988635162 
+2.026847640431097997 
+2.050667717542340451 
+2.075160888149801597 
+2.099842912812205586 
+2.124713782694784836 
+2.149270439675528888 
+2.174515178174825536 
+2.199948707029530937 
+2.225056702800729980 
+2.250345955257768260 
+2.276338121524953628 
+2.301993474717693555 
+2.327829965125316924 
+2.354380400625561087 
+2.381119335802904580 
+2.407506316186906581 
+2.434618297132205456 
+2.461918583061242227 
+2.489407099353189157 
+2.517083766740958684 
+2.544389364138534226 
+2.572438318718303307 
+2.600675160748321613 
+2.628529460270316420 
+2.657138026992138080 
+2.685356416106326805 
+2.714336289231439103 
+2.743503520643872484 
+2.771680217898587983 
+2.800621803599548265 
+2.829146872366760324 
+2.857844154839361828 
+2.887316803546354116 
+2.916968655580724157 
+2.947410230859437430 
+2.977423721982996874 
+3.007615987655799294 
+3.038608550603612457 
+3.069161551385922060 
+3.099892860716393361 
+3.131434975130994225 
+3.162526040701557406 
+3.194434902290852030 
+3.225885027828504281 
+3.256865368897262414 
+3.288015818199717000 
+3.319990514112438174 
+3.351484184872173699 
+3.383147423106548590 
+3.415645021851664076 
+3.447650355209203266 
+3.480496776235519896 
+3.512843413973999240 
+3.546037834897904251 
+3.579407727345011114 
+3.613639287804848887 
+3.647363024662306330 
+3.681261552409725191 
+3.715334637962937947 
+3.750282784473637498 
+3.784707821196056088 
+3.819306688500691660 
+3.854790585428165439 
+3.889739899552442370 
+3.924862282397762137 
+3.960157474147533385 
+3.995625211233998275 
+4.030536158821007575 
+4.067809895125193087 
+4.105269662584768220 
+4.142915147062959491 
+4.180746030088206666 
+4.218014801089729815 
+4.256211889173373564 
+4.293839051892591741 
+4.330885346645278133 
+4.368862552313768077 
+4.407016066526543874 
+4.444577249015519094 
+4.483078883012194815 
+4.520205396853703483 
+4.558271726936848012 
+4.595723836595366762 
+4.633336603934921527 
+4.671898361506155339 
+4.709834841082066070 
+4.748726398056513531 
+4.786985296345232399 
+4.825403255418366122 
+4.864785315477369920 
+4.903523710031869598 
+4.942420169353759718 
+4.982289661044981166 
+5.021504513669458269 
+5.061698321212480423 
+5.101230168368753759 
+5.141746850582607387 
+5.182426078153351767 
+5.222432356842027446 
+5.263432240151914243 
+5.304593532912770470 
+5.345915847208400962 
+5.386550598038364335 
+5.428190512148295177 
+5.469135620710683376 
+5.511091575594257108 
+5.552345502095135998 
+5.593751668514123310 
+5.636177092723609228 
+5.677889728738565900 
+5.720627192839289776 
+5.762644696571800118 
+5.804812462642357396 
+5.848013297726415871 
+5.890483491159261398 
+5.933102725839887626 
+5.977655805454691773 
+6.021473842552604872 
+6.065445877107771722 
+6.109571463296373572 
+6.153850152154923592 
+6.199189839882111919 
+6.242865026397661055 
+6.286685819826330679 
+6.331569284707770251 
+6.376603570253759123 
+6.421788208963513434 
+6.466196040880306306 
+6.511676926775787244 
+6.556374048151144329 
+6.602149313604296132 
+6.647133883424410250 
+6.693201637370462365 
+6.739416416921686803 
+6.784830119860051134 
+6.831334497757178603 
+6.877984428085619051 
+6.923822964298533833 
+6.970759550718945263 
+7.016877924268871247 
+7.064099183478190547 
+7.110495440464545958 
+7.157999366595907631 
+7.206619154940612226 
+7.254409484603018932 
+7.303320434452341914 
+7.351395031272112135 
+7.399609528384877066 
+7.448951654852627335 
+7.497447181720724885 
+7.546080993687210636 
+7.595849318700184760 
+7.643761308607652794 
+7.691804433288284670 
+7.740983181912213240 
+7.789289731284855023 
+7.837725849753323537 
+7.887304156695942758 
+7.936000512712964472 
+7.985843380064004293 
+8.034797815865715620 
+8.084903030482198716 
+8.135139923085995761 
+8.186537200385785695 
+8.238070377490174678 
+8.289738840229507133 
+8.340504593218538432 
+8.392439098487432858 
+8.443464379836417066 
+8.495662486820368287 
+8.546944893870328741 
+8.598353669739147165 
+8.650941248959025387 
+8.702603519235211138 
+8.754390349422337181 
+8.807361825770792407 
+8.859398472369719002 
+8.911557847012797851 
+8.964907574622380082 
+9.017313041611370039 
+9.070912602503497624 
+9.123561645338103432 
+9.176330308699576221 
+9.230298543391757704 
+9.285473097809578746 
+9.339689584715589632 
+9.394027957391013928 
+9.448487542596630817 
+9.504160491785317078 
+9.556672475003853862 
+9.610391756627720383 
+9.663125097788853424 
+9.717069086502711173 
+9.770021307798629095 
+9.823080919081707663 
+9.877356071321880648 
+9.931741841254893899 
+9.987350870196614494 
+10.041958126670319729 
+10.096674010203869898 
+10.152617830743466243 
+10.207551158294450033 
+10.263715471498890963 
+10.318863516129496816 
+10.375245530165351227 
+10.431736427213827767 
+10.488335488118881500 
+10.545041991392693603 
+10.601855213228063235 
+10.657635009207101717 
+10.714657389402347576 
+10.771784317583737334 
+10.829015060837910767 
+10.885201202114370034 
+10.941485647308784479 
+10.997867700335032026 
+11.054346663059607891 
+11.110921835313067874 
+11.167592514901386380 
+11.225517459028850453 
+11.282378951641071296 
+11.340497129986019331 
+11.398711778035231390 
+11.457022139038780750 
+11.514258422193144327 
+11.572756053995533421 
+11.631347131111986926 
+11.688856309974088532 
+11.746453776856689899 
+11.804138807811959566 
+11.861910677005006676 
+11.919768656725246103 
+11.977712017397649902 
+12.034554941178971177 
+12.092665162395078937 
+12.149670132264798639 
+12.207944333482984689 
+12.265108520773367218 
+12.323543807382300486 
+12.382059362167119332 
+12.440654441154496368 
+12.500526539298871143 
+12.559280012404158811 
+12.618110751950883497 
+12.677018006946699558 
+12.737205543316843404 
+12.796265092290546761 
+12.855398878028985621 
+12.914606142704204927 
+12.975096674254452012 
+13.035662114926061861 
+13.095088142493601424 
+13.155799510304436950 
+13.216583366648062992 
+13.275003308715476180 
+13.334707713839634380 
+13.393258930155745645 
+13.453095832216202865 
+13.511775357136553311 
+13.571741722618366310 
+13.631772330073360422 
+13.691866400794474146 
+13.750794844283003471 
+13.811012243863014959 
+13.870059997420739251 
+13.930397656622016456 
+13.989561707986155170 
+14.048782191218176507 
+14.109293871764208461 
+14.168626129108911726 
+14.229250362170393629 
+14.288691353748273372 
+14.350665059411724656 
+14.413936248585706323 
+14.474780566948641791 
+14.536920672653451447 
+14.597870147498898774 
+14.660115887525854816 
+14.721167246388915828 
+14.783515275837462610 
+14.844665235224937305 
+14.905862778781319378 
+14.968357463617046221 
+15.029648678885394020 
+15.090985032927324738 
+15.152365713564755367 
+15.215043909706391645 
+15.276511664912522548 
+15.339277014636945040 
+15.400828513783640261 
+15.462420226663315503 
+15.524051333710442435 
+15.586979974961504780 
+15.648688168798951637 
+15.711693756995895654 
+15.773475677684757557 
+15.836554779485183531 
+15.899669701451397685 
+15.961556230199928308 
+16.023475487259410954 
+16.086691278344371625 
+16.148674126637910575 
+16.211953074938527664 
+16.273996117956937013 
+16.337334753200032367 
+16.399434585764186778 
+16.462829428926156083 
+16.526251334953528271 
+16.587160998709745030 
+16.649363673643346573 
+16.710319671434184841 
+16.771297403490915912 
+16.833567100921818849 
+16.895857779593136172 
+16.958168595487748576 
+17.019226473378893161 
+17.081574660000399035 
+17.142667521595370772 
+17.205049760815104065 
+17.266174352332253505 
+17.329861204532925001 
+17.392288709506331656 
+17.454729602129255284 
+17.518457714853131080 
+17.580923055920145259 
+17.643399209181907850 
+17.707160644786736015 
+17.769656035616037570 
+17.833435319692934939 
+17.894670649071350965 
+17.955912230684582198 
+18.018435289746275174 
+18.079687043265494140 
+18.142218802649718867 
+18.203477428446525721 
+18.264738232919370375 
+18.327276710173620700 
+18.388539444624761643 
+18.449801909239390341 
+18.512339553752891419 
+18.573598994731991496 
+18.634855711904037889 
+18.698661018808255818 
+18.762461567352119118 
+18.826256436763344482 
+18.890044705639027711 
+18.953825451958195458 
+19.016322395804767353 
+19.080085524957695498 
+19.142563429941361619 
+19.205030598053461688 
+19.267486158789584039 
+19.331203453723887264 
+19.393632904676355366 
+19.457321741413764471 
+19.519721523112540496 
+19.583378267575731968 
+19.645744816746379513 
+19.709365831072449993 
+19.772967416108961913 
+19.836548642560760669 
+19.898837596579280529 
+19.961105229862905475 
+20.022080579210935980 
+20.084303422842456399 
+20.145233214540695599 
+20.207407833614031034 
+20.268288701559288967 
+20.331679191648287741 
+20.393774175281983219 
+20.455840857940657429 
+20.517878361225857731 
+20.581150945394593776 
+20.643126813134426101 
+20.705070846764751735 
+20.768245316392619060 
+20.830122348552354339 
+20.891964889683958262 
+20.952511048257562720 
+21.014282715515310684 
+21.074757756844977763 
+21.136455099926145351 
+21.196855643472940045 
+21.258475210790127363 
+21.321310461435253103 
+21.382847089141229446 
+21.444341335029811546 
+21.504538654267332021 
+21.564693629473413949 
+21.626057296141869557 
+21.687375090821184642 
+21.747396175551003239 
+21.807371566556081888 
+21.868548452383741676 
+21.929675975134959032 
+21.990753252978993970 
+22.051779404083028169 
+22.112753546623416412 
+22.173674798797108565 
+22.235783906226728845 
+22.296595607831093844 
+22.357351755903536628 
+22.418051468838022799 
+22.478693865106084360 
+22.540513863317208632 
+22.601037767154664948 
+22.661501692335725977 
+22.721904757757876325 
+22.783476889017688194 
+22.843754305003059812 
+22.903968200803479505 
+22.965344559908391631 
+23.025427432610314327 
+23.086668261473832331 
+23.147839247625213943 
+23.208939456405840218 
+23.269967953402133531 
+23.329705405408244445 
+23.390589157385669239 
+23.451398414604060605 
+23.560664371864412203 
+23.618837743371244642 
+23.679358550840152731 
+23.739800423835472287 
+23.800162430620819265 
+23.860443639827177975 
+23.919439937812548180 
+23.977155280604574017 
+24.035993613477437236 
+24.094750845598316147 
+24.152229473203309595 
+24.210823579593387933 
+24.268140732777482071 
+24.326568288780904936 
+24.384910410204454934 
+24.491843930628178327 
+24.549938949782948328 
+24.606762281368776968 
+24.663499601174535769 
+24.721329380499028616 
+24.777890388350662931 
+24.835538478883247393 
+24.891919837986719699 
+24.949382835512928125 
+25.005581213223511128 
+25.062855717851853399 
+25.118867785844813056 
+25.175950402180841792 
+25.232934795911891257 
+25.289820102405386137 
+25.346605457659251215 
+25.402134184370385839 
+25.458719131383233503 
+25.514049884549287128 
+25.569281448092379350 
+25.625560518047091563 
+25.680589166986141691 
+25.736659410514054258 
+25.791481846084270302 
+25.846201019539055466 
+25.901952827443480487 
+25.956460866725379333 
+26.011995464526048494 
+26.068548995766001042 
+26.122730810003304214 
+26.176804471471239566 
+26.231892279224570785 
+26.285744936759531498 
+26.340605468357754404 
+26.395349923577544615 
+26.449977453249186254 
+26.504487209069509390 
+26.558878343613269379 
+26.612043625068906749 
+26.667301363627700539 
+26.721331558739610301 
+26.775239751880114625 
+26.829025100183706343 
+26.883780603914900098 
+26.937315187611950762 
+26.990724386464478357 
+27.045093448970394689 
+27.098246760328219551 
+27.150191288991141647 
+27.202012283693399297 
+27.254784646046491758 
+27.306353604490109177 
+27.357796660890816298 
+27.410180771657078225 
+27.462432034120631386 
+27.514549618554429600 
+27.565473167152912737 
+27.617323680916420869 
+27.667984021936678829 
+27.719564226413421437 
+27.769958191614460219 
+27.822310483041672313 
+27.874517604379921210 
+27.926578683648365597 
+27.978492850149493165 
+28.030259234481604835 
+28.081876968551181761 
+28.132317292111512330 
+28.183638142793235204 
+28.234807764175499756 
+28.284806438985597765 
+28.335674082354731951 
+28.385375165266616193 
+28.435937458949648970 
+28.527561201786014067 
+28.576681916847341824 
+28.625650996510142221 
+28.674467639056995694 
+28.724122573676162062 
+28.771640412715083102 
+28.819994947206886593 
+28.868193851366701352 
+28.916236330360430173 
+28.964121590764808190 
+29.012821215280411025 
+29.060386414873796923 
+29.107792008095845659 
+29.155037207309106861 
+29.203080440925614170 
+29.249999181525858205 
+29.296755158088473081 
+29.344296746516565833 
+29.390721489811905798 
+29.436981112742522271 
+29.483074838245723726 
+29.529937436709921883 
+29.574761496468028099 
+29.619424132967253627 
+29.664849985726235104 
+29.709184202597491264 
+29.754273287962764272 
+29.799191111660888964 
+29.843936909260641244 
+29.887601996921763003 
+29.932005005027612299 
+29.977134525789594477 
+30.021184607607310113 
+30.065952422966205404 
+30.110536363617697475 
+30.154049459504687292 
+30.198266970740306192 
+30.241419434887443884 
+30.284392274862494077 
+30.327184744981419584 
+30.369796101323757398 
+30.413089611177124283 
+30.455332781163491518 
+30.497392601251082311 
+30.539268334722983411 
+30.580959246682656527 
+30.622464604065179117 
+30.664624977220718449 
+30.705753209419928140 
+30.746693684122842427 
+30.788275381415434850 
+30.829660055047138911 
+30.870025143816167912 
+30.911017450277661567 
+30.950996552048930965 
+30.990783527584277124 
+31.031183693584885930 
+31.070580319264468727 
+31.109782668225019364 
+31.149584065905774111 
+31.188391738336616044 
+31.227003001630979639 
+31.265417153819896612 
+31.304411355718809062 
+31.342425129449669186 
+31.379469954522086539 
+31.417088683288753259 
+31.453745195862683914 
+31.490966168951128878 
+31.528738571101150967 
+31.565550809055899606 
+31.602159710711500651 
+31.638564594868231694 
+31.675501425686444890 
+31.712224400555871995 
+31.748732802639629824 
+31.785025917457708999 
+31.821103032899245022 
+31.856963439235435942 
+31.891895704578530513 
+31.926618499670343709 
+31.960428927965164547 
+31.994037094504573560 
+32.028829856969274203 
+32.063401785968771662 
+32.097752188501729620 
+32.131199992517508690 
+32.165109737876214524 
+32.198124378490433628 
+32.231590778972496025 
+32.264169631814709760 
+32.297190019312679965 
+32.329330479310009139 
+32.361902205504478047 
+32.393601687070542994 
+32.425722123622712445 
+32.456342386294579683 
+32.487382353998597750 
+32.518827888300350537 
+32.549420538377077605 
+32.579790856658590315 
+32.609938229195520876 
+32.640470402591873267 
+32.669561693604237007 
+32.698437292668025123 
+32.727691397869492107 
+32.756129388790832024 
+32.784935592836163210 
+32.813514647610510622 
+32.841289641341049332 
+32.869417284018489056 
+32.897316015210044782 
+32.924985248613971578 
+32.952981983452318104 
+32.980185759335626017 
+33.006610138078237071 
+33.033355569388241690 
+33.059329854785275415 
+33.085614695237879346 
+33.112195242891779401 
+33.138007700938878486 
+33.163585502628485813 
+33.189442830684200203 
+33.214544825367923409 
+33.239410481028180300 
+33.264039246042017339 
+33.288430571529069368 
+33.313074354866493820 
+33.336984292110834360 
+33.360655148755533617 
+33.384086387062680501 
+33.407748255252883496 
+33.430693737414067357 
+33.453397994095908530 
+33.475860498886056860 
+33.498080728217658475 
+33.519612072707460015 
+33.540909943136760774 
+33.562410195563302295 
+33.583234778803387144 
+33.604250883134213268 
+33.624600224023240003 
+33.645546611613887933 
+33.665825231678262242 
+33.685857024473342847 
+33.706042681390798066 
+33.725574276089048453 
+33.744857558487666438 
+33.764277907831633740 
+33.783058019275117090 
+33.801588360688974433 
+33.820238909700414354 
+33.838263162774808279 
+33.856036215703078085 
+33.873557601138735151 
+33.890476944373745027 
+33.907153908357159366 
+33.923927855557984401 
+33.940113699795524838 
+33.956385406871930854 
+33.972078396115932719 
+33.987846103804223219 
+34.003044526623952493 
+34.018306500060688791 
+34.033008669013320002 
+34.047763197909588939 
+34.061967449710579103 
+34.075924701815331730 
+34.089917544220057266 
+34.103374438238908795 
+34.116583138229422900 
+34.129810611132789688 
+34.142516567037901609 
+34.154973161907904000 
+34.167431666564944237 
+34.179383186855325505 
+34.191325311553235622 
+34.202770229511706646 
+34.214424845510421846 
+34.225581475385617125 
+34.236695089866763908 
+34.247320756594412217 
+34.257891781447476376 
+34.267984942600755005 
+34.277813978351971969 
+34.287185972593910321 
+34.296491067048478385 
+34.305349116862956294 
+34.314128856099380016 
+34.322642680671052062 
+34.330724586363125184 
+34.338871187242702376 
+34.346739825034930504 
+34.354330138484570512 
+34.361641770144586872 
+34.368674366387544694 
+34.375295253417768038 
+34.381774331278109003 
+34.387852109308553850 
+34.393776327361308631 
+34.399309696516084500 
+34.404573138962270207 
+34.409467148132435454 
+34.414195342213588447 
+34.418652703769872403 
+34.422756214810142694 
+34.426676566755396891 
+34.430253468315079601 
+34.433635675982429802 
+34.436745615256484143 
+34.439583007562319494 
+34.442147578030301247 
+34.444439055507594105 
+34.446495510458376543 
+34.448234416535328251 
+34.449672274458215782 
+34.450868743178062914 
+34.451774745841760250 
+34.452417207565545709 
+34.452800981004877201 
+34.452909637159436329 
+34.452749094637660221 
+34.452324102205537315 
+34.451617260068992721 
+34.450657202798282697 
+34.449432053922805608 
+34.447907734692655879 
+34.446146257054635953 
+34.444074019016348132 
+34.441775403946259360 
+34.439154436741645782 
+34.436317905311007337 
+34.433147429029965281 
+34.429772232222518369 
+34.425972667700499130 
+34.421883386042360087 
+34.417504196809346695 
+34.412834913898180389 
+34.407875355552967278 
+34.402625344377980809 
+34.397084707350465749 
+34.391372755318755594 
+34.385381369622166403 
+34.379110399705787415 
+34.372559699094033192 
+34.365871323348969213 
+34.358766454165277082 
+34.351534957802314807 
+34.344034513948543008 
+34.336100277267540548 
+34.328055977457005099 
+34.319566319453350900 
+34.310795916262257776 
+34.301744658288811252 
+34.292412440130206619 
+34.282600044016838581 
+34.272699867195463241 
+34.262518437393914894 
+34.251839210215720755 
+34.241089269166835152 
+34.230285766998669317 
+34.218978483455245510 
+34.207628872051621727 
+34.195763966325792182 
+34.183617279421007140 
+34.171188752791039178 
+34.158216000350051900 
+34.144949677750666694 
+34.131389736761008180 
+34.117536133879269755 
+34.103674654910001607 
+34.089531073768391423 
+34.075105362800790942 
+34.060397498761027180 
+34.045098605547650550 
+34.029820624293655840 
+34.014260446636178870 
+33.998418067166554124 
+33.981961473463684342 
+33.965548932915744729 
+33.948854201375930018 
+33.931877291455975865 
+33.914618220278477168 
+33.896716088039454462 
+33.879253685261673468 
+33.861520595851033022 
+33.843138897165950141 
+33.824858900641686432 
+33.806308330378442406 
+33.787092249663722043 
+33.767594305002759825 
+33.747814554342319582 
+33.727753060252439354 
+33.706991790787569130 
+33.686361269852646672 
+33.665449222662836348 
+33.644691063458083136 
+33.623221953388586769 
+33.601918269262775141 
+33.579892451167040690 
+33.558043607600879454 
+33.535461472858564491 
+33.512598472615657386 
+33.489454720854908487 
+33.466511189335122367 
+33.442812018948821162 
+33.419324645381209393 
+33.395070558755882928 
+33.371039853485264359 
+33.346231390232354386 
+33.321657900154328047 
+33.295775129054469232 
+33.269601312665102455 
+33.243136622935558933 
+33.216381237096513246 
+33.189335337673789184 
+33.162548680955829639 
+33.135483377114155701 
+33.108139612810624897 
+33.080517579636939729 
+33.052617474125533192 
+33.024439497761456153 
+32.995400239971210965 
+32.966661486151870974 
+32.937050452164662318 
+32.907150990434928417 
+32.877569917418448142 
+32.847712301423293013 
+32.816960525918197789 
+32.786544907925808445 
+32.755853477517788974 
+32.724251639905453715 
+32.693003730160064890 
+32.660834597473964891 
+32.629031279192169279 
+32.596295965550950768 
+32.563938351650591585 
+32.530638014245475631 
+32.497727259950494272 
+32.464543169553316204 
+32.431086041631829175 
+32.396664977784880080 
+32.362657134847495399 
+32.328377187716654362 
+32.293117490840657524 
+32.258288762396901461 
+32.223188910668596918 
+32.187818270954004163 
+32.152177183811453176 
+32.115530303735539519 
+32.079343863094621270 
+32.043634722554251937 
+32.006915356901437519 
+31.970684866786299949 
+31.934196915339565948 
+31.896683603995263923 
+31.859676454464302964 
+31.821633883751587746 
+31.784109026154677480 
+31.745538737977515353 
+31.707497703211895868 
+31.669201819403596687 
+31.629845641304076054 
+31.591035945379498884 
+31.551156079311859060 
+31.511834204898722334 
+31.472259498298317482 
+31.431599961874262306 
+31.391515596198086513 
+31.350336664291702959 
+31.308896037059099626 
+31.266340402964800660 
+31.223513264267801048 
+31.180415125440628543 
+31.137046496977411891 
+31.095158616416782138 
+31.053022390836883204 
+30.974239265051998871 
+30.929606354223551534 
+30.885606604265205988 
+30.840444648967757502 
+30.795927499889543810 
+30.750238684414146206 
+30.705206300138630837 
+30.659919715416567243 
+30.615311401948289927 
+30.569523223534964984 
+30.524424619614460852 
+30.478137036344257638 
+30.432550307879232321 
+30.385765553023507124 
+30.338730512807654094 
+30.290478183811799795 
+30.242939262194557415 
+30.194174009383157653 
+30.146133650399857373 
+30.096857992099689483 
+30.047325525907186972 
+29.998535191191599836 
+29.948496202096652752 
+29.899210763139162594 
+29.849681236184938626 
+29.799908267170984288 
+29.748869254737691392 
+29.698606428410521119 
+29.648102146846184723 
+29.596318963719404849 
+29.545328893593481467 
+29.494099409130438261 
+29.442631198002622739 
+29.389867250802375054 
+29.338981376323587824 
+29.286801171029697599 
+29.235457119828435424 
+29.182810592690241691 
+29.131011119473274817 
+29.077901105976028617 
+29.025649011315348247 
+28.973173989002106055 
+28.918276210892422284 
+28.863138103913904331 
+28.808870369960626334 
+28.753258799794561895 
+28.697409325957291770 
+28.642446824465988442 
+28.586128747706151643 
+28.529575251509953659 
+28.472787182800960437 
+28.416908115843920513 
+28.360805394916500433 
+28.303328020179833402 
+28.246775922813256443 
+28.190002654718959718 
+28.131843627466249558 
+28.074626057489929565 
+28.018364204045898447 
+27.960714662295004018 
+27.902848185761932598 
+27.844765640465485745 
+27.787659793843591416 
+27.729152099311995983 
+27.670430953816733677 
+27.610292312890287292 
+27.549933301421965837 
+27.490568592375495882 
+27.429776087744976110 
+27.368766095441728226 
+27.308766242011262904 
+27.247328525503100138 
+27.185676265756779202 
+27.123810464691640476 
+27.061732131209105034 
+26.999442281206523120 
+26.936941937588677831 
+26.875488372475182075 
+26.812574296761148673 
+26.750717272727165152 
+26.688662047228735474 
+26.626409615838156242 
+26.563960980659963695 
+26.501317150342337925 
+26.438479140088869457 
+26.375447971669363056 
+26.313516858507551177 
+26.250106354896072247 
+26.186505776619743102 
+26.124019882898657841 
+26.060046131536367398 
+25.995885447707696159 
+25.931538899194372050 
+25.867007560435506974 
+25.800969892050698462 
+25.736068507206979916 
+25.670985617893503417 
+25.604388550840464944 
+25.538942315750702505 
+25.474658969878635872 
+25.408861143044127573 
+25.344235539884696351 
+25.276738832462072537 
+25.210416625482434227 
+25.143921913184250627 
+25.077255850911726043 
+25.010419600813214913 
+24.942045125738715683 
+24.874868600631483417 
+24.807525439291666203 
+24.740016831339779912 
+24.670961192720575639 
+24.603121972954273389 
+24.535120941420824892 
+24.466959315395246932 
+24.398638319059969604 
+24.331558289472802414 
+24.264327673154252096 
+24.195542309078494014 
+24.128010960200224844 
+24.060332578798835357 
+23.989679197628305474 
+23.918868918509339494 
+23.849323932679009630 
+23.779630854207777446 
+23.708364153651245942 
+23.638375821937003707 
+23.568243326219239009 
+23.497967981360503131 
+23.426112565947665445 
+23.355552648370206725 
+23.284853896021694197 
+23.212570592463869446 
+23.141595443423959466 
+23.070485538754166299 
+22.999242243306753153 
+22.926408925050296261 
+22.853439609939215416 
+22.780335771150859614 
+22.708564921480235199 
+22.635199102459836240 
+22.561703196043740860 
+22.489552446605639346 
+22.418755795160997479 
+22.346364787245292405 
+22.275335532620832879 
+22.202709899141265026 
+22.131453586878762962 
+22.058599017112534568 
+21.985630979940985696 
+21.912550948889936819 
+21.837865579953763984 
+21.764563801547630817 
+21.691154524379751223 
+21.617639251459266347 
+21.544019493156877587 
+21.468791160338870583 
+21.394964937566243179 
+21.319529111032782254 
+21.243990924008514298 
+21.169865775331867752 
+21.094129773711426168 
+21.018296335795323415 
+20.942367130062109482 
+20.867865210235827078 
+20.793274510682042688 
+20.718596624418580632 
+20.643833151962066808 
+20.568985701340068317 
+20.492525862022624494 
+20.417513678459215498 
+20.342422419347713003 
+20.267253723025767442 
+20.190472856029341386 
+20.113614829547572072 
+20.036681408690817818 
+19.959674366811594126 
+19.882595485517136069 
+19.805446554681449101 
+19.729774373295732914 
+19.655584603617334949 
+19.579787684034066331 
+19.505479006894724137 
+19.429564071048915253 
+19.355143100391156707 
+19.280669026018962597 
+19.203037165722673052 
+19.126905561505996189 
+19.049168641192625984 
+18.972937680890019863 
+18.895103069443692334 
+18.818780006567084939 
+18.742414060825019817 
+18.667566758499848589 
+18.591121239535066678 
+18.516199465931553192 
+18.439681489888936738 
+18.364692245673900572 
+18.288108989479912481 
+18.213059334946517964 
+18.136418036483593852 
+18.061315091722082826 
+17.984623050002554123 
+17.909473995070854357 
+17.832738570410956669 
+17.757550645505574494 
+17.682346182366636356 
+17.602425327188043980 
+17.524057475471114032 
+17.447245448271704760 
+17.370423952045740634 
+17.293594928677809008 
+17.215192230632244019 
+17.138353957264122585 
+17.059945906801178950 
+16.983106409214261845 
+16.904701229756838643 
+16.827868600125839293 
+16.749474582941942913 
+16.672656980023706552 
+16.594282484418378942 
+16.515921046906822056 
+16.437574825956797753 
+16.359245988857345822 
+16.282502691467598765 
+16.204214702913777302 
+16.125950609165951022 
+16.047712612744962968 
+15.969502925055959253 
+15.892887035985232558 
+15.814739958503540862 
+15.736627832546314920 
+15.660114024429631741 
+15.582077739875188627 
+15.505642598096450513 
+15.427691033140732202 
+15.352900952032598525 
+15.276598752203536691 
+15.201900879470333194 
+15.127251716833988837 
+15.051099735662077705 
+14.973450432384545650 
+14.895860822379791699 
+14.818333249816475927 
+14.740870067945724742 
+14.663473639111284541 
+14.586146334764926280 
+14.510434935272336077 
+14.433251529372956412 
+14.357685749457715474 
+14.282195461867498665 
+14.206782941194752823 
+14.129913922701039297 
+14.054665497885732606 
+13.977968705830715379 
+13.902893766438666034 
+13.826378817790097031 
+13.751486823560210127 
+13.675163406989234716 
+13.600463888024187042 
+13.524341764097222551 
+13.449844321051575236 
+13.373933322423688708 
+13.298132712697480429 
+13.222445027711401622 
+13.146872812648179973 
+13.072926532649990605 
+13.000601588469727687 
+12.926886821355179080 
+12.851791970292445910 
+12.778323309914608075 
+12.704980152030323381 
+12.631764953053917111 
+12.558680178108229342 
+12.485728301035162957 
+12.414396485703793616 
+12.341715022173985972 
+12.270652891702980014 
+12.199727771092824469 
+12.127468822583409747 
+12.056827806757947741 
+11.984863839602365232 
+11.914516658314799002 
+11.842857639142099657 
+11.772814089138833538 
+11.701470053054890741 
+11.631739998246363399 
+11.560721049006822625 
+11.489870181861309817 
+11.419190001546613900 
+11.350120288050582928 
+11.281219338838152311 
+11.211059596936760130 
+11.142507250227392746 
+11.072708554960797755 
+11.003096199239589481 
+10.933672849791296500 
+10.864441182322231327 
+10.793996999706727991 
+10.725160809039255838 
+10.656524436707929482 
+10.588090594632692643 
+10.519862003769414827 
+10.450455403173542379 
+10.382649842797487594 
+10.315057807006880353 
+10.249054888431974319 
+10.181893685008013506 
+10.114954248916511403 
+10.049598629936934202 
+9.983106423520315076 
+9.916844308108824890 
+9.850815095452745140 
+9.786361955823291936 
+9.720802123791621341 
+9.656814226177615978 
+9.591734900517874252 
+9.528223178544433125 
+9.463635556371450264 
+9.399300599985004112 
+9.335221194170884473 
+9.271400232965785193 
+9.206546226351001394 
+9.144545266848407294 
+9.081517096364088104 
+9.020037096649989650 
+8.958819061843374953 
+8.896598739193972705 
+8.835918563446629292 
+8.774253111647301040 
+8.714122188445820427 
+8.653023274621705951 
+8.593453068563446706 
+8.532932432519135801 
+8.473934479482561954 
+8.414003933876038843 
+8.354375989161290761 
+8.293846232402206198 
+8.234838957954238481 
+8.174948904450751286 
+8.116574797556024734 
+8.057337239468425949 
+7.998434111667788393 
+7.941036684808924662 
+7.882805455762555091 
+7.824918502435114220 
+7.768526508247119544 
+7.712471487700493178 
+7.656756588883933290 
+7.600258532934150324 
+7.546359796642938988 
+7.491684247280328890 
+7.438466587436550093 
+7.384492556430536148 
+7.329787252241958484 
+7.276542157146916878 
+7.223662713890208309 
+7.171152157081648326 
+7.117953579038672984 
+7.066198232508988042 
+7.013777064590975385 
+6.961753705449019058 
+6.910131643819375391 
+6.859934734588304828 
+6.810129895500337760 
+6.759716223543154712 
+6.710713645286391582 
+6.662113173840743308 
+6.613918151812819168 
+6.566131931603284677 
+6.519720550745665477 
+6.472753516520802997 
+6.426205331093608919 
+6.381016488719692958 
+6.334379082481460088 
+6.290027423647585714 
+6.245179786723422666 
+6.200767984613242412 
+6.156795457990300591 
+6.113265657437887413 
+6.070182043459181109 
+6.027548086489248114 
+5.985367266907215544 
+5.943643075045868862 
+5.901541703054195231 
+5.860750776134723061 
+5.820427079722028552 
+5.780574144285585803 
+5.741994391456609392 
+5.703083821800240649 
+5.665434026950171287 
+5.627479775258958483 
+5.590773644003276033 
+5.553789740433444422 
+5.518041054852462324 
+5.482771277808285326 
+5.447264226514958452 
+5.412263422411223601 
+5.377772505683192428 
+5.343107083528400914 
+5.309657495912927239 
+5.276062288999068706 
+5.243669015029166935 
+5.211159356489072358 
+5.179837464618045395 
+5.149051453405482981 
+5.118805045062218895 
+5.088501470474871446 
+5.059356679320217154 
+5.030762795770414186 
+5.002157156254167347 
+4.974687824566413674 
+4.947780798827780657 
+4.920908224675988762 
+4.895148874917007120 
+4.869455333909250783 
+4.844859234348378507 
+4.820360662009887776 
+4.796943472103780692 
+4.774115602620613075 
+4.751433355666632607 
+4.729807965308894246 
+4.708783608433087409 
+4.687953787121279525 
+4.667757994956037493 
+4.648200396927299138 
+4.629285169347022943 
+4.611375509843322007 
+4.593744541087236399 
+4.577101532034644649 
+4.560771327507076478 
+4.545411187459182045 
+4.530398340894189246 
+4.516337375063418591 
+4.502658568717313514 
+4.489913169160955064 
+4.477585174005882962 
+4.465945808964020713 
+4.454999386054874222 
+4.444948350706795281 
+4.435386719508036535 
+4.426530948420300149 
+4.418385395249220693 
+4.410954429334877247 
+4.404242431564342475 
+4.398253794385134086 
+4.392992921818430041 
