+19.328327017226563100 
+18.667503926597156294 
+18.319463118663694701 
+17.967308517720788075 
+17.335738905022896716 
+16.992430715187946788 
+16.645324927360846345 
+16.308290773952094810 
+15.974339720098633677 
+15.643457097519929633 
+15.315628277161787096 
+14.984241852976309062 
+14.662538483123420008 
+14.343844967469859597 
+14.028146834195924342 
+13.709078604755287500 
+13.399388369053593095 
+13.098880595052184717 
+12.795020052235855701 
+12.500195556843737066 
+12.196055549707342180 
+11.900923151568083114 
+11.608671761033363623 
+11.319287255528465153 
+11.026937570986600434 
+10.743302409866737790 
+10.462491711837554220 
+10.178847201644048326 
+9.903700492828772184 
+9.625806594284545881 
+9.356267173816943838 
+9.084066190009837172 
+8.601285136201919812 
+8.337036876720311795 
+8.080802484747247050 
+7.822109175444797557 
+7.571290860379477294 
+7.318095899175670382 
+7.072638347348908283 
+6.824885451085879851 
+6.584733660983523862 
+6.347187702317443225 
+6.107466146116443895 
+5.682724593626984344 
+5.450486092195134802 
+5.225459403089397270 
+4.998445995683475473 
+4.778513042813694156 
+4.561081427216334916 
+4.341777303337167382 
+4.129359587302737111 
+3.919403863487062267 
+3.716107615586302870 
+3.510987470484977280 
+3.312403362276285179 
+3.108004872607573077 
+2.906103119729042561 
+2.710648663184631602 
+2.513650469644549190 
+2.326843384301849227 
+1.982640485982745560 
+1.802275814522879216 
+1.620441191015203231 
+1.440905366191763903 
+1.267250426045642087 
+1.092228515667297728 
+0.922971520348013996 
+0.614844188727868612 
+0.448342065066409390 
+0.144990981594666835 
-0.018461887669801058 
-0.176443516872343054 
-0.335414808341166548 
-0.489029209113283514 
-0.640500277618595959 
-0.786813508701371234 
-0.934077068263043486 
-1.079233003792101186 
-1.219394501741835057 
-1.357556120044680625 
-1.496544857443257825 
-1.633472926592883567 
-1.768352098924921734 
-1.901194110258227710 
-2.032010660845834593 
-2.158204840585078443 
-2.389648435389911896 
-2.510347634691999730 
-2.631611738508471632 
-2.748502185482660565 
-2.960300621298046053 
-3.074191707043290478 
-3.183901603440158823 
-3.294012691096682488 
-3.402231135150231012 
-3.510718825898262452 
-3.703178270736639632 
-3.806205786271462443 
-3.988813398299129176 
-4.084539949918884361 
-4.180358255953759539 
-4.274307502342487908 
-4.362751169203921364 
-4.451282404591196951 
-4.536298097407549079 
-4.621351233529637170 
-4.706345720763692952 
-4.787892744088711794 
-4.869331981073635518 
-4.948992612004886382 
-5.026885980220480832 
-5.101517779223346594 
-5.235681671379481372 
-5.305553456802321932 
-5.372403558693772396 
-5.437684299048491710 
-5.554606410599188138 
-5.615461819336641014 
-5.676005222877378742 
-5.733775327427512281 
-5.791189328456066931 
-5.845913599218480527 
-5.901330903343705359 
-5.955139345711888410 
-6.006321092548567719 
-6.056975762349043890 
-6.144187708728214403 
-6.226352842911740737 
-6.269842177228536428 
-6.310979155930674267 
-6.350658499484040931 
-6.388890065713649591 
-6.425683679435383766 
-6.461049132502658665 
-6.495674280214579710 
-6.528832874811456577 
-6.559915372211182927 
-6.590200538077418457 
-6.618486756225692602 
-6.645938589435793631 
-6.691790815235847845 
-6.714847195896350485 
-6.754137298343820817 
-6.773410639778230546 
-6.791378036206641156 
-6.808375615138167802 
-6.823732942325055006 
-6.837537819464465372 
-6.869043403307692586 
-6.878533264971682826 
-6.886788047216718667 
-6.898872619927995942 
-6.903733558492543665 
-6.907284984940755379 
-6.909681230433665888 
-6.910891009973909149 
-6.909873988104816789 
-6.907644105904253706 
-6.904219383738510629 
-6.899609156361744766 
-6.893949919875208110 
-6.887169778604491199 
-6.879104834714073746 
-6.861698933964792246 
-6.850676431555982049 
-6.838574942954387836 
-6.825123105949266744 
-6.810565723130608262 
-6.795235566426772067 
-6.778515738406344582 
-6.761083589147638406 
-6.742236360326952394 
-6.723144524946356171 
-6.703082501276991678 
-6.662878354636653455 
-6.634710823469283980 
-6.610239158662121639 
-6.584797767870025353 
-6.558394787038896112 
-6.531038321637328892 
-6.502736446703327289 
-6.472890783811926951 
-6.442077620479540911 
-6.410305438610144790 
-6.376918594345401203 
-6.342551708725526538 
-6.307915858201077697 
-6.271634325367418938 
-6.235138371459722606 
-6.197734099840754851 
-6.160204616232313413 
-6.121818445232747763 
-6.081773789666950591 
-6.008332547427130521 
-5.931290865431318338 
-5.888189311953087923 
-5.843377528518313824 
-5.798655622510121788 
-5.753143032354692821 
-5.706847206639061199 
-5.620779720784998545 
-5.573314414107024106 
-5.524112774040048635 
-5.475190020177688410 
-5.424514860253193405 
-5.372049416213020123 
-5.319899649999541680 
-5.265944513770136837 
-5.212349497524716213 
-5.156934502464913805 
-5.101923353507707759 
-5.045078089560284695 
-4.988679687052925971 
-4.930433501538864505 
-4.872676487262740608 
-4.813058485675377085 
-4.753971264810012087 
-4.641287071728108060 
-4.577853427355822902 
-4.513739500766440926 
-4.450229687597616390 
-4.384791092708685056 
-4.321299231586699818 
-4.255892860470257943 
-4.191195021190836201 
-4.124571928195134518 
-4.058695234397198703 
-3.990882978461797848 
-3.925227876659594273 
-3.857650304496328175 
-3.790914750671905864 
-3.722246933829783444 
-3.654455789737014015 
-3.584723000013994465 
-3.515900916168007484 
-3.445128210081264797 
-3.375299626461242042 
-3.304981955867145160 
-3.232700992716186050 
-3.100147655182549755 
-2.965991072036853637 
-2.892984454820691553 
-2.816457657463306674 
-2.677500131732482913 
-2.601202850856797255 
-2.524460208968562824 
-2.447278205682550833 
-2.305986152563605174 
-2.227598773274966248 
-2.150407054669013718 
-2.071200445946949742 
-1.993217458877392545 
-1.914851188376228919 
-1.834462596923600586 
-1.755338364938349827 
-1.674187290638361247 
-1.594327125874212214 
-1.512435953368292729 
-1.431861682919155498 
-1.347562983530671943 
-1.264592426403748249 
-1.179569289047176284 
-1.095900145852731100 
-1.010175705196839857 
-0.925830539757754423 
-0.842890274030512643 
-0.757904420214394747 
-0.674346975364766621 
-0.590491797898717863 
-0.504587780883102965 
-0.420146323986479331 
-0.335422316153419331 
-0.250420735207001144 
-0.163367125828358439 
-0.077819712684689790 
+0.007990380303969147 
+0.095854057978332463 
+0.182180104182968705 
+0.342895581347750777 
+0.435363405096172329 
+0.601007606230130165 
+0.692367291321549061 
+0.857413189040325818 
+0.947585964269496372 
+1.037974132370493408 
+1.126721767395096663 
+1.217521892961180185 
+1.306663740662855844 
+1.397856808240966586 
+1.487374336029603228 
+1.578941523521336876 
+1.672564896018510439 
+1.764494709007919937 
+1.856596886767579946 
+1.950751521820357937 
+2.043187694930971077 
+2.133890939461490888 
+2.226636030015914258 
+2.317633071386122623 
+2.410669127307780712 
+2.501942472653844618 
+2.593346132832348161 
+2.686784072860294970 
+2.778438232940658281 
+2.872123174717216898 
+2.964010802470671280 
+3.057925452632360930 
+3.150029699237109071 
+3.244156951289571822 
+3.340309201542790873 
+3.434635993096947004 
+3.530982938162988916 
+3.625491841069418797 
+3.722015797403296133 
+3.816689579869292359 
+3.911438654482832789 
+4.008194689704005498 
+4.103083247714181425 
+4.198034635758759237 
+4.374525724277502192 
+4.545366788536476577 
+4.718293662969832880 
+4.813554008461563782 
+4.906902219454009284 
+5.000278359001690376 
+5.097570935130969261 
+5.192939267806510273 
+5.288325128193836377 
+5.383724703379360932 
+5.481081412907748529 
+5.576497157188093468 
+5.669967932120837162 
+5.845219517584869351 
+5.940624258446474570 
+6.115824225861338448 
+6.211186207035540363 
+6.304580724597540708 
+6.397950780891076050 
+6.493237350873005909 
+6.586547813747475999 
+6.679823800507083575 
+6.775004075706704043 
+6.868200420183475430 
+6.961352460959622235 
+7.056396135255191382 
+7.151386897944938426 
+7.246321375769813500 
+7.343131794403046086 
+7.437942351184668510 
+7.613840604545380586 
+7.708452919386509450 
+7.802989566134003852 
+7.897447321943126042 
+7.995673263813392495 
+8.091883418127739702 
+8.188001296193183620 
+8.284023567294273249 
+8.460443699325290723 
+8.556176489730802359 
+8.649889688172207158 
+8.745405157955842057 
+8.836992298187389849 
+8.930375714813724386 
+9.021741003409482929 
+9.114892156095388387 
+9.206024288560874069 
+9.298931719065578250 
+9.389819550922041458 
+9.482471963995545039 
+9.573104510077151019 
+9.665490772742748149 
+9.755857206494180645 
+9.847966347331325920 
+9.938056000104783294 
+10.029877208531624788 
+10.119679568884397014 
+10.211202194440559765 
+10.300706907432182646 
+10.391920459061420701 
+10.481117325551119634 
+10.573864741831938474 
+10.664590260854431847 
+10.756994273927260153 
+10.847378021750467170 
+10.939427988476898790 
+11.029459618118181652 
+11.121145065146473385 
+11.210814395625085638 
+11.302125018595980066 
+11.389601516446568041 
+11.476897721814321329 
+11.565824295093888097 
+11.652749309317229631 
+11.741292325106403638 
+11.829638096292121929 
+11.917784307232729191 
+12.007521326882940826 
+12.097045748815158817 
+12.186355175780800408 
+12.273667536053810778 
+12.362544283300792358 
+12.451199016922707585 
+12.536096543130494041 
+12.620785300770201331 
+12.777253137025596175 
+12.863084445758904195 
+12.948690178978976562 
+13.032328149336246170 
+13.115745749814257337 
+13.202402693347398355 
+13.285364468928424486 
+13.369821369531287303 
+13.452324288329283064 
+13.534597361084422573 
+13.618345488090220385 
+13.700148545145403034 
+13.854586187257702079 
+13.935703048291030015 
+14.018261907767612939 
+14.098891268591586368 
+14.179276814819910868 
+14.261083824581131552 
+14.340971540586025412 
+14.422266892547071393 
+14.501650041776702693 
+14.582426929856634246 
+14.662939370868027567 
+14.741550673537290095 
+14.819905033122349636 
+14.899625138856446682 
+14.979074241286689073 
+15.056637617901508008 
+15.133937895291399656 
+15.212575678159993231 
+15.289339770451498168 
+15.367427161099449506 
+15.445234240261671133 
+15.524338705463314625 
+15.601574864639797369 
+15.678526217775598184 
+15.756752915125764147 
+15.924698165170063646 
+16.003515452460739255 
+16.083552189076069538 
+16.161728479486797028 
+16.241108481447341205 
+16.318637599875920330 
+16.392822432606653393 
+16.466708108819123169 
+16.541791959038732784 
+16.615069352751962839 
+16.688043799067319384 
+16.760714076901404468 
+16.833078982008636615 
+16.906604705159605118 
+16.978349026900893648 
+17.049784440362611093 
+17.120909808523837370 
+17.191724010967142533 
+17.263661499681820288 
+17.335272688009453645 
+17.405133979831340696 
+17.474679746675295888 
+17.545318488674816138 
+17.614223617770548458 
+17.682810138168555625 
+17.809336456972800988 
+17.877007276348251708 
+17.944355764092275507 
+18.012745483639967858 
+18.078082056182211090 
+18.144458056229513687 
+18.209163419313245669 
+18.273555199131351401 
+18.338964196621589053 
+18.402719861564413861 
+18.468796036227072221 
+18.533217262524022573 
+18.597307642016488671 
+18.662364146904192097 
+18.725783750961806362 
+18.788870233291163458 
+18.851622871809912141 
+18.914040959829559796 
+18.974860164655009243 
+19.036613955076930438 
+19.096781135944318919 
+19.157868038024105317 
+19.217380714847180911 
+19.277798255639954306 
+19.337876762536247099 
+19.396399887020677966 
+19.455805530976295614 
+19.513668441968853529 
+19.572399041996533242 
+19.629599659574434867 
+19.687653149972181410 
+19.744189506793823341 
+19.800396464062526292 
+19.857434177030562239 
+19.912974141076169587 
+19.970476618866538132 
+20.026480482330196509 
+20.129570835753259672 
+20.184586635844734559 
+20.240367971240655010 
+20.293578222363283459 
+20.346455252599483288 
+20.400089861774876709 
+20.452292582507279661 
+20.504161192596747298 
+20.600513379108985390 
+20.652476962202992894 
+20.704091354169509742 
+20.755356322768761856 
+20.806271649591508321 
+20.857865434514849312 
+20.908073732136188028 
+20.958945675872591607 
+21.049595691601378888 
+21.099445716748821411 
+21.147944387498004204 
+21.197071125643365264 
+21.244860762731732962 
+21.292299330603245977 
+21.340344070133838272 
+21.387073133735754027 
+21.433450955811071736 
+21.480413165512228346 
+21.525152766547243743 
+21.570476733575706163 
+21.615449415719584891 
+21.660977818696352415 
+21.705240841818181252 
+21.749152685228203552 
+21.793598748547726274 
+21.835923088589840546 
+21.878781808345372895 
+21.920425666990947633 
+21.962589934942783998 
+22.003553740283486206 
+22.045024042386668128 
+22.119451693875063825 
+22.159935733090922128 
+22.200069914071480781 
+22.239854433052926197 
+22.279289498572982353 
+22.317581150721967020 
+22.355537898012112663 
+22.393940206612718669 
+22.431220880945005547 
+22.468167379545750606 
+22.506298248200621970 
+22.543315278301442106 
+22.579984941459439796 
+22.616307554097911492 
+22.682119535112875042 
+22.718177105467923127 
+22.752453704047635341 
+22.787102571161696574 
+22.820709835412753108 
+22.853986439878998027 
+22.886932767697356184 
+22.920225216845061311 
+22.953174324919025651 
+22.986442399034711315 
+23.018699176926990191 
+23.051261746965938215 
+23.082828090193828530 
+23.114053432893850726 
+23.145565034231900370 
+23.176102948236160017 
+23.231309025836907267 
+23.261485447215136446 
+23.290716973972994452 
+23.319611149187949195 
+23.348747847879465667 
+23.376962196524765147 
+23.404840958841873544 
+23.432384740797907341 
+23.459042202873007454 
+23.485924689117510411 
+23.513012423432645193 
+23.539753999311251675 
+23.566150116702932138 
+23.592201486834181168 
+23.617398051966990380 
+23.642768964669329534 
+23.667797315933142954 
+23.691993475204252917 
+23.716345794603448383 
+23.739880925499683428 
+23.763560260571757965 
+23.786437391206455061 
+23.808989990635843981 
+23.831218830815515730 
+23.870768139389941354 
+23.892089401379845270 
+23.912664558645030155 
+23.933351714555829659 
+23.953307287861616004 
+23.973363584684047822 
+23.992702791276848018 
+24.012131550385316103 
+24.030857680025885514 
+24.050042791910893669 
+24.068527035284468241 
+24.087065803675322684 
+24.104918465664365357 
+24.122814655501350956 
+24.140039463846093781 
+24.157296917622783639 
+24.173897675676613517 
+24.190190990506522439 
+24.206177821187115029 
+24.222175988278181080 
+24.237546558811388309 
+24.252309133142926356 
+24.266781372015195473 
+24.281256624010183032 
+24.295145030335053349 
+24.308745974682747004 
+24.322334769156107370 
+24.335357761330442372 
+24.348620847598567707 
+24.361320232092072757 
+24.373975367657237712 
+24.386325149172865423 
+24.398370724077125260 
+24.409881360684408946 
+24.421328026855029236 
+24.432253979878034045 
+24.443106340256889553 
+24.453452154235531424 
+24.463714880252879880 
+24.473681608091482076 
+24.483162997236004088 
+24.499844102309147331 
+24.508528696507596578 
+24.516934653238983799 
+24.525063156377488127 
+24.532915397496594778 
+24.540492575821929222 
+24.547795898185185592 
+24.554685812928440214 
+24.561450600964768398 
+24.567945173537033554 
+24.574295028230348947 
+24.580128626208377796 
+24.585820001652646027 
+24.591138057270214290 
+24.596305623047832967 
+24.601112995329600608 
+24.605853898527030310 
+24.610237175380795804 
+24.614280008418148782 
+24.618075671300907459 
+24.621696739619874705 
+24.624996672100955664 
+24.628114265090076174 
+24.630923540275368566 
+24.633593714123506402 
+24.637745851378411999 
+24.639655305212208702 
+24.641318921007684395 
+24.643738652864172423 
+24.644729714778321750 
+24.645891788060179550 
+24.646177036439262054 
+24.646080309014308796 
+24.645683167125799429 
+24.645074174265179323 
+24.644223798027134364 
+24.643168118616401330 
+24.641893439289226819 
+24.640367724014005546 
+24.637021158591903003 
+24.634910735623073208 
+24.632486618169529891 
+24.629833677575405204 
+24.627073036378906323 
+24.624040305756423663 
+24.620792266977716167 
+24.617330415734329563 
+24.613656253217751413 
+24.609771286072700036 
+24.605677026350370795 
+24.601195006802466736 
+24.596584020205586540 
+24.591759965394640375 
+24.586621616444126914 
+24.581372139657567288 
+24.575914532494760323 
+24.570365735824879039 
+24.564620186145646130 
+24.558679442874996823 
+24.552545070362455704 
+24.546087538213118506 
+24.539566748715259337 
+24.532995893867628467 
+24.526102744886522089 
+24.519170173856490891 
+24.511760834431555622 
+24.504315263481988296 
+24.496688750028603465 
+24.488721741644141616 
+24.480734557320428024 
+24.472571296758225401 
+24.456949343703286104 
+24.448113494160388370 
+24.439282847292165712 
+24.430098678402547563 
+24.420930022929223213 
+24.411596552151987538 
+24.401904418639951189 
+24.384237546083582515 
+24.374082347151041716 
+24.363971871533522062 
+24.353495189400913290 
+24.343073068245978163 
+24.332281865930514897 
+24.321334471347313411 
+24.310456210051533787 
+24.299431345357362488 
+24.288490959296719751 
+24.277180867234470441 
+24.265729217569212750 
+24.254137710577218456 
+24.242648800425961042 
+24.220755358372983324 
+24.208397285142538635 
+24.195902199152165224 
+24.183271927037075955 
+24.170508298770968736 
+24.157613147613275828 
+24.144850065841893638 
+24.132228358525267709 
+24.119223826136487077 
+24.106368927317770812 
+24.093129751716933384 
+24.080048340501591042 
+24.066581350610910306 
+24.053280126830980379 
+24.039592172372127976 
+24.025512513613961119 
+23.988099171335115045 
+23.973914772102865811 
+23.959629623567806789 
+23.944950920572651398 
+23.930467610497522912 
+23.915590388542021572 
+23.900615710908688527 
+23.885545464156585638 
+23.870685721463427598 
+23.829912713558300652 
+23.814423774770350661 
+23.798849947449692621 
+23.783193132042118378 
+23.754807807776412432 
+23.726490406029768110 
+23.710798807946456890 
+23.682121179251325316 
+23.666238388236088497 
+23.649965034514160322 
+23.633953886443251236 
+23.617553313438211404 
+23.601421175257019769 
+23.584900905544248673 
+23.568655154361085380 
+23.552355902649043884 
+23.535670742795858246 
+23.519268923747162603 
+23.502819075941793869 
+23.486323012904939844 
+23.469444538966833136 
+23.452860639327585801 
+23.436575680572879321 
+23.419912908754117353 
+23.403213001589453057 
+23.386477777180395776 
+23.369366499350963551 
+23.352565469539378284 
+23.335734617340232688 
+23.318875762981338795 
+23.301990727101568268 
+23.285426651917589425 
+23.268840912445686087 
+23.251889069205223137 
+23.235264776551574073 
+23.218277146751653106 
+23.201621295134373213 
+23.184605019225131173 
+23.167576987358170726 
+23.150539021775479398 
+23.133492944667981561 
+23.116788636458831974 
+23.099731875395718816 
+23.082324264346006260 
+23.065612126069567012 
+23.048552780565628950 
+23.031844269172864870 
+23.015140137527758668 
+22.998094297736901837 
+22.981404238686909736 
+22.964376329581476455 
+22.947707326421546981 
+22.930704474600883458 
+22.913716988361858995 
+22.896400543246080872 
+22.879449643945310555 
+22.862519594874800788 
+22.845267410310142964 
+22.828385021934671784 
+22.811528960755886430 
+22.794357916874421477 
+22.777560573325946081 
+22.760795024971255174 
+22.743721974260814989 
+22.727026181049986064 
+22.710367640773778675 
+22.693409404112188099 
+22.676831634471298571 
+22.660296563962447181 
+22.643805992954671780 
+22.627026617645032758 
+22.610297359467576683 
+22.594286192970130855 
+22.577992667380403446 
+22.561752656972934972 
+22.545567952662270983 
+22.516318520557884852 
+22.500625495805074650 
+22.484666999573960311 
+22.469096103534941022 
+22.453265770434025939 
+22.437181851240517005 
+22.421169990380274584 
+22.405232072735763893 
+22.376420965601901969 
+22.360701699839900414 
+22.332612706768120603 
+22.317125300196437365 
+22.302031416164620481 
+22.286716812675908983 
+22.271795857428742238 
+22.244921429218528885 
+22.230551868873508425 
+22.215975122759591187 
+22.201493236074071547 
+22.187400547246916460 
+22.173402184691703098 
+22.159211175510389324 
+22.145408398786731397 
+22.131420436267223550 
+22.117537613150449971 
+22.103481632695640258 
+22.089816480965296819 
+22.076261656186829896 
+22.062545705467268675 
+22.049219003853647081 
+22.036007787562084559 
+22.022913757780912647 
+22.009938612312438977 
+21.997084045526008822 
+21.984351748310949404 
+21.971999470931674381 
+21.959514190471615791 
+21.937163570337251173 
+21.924795026695978351 
+21.912807222679354879 
+21.900953117533276782 
+21.888996636351706115 
+21.877182859176407703 
+21.856053731647822502 
+21.844878411513978023 
+21.833846536051503051 
+21.823180462135745472 
+21.812437376669510769 
+21.801842605464944569 
+21.791397774422343048 
+21.781104505135608917 
+21.770759080494713089 
+21.760776957822884015 
+21.750951268162609153 
+21.741087973039697090 
+21.731583230790192829 
+21.722239751809638619 
+21.713059126050072933 
+21.704042938782226457 
+21.695192770548239025 
+21.686685706871330126 
+21.678168831150795626 
+21.669822655340752249 
+21.661483730680235027 
+21.653487196980016449 
+21.645508285863009235 
+21.637867726257834278 
+21.630405685587700049 
+21.622976973203591911 
+21.615880294263835282 
+21.608827582033772075 
+21.596618397636799358 
+21.590236479360090271 
+21.584043535843949968 
+21.578041066182535701 
+21.572347216930882752 
+21.566726207235493717 
+21.561408883947546400 
+21.556175143831168839 
+21.551139229408871500 
+21.546399311077696126 
+21.541852004871962833 
+21.537410055788434704 
+21.533256152969713071 
+21.529218635063141818 
+21.525463672537373583 
+21.521764359264437871 
+21.518350456128732873 
+21.515084101966120755 
+21.512038652596690014 
+21.509215601497334802 
+21.504699294303240009 
+21.502548465015021151 
+21.500653817840429838 
+21.498970571110248784 
+21.497471645342283608 
+21.496219523777551075 
+21.494453007136442579 
+21.493812395997831999 
+21.493393891754060121 
+21.493214347075213055 
+21.493271586410671148 
+21.493569320982835791 
+21.494110181503280899 
+21.494877438670798142 
+21.495903761950181377 
+21.497177310661022887 
+21.498699445237456018 
+21.500433618803420188 
+21.502409099276359683 
+21.504579446154114208 
+21.506983735392992685 
+21.509680632604275985 
+21.512561243402565481 
+21.515746802047498676 
+21.519108454701111555 
+21.522787464464283147 
+21.526800374114618108 
+21.530987887408212345 
+21.535522168635012008 
+21.540223050919259151 
+21.545179805400803019 
+21.550393600618054535 
+21.555751335312912431 
+21.561477381799463160 
+21.567339119021529115 
+21.573451877875630345 
+21.579952008926603924 
+21.586575273122235785 
+21.593598734220464053 
+21.600736777351379203 
+21.608287899467221393 
+21.615944932930709399 
+21.624195754292845351 
+21.632728051589793949 
+21.641542955061968456 
+21.650641585795852961 
+21.660025055675973249 
+21.669694467331261478 
+21.679448965177769537 
+21.689480151866352031 
+21.699789039024402371 
+21.710157763832867772 
+21.721019333871048218 
+21.732161566700209931 
+21.743349477076989729 
+21.755291918323258926 
+21.767529617646129481 
+21.779809994818190688 
+21.792635272415463277 
+21.805493386560591773 
+21.818910121672789870 
+21.832349736729049994 
+21.846078534521808479 
+21.860386535304897393 
+21.874702318895216990 
+21.889611117505140214 
+21.904517459712323557 
+21.919717396460224990 
+21.935211774390239725 
+21.950676235665561364 
+21.980102318256676597 
+21.996721908524328626 
+22.013988243279566603 
+22.031566088131313563 
+22.049095402302953062 
+22.067292472945847948 
+22.085803492845066387 
+22.104249654098580891 
+22.123384634467022636 
+22.142835907129875039 
+22.162604236562476245 
+22.182690376211485983 
+22.202683848032894076 
+22.223401431303784648 
+22.244015112182729865 
+22.282244474840990023 
+22.303285698603151133 
+22.325071920478293919 
+22.347168566225544595 
+22.369115840077107293 
+22.391828808072951063 
+22.414380980308912683 
+22.437712606094407874 
+22.460871923836045028 
+22.484824459564368482 
+22.508593087895526708 
+22.534178486918104767 
+22.560105741888676789 
+22.586375439037947643 
+22.612988151622889887 
+22.639944439872035531 
+22.667244850925431621 
+22.694344542566955880 
+22.721224114963394669 
+22.748981164326860238 
+22.776505855324529648 
+22.804922091543975426 
+22.833671915150006271 
+22.862170802871037978 
+22.891582384936260297 
+22.921328797736869376 
+22.950805513110147160 
+23.006403343094490310 
+23.038049458678379722 
+23.070045777255707264 
+23.102392649661361190 
+23.135735055120463244 
+23.168790921412849571 
+23.202198315890644409 
+23.234627010572161510 
+23.267380723678421361 
+23.355855075869740745 
+23.389102048474246232 
+23.423364352273345901 
+23.457952847039024391 
+23.492867700021069055 
+23.527386589730454602 
+23.562947943241354665 
+23.598100401063707210 
+23.634308764474194930 
+23.670095241522851381 
+23.706195597314469126 
+23.744133984148952266 
+23.780875396455613213 
+23.819481674448265807 
+23.857646502502490193 
+23.896138694719926576 
+23.935753911556226114 
+24.007112397882053756 
+24.046860628715464259 
+24.086936177369221213 
+24.128166950483358022 
+24.168903654796629610 
+24.210808934869511688 
+24.253054742452476944 
+24.294785909463236351 
+24.337705628255207557 
+24.379228584606327246 
+24.421939821439814011 
+24.464095873784842183 
+24.507453077230735516 
+24.551136327743670051 
+24.594244027930198371 
+24.638572125215191022 
+24.682311095297247761 
+24.727283161606454343 
+24.771652489125948193 
+24.854744822086708211 
+24.900948866654395886 
+24.947476765606090510 
+24.993368816655252118 
+25.040536861485879427 
+25.088027769211322493 
+25.134862173669681340 
+25.183976714762138727 
+25.233426258638928630 
+25.282211417460640490 
+25.331317481617503518 
+25.381756056314067393 
+25.431509142864989315 
+25.482606995961031515 
+25.533005215758173279 
+25.584760357973820533 
+25.635801700980714202 
+25.687160576454495242 
+25.739894353796792359 
+25.790828761834031724 
+25.844207752101532094 
+25.896837666699106251 
+25.950866041540471940 
+26.004131118877122475 
+26.058806327796116165 
+26.112704006098088172 
+26.166913803691507212 
+26.222550963621642950 
+26.277389298813112362 
+26.333666372663255828 
+26.389130369968604839 
+26.446044358822195619 
+26.500983318303916292 
+26.556216923709307309 
+26.612904383238404904 
+26.668731160365766186 
+26.724850318958615958 
+26.782439399723465101 
+26.839147020797589960 
+26.897335154710923177 
+26.957021400339947093 
+27.017020441320202195 
+27.077331313349159103 
+27.137953034783194539 
+27.198884606588428881 
+27.258897184261741131 
+27.320439244134025358 
+27.381048097569042454 
+27.443196524471041187 
+27.504397548121485073 
+27.564632248535168912 
+27.626409367879869450 
+27.688475916853178660 
+27.750830807857987281 
+27.814754330565300222 
+27.877688404092364038 
+27.942200577508138792 
+28.005709189730279007 
+28.070805205184576891 
+28.134883574742559631 
+28.200558482829855222 
+28.265201690055903327 
+28.383324265909763540 
+28.447408462355127767 
+28.513099088487251720 
+28.577713647310670098 
+28.642588786404992618 
+28.707723248467395649 
+28.774480839162844603 
+28.841505972237932554 
+28.907421316187686955 
+28.974971961565628931 
+29.041399378081848681 
+29.109469958762222319 
+29.179198237479411659 
+29.247793582489393316 
+29.316646413396092896 
+29.385755219419685602 
+29.455118472112737038 
+29.526157985477979651 
+29.596030588163699804 
+29.666152913226362386 
+29.736523360710002351 
+29.807140312754423661 
+29.879450831244746212 
+29.950560813206813293 
+30.021912303953421031 
+30.093503613174576117 
+30.166801406139516217 
+30.238872014822234746 
+30.311177226232011606 
+30.385198057166135754 
+30.457971861927113366 
+30.532467118554649232 
+30.607199113865576123 
+30.682165894971802800 
+30.755859228322069754 
+30.831285045269012812 
+30.905424386293482542 
+30.982821186888720888 
+31.058927425101646946 
+31.135256350092159749 
+31.211805867776298840 
+31.290111437402131855 
+31.365558202666267817 
+31.442756729323519949 
+31.518616993175115226 
+31.596233171417051011 
+31.672498494614480080 
+31.750523632659554352 
+31.827185418359420055 
+31.904040203766307116 
+31.981085824806427809 
+32.058320098084955418 
+32.134158956995158007 
+32.211760169647966734 
+32.287954196076896096 
+32.365913565122347961 
+32.442454081214592065 
+32.520762672166405594 
+32.599244229283812047 
+32.679503320887107520 
+32.756716868524421216 
+32.834089605822974534 
+32.913236133095800540 
+32.990923667959357601 
+33.068763528294148557 
+33.148379772582060809 
+33.293380646699517911 
+33.373423799632675468 
+33.455251765481897053 
+33.535588828625108704 
+33.616067485863325714 
+33.696685143075619351 
+33.779088629142265177 
+33.859979124576994991 
+33.942655507474874810 
+34.023808000447793631 
+34.105086106335313900 
+34.188149612842408942 
+34.271338172222428398 
+34.356316291443761202 
+34.439748491103586048 
+34.524968950941058665 
+34.610307048120027673 
+34.695759574306322293 
+34.779644528437955842 
+34.932579371410568569 
+35.016749115898974765 
+35.101013891005983680 
+35.183682527304185328 
+35.268126128277401676 
+35.420338044889071227 
+35.505013059945213172 
+35.657618574360277819 
+35.742499391085189586 
+35.824048235500853821 
+35.907356808236244206 
+35.990723644332376807 
+36.072442526277100683 
+36.154211217734001593 
+36.237731633779887375 
+36.321297514216709601 
+36.404905572317055373 
+36.490259961029025249 
+36.573943117188413510 
+36.657658390772525081 
+36.743111743888917431 
+36.826881587179059352 
+36.912383525017268937 
+36.997904563367157493 
+37.081730164827490626 
+37.167278139082554844 
+37.252834173082291613 
+37.338394513736588465 
+37.420532986330940162 
+37.504379687312194847 
+37.586508859379236469 
+37.670338990507545418 
+37.752444957017630145 
+37.836244236005072139 
+37.920022444482718527 
+38.003775870348583510 
+38.085792416939774796 
+38.171193411977661469 
+38.254849989542975663 
+38.365760851717482183 
+38.449318787489019655 
+38.532827926482639214 
+38.617987006042071130 
+38.701385693045573078 
+38.784723793705637718 
+38.866298568912057476 
+38.949505062042959480 
+39.032639131225828066 
+39.183439416256902632 
+39.266347840247092904 
+39.347479066203590037 
+39.430209522940984357 
+39.511158505413888520 
+39.592011417084179925 
+39.674445590959081187 
+39.755092348226241938 
+39.838984481710554064 
+39.921080723628406872 
+40.073220474969616589 
+40.154959130715830895 
+40.238228277590025073 
+40.319692709314146839 
+40.402672917692825649 
+40.487155175741037283 
+40.569821657991013808 
+40.652325681336492380 
+40.734662476155968136 
+40.816827246477203062 
+40.898815169924517932 
+40.980621397665942141 
+41.062241054367490278 
+41.143669238132403621 
+41.291361052357771655 
+41.370607463067429421 
+41.449651860198102327 
+41.528489509719982209 
+41.608718032220167515 
+41.687123421232755049 
+41.765307613337142811 
+41.843265774626189568 
+41.922576878778656351 
+42.003221152829027574 
+42.082030772199189528 
+42.162152647030872288 
+42.238876245661245434 
+42.313785706135931264 
+42.389997328432599488 
+42.464395616227506025 
+42.540075521374603795 
+42.615479259881922758 
+42.690601718642277262 
+42.765437759069300228 
+42.839982217052231306 
+42.976123680332058541 
+43.052813799387962490 
+43.127672273974440031 
+43.200713131997943606 
+43.274912078989899555 
+43.347295724146434281 
+43.419345988852207086 
+43.492517413716505814 
+43.563877629129017066 
+43.633442432213541906 
+43.704104976939269989 
+43.772975819463297853 
+43.899740528185951405 
+43.970414431358634033 
+44.039289165648568769 
+44.107776442330418831 
+44.174484900426840284 
+44.242188478078368519 
+44.308118309268252233 
+44.373654718135810526 
+44.440145047182021187 
+44.504869875505178811 
+44.570520360935233839 
+44.634411311351144036 
+44.699199087624378990 
+44.762233659527957741 
+44.826135653265026804 
+44.888291142098239561 
+44.950003160357454135 
+45.012537567917945580 
+45.073336181474815021 
+45.134926331213591766 
+45.196030447908569272 
+45.306975953945723745 
+45.366668027383369122 
+45.424647837182568821 
+45.483325107558464140 
+45.540298886194520378 
+45.597936925950023124 
+45.653880640059988139 
+45.710454808466963073 
+45.765344215522297588 
+45.820829657960544523 
+45.875755608396573848 
+45.930115641911164914 
+45.983903305809519679 
+46.037112119565016144 
+46.090803382114195585 
+46.142822794729440261 
+46.194243613943910987 
+46.246089952839469106 
+46.297299116895857196 
+46.387847359340824482 
+46.436253485778287597 
+46.484990042904385632 
+46.532100694254097561 
+46.579501231787311610 
+46.662173365688687454 
+46.706747465431639910 
+46.751532568310565807 
+46.794730226552708530 
+46.837236128050918182 
+46.879889172605437864 
+46.920976106741477452 
+46.961350105119606724 
+47.000202076612971780 
+47.039143875245265747 
+47.077351587891385520 
+47.115574912136281682 
+47.152277607151191319 
+47.188224514007529820 
+47.224118431519606531 
+47.258516205799097065 
+47.292136224468265482 
+47.325633030330990891 
+47.358949515019759247 
+47.390142949208765799 
+47.421140324434411184 
+47.450694167318332006 
+47.479425212778082255 
+47.507325950421630978 
+47.533844961296907172 
+47.560079763158469746 
+47.584952280452966988 
+47.608999221779242816 
+47.632688110677491977 
+47.655501478790270653 
+47.677431609717913830 
+47.698890795853891689 
+47.719012760460174150 
+47.738610651342746394 
+47.756892581941770004 
+47.788391065489520315 
+47.804016049220777518 
+47.818985487161590697 
+47.832422329362927371 
+47.845187627758036797 
+47.856752655973259891 
+47.867379975702398553 
+47.877253569865132476 
+47.885962654717538101 
+47.894012812298491610 
+47.901011719289002144 
+47.906950635117503623 
+47.911820785970704151 
+47.915613364739861879 
+47.918319530970435949 
+47.919930410804717269 
+47.920437096939679122 
+47.919830648568236597 
+47.918147717347991943 
+47.915310754106634761 
+47.911424582797081939 
+47.906321660495336801 
+47.900197385582586662 
+47.892952385193133580 
+47.884395299151094605 
+47.874859596440892062 
+47.863946976525788557 
+47.852085065323663571 
+47.839058582819276921 
+47.824858735996812698 
+47.809802494750222479 
+47.793603500424566732 
+47.760515663970750211 
+47.740590160866332781 
+47.719883831316259659 
+47.697055847629115988 
+47.651664192509358031 
+47.625679360502488180 
+47.597856048060407375 
+47.568701672660999691 
+47.538829571229797466 
+47.507010831833639486 
+47.474508784796263683 
+47.440691028759665926 
+47.405548237838416981 
+47.368312661593449775 
+47.330464171859240707 
+47.290448086145417506 
+47.249012749516076326 
+47.206148079557763708 
+47.161843958587368775 
+47.116090233601063630 
+47.069835358605587317 
+47.022168876884691713 
+46.974097194714502734 
+46.923607802034595693 
+46.827112432895567906 
+46.725696959233395944 
+46.668391599986961182 
+46.609599907670201446 
+46.548065960419307885 
+46.486241006010729393 
+46.422899694500465273 
+46.358032018785777950 
+46.290256685052526109 
+46.222274460602477575 
+46.151299999754215264 
+46.080161966293999853 
+45.945383688686874279 
+45.869744609374151878 
+45.794091729865641582 
+45.716887698958174724 
+45.634806912321238315 
+45.551021456780773633 
+45.467247186679614401 
+45.383574860900942838 
+45.298301462442587706 
+45.211417115672105638 
+45.121050748522613105 
+45.030880672340877879 
+44.857380987921658289 
+44.758475185024828136 
+44.659789262780236641 
+44.559352054347037608 
+44.455048665410572539 
+44.353180656019709716 
+44.247424818819638404 
+44.139874400726981207 
+44.030518492019865562 
+43.919346148467681701 
+43.806346391278708552 
+43.691508207061062308 
+43.574820547767572521 
+43.456272330652929270 
+43.335852438230929806 
+43.216064586261055069 
+43.091906616957594167 
+42.968435470446536328 
+42.843125697986707223 
+42.713297800194190756 
+42.584240043858642366 
+42.450563855360854859 
+42.314926726921960665 
+42.177317229118415298 
+42.037723897321228606 
+41.657674241465372234 
+41.510735840109447281 
+41.232435402241989664 
+41.079644187112791087 
+40.924781906414239074 
+40.764612062696016892 
+40.605529446006478622 
+40.444340116346893410 
+40.281032199741652278 
+40.115593786423687561 
+39.951454442713270510 
+39.781763251088079869 
+39.609905863832359785 
+39.435870228267845050 
+39.259644255695661741 
+39.084879313557721048 
+38.904281574708740266 
+38.570553733688676346 
+38.383653933218894849 
+38.038391067772693077 
+37.841122908290330429 
+37.641463870581205242 
+37.439400738965389337 
+37.239033643732916801 
+37.032171262256987632 
+36.827075325800770145 
+36.615361420461169928 
+36.405485263061841295 
+36.193224035973813102 
+35.978565041433903104 
+35.757040366663098041 
+35.537498008661209781 
+35.315519306825798651 
+35.091091414942901849 
+34.864201449758517981 
+34.630129712157398103 
+34.398225892516208546 
+33.965754565693501377 
+33.726721493724468814 
+33.485150143086030994 
+33.236018619443392197 
+32.989278782439640736 
+32.734845811591235076 
+32.482883547414736825 
+32.228316394285577928 
+31.965854988255017588 
+31.705984191747837997 
+31.438083028729579382 
+31.178293381809524476 
+30.904952265515184706 
+30.634364684279780988 
+30.355472083459787314 
+30.079416340978212929 
+29.794915631825723779 
+29.513336080179438881 
+28.640122919521296296 
+28.347327549953575954 
+28.057782661702646010 
+27.759410218462580389 
+27.464375355629631059 
+27.160371213284065561 
+26.859792719353261958 
+26.556451050082841903 
+26.243925880577776866 
+25.928493270857764230 
+25.610139052839052454 
+25.288849019768257165 
+24.957960964305630824 
+24.630695880103953499 
+24.293681042420033123 
+23.953549152572520597 
+23.624075811182517981 
+23.284746725435571335 
+22.949398213010418601 
+22.604043146119806806 
+22.262763726883669335 
+21.911325630272639131 
+21.556792878514485778 
+21.191819500676153609 
+20.830989466449423730 
+20.459559603804404304 
+20.092372060965786318 
+19.714424092585808523 
+19.348475021268288998 
+18.971735738977439922 
+18.591782692197497795 
+18.208600889284536350 
+17.822175298934944010 
+17.432490850145345718 
+17.039532432164332221 
+16.651404556507856114 
+15.575962883302274520 
+15.167570587302247276 
+14.755818150361065477 
+14.340690196082043428 
+13.930746506855552269 
+13.508890901171005439 
+13.074898863345413957 
+12.646114272891765040 
+12.213876680569471844 
+11.769242278995644568 
+11.338979978977970831 
+10.905359101254136434 
+10.083216004144222921 
+9.258449324234016231 
+8.799338693337135808 
+8.336638904081967283 
+7.870333988542757453 
+7.004410259268489369 
+6.518026260807541661 
+6.037665534440021631 
+5.553621542208789563 
+5.055885494326437524 
+4.150198398780567288 
+3.651795336045601914 
+3.149629900191012410 
+2.643685683820319099 
+2.144387129250624469 
+1.620395073429548916 
+1.103015657974761865 
+0.571114039667879325 
+0.045949384785242131 
-0.493931002377706818 
-1.026948890174505635 
-1.563878992175574467 
-2.093660765491666353 
-2.638384989418021576 
-3.649233706226290508 
-4.216630928914327114 
-4.776731774716772350 
-5.340860405301192770 
-5.897397967483424708 
-6.481269336899572409 
-7.057583901082402633 
-7.626108596900909475 
-8.210548897897343323 
-8.787066622928769277 
-9.379700370626963490 
-10.466781131899644208 
-11.058811954727872262 
-12.167247069091494893 
-12.783480627883555769 
