0.42589
0.42589
0.42589
0.42589
0.42589
0.42589
0.42589
0.42589
0.42589
0.42589
0.42589
0.42589
0.42589
0.42589
0.42589
0.42589
0.42589
0.42589
0.42589
0.42589
0.42589
0.42589
0.42589
0.42589
0.42589
0.42589
0.42589
0.42589
0.42589
0.42589
0.42589
0.42589
0.42589
0.42589
0.42589
0.42589
0.42589
0.42589
0.42589
0.42589
0.42589
0.42589
0.42589
0.42589
0.42589
0.42589
0.42589
0.42589
0.42589
0.42589
0.42589
0.42589
0.42589
0.42589
0.42589
0.42589
0.42589
0.42589
0.42589
0.42589
0.42589
0.42589
0.42589
0.42589
0.42589
0.42589
0.42589
0.42589
0.42589
0.42589
0.42589
0.42589
0.42589
0.42589
0.42589
0.42589
0.42589
0.42589
0.42589
0.42589
0.42589
0.42589
0.42589
0.42589
0.42589
0.42589
0.42589
0.42589
0.42589
0.42589
0.42589
0.42589
0.42589
0.42589
0.42589
0.42589
0.42589
0.42589
0.42589
0.42589
0.42589
0.42589
0.42589
0.42589
0.42589
0.42589
0.42589
0.42589
0.42589
0.42589
0.42589
0.42589
0.42589
0.42589
0.42589
0.42589
0.42589
0.42589
0.42589
0.42589
0.42589
0.42589
0.42589
0.42589
0.42589
0.42589
0.42589
0.42589
0.42589
0.42589
0.42589
0.42589
0.42589
0.42589
0.42589
0.42589
0.42589
0.42589
0.42589
0.42589
0.42589
0.42589
0.42589
0.42589
0.42589
0.42589
0.42589
0.42589
0.42589
0.42589
0.42589
0.42589
0.42589
0.42589
0.42589
0.42589
0.42589
0.42589
0.42589
0.42589
0.42589
0.42589
0.42589
0.42589
0.42589
0.42589
0.42589
0.42589
0.42589
0.42589
0.42589
0.42589
0.42589
0.42589
0.42589
0.42589
0.42589
0.42589
0.42589
0.42589
0.42589
0.42589
0.42589
0.42589
0.42589
0.42589
0.42589
0.42589
0.42589
0.42589
0.42589
0.42589
0.42589
0.42589
0.42589
0.42589
0.42589
0.42589
0.42589
0.42589
0.42589
0.42589
0.42589
0.42589
0.42589
0.42589
0.42589
0.42589
0.42589
0.42589
0.42589
0.42589
0.42589
0.42589
0.42589
0.42589
0.42589
0.42589
0.42589
0.42589
0.42589
0.42589
0.42589
0.42589
0.42589
0.42589
0.42589
0.42589
0.42589
0.42589
0.42589
0.42589
0.42589
0.42589
0.42589
0.42589
0.42589
0.42589
0.42589
0.42589
0.42589
0.42589
0.42589
0.42589
0.42589
0.42589
0.42589
0.42589
0.42589
0.42589
0.42589
0.42589
0.42589
0.42589
0.42589
0.42589
0.42589
0.42589
0.42589
0.42589
0.42589
0.42589
0.42589
0.42589
0.42589
0.42589
0.42589
0.42589
0.42589
0.42589
0.42589
0.42589
0.42589
2.47929
2.47929
2.47929
2.47929
2.47929
2.47929
2.47929
2.47929
2.47929
2.47929
2.47929
0.42589
0.42589
0.42589
0.42589
0.42589
0.42589
0.42589
0.42589
0.42589
0.42589
0.42589
0.42589
0.42589
0.42589
0.42589
0.42589
0.42589
0.42589
0.42589
0.42589
0.42589
0.42589
0.42589
0.42589
0.42589
0.42589
0.42589
0.42589
0.42589
0.42589
0.42589
0.42589
2.47929
2.47929
2.47929
2.47929
2.47929
2.47929
0.42589
0.42589
0.42589
0.42589
0.42589
0.42589
0.42589
0.42589
0.42589
0.42589
0.42589
0.42589
0.42589
0.42589
0.42589
0.42589
0.42589
4.56311
4.56311
4.56311
4.56311
4.56311
0.42589
0.42589
0.42589
0.42589
0.42589
0.42589
0.42589
0.42589
0.42589
0.42589
0.42589
0.42589
0.42589
0.42589
0.42589
0.42589
3.01165
3.01165
3.01165
3.01165
0.42589
0.42589
0.42589
0.42589
0.42589
0.42589
4.57832
4.56311
4.56311
4.56311
0.42589
0.42589
4.51748
4.50227
4.50227
4.50227
4.51748
4.51748
0.42589
1.33851
5.41489
5.41489
0.42589
0.42589
4.51748
4.51748
4.51748
11.3317
11.9249
11.9249
11.8793
11.9249
5.90162
0.42589
1.64272
4.24369
0.42589
5.76473
5.76473
13.7502
13.7502
9.85632
9.85632
9.85632
9.85632
9.85632
13.2634
10.9363
9.05017
9.05017
9.06538
9.05017
6.46441
0.42589
4.71521
4.73042
6.7534
12.0162
7.74208
7.74208
7.74208
11.8337
5.1411
5.1411
9.23269
9.23269
11.8337
7.74208
5.32363
12.0162
9.35437
9.33916
5.1411
3.16376
7.25534
7.25534
7.25534
4.51748
4.51748
4.60874
4.60874
10.2366
6.14499
3.25502
7.54434
7.52913
12.077
7.52913
12.0466
9.65858
5.36926
2.67702
3.71133
3.71133
3.36149
3.36149
5.5822
7.43787
1.9013
12.0466
5.99288
5.99288
8.85243
8.85243
10.6625
11.0427
14.4651
16.3816
15.0278
18.8304
14.7388
6.23625
6.23625
8.53302
8.41133
4.27411
12.579
13.522
17.5375
11.3621
8.27444
4.35016
8.60907
4.35016
4.35016
7.20971
9.90195
12.6398
20.5796
20.7013
14.1
14.0544
14.0544
16.7314
15.8644
13.1113
13.1265
14.1913
17.1117
9.15664
16.1534
17.2942
17.2942
17.0204
10.921
15.1799
11.0884
18.7848
16.4424
17.1269
14.5411
19.6214
20.5644
13.9175
12.9744
24.7473
17.6897
15.0583
15.0278
15.1495
16.9291
15.7427
11.8793
8.71554
13.3243
12.7767
17.5528
21.0664
15.1799
14.9366
21.766
21.0664
15.2256
15.3016
20.8838
28.3217
16.7466
50.2246
43.7602
53.9207
12.7159
18.2068
22.3744
23.1806
20.4732
22.7395
11.8032
24.9146
29.7363
25.888
21.0816
20.2298
16.4576
17.857
8.9437
16.5337
21.2641
17.0052
14.0544
19.9864
24.8081
13.4916
9.74984
22.1007
15.0735
28.2456
21.4466
27.4395
22.0094
9.21748
11.6664
19.2411
22.6026
22.1159
14.1
11.134
17.7353
22.1463
22.7395
17.5832
26.968
14.7997
10.9971
11.0123
15.1495
14.4042
18.1916
16.4576
6.29709
5.81036
8.88285
16.5793
20.245
20.245
21.3554
11.7424
15.834
14.6476
26.4812
28.6259
28.5194
23.211
24.945
33.9343
49.1143
39.3948
38.9994
32.3677
34.8013
31.4094
26.8007
12.4421
10.6777
14.1608
11.2709
9.36958
13.6589
23.3631
9.85632
11.2861
19.9256
26.9984
18.146
15.4842
15.256
15.1495
15.4385
11.5751
14.1761
10.8146
9.18706
11.7272
15.9861
13.6133
10.7385
10.6168
9.21748
2.6466
6.73819
5.38447
14.1152
17.8418
10.6168
13.3243
13.446
17.7049
17.6897
12.3204
5.70389
2.6466
5.38447
5.38447
24.1845
29.8427
38.7256
39.8664
24.4126
20.3363
0.0
0.0
31.166
26.6942
21.2793
13.4003
16.0013
16.2447
7.43787
7.43787
11.3774
13.0505
13.1722
4.57832
2.67702
4.48706
5.76473
11.5599
8.27444
8.27444
13.4003
17.5832
20.1842
11.712
10.1909
12.077
15.0583
16.2295
9.56732
15.2104
15.2104
15.3625
13.3243
17.1573
31.1356
31.1356
22.268
18.6631
15.6819
5.23237
2.4945
8.44175
9.93237
9.94758
11.5903
11.5903
26.0401
21.7812
19.6062
23.5152
30.1013
14.1152
13.5981
11.6359
15.6819
15.6819
15.545
19.4541
13.7502
9.36958
10.8602
13.5981
8.77638
8.77638
8.77638
12.7767
15.834
7.25534
3.16376
2.47929
5.20194
19.5149
16.7466
21.3097
12.7007
15.0278
41.1897
24.3062
22.4049
29.2039
10.0845
8.74596
5.65826
5.65826
14.5107
9.94758
9.94758
10.8906
16.2295
34.3906
18.8761
16.3816
14.8605
14.8301
19.1499
24.3062
25.7207
28.5803
24.2453
28.0175
23.0589
32.4133
24.8994
21.0055
18.4198
20.6253
20.6405
21.5227
17.5375
39.334
29.5994
31.2725
31.4702
33.7366
26.1162
27.9871
36.7939
30.7858
25.1123
34.4667
43.3191
39.1971
39.258
43.7146
48.7036
50.0269
51.7
51.3958
67.458
51.1677
63.2447
46.1635
32.7023
34.0864
46.422
42.0262
36.946
40.8398
35.8204
50.5745
59.1683
24.3822
19.2259
19.6062
18.4806
10.8146
20.2602
20.2602
20.3667
13.0201
9.00454
10.6625
16.5032
16.7922
26.8311
19.6822
23.8955
24.5647
31.6984
20.7469
35.4706
38.5431
27.257
19.9408
18.9977
14.2521
23.3631
23.3631
23.3608
23.3631
23.5453
0
0
23.3631
0
23.3631
0
23.3631
26.5421
23.8194
14.2825
27.7437
0.441101
21.7508
20.823
33.0673
25.2796
29.7058
24.58
27.4243
30.6945
29.9796
22.6178
17.2486
21.8421
18.4045
30.588
23.6521
30.2078
29.9644
20.5492
40.8855
43.456
38.7104
36.2007
31.5615
27.6981
31.7745
21.1576
22.2832
28.4586
29.2952
30.1013
21.979
37.7825
16.2751
20.61
21.7356
30.6033
32.3524
32.9913
26.6029
28.6563
38.9842
38.7104
16.1838
20.1081
22.8764
25.4317
31.379
34.2081
32.0178
27.2266
30.4055
39.2275
45.6615
43.3495
47.8366
39.3796
41.6004
33.5541
33.4932
33.1282
17.279
18.511
24.7321
46.4981
47.791
41.7829
43.4864
35.8965
36.0486
41.5699
41.6916
25.9489
29.3712
16.7618
16.7618
0.441101
25.4013
32.2916
1.6059
49.7379
43.9884
30.3903
7.07282
21.5987
30.0709
30.5576
28.9757
30.5272
13.2178
19.4693
24.1693
30.6337
30.9683
28.8541
29.2343
30.7554
28.3369
28.778
25.5534
18.7087
22.557
28.0479
24.5343
28.9301
0.441101
21.9181
7.16408
14.7236
21.8573
22.5266
20.1994
17.2029
30.4055
25.4317
40.2771
45.7984
39.7295
38.178
37.1133
38.3758
46.0874
48.4754
35.5162
39.2123
42.802
38.0259
35.4858
35.4858
27.5156
27.5156
23.1198
24.3214
27.7133
39.8359
44.1405
45.768
42.4826
50.757
36.079
36.079
38.6039
35.6987
31.1508
31.1052
22.1767
25.888
30.9987
27.546
36.7939
36.6874
31.0291
36.7939
40.2618
41.2049
20.0473
27.044
24.0628
32.4285
27.5308
26.755
12.9744
12.9744
15.1191
16.9291
17.4463
18.4045
22.633
19.6518
17.5528
24.7625
12.3508
12.3508
15.0887
19.3628
19.3628
9.29353
19.5757
24.8233
25.234
31.744
19.4541
17.0812
5.7191
11.3317
10.3583
16.1534
4.97379
7.55955
10.4495
10.4495
10.921
6.43398
10.5104
10.267
16.8835
19.6214
17.0356
24.7625
17.5223
19.6366
38.0259
28.0023
34.056
31.166
38.5887
26.6181
24.0476
25.2644
32.3524
24.9906
15.9709
20.8078
18.1155
22.7851
18.2677
15.3016
12.7159
2.47929
2.32719
2.32719
6.6013
11.1644
41.6916
47.3499
37.6761
42.1936
51.3958
53.9816
53.9816
27.7893
15.834
27.7893
32.8088
21.6748
19.4388
19.4388
15.2256
28.0631
24.6256
40.0337
40.1249
31.2269
29.2495
5.26279
5.35405
17.4463
19.6974
20.0321
20.0321
26.8463
26.8463
24.9146
28.4282
20.4427
45.2356
30.3903
20.823
8.54822
6.40356
10.4952
6.40356
22.7395
13.6893
2.57055
2.57055
2.57055
6.7534
6.66214
15.7579
15.6819
13.6437
0
4.77605
9.55211
9.55211
0.42589
4.7
4.7
2.47929
22.5266
24.656
28.9301
14.5563
9.689
11.6055
3.16376
9.27832
5.1411
3.16376
3.16376
6.0233
6.0233
11.5903
5.88641
8.2136
7.25534
7.3314
9.12622
9.14143
9.05017
13.3091
13.3091
8.79159
4.7
4.7
8.85243
8.85243
8.83722
8.83722
8.76117
8.85243
4.50227
4.50227
0.42589
0.42589
0.42589
0.42589
0.42589
0.42589
0.42589
0.42589
0.42589
3.0877
7.36182
9.17185
4.89774
8.97412
0.42589
