27
76
126
175
225
274
323
373
423
472
522
572
622
671
721
770
819
869
918
968
1018
1067
1117
1206
1255
1303
1352
1400
1450
1499
1549
1598
1648
1697
1747
1796
1846
1895
1944
1993
2043
2092
2141
2190
2238
2286
2335
2383
2472
2521
2569
2618
2666
2715
2763
2812
2861
2910
2960
3009
3058
3147
3195
3244
3292
3341
3391
3440
3489
3539
3588
3636
3687
3737
3787
3838
3888
3938
3988
4037
4087
4137
4186
4277
4326
4374
4423
4471
4520
4568
4617
4665
4714
4762
4811
4860
4909
4958
5007
5057
5106
5155
5204
5253
5302
5351
5400
5449
5498
5547
5595
5644
5693
5742
5791
5841
5890
5940
5989
6039
6087
6136
6184
6232
6281
6329
6378
6427
6476
6526
6575
6624
6674
6723
6772
6822
6871
6920
6969
7019
7068
7118
7167
7217
7266
7315
7404
7453
7502
7551
7600
7650
7699
7748
7798
7847
7897
7946
8037
8087
8137
8186
8277
8326
8416
8465
8514
8565
8615
8665
8716
8766
8816
8865
8915
8964
9013
9063
9114
9165
9216
9266
9317
9367
9416
9465
9515
9566
9616
9665
9715
9765
9815
9865
9915
9965
10016
10066
10116
10167
10217
10265
10314
10362
10411
10459
10507
10556
10605
10654
10703
10753
10802
10851
10901
10951
11001
11051
11101
11151
11200
11249
11298
11348
11397
11446
11496
11545
11595
11644
11694
11743
11791
11840
11888
11936
11985
12074
12123
12172
12221
12271
12320
12369
12418
12468
12518
12567
12617
12667
12716
12805
12855
12904
12953
13002
13052
13101
13150
13200
13250
13300
13349
13399
13449
13578
13667
13715
13764
13813
13862
13910
13959
14009
14058
14108
14157
14207
14256
14305
14353
14402
14451
14500
14550
14599
14690
14739
14788
14838
14887
14935
14984
15032
15080
15129
15177
15226
15274
15323
15372
15422
15471
15520
15569
15618
15667
15717
15766
15815
15864
15914
15963
16012
16061
16111
16161
16210
16260
16310
16360
16409
16458
16508
16557
16607
16656
16706
16755
16805
16854
16903
16952
17001
17049
17098
17147
17195
17245
17294
17343
17393
17483
17531
17580
17629
17678
17727
17776
17826
17875
17924
17974
18023
18071
18120
18168
18218
18267
18316
18365
18415
18464
18514
18564
18614
18662
18711
18759
18807
18857
18906
18955
19004
19053
19103
19192
19240
19290
19339
19388
19438
19528
19578
19627
19676
19726
19775
19825
19875
19925
19975
20025
20075
20125
20174
20222
20270
20319
20367
20416
20464
20513
20561
20610
20658
20707
20755
20808
20857
20906
20955
21004
21054
21102
21150
21199
21247
21295
21344
21392
21441
21489
21538
21586
21634
21684
21733
21783
21832
21881
21931
21981
22030
22080
22130
22179
22229
22320
22370
22420
22470
22519
22569
22619
22669
22718
22768
22818
22868
22917
22967
23016
23065
23113
23162
23210
23259
23308
23357
23405
23453
23503
23552
23601
23651
23700
23791
23840
23889
23938
23988
24037
24087
24137
24187
24237
24287
24337
24386
24436
24486
24536
24585
24635
24683
24732
24781
24829
24877
24926
24974
25022
25072
25121
25170
25219
25269
25318
25368
25417
25467
25517
25567
25616
25665
25713
25843
25891
25940
25988
26037
26086
26136
26186
26236
26285
26335
26384
26433
26481
26530
26578
26627
26675
26724
26772
26821
26869
26917
26967
27016
27065
27155
27205
27254
27304
27353
27402
27451
27541
27591
27641
27690
27740
27790
27840
27890
27940
27990
28040
28090
28139
28189
28238
28287
28336
28386
28435
28484
28534
28583
28633
28682
28732
28781
28831
28880
28930
28980
29029
29079
29128
29178
29226
29274
29323
29371
29419
29468
29517
29567
29616
29707
29756
29806
29855
29905
29953
30002
30051
30100
30149
30198
30248
30297
30346
30396
30447
30497
30548
30599
30649
30700
30749
30799
30848
30897
30946
30996
31045
31093
31142
31190
31238
31287
31335
31385
31434
31484
31534
31584
31634
31685
31735
31783
31832
31881
31929
31978
32027
32076
32125
32174
32223
32271
32320
32369
32418
32468
32520
32571
32621
32672
32723
32771
32820
32909
32958
33008
33058
33107
33157
33207
33255
33303
33352
33401
33449
33498
33546
33595
33645
33695
33744
33794
33843
33892
33942
33991
34040
34088
34137
34185
34234
34324
34373
34421
34470
34518
34567
34615
34664
34713
34761
34810
34859
34909
34958
35008
35057
35106
35154
35202
35251
35299
35347
35396
35444
35493
35542
35590
35639
35687
35736
35784
35834
35883
35932
35982
36031
36080
36130
36180
36229
36279
36329
36379
36428
36477
36525
36574
36624
36673
36722
36772
36821
36870
36920
36969
37018
37068
37117
37166
37215
37264
37353
37401
37449
37498
37546
37594
37684
37732
37780
37829
37878
37928
38018
38109
38200
38250
38298
38347
38395
38444
38493
38542
38590
38639
38689
38738
38788
38838
38887
38937
38987
39037
39085
39133
39182
39230
39279
39327
39376
39424
39473
39523
39572
39621
39712
39761
39811
39859
39908
39956
40006
40055
40104
40153
40203
40252
40300
40349
40397
40446
40494
40542
40591
40640
40689
40738
40786
40835
40925
40975
41064
41113
41162
41210
41260
41309
41358
41407
41457
41505
41554
41602
41651
41700
41748
41797
41845
41893
41942
41990
42039
42088
42136
42185
42234
42283
42332
42381
42429
42478
42526
42575
42623
42672
42723
42773
42908
42957
43006
43055
43105
43154
43203
43252
43344
43436
43484
43533
43623
43673
43722
43772
43821
43870
43918
43967
44015
44063
44112
44160
44210
44259
44309
44358
44449
44498
44547
44597
44646
44695
44744
44793
44842
44890
44939
44987
45036
45085
45133
45182
45231
45279
45329
45378
45427
45477
45526
45575
45625
45715
45805
45854
45903
45953
46002
46051
46141
46190
46238
46287
46335
46384
46433
46483
46532
46581
46631
46680
46729
46777
46826
46876
47006
47056
47106
47156
47205
47255
47304
47354
47403
47453
47503
47552
47601
47733
47782
47832
47881
47930
47979
48028
48076
48125
48173
48221
48270
48318
48367
48415
48463
48512
48560
48609
48657
48706
48754
48803
48852
48901
48990
49039
49087
49136
49184
49233
49281
49330
49378
49427
49475
49523
49572
49621
49671
49720
49770
49820
49870
49919
49969
50019
50068
50118
50167
50215
50264
50312
50360
50409
50457
50506
50555
50603
50652
50701
50749
50799
50847
50896
50944
50992
51041
51090
51140
51190
51240
51289
51339
51387
51436
51484
51533
51581
51670
51719
51767
51816
51865
51914
51963
52013
52103
52152
52202
52251
52300
52349
52397
52446
52495
52544
52593
52643
52692
52742
52791
52841
52889
52938
52986
53035
53083
53132
53181
53231
53281
53330
53380
53430
53479
53528
53577
53626
53676
53725
53774
53822
53871
53920
53968
54017
54065
54114
54162
54211
54260
54309
54357
54406
54455
54504
54594
54643
54693
54742
54833
54965
55015
55065
55115
55165
55215
55264
55312
55360
55449
55498
55546
55596
55645
55694
55743
55793
55842
55891
55940
55989
56037
56085
56134
56183
56231
56281
56412
56461
56511
56560
56610
56659
56749
56798
56847
56896
56944
56992
57041
57089
57138
57186
57234
57283
57331
57380
57428
57477
57525
57574
57622
57672
57721
57771
57820
57870
57919
57968
58018
58190
58239
58288
58337
58387
58436
58486
58534
58583
58633
58682
58731
58780
58830
58878
58968
59018
59067
59117
59166
59216
59266
59315
59365
59414
59464
59554
59603
59653
59702
59751
59801
59891
59940
59990
60039
60089
60221
60270
60318
60367
60415
60465
60514
60563
60613
60662
60711
60760
60808
60858
60949
60999
61048
61098
61147
61196
61245
61295
61344
61393
61484
61533
61583
61633
61683
61731
61779
61828
61877
61927
61976
62025
62074
62123
62172
62220
62268
62317
62365
62414
62462
62511
62561
62610
62700
62749
62839
62887
62936
62984
63033
63082
63132
63181
63231
63321
63371
63420
63551
63601
63650
63700
63791
63841
63932
63981
64031
64080
64129
64178
64227
64277
64325
64374
64422
64471
64520
64568
64617
64667
64716
64806
64856
64905
64955
65004
65054
65103
65152
65201
65292
65341
65391
65440
65531
65581
65630
65680
65730
65779
65827
65876
65924
65973
66021
66071
66120
66169
66218
66266
66315
66364
66412
66461
66510
66599
66648
66697
66746
66835
66885
66934
67023
67072
67121
67169
67219
67267
67316
67365
67413
67463
67512
67561
67610
67660
67709
67758
67808
67857
67906
67955
68005
68054
68103
68152
68201
68249
68298
68346
68395
68484
68534
68583
68673
68723
68772
68821
68870
68919
68967
69016
69064
69114
69164
69296
69345
69394
69443
69533
69583
69632
69681
69772
69822
69872
69921
69970
70020
70069
70118
70209
70260
70352
70402
70453
70502
70551
70600
70649
70697
70746
70795
70884
70933
70981
71029
71078
71126
71215
71264
71312
71361
71410
71458
71631
71680
71729
71778
71828
71877
71927
71976
72025
72075
72124
72214
72264
72313
72363
72413
72463
72513
72563
72612
72661
72709
72758
72806
72854
72903
72951
73001
73051
73101
73151
73201
73251
73301
73350
73400
73449
73498
73548
73597
73687
73737
73827
73917
73967
74016
74065
74114
74163
74213
74263
74313
74362
74410
74458
74507
74555
74605
74653
74702
74750
74799
74847
74896
74986
75035
75083
75131
75180
75229
75277
75327
75377
75426
75476
75525
75574
75623
75673
75722
75770
75819
75867
75916
75964
76012
76061
76109
76157
76206
76254
76304
76353
76402
76452
76542
76592
76642
76692
76783
76833
76881
76930
76978
77027
77075
77124
77172
77220
77269
77317
77365
77414
77462
77512
77602
77652
77701
77750
77799
77849
77898
77987
78076
78125
78174
78263
78354
78444
78493
78542
78632
78682
78773
78823
78872
78922
78972
79021
79071
79120
79170
79219
79268
79316
79365
79413
79461
79512
79562
79612
79663
79713
79764
79813
79862
79912
79961
80093
80142
80191
80240
80289
80338
80387
80436
80487
80536
80584
80633
80681
80729
80778
80828
80876
80925
80973
81022
81070
81120
81170
81220
81269
81318
81367
81416
81505
81554
81603
81651
81700
81748
81797
81845
81894
81983
82032
82081
82131
82180
82229
82278
82327
82376
82425
82474
82523
82572
82662
82751
82800
82848
82897
82945
82994
83043
83093
83142
83232
83281
83330
83379
83428
83478
83527
83577
83627
83676
83726
83774
83822
83871
83919
83968
84016
84065
84114
84164
84213
84262
84311
84361
84410
84460
84510
84642
84691
84782
84830
84879
84927
85016
85064
85114
85164
85215
85265
85315
85365
85413
85462
85511
85561
85610
85659
85708
85758
85806
85855
85904
85953
86002
86051
86100
86148
86197
86246
86294
86343
86392
