+14.735535688059295367 
+14.455373399340706086 
+14.172027847089729846 
+13.896821389763674759 
+13.618509365174361392 
+13.348212851105037302 
+13.080329608653332940 
+12.809455436534440409 
+12.541070611317536532 
+12.280457287816931355 
+12.016966627545595969 
+11.755930283906007361 
+11.497336564709570439 
+11.246273316261525821 
+10.992481622665351892 
+10.746102049083305019 
+10.502024201713485496 
+10.255326571800623014 
+10.015866050964824296 
+9.773857456626497964 
+9.534199996386625742 
+9.301605757397691576 
+9.066569905092755732 
+8.653932067256889127 
+8.429860097378343298 
+8.212489867407430921 
+7.992753890239876036 
+7.779610896020296096 
+7.559795288724362017 
+7.346551660101536818 
+7.131165260144087803 
+6.922240936107709963 
+6.711240296174596054 
+6.506592815575702460 
+6.299934727428070147 
+6.099521863124412135 
+5.897163357012841445 
+5.700943115294755614 
+5.506782545588615463 
+5.314671445720749787 
+5.120741787877843620 
+4.932740439498486396 
+4.746757916990201664 
+4.562784131135174448 
+4.384502886283257794 
+4.208130138957134392 
+4.030041742482087130 
+3.857497067495335941 
+3.542538457679750508 
+3.371871760729119316 
+3.206560840989315153 
+3.039708064779770069 
+2.878114359498866293 
+2.715037029290137127 
+2.557122954077618360 
+2.397782809679936733 
+2.240316044699197207 
+2.084712978013811835 
+1.927845458234266118 
+1.775978395907964469 
+1.625945957784741935 
+1.358099327733333084 
+1.216121926257985209 
+1.072966686434062566 
+0.934467624930871210 
+0.794844667297594398 
+0.654197069334408354 
+0.518141188938653130 
+0.383836684679325302 
+0.248586942449835036 
+0.117792489155792879 
-0.008661748459756424 
-0.141217186860682631 
-0.269380783641414823 
-0.395779249410356471 
-0.522897347709921689 
-0.645759928452019238 
-0.766886705076425201 
-0.886287330063879608 
-1.001634504832622952 
-1.117645712873480690 
-1.231959361863628644 
-1.342348957623583416 
-1.543087635923049206 
-1.648894523515787469 
-1.751003471028512948 
-1.853677715611420140 
-1.952734908552868021 
-2.052311079144251593 
-2.148350280714188543 
-2.244862741628020686 
-2.337917514758681037 
-2.431400426133707882 
-2.521504134008123899 
-2.611991452337010244 
-2.700978377608640457 
-2.788473496910212290 
-2.874485371231722652 
-2.959022535500428930 
-3.043773617355521210 
-3.125357201014333342 
-3.205491695690851017 
-3.284185531877161779 
-3.361447114175609485 
-3.437284821333209450 
-3.511707006276138188 
-3.584721996144169864 
-3.656338092325126965 
-3.726563570489348720 
-3.795406680624145324 
-3.861512410978447107 
-3.927643227100018564 
-3.992416104857030135 
-4.055839192370198631 
-4.117920612248786583 
-4.179894384724844869 
-4.239289768159173022 
-4.298539470494342041 
-4.355281660722331694 
-4.411840699659942189 
-4.464870679683658139 
-4.517733421612058820 
-4.568278836014721733 
-4.617605994300186367 
-4.666711893457113902 
-4.713599713351596776 
-4.760230800120586636 
-4.805623348497048752 
-4.849785128058107020 
-4.893587504160743507 
-4.935286232944919860 
-4.975777508586189057 
-5.015858428664104807 
-5.053933531094015663 
-5.090824268973920042 
-5.127254893314221462 
-5.161775877713905558 
-5.195135360026265303 
-5.227340859915409865 
-5.259021844618763097 
-5.288918672460427572 
-5.318259401335458492 
-5.345877949328782464 
-5.372909331544368783 
-5.398279789604258028 
-5.422548663731520335 
-5.463835166637229790 
-5.485040889656611185 
-5.505172840823972180 
-5.524238249263456524 
-5.542244319859785051 
-5.559533326346004500 
-5.575420986927438705 
-5.590270924535500896 
-5.604361592549723881 
-5.617136568676714958 
-5.629124656276482952 
-5.639853486925522574 
-5.657125019557932788 
-5.665159764037307255 
-5.672171915445629153 
-5.678058787739454161 
-5.686428210051078125 
-5.689567161696343689 
-5.692866321289658416 
-5.693332109313777423 
-5.692868553167739876 
-5.691406309993451984 
-5.689009779458823246 
-5.685666976987869603 
-5.681289811103466647 
-5.676057107447382677 
-5.669899435094704288 
-5.662974260808740112 
-5.655005786669230261 
-5.646319407597031770 
-5.636771180666828585 
-5.626146424737049401 
-5.614398791520764931 
-5.601738987535279435 
-5.588174258415074647 
-5.574003982693179537 
-5.558668424082823023 
-5.542775841823905481 
-5.526383716078060004 
-5.509188802660917261 
-5.490821965343014810 
-5.471240299968320286 
-5.451218454093572419 
-5.430811792925426928 
-5.409193861133703152 
-5.386779603447442000 
-5.363575549714115098 
-5.339588205226890594 
-5.314824050762689822 
-5.289289542620347007 
-5.262457396104361251 
-5.235386366681849424 
-5.207564333403892576 
-5.178418769132816735 
-5.149099076910276906 
-5.120263544625222707 
-5.090137326769125892 
-5.059955701767821168 
-5.028466874251728669 
-4.996961697250865697 
-4.964809851626126758 
-4.931326827099423937 
-4.897181380513183413 
-4.862379273989899886 
-4.826926247594604646 
-4.790084642761540223 
-4.753333916776588453 
-4.715949474684046905 
-4.677154702682338794 
-4.637711950740508016 
-4.597627176548447991 
-4.556906314145836134 
-4.515555273960293547 
-4.473579942845491431 
-4.431844082073732594 
-4.389519780111259095 
-4.346612511931811085 
-4.302234311267254085 
-4.258165830474082370 
-4.213530789084691364 
-4.167406398276591872 
-4.121643091962619465 
-4.074378564775402722 
-4.027508812079686251 
-3.979126322300116314 
-3.931171765444938515 
-3.883682950692458391 
-3.834686326415534197 
-3.786186744097479462 
-3.737194375137315561 
-3.686678091053702033 
-3.593640289307201030 
-3.541719634159891328 
-3.489310071510166367 
-3.436416675159390977 
-3.381950319945373096 
-3.328094777710694174 
-3.273770599632149114 
-3.218982775470246693 
-3.162604053387168435 
-3.105752998647242080 
-3.049585752733117161 
-2.991814900853915660 
-2.933587249260357410 
-2.876085944107719783 
-2.770551153637383024 
-2.710651997018208803 
-2.651531275734631876 
-2.592000041364107332 
-2.532063037803462535 
-2.470489456978251397 
-2.409747025340218229 
-2.348613029257267115 
-2.285832606283451085 
-2.222654259387502051 
-2.159082898241249993 
-2.096406372502210402 
-2.032071241985475396 
-1.967357598333100199 
-1.798682290336406808 
-1.680902277580740289 
-1.616914617630298423 
-1.551262724125914261 
-1.485280639803017166 
-1.418972755409386721 
-1.353706408019013097 
-1.286766444169950674 
-1.218137912463147288 
-1.150570339747277515 
-1.081310350475121140 
-1.013132689425921384 
-0.943259038086919688 
-0.874488647491030946 
-0.805431258189413413 
-0.737508968989354585 
-0.667895788036075189 
-0.598008045909818264 
-0.527849878228590086 
-0.455985422896214132 
-0.385293424832378051 
-0.253326735276505843 
-0.181908198352228823 
-0.110243153155003881 
-0.036865604800409457 
+0.035285292845616212 
+0.106191095493347376 
+0.178802332644046658 
+0.250151524576063267 
+0.321714567771826054 
+0.394985290777146503 
+0.466969349696745084 
+0.540662293354532864 
+0.613052580065621910 
+0.687152721447194637 
+0.761452895710766242 
+0.837471677614001209 
+0.912164492970136465 
+0.987045988287164278 
+1.062112442336175633 
+1.137360152489611309 
+1.212785434686820096 
+1.289929249151228419 
+1.365702134188349959 
+1.441641576283949178 
+1.517743965676237039 
+1.595563707326233427 
+1.671984377736407623 
+1.748557204029784984 
+1.825278650186529461 
+1.903715389787942414 
+1.982299496515764758 
+2.059451332439806492 
+2.138316334347557301 
+2.217317740495738931 
+2.296451911123256195 
+2.374128717442797409 
+2.451926164764726579 
+2.531432175737394985 
+2.609463099661057939 
+2.689200387736319087 
+2.767451174940514846 
+2.847405924176971581 
+2.925863108594615625 
+3.006021653017230122 
+3.084671915261303354 
+3.163412858583695808 
+3.242241273532025403 
+3.321153968282779090 
+3.398534860365529653 
+3.477605050237755790 
+3.556750113759861165 
+3.634349562514525900 
+3.715252391174365343 
+3.794603413385967627 
+3.874016925816919255 
+3.955112370598207860 
+4.101229849990264853 
+4.179230446936241350 
+4.258903434632367535 
+4.338621340425891759 
+4.418381212533065039 
+4.498180116288562402 
+4.578015134110975382 
+4.659513654954334783 
+4.739412805404709772 
+4.819339361012620060 
+4.900922363664196979 
+4.980895612729241861 
+5.059255050853744606 
+5.139262903580988251 
+5.217650883736485667 
+5.299315827096316767 
+5.379355384553855757 
+5.459400024787576911 
+5.539447032875505883 
+5.621127293923379398 
+5.701170870182412642 
+5.782842062113234149 
+5.864504472782611444 
+5.946155306534173235 
+6.024526636687175696 
+6.104514520722814197 
+6.182851677801812329 
+6.261168274055401994 
+6.342723614308255264 
+6.422621085622948200 
+6.502489531014084889 
+6.582326449792521572 
+6.662129357455018663 
+6.743523274879697382 
+6.888302357622743344 
+6.966326958501340094 
+7.047555865724691948 
+7.127111528103776017 
+7.206616624362042423 
+7.287689701002604714 
+7.433474434377065343 
+7.514380023278473431 
+7.593604962643175860 
+7.672765698626941244 
+7.753473426027230886 
+7.832497547161904272 
+7.913061201804211464 
+7.993548571943136949 
+8.073957317250822996 
+8.154285114246263788 
+8.234529656257301156 
+8.314688653382498629 
+8.394759832452859172 
+8.473142212148012220 
+8.549839043662871063 
+8.626448871776901228 
+8.704562968005047807 
+8.780991028832477951 
+8.858915543557332128 
+8.935153975482194255 
+9.012880942234161807 
+9.088921998966114302 
+9.166443568739229164 
+9.242279618795144813 
+9.319588059517919021 
+9.395211585703563628 
+9.478587131435103785 
+9.555551038548307119 
+9.632398523750453023 
+9.709127704192468400 
+9.785736711839277291 
+9.863783368750752345 
+9.938586810471115029 
+10.013269641572620117 
+10.089382192740995237 
+10.163816112699628036 
+10.238124325491678945 
+10.313849239086732013 
+10.387898365397813194 
+10.463355376819576392 
+10.537138747479989576 
+10.612321104752089340 
+10.685832160440405403 
+10.759206069954270646 
+10.835489700392884060 
+10.910099939535697899 
+10.986080392394280025 
+11.060390190075871431 
+11.134548847619191392 
+11.210063493992503680 
+11.285417429013676838 
+11.359106759702287448 
+11.434137592552932716 
+11.509002801018105799 
+11.582208456721149403 
+11.656740968764667699 
+11.791951749023763085 
+11.865999698035349041 
+11.939872845624091013 
+12.013569660561891794 
+12.085619999863952856 
+12.158963217031271142 
+12.232125626738710622 
+12.305105756860932331 
+12.376448032141635025 
+12.449062963334304399 
+12.521491315359064345 
+12.593731674589383474 
+12.664343487672303112 
+12.736207507808565254 
+12.806447862529442006 
+12.876502430025103862 
+12.944945957768331013 
+13.014629030932225007 
+13.082706259834001372 
+13.152012992970442795 
+13.221127806573505836 
+13.290049503432710409 
+13.357376249488348563 
+13.424515443513827861 
+13.494251493317630519 
+13.562393060657267796 
+13.630335744358362149 
+13.699458838594393839 
+13.766996294516061994 
+13.891885664289398861 
+13.958842478556695355 
+14.025594015332913500 
+14.092139230815389439 
+14.159828761674775777 
+14.225953991013454925 
+14.293212857193543286 
+14.360252637670456011 
+14.427072291292244444 
+14.493670790504696200 
+14.560047121313195007 
+14.626200283244733313 
+14.690812912234745724 
+14.756521300930643292 
+14.822003619149768383 
+14.887258919856989792 
+14.950987962255821273 
+15.015791026488761517 
+15.077785820483068591 
+15.140852940143856742 
+15.203697743010906152 
+15.265043653896405829 
+15.326174687431999288 
+15.388356870190653680 
+15.449051405958977412 
+15.509528843664831754 
+15.572294550917382239 
+15.633574882477507373 
+15.694626736755850516 
+15.755449391072033904 
+15.817276322333661653 
+15.877633742391358496 
+15.938984501500200963 
+15.998873882498747534 
+16.059745656693621640 
+16.120374481451214876 
+16.180759676925184465 
+16.239700156199248227 
+16.298405396590617045 
+16.355683901594971985 
+16.509672333844292780 
+16.566106796507224175 
+16.623480921118911624 
+16.679452389271773427 
+16.736352824617707569 
+16.793013195404423499 
+16.850581910184367018 
+16.907899606268344428 
+16.964965768514357336 
+17.020646084468321391 
+17.077212737013475419 
+17.132402601146988985 
+17.187349046129497765 
+17.240937703555164973 
+17.295401022926434109 
+17.348515621856194002 
+17.402494218576208596 
+17.455133235825488924 
+17.508625596966378879 
+17.560787591487084569 
+17.613792287704100659 
+17.665475900066159198 
+17.716922309404221636 
+17.770259758189197896 
+17.822280107534361093 
+17.874052331761607348 
+17.968496803771543568 
+18.020603201242415992 
+18.071415740570063946 
+18.123008141135038329 
+18.173316462691019524 
+18.223374869718984570 
+18.273183142796877831 
+18.364015396102388422 
+18.414112381493612958 
+18.463948137621912338 
+18.512533560001621424 
+18.561851560242818238 
+18.610907825564041218 
+18.659702207925285222 
+18.708234570099282479 
+18.756504785633659083 
+18.804512738812455552 
+18.852258324618400565 
+18.899741448694548751 
+18.946020189170123871 
+18.992983402187689990 
+19.038752499096098347 
+19.084269268702581002 
+19.129533671336691469 
+19.175461661110965395 
+19.220216097727334414 
+19.264718105842582929 
+19.309868108551498267 
+19.353860114283623517 
+19.398489733855619477 
+19.441971810406592169 
+19.486081161157031261 
+19.529053459239960944 
+19.572642734284265487 
+19.615105481549285571 
+19.658174952217240872 
+19.700982023203764015 
+19.742678467926552344 
+19.784966289053727451 
+19.826154087214398203 
+19.867923123170371014 
+19.907775083223178569 
+19.947385887885044298 
+19.987573317995092737 
+20.026697219932728444 
+20.065580410767307029 
+20.105025552397798094 
+20.144220201950737703 
+20.183956728722996843 
+20.222645875400502291 
+20.293834347138020036 
+20.331810115410959838 
+20.370303977612223889 
+20.407776425958687128 
+20.445757210609684762 
+20.481975353482631874 
+20.518702360602379287 
+20.555181429366051304 
+20.591412844858709263 
+20.627396900549086922 
+20.663133898254898213 
+20.699345871921032369 
+20.734584666536541420 
+20.769577365123033985 
+20.805030867341585576 
+20.840930195525025681 
+20.875867912794699777 
+20.911241927183890965 
+20.946351298419489950 
+20.980515749811107895 
+21.015102286399624631 
+21.048084421771843466 
+21.081489486232410258 
+21.113981693421987273 
+21.146232036878533478 
+21.178240941594108193 
+21.210654658456473243 
+21.242177086928613505 
+21.272823389837263619 
+21.303870944764522477 
+21.334052947950858936 
+21.364005859886717076 
+21.394346958020683758 
+21.423838295024594913 
+21.454316303916080244 
+21.483945546244665792 
+21.513935910111612770 
+21.543680801510372902 
+21.573180776631442512 
+21.602436399623638152 
+21.632025996828364356 
+21.660789781620888306 
+21.688174769046366208 
+21.715900208325109588 
+21.743393770886619620 
+21.770101967093996365 
+21.797138210425583082 
+21.823944310605128294 
+21.850520863476049271 
+21.876868471876075972 
+21.902987745602583658 
+21.928879301377882882 
+21.954022264146779264 
+21.979464877080232554 
+22.004681650362805101 
+22.029673227934772228 
+22.054943376696364510 
+22.080977063525487836 
+22.106265968770724584 
+22.130825048662781995 
+22.155637418675045325 
+22.180210309203911123 
+22.203119670810252728 
+22.226288896026112241 
+22.267812248673756415 
+22.290366645569690718 
+22.313157718604699653 
+22.335723684876910511 
+22.357620686504006358 
+22.379743253939508918 
+22.401643063923533106 
+22.422458055497184404 
+22.443069207851440439 
+22.463900254465730910 
+22.484520404101893121 
+22.504515999542601179 
+22.524720962171755900 
+22.544311355961944798 
+22.564104230526410788 
+22.584087692458368224 
+22.603856503842099102 
+22.623022519003328057 
+22.642368881437512584 
+22.661122576974307208 
+22.679673448699773530 
+22.698394704173779246 
+22.716538351067185886 
+22.734481721787329178 
+22.751865537440966847 
+22.769414969435345597 
+22.786414542492739344 
+22.803573428669285050 
+22.834579824089708211 
+22.851185061633771056 
+22.867263826843707619 
+22.883486950399635873 
+22.899193127228560485 
+22.915037673796348372 
+22.930374747109446787 
+22.945844294489106119 
+22.961125782258960726 
+22.975913955121697541 
+22.990825904601294383 
+23.005552575783404734 
+23.020389781854284195 
+23.034744999345161176 
+23.049205151858714657 
+23.063192808240621900 
+23.076999993041411585 
+23.090351346572038693 
+23.103531363589034697 
+23.116810191075238379 
+23.129646775815047022 
+23.142314814173907678 
+23.155073888367674328 
+23.167404172883401259 
+23.179820413666604395 
+23.192064966452200281 
+23.203894135158488865 
+23.215801799253334536 
+23.227302906269727600 
+23.238877675140095391 
+23.250054649358659731 
+23.261528341825023602 
+23.272606308463512192 
+23.283520750399866017 
+23.294490456187922689 
+23.305077704996016053 
+23.315504598921048540 
+23.325980087459910806 
+23.336290839243226003 
+23.346236640197659540 
+23.356224559793602680 
+23.366051131720226408 
+23.375717501943839238 
+23.385036225601673721 
+23.394203282847890080 
+23.403037252277776759 
+23.411907291739936454 
+23.420805380389516870 
+23.429376715448896107 
+23.437801874892887355 
+23.446249447019305023 
+23.454382661161162105 
+23.462373061997013224 
+23.470380480293933090 
+23.478085762667966208 
+23.485651627098174998 
+23.493229356129575081 
+23.500516994759347966 
+23.507668642910950041 
+23.514685442264799065 
+23.521568537881634597 
+23.533732253832049253 
+23.540113362061170221 
+23.546370368055441702 
+23.552630854281403572 
+23.558640403858319701 
+23.564529156248511299 
+23.575248812181655467 
+23.580796409242680056 
+23.586227486880403603 
+23.591652679654387725 
+23.596958789433145398 
+23.602251666327386914 
+23.611473536638911241 
+23.620405207520914104 
+23.628949699388975603 
+23.633482453120151945 
+23.637727311296238497 
+23.641954106983305905 
+23.645991478566660504 
+23.650008845353674758 
+23.653922232370369727 
+23.657732860677754161 
+23.661367264853407022 
+23.664978083538102283 
+23.668560440456360539 
+23.671972292965772766 
+23.675354188597534488 
+23.678636795479658161 
+23.681758687441380573 
+23.684848584006239491 
+23.687843117123058789 
+23.690743608663620279 
+23.693440835355723095 
+23.696053787117037359 
+23.698635469308797497 
+23.701081704862506427 
+23.703495653269065713 
+23.705779987420740440 
+23.708031124637457765 
+23.710158386721502666 
+23.712251649911188167 
+23.714307372285965414 
+23.716244611793932506 
+23.718106539970690960 
+23.721368929746045495 
+23.723022678924110096 
+23.724637608082993268 
+23.726120225430463506 
+23.727566573995765964 
+23.728918841300551179 
+23.730260811047241276 
+23.731511259587968254 
+23.732698970504245040 
+23.733825227264865987 
+23.734912454051638520 
+23.735918469830707522 
+23.736848126812752469 
+23.737741427413723727 
+23.738563143856460158 
+23.739348783290829203 
+23.740067514403513371 
+23.740737119001693145 
+23.741371264698560850 
+23.741956778226480651 
+23.742494955560960790 
+23.742987093615155914 
+23.743425798326718734 
+23.743830625738944207 
+23.744465271848408605 
+23.744759347348999512 
+23.745184629533650167 
+23.745367458639883296 
+23.745515504786826710 
+23.745628060100205659 
+23.745712465543682868 
+23.745763990217213291 
+23.745785951988480633 
+23.745779657126497852 
+23.745745462420778438 
+23.745687524705822113 
+23.745604301710535822 
+23.745500441070845454 
+23.745372901189686132 
+23.745224923465890754 
+23.745061409397443697 
+23.744876832491993213 
+23.744679978354980676 
+23.744468484578625578 
+23.744238762518392605 
+23.744001440694660232 
+23.743747917730793517 
+23.743484322069654979 
+23.743217600175679394 
+23.742937925534263854 
+23.742652078654700176 
+23.742361368344738537 
+23.742067103228862379 
+23.741770591713574845 
+23.741479213108142687 
+23.741182112356909784 
+23.740892666571149050 
+23.740600100572233799 
+23.740317605676189316 
+23.740034695534802722 
+23.739747503875122447 
+23.739474538905732004 
+23.738790936518363139 
+23.738565989479162965 
+23.738355450942080438 
+23.738160622823603063 
+23.737979363656616982 
+23.737820246435767046 
+23.737680767403162463 
+23.737562225346756861 
+23.737400746306530408 
+23.737326230931898863 
+23.737324735981140122 
+23.737351296512425591 
+23.737478287751290651 
+23.737595018222734211 
+23.737743091300885112 
+23.737929896420208564 
+23.738149269984852197 
+23.738405875496201958 
+23.738694580664713385 
+23.739028675888537379 
+23.739395750152933573 
+23.739803423030906515 
+23.740262713546901097 
+23.740756096611775661 
+23.741317082655108095 
+23.741914710982118919 
+23.742574704177783929 
+23.743271955118402161 
+23.744703715847851555 
+23.745550687914587229 
+23.746452502854960898 
+23.747430565683739445 
+23.748447036173807589 
+23.749522157504806330 
+23.750657186691366718 
+23.751853378834567820 
+23.753111987087457635 
+23.754406632754932360 
+23.755792487422738191 
+23.757214178368123214 
+23.758732166705446076 
+23.760318755799843871 
+23.761940675474470197 
+23.763666723399094138 
+23.765465062758934778 
+23.767297983356211688 
+23.769283550327102716 
+23.771306160045291733 
+23.773405984150194570 
+23.775629527145767383 
+23.777889090571161290 
+23.780229560451623172 
+23.782702458498434339 
+23.787373278577959468 
+23.792332836312731104 
+23.795157101226035223 
+23.798070372424938057 
+23.801136092808263811 
+23.804232850999483162 
+23.807422230865562085 
+23.813525537495344508 
+23.816984134051224942 
+23.820466361460681526 
+23.824118472724876483 
+23.827792527969691605 
+23.831642767153173423 
+23.835594837878346652 
+23.839733745397168718 
+23.843895118206631878 
+23.848161841014341888 
+23.852625439043762867 
+23.857108543324759609 
+23.861700486817547073 
+23.866305353366225717 
+23.871116138309119492 
+23.876140821873281794 
+23.889760667831829721 
+23.895216108797903587 
+23.900793963036285561 
+23.906495422681921070 
+23.912203920246767552 
+23.918153620282936345 
+23.924107664706944831 
+23.930310232588634989 
+23.936514343463553445 
+23.942974375245619001 
+23.949566175964697834 
+23.956155100857056794 
+23.962872778600875279 
+23.981618405399867555 
+23.988821046567970541 
+23.996308618058925788 
+24.003782700233017522 
+24.011392736244907553 
+24.019139782812466422 
+24.027024892465313144 
+24.034883956468355848 
+24.043045462230381304 
+24.051177281579864342 
+24.059445545005019085 
+24.068027808342243645 
+24.076574757303568219 
+24.085443520005327400 
+24.094273079893504530 
+24.103243929880278529 
+24.112548393998324059 
+24.121807659142824320 
+24.131408511280660889 
+24.140960031099830019 
+24.150861172798009591 
+24.160708751480896694 
+24.170914047952884118 
+24.181274447370451952 
+24.191790921864246400 
+24.211294608272890372 
+24.222255823521003038 
+24.233148217785988265 
+24.244426573332304997 
+24.255631451597690074 
+24.267230645245199128 
+24.278751610712212994 
+24.290675301061853020 
+24.302515918271410555 
+24.314767724192940079 
+24.326931518505983121 
+24.339256527204291558 
+24.352005475688450531 
+24.364924207792867605 
+24.378282529904062415 
+24.391547011098264619 
+24.405259979645073543 
+24.419153451979290992 
+24.433228352728647792 
+24.447198662668796487 
+24.461635496067824391 
+24.476256477649549481 
+24.490764568127929124 
+24.505752814133686002 
+24.520622536271943659 
+24.535363555428006066 
+24.550590891445025932 
+24.565683803644141392 
+24.580952005798195614 
+24.596719889591241781 
+24.612344634575876512 
+24.628478054036122558 
+24.644797305101789675 
+24.660964446653167670 
+24.677653874258112410 
+24.694531451091734198 
+24.711247753754303602 
+24.728854109247293991 
+24.745942742222386102 
+24.763576602815192018 
+24.781036650413021505 
+24.798681537203883352 
+24.816885392771848018 
+24.835283305659565656 
+24.854257467541664539 
+24.873435187768933474 
+24.892817213280189037 
+24.912010528378463192 
+24.931799254432448265 
+24.950990687579761129 
+24.970778891631599805 
+24.990356825640681393 
+25.010540889097267581 
+25.030507870897729106 
+25.068042303748281796 
+25.088992593272287479 
+25.109712522002546109 
+25.131066034103113793 
+25.152624159346121502 
+25.174387508370067223 
+25.196356684857434516 
+25.218987002283004273 
+25.260265206012121553 
+25.283033815050437454 
+25.306482184104488908 
+25.329672950190285974 
+25.353073504419345596 
+25.376684394477848628 
+25.400017890881496641 
+25.424046746819328746 
+25.448287527281628684 
+25.472740750853080982 
+25.497406928720160124 
+25.522796538395212451 
+25.547894500174514576 
+25.573725731204262956 
+25.599257471473602976 
+25.625532327426199686 
+25.650967669419326711 
+25.677147050975637654 
+25.703002356715863641 
+25.729611326358213574 
+25.755888295686887091 
+25.782928558634107929 
+25.810187320487770535 
+25.838228044165518327 
+25.866497134046984030 
+25.894422808374841338 
+25.923145295781161224 
+25.952097377203280359 
+25.980693549599898517 
+26.009510966657320097 
+26.038549983695556733 
+26.067810947908803598 
+26.097898214172467135 
+26.127608628241070221 
+26.157541988473610672 
+26.187080934109964403 
+26.217456555338866764 
+26.248056034359759536 
+26.278248364528394632 
+26.309291835883165334 
+26.339919628765510851 
+26.371408161046844043 
+26.402472431250522789 
+26.434407027223009834 
+26.466567314512918330 
+26.498953523477226213 
+26.530898055709972283 
+26.563732142910058798 
+26.596792786797635699 
+26.630080183144073658 
+26.691811643222450812 
+26.725743264357298301 
+26.760601799738566342 
+26.794993063471459038 
+26.859466815493110659 
+26.954386782709331527 
+26.990773773017302517 
+27.027398537146993363 
+27.064261164504703316 
+27.101361734515478474 
+27.138700316586998440 
+27.175523103564842131 
+27.211816142005222474 
+27.248328666669117126 
+27.316609827653280718 
+27.354524983523802462 
+27.391888187468325100 
+27.431041635175667182 
+27.469643105420303186 
+27.508473305644820073 
+27.547532199115693174 
+27.587623906359237225 
+27.627144701964560625 
+27.666894021148586091 
+27.706871788180031047 
+27.747077917541801639 
+27.786684841091606302 
+27.826510710928410219 
+27.867392010147419512 
+27.908501236371719756 
+27.948992366377083840 
+27.991402921608084853 
+28.103641425129033848 
+28.146040945321793458 
+28.189539590592566753 
+28.232397209685728967 
+28.276362871333880378 
+28.319677722584557955 
+28.399824099349970652 
+28.443779297850348087 
+28.487959738966772250 
+28.532365149810921423 
+28.576082184718629264 
+28.620014552636554583 
+28.665083990216174925 
+28.709450627790687349 
+28.754962755779466477 
+28.799762415427039741 
+28.844775867744992581 
+28.890947272255395717 
+28.936391730682338164 
+28.983002390712762519 
+29.028876404859680349 
+29.075924797916137265 
+29.122226835198233630 
+29.169711354613774290 
+29.216439799732533800 
+29.265338971624679232 
+29.313481173082386988 
+29.362830906473263326 
+29.411413698541178263 
+29.461212011532388999 
+29.510233406143399293 
+29.559471123053853603 
+29.609936140247853587 
+29.785243852205329773 
+29.835668251483987490 
+29.886305368006571115 
+29.937154606922195654 
+29.989259616194452462 
+30.040535566954062574 
+30.093074697309056376 
+30.143717595012354593 
+30.195622378337212410 
+30.248801155560762766 
+30.301126087810111187 
+30.353657939449263381 
+30.406396010659150875 
+30.460422205809148721 
+30.512487953564942700 
+30.610638436538451401 
+30.665462217179065618 
+30.719393470424364523 
+30.774632655567977224 
+30.828969398200499086 
+30.884620682791428692 
+30.940478810066259996 
+30.995419603533015618 
+31.051684664274993963 
+31.107022520446683700 
+31.163690953993643973 
+31.266203388815647202 
+31.322289358823937278 
+31.379717606870045188 
+31.436190060009899128 
+31.492852389956325965 
+31.550865834582289438 
+31.655782474420057326 
+31.713168154957173783 
+31.771915805045011894 
+31.829674487992306808 
+31.888800628861687869 
+32.045801298986340555 
+32.104413849090853716 
+32.162002882784221924 
+32.220966862650200824 
+32.278898032235161963 
+32.339421326143792612 
+32.398909547193163405 
+32.458570231077402468 
+32.519625050250709819 
+32.579630614828474222 
+32.639805087129929007 
+32.700147263756129234 
+32.759419401334000099 
+32.821329850467321876 
+32.934444181662001938 
+32.996832787984750723 
+33.058135631219897732 
+33.120853515458883010 
+33.182476394729285119 
+33.244255686321473320 
+33.306190054905272291 
+33.369546846786619199 
+33.431790404486847024 
+33.494184923727118530 
+33.610456218688902652 
+33.673274351475896538 
+33.737524487243049975 
+33.801924615541729224 
+33.866473188384887294 
+33.928578024240323430 
+33.990816830392937220 
+34.054489001156852623 
+34.118297802155645115 
+34.183548080737388375 
+34.247628259041995591 
+34.311840414872271765 
+34.376182979576014986 
+34.440654370403109397 
+34.505252990467091934 
+34.568655080931065982 
+34.632176187038581361 
+34.697141809903307319 
+34.760898710336618933 
+34.826101786755806700 
+34.890088080876232368 
+34.955522021246103748 
+35.022408933552803489 
+35.088071587244520799 
+35.208963272807153544 
+35.274935040010070963 
+35.396381395794755065 
+35.461294559821055827 
+35.527659520364579748 
+35.592765747160044043 
+35.659324179994158044 
+35.725977574019800898 
+35.794087177666987998 
+35.860926678980625582 
+35.929222224724604473 
+36.052381813563812329 
+36.120926587188762369 
+36.188182999299414178 
+36.368376856244267969 
+36.437295314181618267 
+36.504908399591805335 
+36.573973683487579933 
+36.699852852825806337 
+36.769112335762244470 
+36.895328769136732205 
+36.963375294421908279 
+37.032868142913265785 
+37.101025389662773080 
+37.169234139238362502 
+37.237492186540436023 
+37.305797310891747998 
+37.375542624378894629 
+37.442539829923561001 
+37.510972705042405551 
+37.578045887362044652 
+37.646551832821451455 
+37.715091249567656462 
+37.782262112260795561 
+37.850860900515364449 
+37.920886944483264358 
+37.989536783923504970 
+38.115683004349996565 
+38.185790303892730435 
+38.254510356869943166 
+38.324645497397582972 
+38.393387805481530961 
+38.463540489531283129 
+38.532294894568018151 
+38.601051487736796730 
+38.669807731533509809 
+38.797488248520977550 
+38.866229366402244239 
+38.936362738910467840 
+39.005080369296287301 
+39.132655444757745045 
+39.202722591326200074 
+39.271364910734540388 
+39.341381311345777760 
+39.411367793708862450 
+39.479922722623136622 
+39.547045361880194037 
+39.615529769724943776 
+39.682578003650711196 
+39.750980989005704203 
+39.817944074796194798 
+39.887648177508779668 
+39.955906699725026954 
+40.024111358412184813 
+40.092259270725520537 
+40.158958595779424172 
+40.226985604788758621 
+40.294947176717727189 
+40.361455488764164556 
+40.429278803131651898 
+40.497027837754480117 
+40.619882443834235630 
+40.687406093714010069 
+40.754843914556076356 
+40.822192838368899004 
+40.944283054658782817 
+41.012732958196892241 
+41.079712026657503543 
+41.201099726689321301 
+41.267777827636351162 
+41.334342973870292326 
+41.399437026940745454 
+41.467121506260802732 
+41.531978486815212648 
+41.598062044572984064 
+41.664016439953122983 
+41.728496406461573542 
+41.795524493886468065 
+41.861071482921623499 
+41.926475970473646271 
+41.991734576956908143 
+42.058171088328315079 
+42.123124570014915946 
+42.187921853521068272 
+42.253876935452161945 
+42.318348082820520517 
+42.382652549804632258 
+42.446786829405226626 
+42.512050880510727779 
+42.575830536873283449 
+42.639429302424360912 
+42.702843596642253488 
+42.766069820631543053 
+42.827819878005591647 
+42.890663113841206666 
+42.952031003551248034 
+43.014476932570602230 
+43.127369179190402804 
+43.190485027215629543 
+43.252119611456720349 
+43.364748746146936753 
+43.426990388362298745 
+43.487753488526060153 
+43.548281379841064620 
+43.608570209109750238 
+43.668616104256877009 
+43.727197278089874999 
+43.786750769330133437 
+43.844842065970816236 
+43.905090053487903390 
+43.965064719682530381 
+44.122053049459310614 
+44.179820890052923232 
+44.237307275615528113 
+44.294508130033968030 
+44.398813409860551360 
+44.456329191568300985 
+44.512390176117492047 
+44.568145556355133863 
+44.670866170479584412 
+44.726841479811909608 
+44.782481555553154351 
+44.836679218622087717 
+44.890546285594510323 
+44.945167427313798214 
+44.998353399424786403 
+45.051195712638389068 
+45.148404786921794596 
+45.202349239072304954 
+45.298668970172151660 
+45.350472742355741218 
+45.402911685934199681 
+45.452908146179453297 
+45.502521691508434287 
+45.551747781332309728 
+45.600581854967039419 
+45.648034806299953914 
+45.696079318789202262 
+45.743718106634368326 
+45.829192871686771582 
+45.875663999728629960 
+45.920776100736553360 
+45.965477332448998027 
+46.010681415457476362 
+46.054538734079720541 
+46.134731178783667360 
+46.178248866780073456 
+46.220436512455506772 
+46.263047159866836466 
+46.305192355530870429 
+46.346021428471438242 
+46.489359488843732038 
+46.528851542070810865 
+46.567845885298766007 
+46.606337485297132162 
+46.645091144651843251 
+46.682551554992869569 
+46.720242387572795906 
+46.756650803921210979 
+46.792530786175220214 
+46.828592936786456846 
+46.863389499754966039 
+46.925880329662838619 
+46.959792399932929641 
+46.992461493567468267 
+47.025215521117075923 
+47.057376289313282314 
+47.088938137036173259 
+47.119895379958762760 
+47.150242310509788979 
+47.179384654492700690 
+47.207929935075448213 
+47.235308512798610536 
+47.262655795722025687 
+47.288850327258288075 
+47.314451138466417035 
+47.339967505067654940 
+47.364352640393342142 
+47.389105661702778605 
+47.413191436397447376 
+47.436604004388655653 
+47.459337381897469754 
+47.481385561415287100 
+47.502742511666212977 
+47.523402177564015858 
+47.542966286522784003 
+47.562227372332074538 
+47.580409127118066692 
+47.597897956234916705 
+47.615023387871872274 
+47.631094472332968337 
+47.658757438722012978 
+47.673076553402900402 
+47.696938101194362503 
+47.718308825592664846 
+47.729091513091617571 
+47.738895402582990357 
+47.747937768806529846 
+47.756212542713285529 
+47.763713632684812183 
+47.770563931217466802 
+47.776595757697542410 
+47.781802567004291404 
+47.786098477116986771 
+47.789526365330523561 
+47.792176052307816292 
+47.794072148809426892 
+47.795131262803828065 
+47.795387960164951835 
+47.794815556778083021 
+47.793397588442473989 
+47.791185843814432133 
+47.788081887185356322 
+47.784206279458196320 
+47.779391212408988565 
+47.768265635144238956 
+47.760954413423988285 
+47.752927152619747631 
+47.744037369007365612 
+47.734066305108470374 
+47.723183380496571715 
+47.711632050313937725 
+47.698655468074520059 
+47.684708691918572754 
+47.670092724263511741 
+47.654203985508544861 
+47.637671177832160652 
+47.620179440009067662 
+47.601721992243810178 
+47.581885327331391977 
+47.561455967956916879 
+47.540487236713758534 
+47.518098678155460846 
+47.495197513457249272 
+47.470822722829325357 
+47.445962553052950739 
+47.420123095231296872 
+47.392728384992594215 
+47.364889863500160061 
+47.336052130637909841 
+47.305576061791946074 
+47.274698799932409088 
+47.241450956763301861 
+47.207787673970415199 
+47.173047699708824609 
+47.136481415169818376 
+47.067793652783969094 
+47.028026554963268779 
+46.987101648384125951 
+46.945011174452638159 
+46.865389976658633486 
+46.819970584569880145 
+46.775243388737486327 
+46.728440736327058858 
+46.681465817958518016 
+46.632354001217464656 
+46.583102681756628272 
+46.531652329183003758 
+46.480095742892537203 
+46.427387672050215883 
+46.372386385079572335 
+46.317329547427036118 
+46.261099595374354010 
+46.202480672489620872 
+46.143858032490243204 
+46.081522000183063881 
+45.966023423719263974 
+45.900013053371246485 
+45.834034516331840337 
+45.766772728774256507 
+45.698219828462669057 
+45.626928797952459149 
+45.555743230499807339 
+45.423078066529292585 
+45.286026823201517288 
+45.208682061844498890 
+45.129985182034197067 
+44.983561349341293578 
+44.829156661338998902 
+44.671733199657012392 
+44.584035054456613523 
+44.494923476522146188 
+44.327539342931224553 
+44.232456752281940737 
+44.055537845370594141 
+43.956188062533222194 
+43.857340689860940586 
+43.754952314987988871 
+43.651015897553300249 
+43.547647594514657499 
+43.440619383189655878 
+43.334203693745699582 
+43.224048065350473280 
+43.114549971216419522 
+43.003513220692049401 
+42.893242314078030120 
+42.779134093793096838 
+42.665837708372663428 
+42.551031788341909134 
+42.427387284084652208 
+42.304494270362312136 
+42.179935480330577491 
+42.051159688716076346 
+41.923207345253139522 
+41.790950488247737837 
+41.662210469861818751 
+41.531825068051936967 
+41.397073327104138230 
+41.263336158151872723 
+40.894717333888962685 
+40.754756709346580124 
+40.613089909577290371 
+40.469707777212818200 
+40.324601128013490836 
+40.177760750830955772 
+40.029177407571985725 
+39.878841833169026643 
+39.720499139398924626 
+39.566558721804007348 
+39.414033573029207957 
+39.256559263163339324 
+39.100554323880743368 
+38.942814053342985403 
+38.779988359287571598 
+38.611956178897344216 
+38.448846062695658077 
+38.280510415130677870 
+38.113810932363307415 
+37.941792374408663591 
+37.771466708410997626 
+37.592121349869664471 
+37.410803820842900791 
+37.227503814676985883 
+37.045936447805523528 
+36.862445426228120482 
+36.677020965767830774 
+36.489653254584624165 
+36.144330055045053030 
+35.951436547219337569 
+35.756562088600603033 
+35.563734360330897744 
+35.364909069494920857 
+35.168191969307542877 
+34.965376655362291558 
+34.764731686036668634 
+34.557886941251013013 
+34.176937663310447135 
+33.964291985401729335 
+33.749567142818740706 
+33.528306309397279961 
+33.309349496111856581 
+33.088282566863185252 
+32.865095217476223866 
+32.639777115471908076 
+32.412317900029961493 
+32.182707181953411180 
+31.950934543636698493 
+31.716989539028404010 
+31.480861693598747308 
+31.041435814587430286 
+30.599551833240901999 
+30.353128502037346692 
+30.109559881265674619 
+29.858686794436184897 
+29.610738732518861127 
+29.355373986342456760 
+29.097724256268179488 
+28.832449773386564118 
+28.570150524400954595 
+28.082330695026413991 
+27.813428619094278105 
+27.542178014418702503 
+27.268567932485225924 
+26.992587395696091335 
+26.708519666332595222 
+26.427716228953620714 
+26.138704156884475793 
+25.847177392717995303 
+25.559030018278761531 
+25.262489261410305375 
+24.975411234953483586 
+24.685972578700109636 
+24.388058062269838189 
+24.093816681730608309 
+23.790977270303230284 
+23.491889784366609462 
+23.184081078650734753 
+22.873745158939932764 
+22.554458899069803834 
+22.238982106066060851 
+21.920943521768180062 
+21.600331638627270792 
+21.270512072718531726 
+20.944665841790559568 
+20.609480982120981452 
+20.271567986209685586 
+19.366277379636379408 
+19.025315349992744984 
+18.384993415224187174 
+18.043498364217914087 
+17.692207523112024603 
+17.345447927200424942 
+16.695551341831155412 
+16.341278284225900563 
+15.969421337169046993 
+15.594671665052350917 
+15.209433625292691161 
+14.828801530070176540 
+14.445237911948920484 
+14.058729857679502118 
+13.684899982884790148 
+13.300458771689850579 
+12.913153078646441685 
+12.514977680314757436 
+12.121847075268513905 
+11.725814815570698713 
+11.326868532372886378 
+10.916763784320652420 
+10.520184266469142287 
+10.112421392340539938 
+9.701694711798506177 
+9.287991702059461119 
+8.871299809450071905 
+8.451606449370409280 
+8.028899006260608928 
+7.611883624329895071 
+7.183172200120357509 
+6.751408919772194039 
+6.325485799824196675 
+5.887643489979414113 
+5.446711274810329684 
