+7.289227802933798905 
+7.144424873311926660 
+6.998053894763714311 
+6.855963218572328266 
+6.715205355378597751 
+6.575773962024082486 
+6.437662713111657276 
+6.300865300982901651 
+6.165375435695496620 
+6.031186845000614305 
+5.898293274320313806 
+5.766688486724933504 
+5.639013120770508536 
+5.509941272705534132 
+5.382139728631058162 
+5.255602321626369644 
+5.130322902306463817 
+5.003777155861159898 
+4.881020693537699628 
+4.759503751487095258 
+4.636778285729971749 
+4.517747149876271351 
+4.397545615239949690 
+4.280975613916545797 
+4.163272908348398360 
+4.049139513104888621 
+3.936203084172702482 
+3.824457664977740645 
+3.713897316208482291 
+3.606736637593860983 
+3.498504795844329163 
+3.391440429919933663 
+3.285537668983173454 
+3.180790659346555138 
+3.077193564449983043 
+2.974740564838155521 
+2.873425858137954592 
+2.773243659035841802 
+2.672178350880077602 
+2.574266696701298152 
+2.479434509601573744 
+2.385667033845430218 
+2.291038718133564522 
+2.199406506711859777 
+2.030418162141346627 
+1.939950798786164832 
+1.850560167945457302 
+1.764032435867327386 
+1.674986710283627112 
+1.588792728660251896 
+1.503653169901634001 
+1.419562498464586042 
+1.334831177874092667 
+1.252842865009789364 
+1.170245366974588919 
+1.090337021950909424 
+1.011449914429398689 
+0.933578609419298822 
+0.856717688495775676 
+0.779324095807278461 
+0.704488097910222599 
+0.632143294010340639 
+0.560747415242325076 
+0.488837697594574294 
+0.419344143666776858 
+0.349365974942749347 
+0.281754386334989171 
+0.215066587677666732 
+0.147937188042948975 
+0.083101152302537784 
+0.017851844536803441 
-0.045152477993180895 
-0.108542098174394752 
-0.169734633613186858 
-0.231284844505940335 
-0.290685395725605034 
-0.351625842070481198 
-0.410426865424871501 
-0.468321702738982992 
-0.526469222298393547 
-0.582548671581985644 
-0.636619798704036732 
-0.690940511852855543 
-0.744380268769867293 
-0.795880059845690546 
-0.847590607455274814 
-0.899463701630394574 
-0.950440231623981724 
-1.001518088390572991 
-1.050699531138191922 
-1.099000189178863884 
-1.147364858767569551 
-1.193902145940975323 
-1.239574271440820219 
-1.283498527112597820 
-1.327472776642601993 
-1.369742936969530867 
-1.412039324552870845 
-1.453495871836707032 
-1.494117633317535443 
-1.533909646563551554 
-1.572876932239664960 
-1.610269543904457201 
-1.647618614921305458 
-1.683434940474092478 
-1.719185282974064144 
-1.753444354919468928 
-1.787615324702774622 
-1.820336047998442730 
-1.852946870907506316 
-1.884148023340798339 
-1.914603972989298519 
-1.944918028209341010 
-1.973882242496263650 
-2.025179429228455952 
-2.052621815110225789 
-2.078262455013908827 
-2.103730309171733204 
-2.127990128475000908 
-2.152057097723473866 
-2.175892580546405775 
-2.198547636672784300 
-2.220951547671286441 
-2.242639374023203125 
-2.262790293150971799 
-2.282688954813623106 
-2.301527308186723353 
-2.320094524912714284 
-2.337636870516658583 
-2.354889487229057998 
-2.371484394775955629 
-2.387425847223428654 
-2.402718083768985657 
-2.417365328764186749 
-2.431650995328085152 
-2.445007923002235906 
-2.457732528482428513 
-2.469828976661575304 
-2.481301417700135126 
-2.492153987048719266 
-2.502593337550323760 
-2.512206071248223260 
-2.521211334921745539 
-2.529613205110043062 
-2.537415743755912168 
-2.544763915064819138 
-2.551367893716744994 
-2.557267771396321443 
-2.562713312164571100 
-2.567486064434768345 
-2.571788800545747655 
-2.575449686641470670 
-2.578565980943580804 
-2.581237004457981321 
-2.583289200142687925 
-2.584785629741385371 
-2.585743739845217881 
-2.586129146899939890 
-2.585970491021652329 
-2.585251757479208656 
-2.584005592664730067 
-2.582226937999029026 
-2.579867029688753810 
-2.577024117527003888 
-2.573586108024767505 
-2.569609563206447511 
-2.565098462944274793 
-2.560056771850820034 
-2.554488439304013703 
-2.548397399472171365 
-2.541787571338971041 
-2.534662858728496282 
-2.527027150330222405 
-2.519052121152197010 
-2.510593683580162327 
-2.501655455449847132 
-2.492241040728655044 
-2.482354029538275775 
-2.472214010483310354 
-2.461401985066749454 
-2.450127978412553809 
-2.438395525766119398 
-2.426208148639688922 
-2.413306744494474465 
-2.400210923134422636 
-2.386670730545755070 
-2.372689633256030994 
-2.357972297318876365 
-2.343418522607991328 
-2.328451556827833890 
-2.299285974669477817 
-2.283148908761661211 
-2.266262232892503725 
-2.249318413563805130 
-2.231614749245586005 
-2.213503353464340684 
-2.194605485944086887 
-2.176070637974965472 
-2.156755920080430933 
-2.137452825958733094 
-2.117360272401362487 
-2.097301476325598379 
-2.076443841107976418 
-2.055204537352371297 
-2.033586780182029763 
-2.012046338332623030 
-1.989688828270208099 
-1.967429838842142509 
-1.944345021460660128 
-1.921379626150566899 
-1.897579845261376796 
-1.872926882066400900 
-1.847906017657121147 
-1.822009137164720904 
-1.796255136250022311 
-1.769617260910590240 
-1.744209159008520693 
-1.717937524272341143 
-1.691877567802568372 
-1.664393378303164361 
-1.636567032286028400 
-1.608401709705987948 
-1.579900576629762021 
-1.551066785260972303 
-1.521316868118607779 
-1.492413767294702431 
-1.462600776014030934 
-1.433073378575604018 
-1.403241375072870945 
-1.372489559670333925 
-1.342050930774532524 
-1.311316384548375957 
-1.280924899616196377 
-1.249612954946909049 
-1.218661292391419515 
-1.186783025810679071 
-1.153963613643425923 
-1.121518669177205219 
-1.088797447402961360 
-1.055802712497544427 
-1.022537216237506819 
-0.989003698021783784 
-0.955204884894251371 
-0.921143491566335904 
-0.886822220439625220 
-0.852951997583628163 
-0.818837494762786555 
-0.783044496570542314 
-0.747715551944160062 
-0.712140003890588069 
-0.677053913775703897 
-0.641736166300136190 
-0.605446229116806123 
-0.569667804462400618 
-0.532912662329641407 
-0.495926353611397808 
-0.457949585133032855 
-0.420504016386131774 
-0.382063903581672193 
-0.344944963834892704 
-0.306836510479336688 
-0.269296379040678602 
-0.229185543796160296 
-0.189639342018311119 
-0.149876115913713193 
-0.110700105284395001 
-0.070514835894731398 
-0.030930185331633275 
+0.009667024685727554 
+0.049650463101833964 
+0.089827666253323279 
+0.130196256035820745 
+0.170753866020815437 
+0.211498141433156484 
+0.253263919486916400 
+0.294378197830091892 
+0.335672099743452357 
+0.377143317074765783 
+0.418789553211604826 
+0.459753363092598732 
+0.501739336922554457 
+0.543031597750936790 
+0.585348443542825336 
+0.626960514026574600 
+0.669599454786606429 
+0.712397794656507877 
+0.755353327833772958 
+0.798463859853611346 
+0.842611708947782034 
+0.886028752325303870 
+0.929594234975009037 
+0.973306007786298721 
+1.017161932872816976 
+1.061159883549875005 
+1.105297744311787511 
+1.150478416020884964 
+1.194892542964564264 
+1.239440257947795665 
+1.284119490181042877 
+1.328928179940289667 
+1.373864278544415285 
+1.419846661340402605 
+1.465033971859575956 
+1.510342570189514788 
+1.555770451818039746 
+1.601315623162429702 
+1.647909134813540177 
+1.693685240955692173 
+1.739572681510014540 
+1.785569506606409895 
+1.831673777190716557 
+1.878827707111573986 
+1.925143189050180226 
+1.971560325182436735 
+2.018077219710514569 
+2.063739699802651373 
+2.110448526021179383 
+2.156295432949263180 
+2.203188886319291662 
+2.249213105026636406 
+2.295322458873449989 
+2.342478459420575199 
+2.388754639261912338 
+2.436077401811107102 
+2.483481731833419914 
+2.529995999485198155 
+2.577556559198870723 
+2.624220480649522180 
+2.671930374127611252 
+2.718737233743202530 
+2.766589645739625958 
+2.813532806750536963 
+2.860540985373647871 
+2.908593906513748273 
+2.955728611907690428 
+3.003907398045742916 
+3.051162188712492451 
+3.098474044480371781 
+3.146828815960143189 
+3.194251272695080246 
+3.242715750278792441 
+3.290242559637588826 
+3.338810404065430060 
+3.389413510021605180 
+3.440068808182894511 
+3.490774520472559317 
+3.541528880557084147 
+3.591333591168566208 
+3.640184353646088944 
+3.688077124401960560 
+3.737005935332910145 
+3.784972241943594717 
+3.833973159352827231 
+3.883008267027245441 
+3.931074376995868924 
+3.980172791627856643 
+4.028298090425097122 
+4.077454060967871996 
+4.125632951989294028 
+4.174840803001858447 
+4.224072727958990470 
+4.272321894835709344 
+4.321597299622759181 
+4.370892577579948757 
+4.419199759095227442 
+4.468530285556269632 
+4.560184893496103342 
+4.610564553839158641 
+4.660956566743200469 
+4.710351356982760862 
+4.760763653708571574 
+4.810175626798113058 
+4.859594126938432623 
+4.908009165888344683 
+4.957436771092316619 
+5.006867066639612673 
+5.055289966993376183 
+5.104721854424122185 
+5.154152678136854959 
+5.202572482536639953 
+5.251997547966232638 
+5.301417877664500011 
+5.351840643843340573 
+5.401247710423039194 
+5.450646402085146391 
+5.502051195024217911 
+5.552436715440603798 
+5.602809763461700676 
+5.652162063305681272 
+5.702506793407453145 
+5.751829004573524529 
+5.802140666085747966 
+5.851428169899802967 
+5.900696809277679478 
+5.948940611656653665 
+5.998168658311016088 
+6.047374575718279743 
+6.097560765379004266 
+6.146718692228532177 
+6.196853694366097898 
+6.245959302260966517 
+6.296038737021883769 
+6.345087769752338680 
+6.394107248106030816 
+6.442096694306227000 
+6.491054677848994814 
+6.539980104063797484 
+6.589869419481917845 
+6.638726052701025004 
+6.687547162478626461 
+6.737327001854826136 
+6.786073404695299516 
+6.834781395864988340 
+6.884442857463059617 
+6.934062356890694723 
+6.984630000943913508 
+7.034161758048971258 
+7.082659330983328339 
+7.130124489925467657 
+7.178534076793313012 
+7.225911348584311611 
+7.274229501399362974 
+7.321515539905458780 
+7.370722515527074137 
+7.418895674593119161 
+7.468000392059474635 
+7.517052144820009829 
+7.566050059255256421 
+7.614993270557353533 
+7.664858103210959506 
+7.713688212234400154 
+7.762461059639298000 
+7.810202095283765189 
+7.856913985272242940 
+7.904542306462174039 
+7.951142321783116529 
+7.998654962130365753 
+8.045140227120583631 
+8.092534281780526584 
+8.140832688290252861 
+8.188102780428486938 
+8.235310441423415284 
+8.282454969291002556 
+8.330495831039215204 
+8.418714939415707477 
+8.467519368785731970 
+8.516251773682634862 
+8.564911414550820723 
+8.612545602279778834 
+8.659157915140774264 
+8.704751933278846110 
+8.751226793130669535 
+8.796684971137521458 
+8.843019958421001192 
+8.888339954756451888 
+8.934532708299208537 
+8.980652732604855970 
+9.026699447410724275 
+9.073609727685365556 
+9.119506587204396553 
+9.165328429585143155 
+9.212007511066079957 
+9.256744868078406796 
+9.302338385077892013 
+9.346926596620981798 
+9.392366832268098875 
+9.436803896694348381 
+9.482088835739968857 
+9.563217727030577819 
+9.608280004823576803 
+9.652344539649554633 
+9.733841478334900543 
+9.778595481530018674 
+9.859672520046371957 
+9.904193563109753740 
+9.947725003921304321 
+9.992080233287349955 
+10.036351072630596448 
+10.080537109291682896 
+10.124637937508316199 
+10.169550534074279113 
+10.213477996467485553 
+10.258212880000685985 
+10.301965404682533745 
+10.346520999854771361 
+10.390097070975953031 
+10.470790644887978615 
+10.514997946640392001 
+10.596097346840418041 
+10.676881286599861909 
+10.720652541987290007 
+10.764329673993824343 
+10.807041637349326990 
+10.850531470630008002 
+10.893926250605639794 
+10.937225679219645613 
+10.981292563616579017 
+11.024398501903892367 
+11.067408231044977285 
+11.143726670412476665 
+11.186467540456090930 
+11.228259297093611480 
+11.270807486121620755 
+11.312409952616537367 
+11.353918398774453635 
+11.429912764765187916 
+11.471153372531187387 
+11.511460422426567973 
+11.552513190639878360 
+11.592635880540296256 
+11.633500098530143774 
+11.707478483523299673 
+11.748073322768792792 
+11.787746667458108618 
+11.828151429697097541 
+11.867638301141528956 
+11.940608771958427070 
+11.980647555810694627 
+12.019775452794682735 
+12.059622681575977055 
+12.099372983917412228 
+12.139026259124168661 
+12.177776115270138035 
+12.217237042003674219 
+12.289462774368272946 
+12.328647508298665514 
+12.368531426461952805 
+12.407519109440102056 
+12.446409174761697614 
+12.485992236391329158 
+12.524684926406015606 
+12.564066497449811521 
+12.603346249652162214 
+12.642524153428839284 
+12.681600185153735438 
+12.719795842899507932 
+12.758670121457413416 
+12.797442492643618550 
+12.835340545690733904 
+12.873140732009026976 
+12.911611478744728032 
+12.980602115723261392 
+13.018787676785077423 
+13.056110764232411015 
+13.094094807476249542 
+13.130463796443294200 
+13.167493829763618152 
+13.203673527295819667 
+13.240510432633268323 
+13.276501058152675228 
+13.313891902890127028 
+13.351181405027915616 
+13.387626873932349625 
+13.424715966134083800 
+13.460965207180301206 
+13.497854254877871938 
+13.533907646802509461 
+13.569131414403560854 
+13.604993320537488444 
+13.640758662032450133 
+13.677154489556876626 
+13.712725094452240526 
+13.748922471091507447 
+13.784298858773835761 
+13.819579323107610946 
+13.854764005816470274 
+13.889137905325696920 
+13.924133416039047972 
+13.987452974831420249 
+14.021472640845114910 
+14.085014266453278253 
+14.119474976425435031 
+14.153841319525913178 
+14.187414990460244013 
+14.221595079872402678 
+14.255681371260692458 
+14.289674064497580375 
+14.323573363919866352 
+14.356690487667718159 
+14.390405525439808443 
+14.423342561267901374 
+14.456190794318448667 
+14.489631989189579286 
+14.550814853977600549 
+14.584671631695986349 
+14.617758931797352417 
+14.650755071115430184 
+14.684330891244236739 
+14.717143619073068450 
+14.749865957309467035 
+14.783163196625050517 
+14.816366878534529050 
+14.849477292102179149 
+14.882494730819365358 
+14.915419492579179206 
+14.947596135206158152 
+14.980338292541865997 
+15.012336575870424582 
+15.044247026227964170 
+15.076069944150635393 
+15.107805634097838166 
+15.140099394848910208 
+15.171659793583625486 
+15.203133907524707169 
+15.234522056676176760 
+15.266462502117800426 
+15.297677959265914893 
+15.328808441205257651 
+15.359854283118849594 
+15.391446816713074242 
+15.422322689130623985 
+15.453742501940173071 
+15.484449818640474206 
+15.515698368656984485 
+15.546860986115465408 
+15.576696609522187487 
+15.607072841448246692 
+15.636750187701064618 
+15.666965569613992670 
+15.696486064933075966 
+15.725929478943520223 
+15.756518123045697877 
+15.786414620400663011 
+15.816231947034360417 
+15.845970494985991195 
+15.876235155772420171 
+15.905815748535335530 
+15.935318767022714326 
+15.988708792917890378 
+16.017995526133184114 
+16.046610869491527041 
+16.075747539597411873 
+16.104216687115723516 
+16.132614090778371718 
+16.161529522553394145 
+16.190371038482318511 
+16.218552700713502190 
+16.247249174041847652 
+16.275873031372043442 
+16.303842746082750637 
+16.332324160677188729 
+16.360155197109975234 
+16.388495925396718178 
+16.416190015365334176 
+16.444391836615587010 
+16.472524171908933255 
+16.500587483894179286 
+16.528582238063641796 
+16.556508902730566746 
+16.583800069823073642 
+16.612159850779221415 
+16.640450214978301346 
+16.668671671772894882 
+16.696262339162100119 
+16.724348873452921538 
+16.752368035519552336 
+16.779761951794824881 
+16.807092156934199778 
+16.857126167568292630 
+16.884278346074818700 
+16.911368728423120444 
+16.938397819842631264 
+16.964816358627604842 
+16.991725618736062131 
+17.018575107929887480 
+17.045911467274539319 
+17.072641768628855630 
+17.099857587803853676 
+17.148695101991059175 
+17.175744177538131652 
+17.202195524101746571 
+17.228591231032062581 
+17.254931831598305791 
+17.281753746427156671 
+17.307984645806563151 
+17.334162062870177579 
+17.360819144824166216 
+17.386890161866766391 
+17.412909340227734845 
+17.439406654996634671 
+17.465322773444601268 
+17.491188715808174692 
+17.517005036613635838 
+17.543297647769058756 
+17.569015412864246173 
+17.595208622192028969 
+17.620830119382912216 
+17.668289175051356210 
+17.693258735283812655 
+17.718703774046296928 
+17.744104198634001790 
+17.768943541437394629 
+17.794257340251302679 
+17.820043527838407726 
+17.846300057329944622 
+17.872511405483354707 
+17.897652909156960277 
+17.922753894799022589 
+17.948325985961787410 
+17.994252961172232830 
+18.019203158756425864 
+18.044623726557556864 
+18.069498444759251043 
+18.094336701199665640 
+18.140370189670939283 
+18.165612043856544489 
+18.190818346517097837 
+18.215486646686990468 
+18.240122019333337988 
+18.265226839150706439 
+18.289797528984788499 
+18.313836618416644342 
+18.338346333741867511 
+18.382787943394376384 
+18.407215027257088025 
+18.431116278928833196 
+18.455488187144172940 
+18.479336568107246563 
+18.503655709801616780 
+18.527949114852127366 
+18.552712415236577215 
+18.576955708601055051 
+18.601669165059956157 
+18.625864878101964450 
+18.649544873617458052 
+18.673696430612167774 
+18.697334368051460984 
+18.721444214320275279 
+18.745533922090604761 
+18.769604118022101602 
+18.793164771148518355 
+18.817198193028637832 
+18.841703913935614167 
+18.865702345689172148 
+18.890173675061433300 
+18.914628634158720644 
+18.938579258895561708 
+18.963003786992043587 
+18.986925881634082458 
+19.011322617425712167 
+19.035218770538950395 
+19.059103043131845112 
+19.083463163176457300 
+19.107325373234186117 
+19.131664306656656294 
+19.175450420274522401 
+19.198791540557120783 
+19.222611505622648309 
+19.245938683387084467 
+19.269745668404738126 
+19.312973040285825732 
+19.336280353736032822 
+19.359584008810536204 
+19.383370009252889332 
+19.406668111422440859 
+19.430449700433801041 
+19.454230017249237505 
+19.478495001684375865 
+19.502274707648755481 
+19.526055081458881801 
+19.550322124363180620 
+19.574105808329857581 
+19.597892101364049466 
+19.622167185606716799 
+19.665873050335239469 
+19.689675429012641672 
+19.713483539355667773 
+19.737298024194537049 
+19.780084940662000292 
+19.824358264654339479 
+19.848210862246691732 
+19.892535577824943971 
+19.916418468199186265 
+19.940800973845078659 
+19.964708446720649704 
+19.988140743598890481 
+20.012074839970757978 
+20.035534446339092085 
+20.059497675423134666 
+20.082987047943845482 
+20.107471781466237815 
+20.131483936380551114 
+20.156004267590738266 
+20.180543587458704025 
+20.204611196342352031 
+20.229190111017093301 
+20.253297822053500710 
+20.277426341996239501 
+20.302069390133787863 
+20.326241889913003291 
+20.350931136309423408 
+20.375150203528409776 
+20.399888285861841553 
+20.423660982390821061 
+20.447953957063369046 
+20.472272829364268176 
+20.496121114744816794 
+20.520493109986290392 
+20.544892876624942346 
+20.589283890850676784 
+20.613765238844976579 
+20.638276747352271911 
+20.683378536462015518 
+20.708481381188480697 
+20.733115058627312521 
+20.757781917800421922 
+20.782482577803243373 
+20.807722816919469011 
+20.832493653083634655 
+20.857300153537241982 
+20.882142933021299314 
+20.907022605136823756 
+20.932448690946170444 
+20.956895075832054687 
+20.981889095711238724 
+21.006922450775757483 
+21.031483645370570912 
+21.056596658635328367 
+21.081750813590936389 
+21.106432090629891007 
+21.132184962014306961 
+21.157466158822249014 
+21.183308193125938601 
+21.209196206920111649 
+21.235130834199374306 
+21.260592602823344066 
+21.286621389009610539 
+21.312176643635151407 
+21.337779061926859470 
+21.363429233007259711 
+21.410142366445402473 
+21.435930177282006781 
+21.461240169081690965 
+21.486598674378743823 
+21.512536087932698337 
+21.539056135850330520 
+21.565630629751591840 
+21.592260180046586981 
+21.618945395226280226 
+21.645686881837484350 
+21.672485244458314924 
+21.698265740894569831 
+21.724638522064999790 
+21.750527686778614367 
+21.776471423660559878 
+21.803554747038280226 
+21.830154978804223731 
+21.857358423320203400 
+21.884077505938897446 
+21.911403377837224582 
+21.938243563098094313 
+21.965144515929420521 
+21.992106781730232257 
+22.019683064349706569 
+22.046217423258632095 
+22.073366879138806240 
+22.100023804350087175 
+22.126742141060685043 
+22.154080973569524105 
+22.203903962173509257 
+22.230864977238741886 
+22.258453524064162110 
+22.285544038287355306 
+22.312699372821018784 
+22.340487808107809542 
+22.368914041339227339 
+22.397412215985262662 
+22.425982873420061026 
+22.454626552342478618 
+22.482768719706836436 
+22.510982033629929333 
+22.539266993515258974 
+22.568203567234348839 
+22.596634794515605194 
+22.625139160534569527 
+22.653717154271337364 
+22.682954774045775537 
+22.711683006956544517 
+22.740486328325005161 
+22.769365216341995506 
+22.798320146457943025 
+22.827351591360397265 
+22.857054875405072636 
+22.886242342270787020 
+22.915507734627226455 
+22.944851513825497591 
+22.974274138340636142 
+23.003173187968755542 
+23.032148760286602851 
+23.061807360130170963 
+23.115883601656278756 
+23.146381206333295211 
+23.176351574573171632 
+23.207018441507340611 
+23.237155572007242910 
+23.267375890930825477 
+23.298299145403870369 
+23.328688835208080121 
+23.359162990266725046 
+23.389722026933561949 
+23.420992643866469507 
+23.451724433261848191 
+23.482542342230853905 
+23.514078380483393715 
+23.545071513286448095 
+23.576787180862339710 
+23.607957156447838543 
+23.639854091244952627 
+23.671843188628614030 
+23.703924855427231932 
+23.736099494739079319 
+23.768367505907630033 
+23.800081127464100206 
+23.831885172019990904 
+23.890537545219384441 
+23.921944817754557278 
+23.954097271781051859 
+23.985682898448562383 
+24.018018107575468179 
+24.049783424005212851 
+24.082302737479150068 
+24.114249051378617850 
+24.147622212731388203 
+24.180423037275637910 
+24.213318355331672649 
+24.246308488831918027 
+24.280069958192399326 
+24.313252624233083310 
+24.346531054794862570 
+24.379905556311580739 
+24.414060515960020581 
+24.447630038999601965 
+24.481296534707134072 
+24.515060293652247481 
+24.549613667228690872 
+24.584268913001437795 
+24.618330175321322173 
+24.653187996349625877 
+24.687448337979226665 
+24.722509859390587650 
+24.756266096989577363 
+24.790824033853674280 
+24.825481681653144506 
+24.859528949908156648 
+24.893672370385605319 
+24.928626525160790806 
+24.962964940405733216 
+24.997400179951469568 
+25.033373412243122402 
+25.068729565197624964 
+25.104187290231973151 
+25.139746802410282811 
+25.175408312387009602 
+25.212633943674898518 
+25.249237362284240760 
+25.285947626995618265 
+25.322764942302253388 
+25.358949964164182234 
+25.395979823724619706 
+25.432373508292371866 
+25.469616656183820425 
+25.506219713712944497 
+25.543676855263036884 
+25.580489957845756521 
+25.616652802067754635 
+25.653672321106483878 
+25.690037653695835473 
+25.726503389394338228 
+25.763832523650929573 
+25.800501544332469450 
+25.837271342204555680 
+25.874911245194073928 
+25.911885043029190712 
+25.949733421294968849 
+25.986911651253375766 
+26.024968926921918211 
+26.062351983782249931 
+26.100618540646237875 
+26.140559420984455841 
+26.179828556797527739 
+26.219208082720015796 
+26.259489002997639773 
+26.299091746438183037 
+26.338805096021562946 
+26.377831546906428173 
+26.417764069382929648 
+26.457005409722523126 
+26.496353174263248320 
+26.536613695877296237 
+26.576176584811626924 
+26.648308159434705544 
+26.687356487040474917 
+26.727323793221920312 
+26.800190028970767742 
+26.840457449725075634 
+26.881656487642921149 
+26.921311923411241906 
+26.962728354956041699 
+27.003424030028277514 
+27.044226158276856609 
+27.085970677938171036 
+27.126987764129754765 
+27.168111172521729912 
+27.209340848515406464 
+27.250676731884343695 
+27.292965617050558791 
+27.334515875778375715 
+27.375320939100877382 
+27.417080936376862610 
+27.458946754699926629 
+27.501775961914422197 
+27.543855287711110691 
+27.586040131561063049 
+27.629194544488306917 
+27.671592230042058702 
+27.714095077459862893 
+27.756702956985964903 
+27.798542996033940966 
+27.841358390401119038 
+27.885155401692554022 
+27.928181993317839016 
+27.971312878992193873 
+28.050804020194213706 
+28.094229838897486928 
+28.136869892554155825 
+28.216194171772620791 
+28.259117045166313176 
+28.303035973645247481 
+28.346158144833207615 
+28.390280101090706211 
+28.435407883334448798 
+28.479736145331031594 
+28.525073955891318889 
+28.569607554685227058 
+28.615154378251478562 
+28.658978266215278552 
+28.705647060467146758 
+28.752424679543679531 
+28.799310812085337830 
+28.844460190097141350 
+28.890633636835460152 
+28.935983913323148897 
+28.982361735035730987 
+29.027911674560979094 
+29.074492583035308257 
+29.121175553408885861 
+29.167960235786367207 
+29.214846273071174210 
+29.260892573068328915 
+29.307978211260380164 
+29.355164097266193579 
+29.401503154013070684 
+29.448886384845867070 
+29.495418077118056743 
+29.542997082513949181 
+29.589719843403276656 
+29.637492995757845904 
+29.684405201974282562 
+29.770812840341754679 
+29.817024504384857408 
+29.864289921757396939 
+29.910679472769281517 
+29.958125617905565719 
+30.005662388594050327 
+30.054262239721527550 
+30.101980703130649886 
+30.150764976660735073 
+30.198663200659506600 
+30.247629895088664398 
+30.295705888767457736 
+30.344852942421251640 
+30.394090283823285148 
+30.443417363811597909 
+30.533421111114023461 
+30.582005825424694478 
+30.631668764725922927 
+30.681418696736034946 
+30.771185891252216038 
+30.820175572822009258 
+30.869246601265238894 
+30.919402322322689258 
+30.968635900762528479 
+31.017949025257344431 
+31.068349903284008917 
+31.117821870232113213 
+31.168383535398991313 
+31.219025406152223212 
+31.269746800385959773 
+31.319530255112631778 
+31.370407061073048993 
+31.420341469394092115 
+31.471370915952647351 
+31.522476379931944734 
+31.573657129530637633 
+31.624912424523518695 
+31.676241516234295403 
+31.727643647511950320 
+31.779118052704898645 
+31.829632343889660007 
+31.881247559220650345 
+31.931898332764127701 
+31.983651256663225837 
+32.034435440318375754 
+32.086322904366859632 
+32.137237360186439616 
+32.189256128732104401 
+32.240297652691509711 
+32.292444422464200215 
+32.343609744084702129 
+32.395881143812346181 
+32.490124404504108213 
+32.542566161030109129 
+32.594016463660253180 
+32.645522704669495795 
+32.697084018355042190 
+32.748699530742861441 
+32.800368359567279697 
+32.852089614245706173 
+32.902805299394650262 
+32.954627676731661268 
+33.005440671601455449 
+33.057360583958164568 
+33.108267342190387694 
+33.161343125013885924 
+33.213403864032386537 
+33.266573486853715735 
+33.319788978554619518 
+33.371983664213253462 
+33.425286911511534527 
+33.477565581395658967 
+33.530952451324218089 
+33.583311019622769322 
+33.636777306661727494 
+33.689211616273205152 
+33.742753041965407590 
+33.795258864121457520 
+33.846725926427758679 
+33.899297645541295765 
+33.950827212729969062 
+34.003460631889481647 
+34.100210446602595482 
+34.152924828487620346 
+34.206742235267775243 
+34.260585953310062735 
+34.313377165350416931 
+34.367269422745764018 
+34.421184379282628640 
+34.519363819946640604 
+34.572256496622671307 
+34.625166428923158435 
+34.679172703793604171 
+34.732113846279929703 
+34.785068609582189936 
+34.839116854860158412 
+34.893176702313851933 
+34.946165339075790257 
+35.000244260749980185 
+35.054330827312824681 
+35.108423690815236284 
+35.162521493217255397 
+35.215540812803190818 
+35.268562264614274682 
+35.320502455238880657 
+35.373524265744450190 
+35.425462273216481890 
+35.521755183622289564 
+35.574763093201880793 
+35.626682522897439753 
+35.679675434935049338 
+35.732658719604863506 
+35.786711929499070095 
+35.839671513044763174 
+35.892617242792418608 
+35.946627744490072587 
+36.086969705697377719 
+36.140910317780360117 
+36.194827959264884498 
+36.248721063962896949 
+36.302588055067332107 
+36.356427345125986506 
+36.410237336017559073 
+36.462941150624267550 
+36.516688372506344251 
+36.569327552386916125 
+36.623005614730224977 
+36.675573856206050039 
+36.729176284792700358 
+36.781667201981775861 
+36.835187438521288072 
+36.887594562962334521 
+36.941025964706952323 
+36.993342744981774217 
+37.089310729217928042 
+37.141489446249764228 
+37.193616332167970029 
+37.246751876124896796 
+37.299829939467308293 
+37.351788948396588808 
+37.404747907226074233 
+37.456586722546298063 
+37.509419471053817574 
+37.561131086528718015 
+37.613830431986201575 
+37.665407756011497042 
+37.717966418387526062 
+37.770451234016825026 
+37.822860312243207659 
+37.874145895499246706 
+37.926399391372797254 
+38.105517432999121752 
+38.156357819072006521 
+38.208146568872138005 
+38.258810230470992053 
+38.309383587495084100 
+38.359864748467146001 
+38.411279125419220293 
+38.461568197565362937 
+38.512782569903642127 
+38.562871699695243422 
+38.612858935229702695 
+38.663759253107265579 
+38.712519886460341922 
+38.762189656468393650 
+38.810739323119747723 
+38.861197839349699734 
+38.910532241080986182 
+38.959750823983831935 
+39.009852369371571967 
+39.058830736403585604 
+39.108682894667104790 
+39.158405834300488380 
+39.207997347741198269 
+39.257455215388503689 
+39.306777205580765155 
+39.355961074567971991 
+39.405004566489751028 
+39.451952146820943312 
+39.499740108317858756 
+39.546415859010053850 
+39.593922090452984719 
+39.640317688516681471 
+39.686571549632169820 
+39.733640686350817361 
+39.780557749408409052 
+39.827320514621746383 
+39.874876248385149324 
+39.921320435858895337 
+39.967603538258828166 
+40.013723285444946498 
+40.060613494050087979 
+40.106396223313865335 
+40.152937747792002199 
+40.198374050366446397 
+40.244557241308143603 
+40.290555757389988401 
+40.334538271300424128 
+40.378346064295598694 
+40.460006968226629454 
+40.503299965463966714 
+40.546409530870633375 
+40.591117820474188704 
+40.634733955575860875 
+40.679035633882563161 
+40.722248291250174645 
+40.765257527846209484 
+40.807189401806603257 
+40.849788626038154860 
+40.892177008221366918 
+40.933493468442648577 
+40.975457042403597541 
+41.017202247067970688 
+41.059571648471354877 
+41.100867864529774920 
+41.141937972154167369 
+41.182779384825877855 
+41.224215855280277765 
+41.297368253988864240 
+41.337308006806189553 
+41.376198642550342299 
+41.415657992076937433 
+41.454072916655697156 
+41.493041402028303821 
+41.530970321524350197 
+41.569437386770559328 
+41.607647113982082487 
+41.645596772781381389 
+41.683283620430081839 
+41.721465816876794008 
+41.758613259346688551 
+41.795489531194178312 
+41.832835953398806339 
+41.869155815904335327 
+41.905928617817650661 
+41.941680568188921541 
+41.977867959583321067 
+42.013755174551050686 
+42.047921665743075437 
+42.082508900560895881 
+42.116102387426984421 
+42.150098997792134981 
+42.183108323215016355 
+42.215824422852726627 
+42.248916780815321204 
+42.281031860913110165 
+42.313504872538040047 
+42.345007534748226874 
+42.376849514609652658 
+42.407728263298160698 
+42.438293989500380121 
+42.469170668390880508 
+42.499095114729257716 
+42.529311174054946321 
+42.559188949468826024 
+42.588725356997052529 
+42.618509445135565272 
+42.646761667508179983 
+42.674677360201179965 
+42.702824448780191346 
+42.730051060869385537 
+42.756932201550931438 
+42.784013923990904971 
+42.811270708537186636 
+42.838142674116646447 
+42.864626405368710493 
+42.890718472600028122 
+42.916415431762423793 
+42.941713824428404678 
+42.966116213214405661 
+42.990615184755931466 
+43.014227428398093878 
+43.037913251784587487 
+43.061183141457931356 
+43.083580678423416543 
+43.106016547880017242 
+43.128025877591930737 
+43.149605079458126511 
+43.170331915255864885 
+43.191458674081367519 
+43.212126637241759397 
+43.232331934602441947 
+43.252070680085346055 
+43.271338971641590376 
+43.304538733271755291 
+43.321782119887814133 
+43.338577606219864435 
+43.354592647782659753 
+43.370491056338529745 
+43.385931011994458117 
+43.400607915501289824 
+43.415129782477563936 
+43.429182521526136895 
+43.442762522389152480 
+43.455866160933226183 
+43.468489799121662998 
+43.480629784995038278 
+43.492282452646726654 
+43.503444122202459710 
+43.514111099794291704 
+43.524481983959475428 
+43.534329963174151601 
+43.543469834606220559 
+43.552270735400213653 
+43.566762012799479464 
+43.579497139134758754 
+43.585562988436734599 
+43.591118994569477252 
+43.603658752611899274 
+43.607281491611999513 
+43.610377178372516482 
+43.612989902835330724 
+43.615009268820962518 
+43.616515543573804337 
+43.617443464874391168 
+43.617709478715397609 
+43.617038873683476652 
+43.615819581982549380 
+43.613953536832013924 
+43.611530743091861950 
+43.608515800277530161 
+43.604904641018272571 
+43.600693183339345183 
+43.595772725965794336 
+43.590335905583138754 
+43.584286368644860943 
+43.577762216486704006 
+43.570487524330111739 
+43.562755230105196347 
+43.554239041072293048 
+43.545089455187834915 
+43.535302258318751001 
+43.524873221501763965 
+43.513565320976837825 
+43.501826541196990661 
+43.489173282733709414 
+43.476107313719801084 
+43.462090832214464342 
+43.447077664339445846 
+43.431651879238287961 
+43.415521448358781242 
+43.399025508846456489 
+43.382201517451868256 
+43.364715514414974962 
+43.346178070409727923 
+43.327341583371193678 
+43.307830518270549192 
+43.286784651991737860 
+43.264997527584760917 
+43.242464378819569504 
+43.219653490986715383 
+43.195629087971887827 
+43.171347536152573809 
+43.146331219676454793 
+43.121108621164793817 
+43.094624298220693959 
+43.067391569013409480 
+43.039405824588087057 
+43.011256644057368703 
+42.981766583821581662 
+42.951509684040821924 
+42.921122249878195021 
+42.889333531795543308 
+42.856764012339759518 
+42.824097572916613785 
+42.789968459873470863 
+42.755765157604464832 
+42.720057846123197010 
+42.684299396486352407 
+42.646995160432929595 
+42.608877072848464707 
+42.570743151540177962 
+42.530999724234824555 
+42.455840259036236262 
+42.413734529696455411 
+42.369901372339853651 
+42.326089111988771663 
+42.281424762791729677 
+42.197151870638180071 
+42.150043385260786977 
+42.061244429190104199 
+42.010630316812154206 
+41.960133963172246752 
+41.908747031134460315 
+41.856464448470966033 
+41.802186338399316412 
+41.748078633568077578 
+41.691927505695794309 
+41.635973774970040040 
+41.577928230987176050 
+41.520107437312006482 
+41.460145942667224972 
+41.400436915283776784 
+41.338537798801588963 
+41.276919232869673237 
+41.214347618455711597 
+41.149511142584941581 
+41.084997889095212997 
+41.018169124717417162 
+40.951692591143043387 
+40.884236285081229312 
+40.814387796500341210 
+40.744935605518840305 
+40.674487429194897459 
+40.601569247517524275 
+40.529092277583423254 
+40.455602958744890429 
+40.317967068749318571 
+40.243145572103358631 
+40.165742559545705603 
+40.088912063628569626 
+40.009447376351872094 
+39.928932967919045893 
+39.847363274022598034 
+39.763035290307790603 
+39.606704264609660981 
+39.520989717861873203 
+39.434192504744061125 
+39.344502007747166772 
+39.255500069520373074 
+39.165398308284601114 
+39.072318084956108919 
+38.978080650353952308 
+38.805517587359950937 
+38.708007408091411605 
+38.609316709200122375 
+38.513457270667750265 
+38.414466991744994573 
+38.312269713087168554 
+38.210947359479156660 
+38.108461870166379981 
+38.004807344427831595 
+37.897826211584280998 
+37.791791680252018182 
+37.684570185308380985 
+37.578380259886031922 
+37.466542407053040620 
+37.353449945956704425 
+37.236796502435133505 
+37.121150196428928325 
+37.004229901237110312 
+36.890781856693891427 
+36.771345799185333192 
+36.648188770459881880 
+36.526133837277562577 
+36.400291984520293909 
+36.275591527151988203 
+36.149571494513452308 
+36.022225298271543181 
+35.896133014340733780 
+35.658544442889635206 
+35.528760610012120935 
+35.394983742668834736 
+35.265274200790763359 
+35.131558997016448131 
+34.999289830837717830 
+34.862949236744853465 
+34.728096039333621547 
+34.474643706227233508 
+34.333198853240787685 
+34.190393918982671551 
+34.043265892869932543 
+33.897693305934502916 
+33.750741067360600312 
+33.602402661661422201 
+33.452671555344522858 
+33.304639519921160229 
+33.155258586651932262 
+33.001367775727914022 
+32.846058219729215466 
+32.689323295557699112 
+32.527913508153623923 
+32.368278475714284070 
+32.207197960427478733 
+32.041333104764412099 
+31.877311673724651797 
+31.708431880076744847 
+31.541442048814236188 
+31.369519194911539728 
+31.199533328153929546 
+31.024539137657164645 
+30.851529448955165691 
+30.680589467546472093 
+30.504589948106705322 
+30.327069860116385058 
+30.151691650204121231 
+29.818884179843156090 
+29.639255635768513741 
+29.450556937335694130 
+29.264055378058447587 
+29.075985857206269714 
+28.722530013963531559 
+28.525994871407412745 
+28.327798642738962087 
+28.131947485024156208 
+27.930440037402298969 
+27.731329340094948321 
+27.530594539763775686 
+27.324081507105141498 
+27.120043448025928257 
+26.910144743472695694 
+26.702773987502343545 
+26.313246069917155978 
+26.101111856900363506 
+25.882915232010436313 
+25.662960229675967128 
+25.441239048803733880 
+25.217743867687712367 
+25.001512234874702756 
+24.779074731806598919 
+24.554911278899332672 
+24.324386197478826688 
+24.096712905931877202 
+23.669246586953175182 
+23.436557751643302794 
+23.197295618357546942 
+22.956182539511562624 
+22.713210471275978364 
+22.468371348916281960 
+22.221657086766484213 
+21.973059578207177367 
+21.717541570040609145 
+21.470182290446867768 
+21.215886193002461368 
+20.959674212610263311 
+20.706719768342100707 
+20.446690092999102006 
+20.184720001334536477 
+19.926098745055710992 
+19.665598158091839309 
+19.408584180413207321 
+19.144340182394891769 
+18.654031459183055830 
+18.378846091716532385 
+18.107219546190812309 
+17.828056726647275809 
+17.546872498792659201 
+17.024183605759393600 
+16.748730497817952312 
+16.465586435134248688 
+16.180461892928132528 
+15.899228174440640515 
+15.610159247102934899 
+15.325046078727179832 
+15.032000954269847171 
+14.742977097580226342 
+14.445923809447521080 
+14.146833577013937955 
+13.851864301152698289 
+13.548717498259906122 
+13.249758610718730623 
+12.936231157729107366 
+12.626875046940554626 
+12.309054808615140786 
+11.989053309090367705 
+11.673327022237739214 
+11.355488945934975931 
+11.028978786349791008 
+10.700252072962264549 
+10.375940751986973964 
+10.049483581386809306 
+9.714143232713851717 
+9.383324674091879203 
+9.050334590346349017 
+8.722026495074533869 
+8.391618359295462071 
+8.052152219452555215 
+7.710480617265954351 
+7.366594930295218724 
+7.013399874101550857 
+6.650747099209029400 
+6.292848901230090775 
+5.932608459281512481 
+5.562740612706227772 
+5.197740532622479925 
+4.830370138298950344 
+4.460620089999149940 
+4.088481025581994999 
+3.706428282920499306 
+3.329434757849235371 
+2.950023806750935229 
+2.575846578420592614 
+2.207037123371357268 
+1.828219594209702592 
+1.447044658952878926 
+1.071354425216430428 
+0.685486285431355036 
+0.305181331917192544 
-0.406050244039482422 
-0.801016748173407400 
-1.190267771046443990 
-1.590031072032449977 
-1.992231106765124160 
-2.745670103676524754 
-3.163259786598279000 
-3.929886131796757276 
-4.354760634777094630 
-4.765088074519028716 
-5.186446629175264000 
-5.601646910426345549 
-6.027998119329137872 
-6.456885337808368597 
-6.879487703118733144 
-7.313422898839784914 
-7.740988305327543451 
-8.180008441079401393 
-8.612573178329675727 
-9.430343325861127113 
-9.879271316042121498 
-10.330818446583272419 
-10.794290628481466143 
-11.251158737884175309 
-11.720080505445007901 
-12.182308868152404102 
-12.656720388033679825 
-13.124348456347924241 
-13.594663756912432007 
-14.057995685691448529 
-14.933750464047587769 
-15.414410730551981743 
-15.907699026559274813 
-16.393893823091932660 
-16.892850104677687995 
-17.394684633078060898 
-17.889285084183452312 
-18.386669830007473792 
-18.876613084828843370 
-19.802516404714683773 
-20.300220807674307366 
-20.811097410305524846 
