5.18673
5.18673
5.18673
5.18673
5.18673
0.471521
0.471521
0.471521
0.471521
0.471521
4.94337
4.94337
4.94337
4.65437
4.65437
0.471521
0.471521
0.471521
0.471521
4.92816
4.92816
0.471521
0.471521
0.471521
0.471521
0.471521
0.471521
0.471521
0.471521
0.471521
0.471521
0.471521
0.471521
0.471521
0.471521
0.471521
0.471521
0.471521
0.471521
0.471521
0.471521
0.471521
0.471521
0.471521
0.471521
0.471521
0.471521
0.471521
0.471521
0.471521
0.471521
0.471521
0.471521
0.471521
0.471521
0.471521
0.471521
0.471521
2.72266
2.72266
2.72266
2.72266
0.471521
0.471521
0.471521
0.471521
0.471521
0.471521
0.471521
0.471521
0.471521
0.471521
0.471521
0.471521
0.471521
0.471521
0.471521
0.471521
0.471521
0.471521
0.471521
0.471521
0.471521
0.471521
0.471521
0.471521
0.471521
0.471521
0.471521
0.471521
0.471521
0.471521
0.471521
0.471521
0.471521
0.471521
0.471521
0.471521
0.471521
3.43754
3.43754
0.471521
0.471521
0.471521
0.471521
0.471521
0.471521
0.471521
0.471521
0.471521
0.471521
0.471521
0.471521
0.471521
0.471521
0.471521
0.471521
0.471521
0.471521
0.471521
0.471521
0.471521
0.471521
0.471521
0.471521
0.471521
0.471521
0.471521
0.471521
0.471521
0.471521
0.471521
0.471521
0.471521
0.471521
0.471521
0.471521
0.471521
0.471521
0.471521
0.471521
0.471521
0.471521
0.471521
0.471521
0.471521
0.471521
0.471521
0.471521
0.471521
0.471521
0.471521
0.471521
0.471521
0.471521
0.471521
0.471521
0.471521
0.471521
0.471521
0.471521
0.471521
0.471521
0.471521
0.471521
0.471521
0.471521
0.471521
0.471521
0.471521
0.471521
0.471521
0.471521
0.471521
0.471521
0.471521
0.471521
0.471521
0.471521
0.471521
0.471521
0.471521
0.471521
0.471521
0.471521
0.471521
0.471521
0.471521
0.471521
0.471521
0.471521
0.471521
0.471521
0.471521
0.471521
0.471521
0.471521
0.471521
0.471521
0.471521
0.471521
0.471521
0.471521
0.471521
0.471521
0.471521
0.471521
0.471521
0.471521
0.471521
0.471521
0.471521
0.471521
0.471521
0.471521
0.471521
0.471521
0.471521
0.471521
0.471521
0.471521
0.471521
0.471521
0.471521
0.471521
0.471521
0.471521
0.471521
0.471521
0.471521
0.471521
0.471521
0.471521
0.471521
0.471521
0.471521
0.471521
0.471521
0.471521
0.471521
0.471521
0.471521
0.471521
0.471521
0.471521
0.471521
0.471521
0.471521
0.471521
0.471521
0.471521
0.471521
0.471521
0.471521
0.471521
0.471521
0.471521
0.471521
0.471521
0.471521
0.471521
0.471521
0.471521
0.471521
0.471521
0.471521
0.471521
0.471521
0.471521
0.471521
0.471521
0.471521
0.471521
0.471521
0.471521
0.471521
0.471521
0.471521
0.471521
0.471521
0.471521
0.471521
0.471521
0.471521
0.471521
0.471521
0.471521
0.471521
0.471521
0.471521
0.471521
0.471521
0.471521
0.471521
0.471521
0.471521
0.471521
0.471521
0.471521
0.471521
0.471521
0.471521
0.471521
0.471521
0.471521
0.471521
0.471521
0.471521
0.471521
0.471521
0.471521
0.471521
0.471521
0.471521
0.471521
0.471521
0.471521
0.471521
0.471521
0.471521
0.471521
0.471521
0.471521
0.471521
0.471521
0.471521
0.471521
0.471521
0.471521
0.471521
0.471521
0.471521
0.471521
0.471521
0.471521
0.471521
0.471521
0.471521
0.471521
0.471521
0.471521
0.471521
0.471521
0.471521
0.471521
0.471521
0.471521
0.471521
0.471521
0.471521
0.471521
0.471521
0.471521
0.471521
0.471521
0.471521
0.471521
0.471521
0.471521
0.471521
0.471521
0.471521
0.471521
0.471521
0.471521
0.471521
0.471521
0.471521
0.471521
0.471521
0.471521
0.471521
0.471521
0.471521
0.471521
0.471521
0.471521
0.471521
0.471521
0.471521
0.471521
0.471521
0.471521
0.471521
0.471521
0.471521
0.471521
0.471521
0.471521
0.471521
0.471521
0.471521
0.471521
0.471521
0.471521
0.471521
0.471521
0.471521
0.471521
0.471521
0.471521
0.471521
4.94337
4.94337
4.94337
6.92072
7.40745
7.40745
3.33107
3.33107
7.80292
12.4877
12.4877
12.4877
12.4877
12.4877
7.51392
5.53657
5.53657
5.53657
5.55178
8.51781
4.66958
4.66958
4.66958
12.7615
12.7767
12.7767
8.09191
4.94337
4.94337
4.94337
4.94337
0.471521
0.471521
0.471521
0.471521
0.471521
0.471521
0.471521
0.471521
0.471521
4.92816
4.92816
4.92816
2.72266
7.39224
5.1411
5.1411
5.1411
5.1411
0.471521
0.471521
0.471521
0.471521
0.471521
0.471521
0.471521
0.471521
0.471521
4.66958
6.6013
6.6013
6.6013
6.58609
6.58609
13.233
7.90939
3.45275
0.471521
3.62007
3.62007
3.62007
6.58609
6.58609
0.471521
0.471521
0.471521
0.471521
12.7767
12.7615
12.7615
7.81813
7.81813
7.81813
4.66958
0.471521
0.471521
0.471521
0.471521
0.471521
0.471521
0.471521
0.471521
0.471521
0.471521
0.471521
0.471521
0.471521
0.471521
0.471521
0.471521
0.471521
0.471521
0.471521
4.94337
7.90939
7.90939
7.90939
7.90939
11.0579
7.90939
12.5942
12.5942
7.65081
7.65081
12.3356
11.9249
8.10712
8.12234
0.471521
0.471521
0.471521
0.471521
5.1411
5.1411
9.59774
5.1411
5.1411
5.1411
2.46408
2.46408
5.62784
0.471521
0.471521
4.92816
0.471521
1.35372
1.35372
0.471521
0.471521
3.62007
3.62007
3.62007
5.29321
7.81813
8.70033
8.70033
5.15631
5.15631
5.53657
5.53657
4.65437
4.92816
17.1877
17.4007
25.0971
25.1579
25.4622
25.7816
25.7968
17.8874
9.8259
12.5333
12.5333
20.4579
20.5492
20.534
24.7168
28.6868
5.61262
7.86376
12.5638
12.5638
7.86376
7.90939
10.8754
10.8754
15.1495
13.2634
5.81036
3.62007
3.62007
3.62007
3.62007
3.62007
11.0731
9.978
9.978
6.19062
6.58609
13.4916
14.7084
12.1379
9.87153
10.921
16.1686
11.8945
10.845
15.5298
15.9253
13.2178
12.6246
10.6625
10.3887
10.3887
10.3887
12.8375
17.2029
21.3706
19.6822
19.6822
14.7084
14.7084
12.7311
21.2793
21.7965
20.1537
15.4385
9.41522
16.4272
22.1615
11.788
11.788
9.11101
8.33528
8.33528
7.9246
7.65081
13.1722
9.36958
8.60907
7.65081
7.65081
14.7997
14.7997
12.1835
10.6168
16.4424
16.123
18.0091
18.0091
21.8117
25.2796
22.3897
27.5003
22.7851
33.691
24.8689
23.0437
23.1502
29.7515
27.5916
26.0097
20.3363
23.0133
29.7971
30.4055
44.247
28.5955
15.8188
17.5528
24.3062
22.0094
26.0858
23.2719
29.6906
25.0667
20.9143
24.4431
24.2453
24.6864
30.3295
29.3408
30.223
20.2146
24.5191
14.3434
14.3434
27.044
35.6227
32.1091
36.657
23.1198
24.2453
33.189
30.0861
30.2078
28.124
42.8932
29.3256
33.6149
34.7101
25.7359
31.3181
21.8269
18.435
20.3363
12.8375
26.9223
31.668
23.5609
20.1994
16.3968
30.223
25.5534
29.7363
31.6832
29.6602
32.0178
28.6411
42.6651
26.968
24.7016
15.3016
18.6783
24.4126
30.9379
34.0104
26.2531
35.1968
11.1948
21.766
37.1893
55.4266
41.6004
47.0761
46.7415
45.0075
54.1185
51.2285
41.8437
39.8664
22.4657
33.767
27.4091
24.3366
17.9482
32.9913
37.6609
32.5806
21.7965
26.0554
28.0631
44.3078
55.0615
57.9211
72.9033
62.6059
46.5741
59.1227
55.7308
31.6071
31.0596
27.0288
23.5152
29.8884
26.466
32.1395
42.9693
41.6612
40.3683
43.3191
51.7305
48.6732
52.7343
51.4567
48.0495
19.7278
25.5078
34.4515
21.6596
31.4094
29.6146
34.1321
33.7974
31.3486
29.3408
23.135
28.3369
17.1117
39.7599
44.4295
27.4091
21.9486
17.8722
23.2414
16.488
23.9107
27.9566
29.3256
34.1777
35.2424
46.8631
45.7984
50.544
29.3104
39.0754
42.1327
41.068
41.722
39.334
58.6055
47.1673
57.9819
54.3923
39.5165
38.8321
45.2965
44.034
38.0563
45.6463
34.9078
32.2916
32.1243
24.6104
32.0178
27.5916
34.9686
30.2382
46.9392
44.9771
34.923
50.179
36.8547
50.5745
60.4004
39.988
48.947
48.2321
25.7359
30.9531
35.501
38.5735
31.6528
35.3337
21.3858
22.0398
31.6528
36.1398
22.9068
21.5987
22.6482
25.31
25.31
29.7515
34.8165
45.2508
34.0104
37.3567
47.5628
50.7722
58.6207
55.5483
67.5188
61.0848
59.0619
40.5813
37.9651
28.2
44.9162
44.9314
57.1453
60.1874
40.2162
35.1512
29.6602
27.0897
46.635
39.4861
39.258
39.5013
37.3414
23.9563
43.2279
53.7991
56.1871
55.0159
56.3696
61.3434
54.6965
59.4117
65.222
64.4463
56.324
48.0343
32.2003
36.9003
45.5246
48.947
38.4214
25.31
26.8311
35.3641
37.1741
46.711
43.5777
39.8359
40.855
40.2618
31.5463
29.8579
33.0825
28.9605
37.0677
37.235
42.3913
42.4673
42.4673
42.3152
31.0596
28.4586
28.2456
37.4327
41.9806
41.1593
38.3301
54.4531
38.102
35.5923
43.5473
31.8657
32.3829
25.9489
27.2418
26.0097
30.0101
22.9372
25.9185
22.6482
30.5272
30.7249
25.7207
18.6023
26.3596
23.1654
30.3447
38.3758
22.557
31.6528
31.6528
31.7288
15.7275
23.8194
21.3706
13.8719
22.1159
12.7311
21.4922
12.3052
14.7084
18.7392
21.2793
22.6178
49.4033
54.6661
51.0916
51.624
63.7771
41.2657
40.7638
38.7256
37.4631
25.2948
47.0152
62.4081
37.5848
38.2541
30.4359
39.988
34.4211
39.7447
36.3071
44.0492
37.2046
48.0343
49.7683
44.3686
40.0793
59.6246
55.746
52.5062
41.5243
43.6994
42.6803
51.8978
51.0612
53.6926
59.0162
41.2353
46.7262
60.7654
59.001
48.0952
46.8023
42.5434
39.2123
39.912
23.2414
36.1094
36.5505
36.1094
39.0298
40.4139
48.0648
44.9923
40.2618
44.6272
44.8706
43.9732
44.0036
43.091
42.3457
33.3563
32.9304
27.1657
25.2948
25.6903
30.801
41.8589
36.6266
41.3722
59.2596
40.3075
23.3935
19.1803
27.2874
32.8392
22.5722
40.2923
57.556
40.9159
33.7822
44.247
50.8635
39.6078
19.7887
13.6133
16.6249
28.0327
29.9948
43.2279
25.0819
30.2078
15.3777
36.6874
36.6114
34.847
42.8628
40.7486
50.3311
39.5317
49.9813
53.647
61.7237
48.7492
32.7175
41.7829
26.1922
31.1052
39.7903
54.955
50.2703
55.0463
30.0253
42.1783
30.3903
35.0447
40.0489
38.1172
56.9324
51.7913
36.4592
53.5101
30.3903
42.6347
40.4291
47.2738
47.0304
48.8861
48.3385
49.1903
44.9618
48.2625
28.778
31.7288
36.7939
38.9081
34.9838
19.1651
14.4498
14.3586
19.4388
25.0971
42.3913
38.0868
38.7864
55.0463
34.1016
55.5939
39.0146
44.5207
30.6793
30.4359
29.2952
50.0117
37.2502
57.1149
54.5596
33.2651
29.3712
40.2162
37.4479
47.1065
49.601
38.2084
38.2084
41.2961
61.1153
56.8563
62.5602
42.9997
27.0288
20.1537
24.291
26.6181
27.7893
24.5495
23.6673
37.4935
21.7204
25.0363
25.0515
26.6486
36.3832
38.1324
38.1172
23.3327
18.1916
22.5266
18.6631
28.5194
20.4884
20.0321
18.3589
24.3974
22.6939
22.6634
27.1961
29.8732
18.1308
17.8722
14.5259
18.6327
12.5029
17.1421
18.8304
26.1466
22.3288
22.557
20.2298
23.424
54.5292
47.4563
40.9767
57.6321
47.1673
55.4418
51.7609
48.6884
53.1298
45.4638
41.1288
38.6343
47.2586
35.6531
37.2502
37.3262
32.6262
42.6955
30.588
35.8812
35.8052
35.9269
45.5398
39.6991
24.4126
24.7929
30.8923
22.846
28.3065
34.7405
29.8275
28.2456
30.4968
35.1512
48.0191
45.0227
47.8214
50.8178
49.3728
49.1599
36.444
33.189
52.0955
53.7382
45.5703
51.3198
48.3081
48.3385
39.7447
44.2317
55.2897
41.9806
41.3418
49.8292
57.5256
51.3502
59.3052
46.7262
47.5476
43.1822
24.4278
20.9295
27.3939
33.5084
41.4178
38.7712
54.6965
45.6919
53.0994
49.7835
51.2589
42.1631
60.8263
47.2434
45.1444
53.4796
52.6279
55.9285
61.7693
55.2136
54.2554
41.6764
47.502
31.4246
38.5431
30.5424
29.6906
32.7023
42.7563
30.6185
12.7463
32.7175
31.7745
31.3181
23.1198
27.3482
36.3224
41.7524
28.778
30.223
26.0401
52.0803
36.7026
37.0677
34.4667
31.8809
33.5997
25.9185
17.2942
21.0511
26.1314
26.1314
22.055
20.0929
17.3702
18.7848
27.546
27.5308
29.3712
32.824
32.9304
24.4887
23.6825
23.1502
28.0631
33.9952
25.2948
16.6706
21.0511
27.0744
22.0855
34.3602
26.6029
26.7702
31.7592
20.8686
27.2418
26.8767
35.501
39.4861
22.2071
25.8728
28.7172
31.7288
34.4819
33.8431
28.3825
28.3065
34.4667
32.4437
32.4437
23.6673
23.0437
31.5159
32.4741
28.6259
26.39
28.3217
28.3217
44.9618
49.1295
41.1745
41.5091
33.98
35.4097
39.8664
39.6078
25.9185
37.9499
29.2647
21.0511
24.7016
31.1356
30.1622
30.801
29.1431
35.2728
30.801
35.9877
35.4554
40.5965
45.1596
36.2463
40.0945
33.5084
24.1693
32.611
38.178
19.1955
19.2107
19.089
22.9068
26.2227
26.4204
22.0246
28.9757
34.8013
36.8547
37.8586
39.5622
45.3117
43.7906
54.3771
53.434
39.0602
38.391
43.8515
32.7023
32.9
37.6152
57.2366
53.145
52.9321
46.9088
41.9654
55.0767
47.6693
45.5855
43.3191
53.3884
57.8602
31.744
36.946
35.5466
35.7291
40.7942
36.1702
36.3071
36.1094
29.2647
34.2233
38.7408
36.5809
35.8812
31.0291
27.911
24.2453
28.0175
23.8346
15.4842
18.5262
15.9405
15.9557
37.3719
39.8359
41.6916
39.547
42.6347
40.7638
29.3712
27.7893
21.188
18.4198
15.1495
16.1078
16.1534
11.2709
14.0087
20.7469
20.9751
18.4958
22.6178
24.367
20.2298
23.0133
19.0282
17.5375
14.4955
18.1003
15.0126
14.8301
18.0851
10.1909
10.3126
2.73787
8.91327
8.91327
10.6168
16.5945
9.06538
13.6741
14.2369
5.82557
0.471521
14.313
14.2825
18.6175
19.0738
14.3434
16.2295
12.5942
12.5942
12.5181
11.2709
10.7994
11.3317
11.2709
11.2709
8.12234
8.28965
12.7463
8.28965
13.3851
8.44175
12.9136
8.44175
9.88674
14.9062
20.2906
14.8605
1.35372
1.35372
6.06894
6.06894
6.06894
8.8068
8.8068
9.12622
12.5181
12.5181
4.94337
4.06117
8.01586
17.0052
13.8414
11.5903
6.92072
6.6013
3.62007
4.86732
7.84855
12.1227
15.7731
8.16797
8.76117
8.76117
13.2482
19.0434
19.0434
6.57088
6.57088
3.43754
8.12234
17.2638
9.73463
0.866991
6.41877
6.0233
4.5479
4.33495
4.33495
4.50227
9.20227
9.20227
13.6589
10.5104
13.6741
5.82557
4.50227
8.56344
4.09159
11.7272
8.39612
11.3926
11.8337
11.2252
11.4078
5.18673
9.88674
9.88674
7.05761
5.1411
9.87153
3.62007
12.7919
12.4269
16.7162
12.0314
12.0314
7.07282
9.65858
11.9097
9.59774
11.8793
11.8641
7.1945
7.1945
8.77638
13.5068
11.3013
10.9363
7.97023
12.4421
12.4421
13.2482
13.1874
16.1686
16.1686
21.2489
18.724
34.5275
18.1003
18.724
18.7392
23.1045
34.2081
33.3411
41.6156
36.8395
38.391
38.391
38.391
30.4664
31.1965
21.0511
7.16408
7.16408
7.16408
12.4877
11.8337
11.7424
7.07282
8.04628
8.42654
14.4346
13.9783
16.4272
16.6249
16.6249
15.9861
5.33884
5.33884
2.79871
2.79871
7.25534
16.3055
16.3055
22.4809
18.6327
2.73787
17.5223
7.46829
12.1379
8.27444
3.60486
8.06149
8.50259
1.35372
1.35372
1.35372
9.17185
9.17185
13.6285
12.7463
10.267
14.9822
8.33528
8.38091
8.38091
3.62007
3.74175
3.62007
3.62007
3.62007
3.62007
3.62007
3.62007
3.62007
0.471521
0.471521
3.71133
5.29321
4.63916
9.36958
5.29321
6.78382
8.98933
7.1945
7.1945
7.1945
2.72266
0.471521
0.471521
4.92816
4.92816
0.471521
3.62007
0.471521
0.471521
4.48706
4.51748
4.51748
4.51748
4.51748
4.53269
4.50227
4.50227
4.50227
4.50227
4.50227
2.46408
1.35372
1.56667
0.471521
0.471521
4.92816
4.92816
0.471521
0.471521
0.471521
0.471521
4.92816
0.471521
0.471521
0.471521
2.72266
2.72266
2.72266
3.60486
3.60486
3.60486
3.60486
3.60486
3.62007
8.06149
