+11.577728669230022973 
+11.351728950995157774 
+11.132285273368417222 
+10.914847630826677971 
+10.699406666978470426 
+10.481617481441599438 
+10.270182175883231679 
+10.064970653559301539 
+9.857423333538719135 
+9.656002704209033283 
+9.452307186268850359 
+9.254642098099665759 
+9.054762388924578076 
+8.860817676124845832 
+8.664717972094642562 
+8.470514203907725914 
+8.278197307804473937 
+8.083891222199374837 
+7.891530819494260385 
+7.701106547826667814 
+7.512608881608060507 
+7.329741206369602580 
+7.148705803461196773 
+6.969493780741158773 
+6.645049516939065981 
+6.470961761394788070 
+6.295165772712540964 
+6.128145935281445134 
+5.959400337156076866 
+5.792417970544661898 
+5.627190131521325078 
+5.467027113152762574 
+5.305246946536236408 
+5.145195514877169529 
+4.858883416533957167 
+4.706805434776063279 
+4.553237978107546269 
+4.404440958427313646 
+4.254206148281141964 
+4.108657477951682679 
+3.964704231353797681 
+3.819389359621323976 
+3.678636045948517008 
+3.539454296338156780 
+3.396135989817878453 
+3.254505563287869663 
+3.114554188891585085 
+2.979022375004877432 
+2.842369579163101179 
+2.707369678775586763 
+2.574013946774078576 
+2.442293681333827848 
+2.312200205841401512 
+2.181171807848111044 
+2.056859044109627277 
+1.934083795267310890 
+1.810379453715354359 
+1.690686007033988858 
+1.570109623192509574 
+1.453465218852930008 
+1.335983461314391718 
+1.222355529456150336 
+1.110208607826196570 
+0.997291420637354875 
+0.888112634394834899 
+0.782574924299614949 
+0.678428163902957237 
+0.573538764987880256 
+0.472180471669357615 
+0.368054360193097452 
+0.267443831150542266 
+0.166234258272517366 
+0.068466188287272800 
-0.027906620664102988 
-0.124815906759538464 
-0.293764949308569001 
-0.383009996133761632 
-0.472769649397706715 
-0.559387471260771818 
-0.646479938564224810 
-0.733972527285967402 
-0.820081826373410649 
-0.904815762837834825 
-1.057159071523573246 
-1.138029989765271921 
-1.214400458439190089 
-1.291090458661512841 
-1.366503109947183603 
-1.439145252072334458 
-1.512050802886010459 
-1.582250972417439172 
-1.652677886689597031 
-1.720463882821894330 
-1.789814929038717750 
-1.856539430726687812 
-1.923368311618791182 
-1.987635669986154596 
-2.051972091755672523 
-2.113811328610809781 
-2.175684813360128089 
-2.235124770336154754 
-2.292210496094385874 
-2.349327443911061408 
-2.404150984000127167 
-2.458972269671145128 
-2.511560330603071378 
-2.563052002074559965 
-2.615530279899539678 
-2.665818642413229966 
-2.715976832651209705 
-2.764974082082442663 
-2.812817621945445268 
-2.859514660220058957 
-2.905072381659650205 
-2.949497947823315869 
-2.991943465228134258 
-3.032481581301841089 
-3.072807947102782933 
-3.112073738436938797 
-3.149516246643230488 
-3.186702076882179213 
-3.223573896126787020 
-3.258663514106190817 
-3.320441462508128438 
-3.352632991436493626 
-3.383815365193314051 
-3.413389120090055684 
-3.442006757062353373 
-3.470240665313598427 
-3.496944567267243897 
-3.522710542358776564 
-3.548559188762258287 
-3.572916269126979572 
-3.596782556664035013 
-3.619209809592028648 
-3.640691391861279769 
-3.661643054218652438 
-3.680842565338075190 
-3.714092380129104143 
-3.731106622611042312 
-3.746891701468236135 
-3.762111364934158431 
-3.776150255734265215 
-3.789599324338558617 
-3.801915443860087507 
-3.813847450810829542 
-3.824658606852484155 
-3.834796472053229266 
-3.843861632153808827 
-3.852071649967850675 
-3.859432482587687119 
-3.865950066835871723 
-3.875837129463086228 
-3.879977965300991372 
-3.883298262598149364 
-3.885803860137901466 
-3.887500576604285385 
-3.888404126637681202 
-3.888484245277895823 
-3.887772935905591254 
-3.886275936691159671 
-3.883998965851811036 
-3.880877429256685218 
-3.877041963527069868 
-3.868014053450581358 
-3.862158962523773553 
-3.855442558097813333 
-3.848144318334131952 
-3.840139850921298503 
-3.831245585687291566 
-3.821829837326678359 
-3.811287543474442430 
-3.800001792907075071 
-3.787978392375617176 
-3.775223127434580661 
-3.761464768434917616 
-3.747248698014031376 
-3.732623684426858546 
-3.717317811160356200 
-3.701336424434277461 
-3.684338082116097368 
-3.652000544679207650 
-3.633463331999921664 
-3.614276298169531998 
-3.594855812097135228 
-3.574821680734411089 
-3.553742289056867065 
-3.532482971148397155 
-3.510624707110627796 
-3.487223989694973270 
-3.463671083059363554 
-3.439009973325639180 
-3.414232272974029314 
-3.388331936466162375 
-3.362350106398899641 
-3.335779889789142416 
-3.308626291668705477 
-3.281466006013815218 
-3.253172237662598221 
-3.224904567489573992 
-3.195490022760191451 
-3.166133894818214500 
-3.136246105037361787 
-3.104552578919664185 
-3.072292294848599781 
-3.040132301177045804 
-3.006764979749060984 
-2.973529905188083688 
-2.939075539327268061 
-2.904784900510204437 
-2.869978984175244108 
-2.834662515596654941 
-2.767736303892645466 
-2.730986987655128928 
-2.692980040418605725 
-2.655240455139423972 
-2.617017719364033823 
-2.578316432286669624 
-2.538336776727758703 
-2.498682579424695405 
-2.458563611772738966 
-2.418817117842682052 
-2.377791425576802453 
-2.302124106113007329 
-2.260706093769796254 
-2.217990835636877378 
-2.175726040849214726 
-2.096270978212153580 
-2.052838983066807899 
-2.008088525594004636 
-1.963850302637755618 
-1.918285300761334966 
-1.872315244884054763 
-1.824993932294002974 
-1.778218554138108587 
-1.732017501610195964 
-1.684469889675950682 
-1.636538465399304698 
-1.588227424224960771 
-1.539540944036549064 
-1.491488047822830509 
-1.441058290521205265 
-1.391270385418101441 
-1.297858043908375336 
-1.247055542273635353 
-1.195905779210608699 
-1.144412795635807001 
-1.092580615162436430 
-1.039345141792926697 
-0.985764895106102657 
-0.887377864095894253 
-0.832848022817945122 
-0.780190030283666403 
-0.727232727796964795 
-0.672867215861487011 
-0.619316197471523111 
-0.564352169346353350 
-0.510222231523753678 
-0.453538080685179423 
-0.397695644548942795 
-0.341568001956161993 
-0.285158922871417531 
-0.227312422613357157 
-0.170346161130328966 
-0.113109747849330589 
-0.056783052055504157 
-0.000204136243031172 
+0.057810081033965233 
+0.114888178772579508 
+0.174601652372174954 
+0.234573700474937752 
+0.294800494928633583 
+0.355278225524624958 
+0.416003099965793766 
+0.475749618263414220 
+0.535726332680376061 
+0.597160700102776332 
+0.657591783199732660 
+0.718242482443049113 
+0.779109327899078608 
+0.892709435651907413 
+0.954174867107342450 
+1.017103840004745408 
+1.078975746731531515 
+1.141043733763286383 
+1.203304442788310169 
+1.267030971751831103 
+1.328390674118578474 
+1.391209560260241673 
+1.452920443588126886 
+1.514800445185828792 
+1.578140868161312937 
+1.641651086728096232 
+1.704026700121389126 
+1.767863531556669088 
+1.833168286829549132 
+1.897325537916286109 
+1.961636588871334297 
+2.026098287967947442 
+2.090707499217517196 
+2.156784086102902620 
+2.223007720188412861 
+2.288046384269733835 
+2.354551507210896233 
+2.419859774952973552 
+2.485296882034754518 
+2.550859802769075202 
+2.617887309599378654 
+2.683695256565103548 
+2.749619972385300315 
+2.815658493526191464 
+2.881807871840353030 
+2.946711925161411116 
+3.013072120843020230 
+3.079534480358063320 
+3.146096116502286932 
+3.212754157312877723 
+3.278142552397140363 
+3.344983024626310808 
+3.411911434321801551 
+3.478924969887213337 
+3.546020834822625645 
+3.613196247695562136 
+3.679075199025691134 
+3.746399940184316435 
+3.812419905151514854 
+3.879883249991912919 
+3.946033779673108199 
+4.068846815810617024 
+4.135164170178751597 
+4.202918437109941507 
+4.272110319912751031 
+4.339969477140664722 
+4.407876605863503272 
+4.477216354579204527 
+4.545212512351000100 
+4.614637755458795176 
+4.682712483238741896 
+4.752212609716621294 
+4.820355568821437231 
+4.889920090213759174 
+4.956728947291201948 
+5.026347002894142157 
+5.094595453730939028 
+5.164257395933304906 
+5.232543879561116107 
+5.302239583416486823 
+5.370554236538621851 
+5.438879219396033804 
+5.508606774949446283 
+5.576945401964375826 
+5.645287234345244265 
+5.713629941868221707 
+5.783365897004545175 
+5.851703320411005826 
+5.920034666460305850 
+5.988357661596372949 
+6.058064050334738049 
+6.126363293384237352 
+6.194647403470225910 
+6.262914163233856968 
+6.332553950365055861 
+6.400778946554522619 
+6.468979979399393621 
+6.537154887267560888 
+6.605301522314761975 
+6.674807546061526153 
+6.742890561136862360 
+6.810938899444423988 
+6.880338062021507106 
+6.949696730245028320 
+7.075818430285207405 
+7.145051134866166720 
+7.214235042982869217 
+7.281985870092961832 
+7.349685781064492218 
+7.418712777230543232 
+7.486303773415613705 
+7.553837898213681790 
+7.621313206834103404 
+7.688727767808979152 
+7.756079662964183719 
+7.821994434625369585 
+7.889216671845072248 
+7.955000813006939175 
+8.022086029899227810 
+8.089099263828108732 
+8.156038675235286917 
+8.222902437653713648 
+8.291050904181966885 
+8.357756305178234868 
+8.425739442824475844 
+8.492279187324655254 
+8.560089606728286782 
+8.625102955527921722 
+8.691383496107194517 
+8.812887914191502858 
+8.880255484158396939 
+8.946180034682878812 
+9.012008199119417640 
+9.077738317240918064 
+9.144707088389225191 
+9.210234099049003476 
+9.275658125739836279 
+9.342309508443268129 
+9.407520567884738227 
+9.472623820639425318 
+9.537617695185328870 
+9.601177610037090915 
+9.665950374462893180 
+9.730609152072897672 
+9.795152420844534191 
+9.860892263599215113 
+9.925197563865998163 
+9.990691476431956985 
+10.056058844463590773 
+10.121298116884641871 
+10.186407755865852565 
+10.248789634792606407 
+10.312345068212209753 
+10.374478607517204409 
+10.437777775060197882 
+10.499657604950044743 
+10.561409930050496442 
+10.624315914096808200 
+10.685806673509400611 
+10.747166090894747725 
+10.809667058212335533 
+10.870757256939430846 
+10.931712376642753526 
+10.995062344343770278 
+11.058263062655232289 
+11.120053665582323887 
+11.182954905245306776 
+11.244449465704249747 
+11.307046040435908552 
+11.368239524102687454 
+11.430526345931111720 
+11.492654824210431386 
+11.553385893353340208 
+11.615197145312111005 
+11.675614947263436960 
+11.737104129031045829 
+11.798428838777496708 
+11.858366328462901507 
+11.919361859648500257 
+11.980189383662397162 
+12.039636236936706482 
+12.100127691095302396 
+12.159242999061882884 
+12.266191153881894849 
+12.324837113490847429 
+12.384506098467985780 
+12.442810315595291826 
+12.500943863636067022 
+12.558905748440446715 
+12.617872554642248772 
+12.675484621440260113 
+12.732922089269395727 
+12.791350784366743554 
+12.848432604067456353 
+12.906496449146427352 
+12.964374569383485536 
+13.022066002437963306 
+13.079569797699981848 
+13.135740565955561721 
+13.192870079656405125 
+13.249809191997135471 
+13.305423923190598856 
+13.360854084167142375 
+13.417224353186869124 
+13.472279086588446972 
+13.527146776281309570 
+13.582940578464647530 
+13.637427940576309027 
+13.690619659022715382 
+13.745833636117184895 
+13.800848797759407205 
+13.855664352388467719 
+13.910279519696493011 
+13.963607226631751246 
+14.017823368866563882 
+14.070758585669207008 
+14.123498488333302348 
+14.176042394420033332 
+14.227323290981809478 
+14.279477231091842526 
+14.330374858806818494 
+14.381081911244123717 
+14.432648171281485361 
+14.482968298467561397 
+14.534138362795776089 
+14.585107384638316574 
+14.634840721771627869 
+14.685410023814482017 
+14.735776547343263587 
+14.784918027249531747 
+14.875516445542595889 
+14.925108197839039192 
+14.974494561325334629 
+15.022673398791202004 
+15.071651664067712062 
+15.120423031922005208 
+15.167997989742323384 
+15.216358358001933482 
+15.264510405983946484 
+15.312453675240785600 
+15.359215647072792521 
+15.406744304930445111 
+15.454062874544893802 
+15.501170935275915497 
+15.548068075911180230 
+15.595704463326676148 
+15.642174242977395338 
+15.688431917449936037 
+15.735414596043765911 
+15.782175647807074270 
+15.827786092854083222 
+15.874107221041647620 
+15.920205628544698229 
+15.965165649583273222 
+16.009911118539527308 
+16.054441726913985633 
+16.098757175282862875 
+16.142857173268780002 
+16.185848000472116581 
+16.229520673511260043 
+16.309172203235178245 
+16.388092602890662164 
+16.431620809684943652 
+16.474058855022935433 
+16.516279306566207907 
+16.558281959945684747 
+16.600917096534203665 
+16.641633098387085710 
+16.682981218273422286 
+16.723273615624087540 
+16.763356161484601614 
+16.804057156496881476 
+16.843715197665591887 
+16.884802070663091911 
+16.924845727030653819 
+16.964670021874923123 
+17.004274844975618919 
+17.044461588191488488 
+17.082825677121387997 
+17.120978891950148437 
+17.159709380789195166 
+17.197436241753898400 
+17.234952033803239146 
+17.273806486959614404 
+17.311661554599965029 
+17.349296535070376279 
+17.386711400677008044 
+17.424662915793110329 
+17.460880717128940631 
+17.497635153104809547 
+17.534169444419756445 
+17.569744698712355557 
+17.605108733582078173 
+17.640991681020118165 
+17.675928965533604043 
+17.712097476172338872 
+17.747320419911066125 
+17.782323471522381908 
+17.817106698596788306 
+17.850966995444615293 
+17.885315289401475525 
+17.919444006218522958 
+17.953353244270275013 
+17.987728374469384107 
+18.021194507299398424 
+18.054441504903497417 
+18.088141257508350890 
+18.120945913972093422 
+18.152869014123705682 
+18.185240836201344905 
+18.216740233428005524 
+18.248030195926020269 
+18.279756177175503495 
+18.310623412195848658 
+18.341918220777806425 
+18.372363450701442389 
+18.403227852418737598 
+18.433875141170773304 
+18.464305534006026477 
+18.495133607280568100 
+18.525126473507061320 
+18.555508580715454059 
+18.585064894703847926 
+18.613808882027569780 
+18.643530704364895456 
+18.672440727248499570 
+18.701719238016135449 
+18.730774295459937662 
+18.759606205812733748 
+18.788215282794446637 
+18.816036294790265515 
+18.844205116379605158 
+18.872152083564586178 
+18.899877539543638250 
+18.927381834841913388 
+18.954665327278572562 
+18.981728381935131011 
+19.008571371122940263 
+19.034664358719691535 
+19.060546723766012889 
+19.107020053744200538 
+19.132311249000810705 
+19.156883480846161660 
+19.181760980806533468 
+19.206430095839763794 
+19.231388278230120648 
+19.255637622219346383 
+19.279679833090163754 
+19.323300807790285916 
+19.346757782695000571 
+19.389307093122383208 
+19.411717611828184005 
+19.434853568400747292 
+19.457777430817355224 
+19.479585268786095753 
+19.501646769067381371 
+19.541200701370630810 
+19.562257230097483074 
+19.583986162307770229 
+19.605506494230624526 
+19.626818773704535204 
+19.647923554934436652 
+19.668821398459272132 
+19.706326286561267835 
+19.726643639341478575 
+19.746356003761210474 
+19.766268546876265333 
+19.785585338105740050 
+19.804707194354492117 
+19.824018944161466038 
+19.842748705915990826 
+19.861285279975088969 
+19.880001621601518735 
+19.898149682479292721 
+19.916835222073274281 
+19.935314112720053714 
+19.968128177694978831 
+19.986031340315165039 
+20.003730511843720308 
+20.020544113170323897 
+20.037170706142084953 
+20.053610934347254613 
+20.069535573917413274 
+20.085608794335154670 
+20.101497598340337447 
+20.116883971141032106 
+20.132409669419299547 
+20.160451510431254718 
+20.175765941724279173 
+20.190591769243710019 
+20.205237821261533782 
+20.219704796081131803 
+20.233993396892326899 
+20.248390465079133094 
+20.262320843012950888 
+20.287448692377960668 
+20.300881064685434296 
+20.314408045810253611 
+20.327489305036447576 
+20.340397897185649612 
+20.353392714745702108 
+20.365954727760794185 
+20.378597459851398810 
+20.390815973840240360 
+20.403109782532450112 
+20.414987914925681878 
+20.426936000127831505 
+20.438476905194569611 
+20.449852077930700034 
+20.461289372520155894 
+20.472332101048767328 
+20.483211484465588370 
+20.493928321768784429 
+20.504697147828700565 
+20.515298419880423353 
+20.525733000424871477 
+20.536001756470916746 
+20.554268204314602997 
+20.564074043768719946 
+20.573526130754981267 
+20.582634829501834872 
+20.591780494851050776 
+20.600590641421455018 
+20.609612068226532244 
+20.618299675751181610 
+20.627008954158426945 
+20.635392406437155444 
+20.643626619031643088 
+20.651875937362817126 
+20.659811274441921114 
+20.667600002200405385 
+20.675397467273711527 
+20.682892668152767612 
+20.690243923778691482 
+20.703517396213506174 
+20.710462292157743036 
+20.717266692663439898 
+20.723931500680592421 
+20.730589371115438979 
+20.736974914573593765 
+20.743223613739814937 
+20.749459726881973154 
+20.755434745272268060 
+20.761393512063005318 
+20.767098619169289009 
+20.772671536719492735 
+20.778113197998585804 
+20.783317441231027090 
+20.788502033596550689 
+20.793558169365709887 
+20.798586057540759953 
+20.803385547768826314 
+20.808059447646073181 
+20.812608712255936894 
+20.817034299679541220 
+20.821423713660188071 
+20.825518290105591745 
+20.832804312038177841 
+20.836647742856655441 
+20.840298272205558305 
+20.846770349710929793 
+20.850102629343986393 
+20.853391163983268086 
+20.861509288251134819 
+20.866661643387164560 
+20.869344565750047593 
+20.871868086257521213 
+20.876276293191189382 
+20.878554887891283443 
+20.880729386331466912 
+20.882842010025413515 
+20.884809287686238122 
+20.886675538717003775 
+20.888441784083724428 
+20.891397410244859856 
+20.892887513194096982 
+20.894308983461620244 
+20.895606011527021906 
+20.896809037471872017 
+20.897919097229319618 
+20.898937228806850896 
+20.900571244998275233 
+20.901891909815663695 
+20.902484539715793233 
+20.903004357078046382 
+20.903431150081413392 
+20.903777373469800693 
+20.904048734645982677 
+20.904235168021202185 
+20.904345481912848470 
+20.904376187408566068 
+20.904331338146988628 
+20.904208660367984862 
+20.904004495445718703 
+20.903728094705037677 
+20.903377221131570707 
+20.902952944415748249 
+20.902445455288670928 
+20.901876144380558742 
+20.901236670433025466 
+20.900543253049686854 
+20.899768058685872063 
+20.898943759376248153 
+20.898037070838324070 
+20.897086034764882356 
+20.896052088738876762 
+20.894932446965221118 
+20.893772998579951405 
+20.892553072574443718 
+20.891273756301764308 
+20.889908240527702787 
+20.888512254140209734 
+20.887060168644474345 
+20.885553075870049611 
+20.883992068687231125 
+20.882344763408873689 
+20.880678165816057401 
+20.878960960749154196 
+20.877194244967220982 
+20.875341576286835732 
+20.873478178740619171 
+20.871568588449946446 
+20.869573552305361375 
+20.867573991515406817 
+20.863833262118539835 
+20.861759407699995705 
+20.859602977980479466 
+20.857453046647499662 
+20.855221119407218566 
+20.852952700880390324 
+20.850648897082663780 
+20.848262749422005413 
+20.845890829742412365 
+20.843437482163242436 
+20.840951948979384412 
+20.836400640692218644 
+20.833934569258204306 
+20.831390744129635095 
+20.828821371942783713 
+20.826280734418254781 
+20.823664062975929312 
+20.821025152149054804 
+20.818310613698248090 
+20.815630158774055758 
+20.812875541630063481 
+20.810102441267197548 
+20.807312038011655630 
+20.802249476563009267 
+20.799530461514969204 
+20.796742578471437923 
+20.794000680935333492 
+20.791191615036364482 
+20.788431098644302608 
+20.785547455357665569 
+20.782714582106414980 
+20.779818011123253996 
+20.776974733873856849 
+20.771685986063396001 
+20.761740219229462667 
+20.758951763712918392 
+20.753791264845780518 
+20.751015245995382941 
+20.748130338516862281 
+20.745368409939828780 
+20.742557695738227608 
+20.739756922430608199 
+20.736910382414144749 
+20.734133058334997202 
+20.731369004286847257 
+20.728619321002575759 
+20.725885108429530135 
+20.723222754921629019 
+20.720577334258852176 
+20.715720594917215180 
+20.713129174681565559 
+20.710505335891888024 
+20.707957220198217385 
+20.705379730480260037 
+20.702827281346550592 
+20.700300963575973157 
+20.697751155944473567 
+20.695280957886868833 
+20.692840179002303103 
+20.690429905477927264 
+20.688003014261219903 
+20.685610167358341016 
+20.683252514816206968 
+20.680931205267995665 
+20.678692687472477019 
+20.676446720062205742 
+20.674327980605077926 
+20.672203944022633948 
+20.670120217936155171 
+20.668119134692993555 
+20.666118368794279547 
+20.664200607114299402 
+20.662286992866530255 
+20.660418993264862308 
+20.658634369329206493 
+20.656859806922593492 
+20.655134027039917299 
+20.653458089508212936 
+20.651833052414222180 
+20.650228416784244700 
+20.648709440552387662 
+20.647244549754805831 
+20.645806606144347484 
+20.644427186614322522 
+20.643107403519223908 
+20.641848367105307460 
+20.640651185477175034 
+20.639561110704718772 
+20.638509190772111879 
+20.636759192323605561 
+20.635221650126048587 
+20.634482773704430514 
+20.633795100929066990 
+20.633175729344600313 
+20.632625681396994821 
+20.632145977248271151 
+20.631737634746883714 
+20.631401669398581333 
+20.630976518441787704 
+20.630849609781591880 
+20.630802282294730787 
+20.630833652972572878 
+20.630943485259557235 
+20.631137305494831935 
+20.631408373885491869 
+20.631768792376018240 
+20.632195417230860812 
+20.632713371024980376 
+20.633302455229205918 
+20.633988181085307190 
+20.634743497051587724 
+20.635600835320012436 
+20.636546317519844251 
+20.637580915287511374 
+20.638705597397027702 
+20.639921329731084398 
+20.641229075251988689 
+20.642659354852384013 
+20.644155930693443679 
+20.645747410232171859 
+20.647434744395297912 
+20.649218881042990859 
+20.651140195118212972 
+20.653122791744621622 
+20.655205034864660973 
+20.657387859715719003 
+20.659672198321892722 
+20.664135474540834991 
+20.666659178153565790 
+20.669339433887024882 
+20.672125646382987441 
+20.675018728402783097 
+20.678019589295487890 
+20.681129134971005357 
+20.684415111826730538 
+20.687746995044044240 
+20.691190278076376785 
+20.694819590907272300 
+20.698490664350835289 
+20.702275820189001365 
+20.706175939284687360 
+20.710358288761565149 
+20.714581404181537039 
+20.718927006898354648 
+20.723486661970547118 
+20.728082490377389036 
+20.732803571341271720 
+20.737650812157895075 
+20.742524378801395102 
+20.747520822730692203 
+20.757128803360551217 
+20.762480951738119472 
+20.768072323348995667 
+20.773680104009699221 
+20.779415653891582849 
+20.785400812209349652 
+20.791397000677228846 
+20.797523417384077504 
+20.803780868059977394 
+20.810170154204911341 
+20.816826560027909210 
+20.823621909818257336 
+20.830557041346857261 
+20.837489889354692707 
+20.844704241839259851 
+20.851912313133102117 
+20.859409115504128351 
+20.873266448029532683 
+20.881008650684080408 
+20.888728896520678546 
+20.896749598567701867 
+20.905080160106084719 
+20.913559150326534564 
+20.922361441204639476 
+20.931142633412370913 
+20.940074596495364290 
+20.948974935735062530 
+20.958207677775725131 
+20.967404235615862973 
+20.976748474872614736 
+20.986436373190088034 
+20.996081122349210091 
+21.005875654591154245 
+21.015820655807054607 
+21.025709247663677104 
+21.035954119308758692 
+21.054952618331206793 
+21.065409212894927293 
+21.076236414603691571 
+21.087444344162086907 
+21.098585341704431784 
+21.109882623073630725 
+21.121336824035964241 
+21.132948575083922549 
+21.144718501407268718 
+21.156402188215594151 
+21.168487059934552263 
+21.180480439150699112 
+21.192882643622841243 
+21.205704122972662162 
+21.218432621079102773 
+21.231323507924781069 
+21.244377365339882857 
+21.257594769589729822 
+21.271251096444245832 
+21.284800667469074398 
+21.298515491804430155 
+21.312111183859876462 
+21.326154769471472150 
+21.340365241026802323 
+21.354448031579472911 
+21.368990445840502446 
+21.383399417987945412 
+21.398275832267174223 
+21.425730111810754153 
+21.453746566329336076 
+21.469412391990914557 
+21.485250007689696616 
+21.500931435649043522 
+21.517110534355857965 
+21.533127379683168812 
+21.549649793932541542 
+21.580450994592727199 
+21.597817595789049250 
+21.615014027610428116 
+21.647417008658102588 
+21.665116870730805942 
+21.683360418046738971 
+21.701418322541066175 
+21.720028059893735417 
+21.738445641222501337 
+21.757041832714406837 
+21.775432056574437922 
+21.794382940161774798 
+21.813121329863264464 
+21.832032523990562822 
+21.851516289828239792 
+21.870777704731708013 
+21.890212913041342091 
+21.909822229764614576 
+21.946642916064067919 
+21.967171622409296106 
+21.987458469519943094 
+22.008349040248639028 
+22.029422852593448567 
+22.051115931825719940 
+22.072121351103213271 
+22.093303421009927945 
+22.115109255119513421 
+22.136649069216176144 
+22.158820605489786715 
+22.199564970023832444 
+22.222258439865427704 
+22.245606534641975571 
+22.268675554208741119 
+22.292407313336333630 
+22.315852750445564823 
+22.339969028960425135 
+22.364279814702502591 
+22.388785302177023340 
+22.412989759317945015 
+22.436881889812095636 
+22.460953941756081065 
+22.486220474011823001 
+22.511171386394725147 
+22.536310232628771644 
+22.562155978345806773 
+22.587674919005447549 
+22.613382165555265146 
+22.639277825878174610 
+22.665896293820662066 
+22.692172924707172399 
+22.718638248613608255 
+22.745292342465372570 
+22.772685057072138193 
+22.800274462216876259 
+22.827502963015106729 
+22.855481974217035201 
+22.883657819472979611 
+22.911461146250623244 
+22.939453563616716281 
+22.968212186993923751 
+22.996586676719658726 
+23.025150272662671114 
+23.053902963819201233 
+23.083437347948738250 
+23.112572021911923059 
+23.141895708580864977 
+23.171408364225840160 
+23.201109936904444453 
+23.231000366431906912 
+23.261695411144973633 
+23.291967191100908963 
+23.323051200075500589 
+23.353703982408053008 
+23.385176565313315677 
+23.416209932905005076 
+23.447431495280945057 
+23.479484094871740041 
+23.511085489083114908 
+23.542874666415976037 
+23.574851473398773294 
+23.607674112525110388 
+23.640029504536826721 
+23.672572010354002714 
+23.732830788953584999 
+23.765903033791147436 
+23.827133269787974967 
+23.861421193700941501 
+23.894519501505989467 
+23.957058279614287244 
+23.992071783192784551 
+24.026571593854011866 
+24.061255813792570279 
+24.096837666372451281 
+24.131893572826342620 
+24.166411979918272834 
+24.201830842263042598 
+24.236704179484778621 
+24.271752679741087633 
+24.337200822721932525 
+24.374232340954424814 
+24.410706251523833998 
+24.447360953259419603 
+24.484196056546153386 
+24.521211162408896200 
+24.558405862482707960 
+24.596544333820475003 
+24.634868915470569561 
+24.673379143127935009 
+24.712074542179276904 
+24.750175219221489442 
+24.788452803056550522 
+24.826906817990149534 
+24.866326973799324662 
+24.905135960725406363 
+24.944119883400070137 
+24.984079189600848281 
+25.023414973715176757 
+25.127799952489183966 
+25.167762836243916524 
+25.207076273932731425 
+25.247377755451239523 
+25.287849407555356152 
+25.329321804703983645 
+25.370135430876651128 
+25.411955500719749068 
+25.453108570677684952 
+25.495273688994430472 
+25.535915197977402613 
+25.577567444580047606 
+25.620239884192621105 
+25.663083470935909247 
+25.706097470264396065 
+25.749281136511417145 
+25.792633712857504946 
+25.907012826429259178 
+25.950089580228492991 
+25.993325072970197454 
+26.035831378409088899 
+26.079378823922009900 
+26.123082678525214817 
+26.166942139347177942 
+26.210056601006385790 
+26.254221689428760556 
+26.297633949871233483 
+26.342101395832472122 
+26.385808211243009680 
+26.467229756214415204 
+26.513188214362777728 
+26.558377124804671610 
+26.604639984725196200 
+26.650125345635807150 
+26.696688781795160139 
+26.742466799269745792 
+26.789326894416554126 
+26.836335299286353973 
+26.882546429096414897 
+26.929845423303568452 
+26.976339309020076485 
+27.023924743381691371 
+27.071653237897848499 
+27.118564904956578232 
+27.166573418571591247 
+27.213757367688572231 
+27.261074481757418653 
+27.307554021322886229 
+27.355131565932460092 
+27.402839038631569224 
+27.450675330523569784 
+27.498639321330848873 
+27.545747181778452273 
+27.593960615731663921 
+27.641310623886582221 
+27.689768977248498061 
+27.738349304672745177 
+27.788045566968044398 
+27.836868692730305952 
+27.885810166783819852 
+27.934868765337977692 
+27.985048011850274463 
+28.034339467876399965 
+28.083744281063836468 
+28.132249519593433007 
+28.181874974227476116 
+28.231609964472404783 
+28.280434902480386938 
+28.330382865123052483 
+28.379413888365686347 
+28.428544992948509673 
+28.478801571602705422 
+28.528131029864088219 
+28.577556693200669713 
+28.628109934282164772 
+28.677726015872796239 
+28.728470885948087954 
+28.779310441692889100 
+28.829202878693202194 
+28.880225624100983595 
+28.930294719548111715 
+28.981494929142243677 
+29.074713830285347171 
+29.126156460534428305 
+29.178734684311447012 
+29.230343813932950781 
+29.282033025284967209 
+29.333800760809108255 
+29.386704295556739908 
+29.438625878440337402 
+29.491683090861673833 
+29.544815379229486751 
+29.596956200877826859 
+29.650232045710833262 
+29.703577794038647397 
+29.755922748732746896 
+29.808331473349490182 
+29.861873750352341261 
+29.914406161813893448 
+29.966997214955153339 
+30.020720215045940904 
+30.073424475819351187 
+30.126182132973898575 
+30.178991423961218032 
+30.232929838055827787 
+30.285838019543572130 
+30.338792432510768293 
+30.391791262174841393 
+30.445915589178667915 
+30.498998567928403247 
+30.595512672305446245 
+30.647614492597149649 
+30.700835013263443329 
+30.753000146763380229 
+30.805193894227308249 
+30.858502640859146737 
+30.911837371164185839 
+30.965196128044603086 
+31.018576941022196536 
+31.115583876599668400 
+31.212645021564974002 
+31.266101916330210742 
+31.320660789454944251 
+31.374137190747575232 
+31.428711663632711293 
+31.482199105949177920 
+31.536780482969721362 
+31.589178770168324206 
+31.642666748176715430 
+31.695059185072228303 
+31.748536979387072421 
+31.800915288749568077 
+31.854374396152170590 
+31.907820797034847971 
+31.961252280236855938 
+32.015756515082671285 
+32.069151054767345954 
+32.122523913518456595 
+32.220491648563239551 
+32.273790619014619097 
+32.371605656778456250 
+32.425897641765622836 
+32.479066297972593702 
+32.532195465952455038 
+32.585282769642660128 
+32.638325818717056848 
+32.692403264767001758 
+32.745349549558440572 
+32.798244273087192369 
+32.850007161555993207 
+32.902792581466584920 
+32.954443657341457197 
+33.007110068705308947 
+33.059712637202096630 
+33.112248843136740106 
+33.209631363607591936 
+33.261963948231382915 
+33.314220314884622098 
+33.367461882212126056 
+33.419556337532441148 
+33.472627247262153105 
+33.524549094737764676 
+33.576381515288176161 
+33.628121843894405174 
+33.680820385987189525 
+33.732366458983563007 
+33.783812300366278691 
+33.835155185276263978 
+33.885347791651803107 
+33.936478770098183588 
+33.988538628023235333 
+34.039442138846510488 
+34.090228843948196413 
+34.140895928285679872 
+34.192470789888744775 
+34.242887540211498276 
+34.292151079127073388 
+34.342311226897663801 
+34.391317865594601244 
+34.441210081602143589 
+34.530459760564781391 
+34.580962584053281716 
+34.630305859883790731 
+34.680500485729893967 
+34.729535629851937983 
+34.779409580479772046 
+34.828124301050820577 
+34.876675841265104339 
+34.926046845695935872 
+34.974259347816300192 
+35.022299385236578928 
+35.069188802324987364 
+35.116878256837182448 
+35.163418240792474023 
+35.209780841650548666 
+35.256923272720761986 
+35.302918308886141574 
+35.348726923309833126 
+35.396242737411128587 
+35.442605494426537405 
+35.488764290350545139 
+35.534715863071461683 
+35.581388210878415634 
+35.626911089360667972 
+35.672216794644988624 
+35.718219787144832367 
+35.763076547332630639 
+35.807706037834364565 
+35.852104883478432384 
+35.896269692916334293 
+35.940197058596510260 
+35.984772585835528957 
+36.028209754584921143 
+36.070520173914331963 
+36.113463363958445029 
+36.156151828412916416 
+36.198582061892011552 
+36.239892601110639703 
+36.282653732314201989 
+36.324288076332038600 
+36.365650003465574969 
+36.406735925998731318 
+36.447542239664272756 
+36.488889350766797293 
+36.529119675112312393 
+36.569059403431396049 
+36.608704864609535434 
+36.647252363220751192 
+36.685510462097752793 
+36.724263465628652625 
+36.761926044103148570 
+36.800063781167182242 
+36.837116428168428683 
+36.874624122134505910 
+36.912563340480474494 
+36.949412627976343515 
+36.986672026666475688 
+37.023581987363456847 
+37.059410758542910003 
+37.095616674449729544 
+37.130747524348130639 
+37.165527020215833431 
+37.199951220258697049 
+37.234707599952272972 
+37.268401859880384563 
+37.301728813820503206 
+37.335353120322004372 
+37.367925709894450392 
+37.400118825921779830 
+37.432573558126520652 
+37.463987566719822553 
+37.495009776012231839 
+37.525636070182571302 
+37.556474983598704398 
+37.586288737898556178 
+37.615694039501626378 
+37.645274063237998519 
+37.673841332431742046 
+37.702557447022591930 
+37.730269450494169803 
+37.780591249679616794 
+37.807064086897923971 
+37.833621537975247406 
+37.859196905032476366 
+37.904994613173961682 
+37.948761512173390997 
+37.990988492693375633 
+38.013570121187974848 
+38.035672461282928225 
+38.056854704998585248 
+38.111858733946569089 
+38.131681988655600435 
+38.150611316986825727 
+38.169430938780635643 
+38.187368308882085444 
+38.205166280064659645 
+38.222788337619711285 
+38.239860901570246199 
+38.256379008943653730 
+38.272337676862647982 
+38.287429581983673188 
+38.301974669589533562 
+38.316247999707407246 
+38.329673793438225005 
+38.342538379379014657 
+38.354836955957480882 
+38.366798067247437132 
+38.377938347241013162 
+38.388707425656292571 
+38.398866756991623106 
+38.408226312285961512 
+38.417162979253163257 
+38.425474338648740513 
+38.432860069916401358 
+38.439795397315641878 
+38.446115265584325016 
+38.451924484319775388 
+38.456985570881002445 
+38.461416011572495677 
+38.465281528878534800 
+38.468422330006042387 
+38.470961277544205359 
+38.472760792350086945 
+38.473930548942895769 
+38.474470061255800601 
+38.474352353829516460 
+38.473567410902397512 
+38.472142280124614899 
+38.470012432405489733 
+38.467259773074474083 
+38.463842711330762825 
+38.459663982490738476 
+38.454889065074851828 
+38.449313761864118533 
+38.443025008928579211 
+38.435866900946486169 
+38.428120279302561357 
+38.419824242135689474 
+38.402155933410682564 
+38.391579907274788752 
+38.380253208721796909 
+38.368170332623236618 
+38.355325754210909395 
+38.341428108891491888 
+38.327027643124360168 
+38.311848668452718414 
+38.295885580856804609 
+38.278782599616931748 
+38.261218103785083144 
+38.243235303359654154 
+38.224079327712253473 
+38.204110921670491052 
+38.183324362064652746 
+38.161713905761359911 
+38.139273789640498080 
+38.115514479586224184 
+38.091380445507212471 
+38.066917550702029871 
+38.041100763288618225 
+38.014978221808448211 
+37.987455703219509928 
+37.959062741502279437 
+37.929793412984572853 
+37.899641773742317241 
+37.868601859574155810 
+37.836006614740853138 
+37.803153741434535107 
+37.769394455445500114 
+37.734005580791830425 
+37.698396502197830671 
+37.661862687086461676 
+37.624398027642001807 
+37.585996395535730130 
+37.545838824422943958 
+37.505525342138540168 
+37.463404032347483508 
+37.421153430067448653 
+37.377042509256881431 
+37.332829346889262467 
+37.286702768721852408 
+37.240501435413904119 
+37.192332979056928366 
+37.144117692711169809 
+37.094896010104037032 
+37.044661552338752131 
+36.993407919621915880 
+36.940051044233470634 
+36.886718649299467643 
+36.832347622262801679 
+36.778072910405583684 
+36.721626672655958146 
+36.665306595805873258 
+36.606759574210030905 
+36.548369000962253494 
+36.487695458592753539 
+36.424666164685689296 
+36.360501068385232770 
+36.296510506728196788 
+36.230075646674492873 
+36.162483852730879619 
+36.093727987809714364 
+36.023800891662908441 
+35.954129086104330781 
+35.881861737159425729 
+35.809882618289975653 
+35.736751198233868365 
+35.662460629475354779 
+35.585451923379928019 
+35.508798419678086589 
+35.430964954087087904 
+35.350319524781326663 
+35.270080873985023118 
+35.119569944190025979 
+35.035906202000845155 
+34.880817973636567331 
+34.795488085468008421 
+34.707152419602046223 
+34.619409701297733761 
+34.526730523747694690 
+34.434629982728054642 
+34.339341361667301555 
+34.242723436248319047 
+34.144768521383269899 
+34.049466807739932506 
+33.950894265965601448 
+33.851015847057453811 
+33.747745369280920613 
+33.645206182180146470 
+33.541338935564994017 
+33.433975289790595298 
+33.327402252832030172 
+33.219478771181400134 
+33.017708979832576688 
+32.905913994879227857 
+32.795063348734245778 
+32.682882158033024211 
+32.566984061500718894 
+32.452092338355996048 
+32.335848529012352515 
+32.215780891408947184 
+32.096782826309862457 
+31.973888535861011206 
+31.852106751595712808 
+31.728936506604963341 
+31.601760504368780147 
+31.475762175954873356 
+31.348353337967154175 
+31.214127992676861112 
+31.081086514293168932 
+30.946551645208476344 
+30.692712227118263968 
+30.553867038740587958 
+30.410617347422846279 
+30.265772452087254862 
+30.119323863095562643 
+29.971263065837156603 
+29.821581520697222345 
+29.673312902960507387 
+29.520396985429549375 
+29.365834723376149640 
+29.212758097116847011 
+29.061256509660978509 
+28.905009355548138217 
+28.750386226304996740 
+28.587665383749364167 
+28.426552094428991779 
+28.263800249498761019 
+27.960571931698414261 
+27.789692110374872414 
+27.617072725541461864 
+27.446209418276190206 
+27.270119390251409186 
+27.092263175092831773 
+26.916241870524167723 
+26.734862072782416220 
+26.555370324257623338 
+26.370431520468574860 
+26.183681712472022696 
+25.998901082713842925 
+25.808538578607048919 
+25.620199928628679231 
+25.430087189610521392 
+25.242125801433903831 
+25.052445500880025975 
+24.857032012874082483 
+24.663853036236719873 
+24.464850828634389757 
+24.268139521839739103 
+24.069667754501320900 
+23.865236672895854042 
+23.663181927417312522 
+23.450809334450831045 
+23.236489748210164663 
+23.020213676074327225 
+22.806355769269835321 
+22.586177747230298252 
+22.364014795592652263 
+22.144360075270991928 
+21.918238623908358420 
+21.694686062488088396 
+21.469190526273663977 
+21.237080705517538348 
+21.007631681016675884 
+20.780954636591189910 
+20.547595646651767964 
+20.317070741359259500 
+20.084628613727602442 
+19.845357332359895963 
+19.405598934491266050 
+19.165644994404672730 
+18.913608694390077858 
+18.243115452027254264 
+17.993731285969037259 
+17.742344830613259177 
+17.483646576135349449 
+17.228186515100091469 
+16.743722040521507921 
+16.476937281847156669 
+16.202499789649859707 
+15.931377242659301885 
+15.652493298925984178 
+15.376993443733301348 
+15.099312357531534445 
+14.813705726275806285 
+14.531587865524283387 
+14.247259226168788260 
+13.960709974888011686 
+13.671930253106316044 
+13.374947594987089516 
+13.075621677690016043 
+12.773941945139036136 
+12.469897813751289917 
+12.175781171607923170 
+11.879466308500186145 
+11.574701026650956237 
+11.273915101302264929 
+10.970902380561383893 
+10.659270155073471642 
+10.087250712835070132 
+9.762481072581321584 
+9.441813227741329584 
+9.118765657051447704 
+8.512471585512313865 
+8.182568162239721943 
+7.850245287534394656 
+7.508635539188962760 
+7.171392741740744370 
+6.831699116810464822 
+6.482535770542741993 
+6.137858591776728545 
+5.783588161172617426 
+5.426721756473083857 
+5.074463268030901197 
+4.712423752579067759 
+4.355074011710451387 
+3.995188326369905063 
+3.625332878008064696 
+3.252814487028039991 
+2.877621780846009614 
+2.507327320775273094 
+2.126805807718181285 
+1.751267134385573243 
+1.365371896609545388 
+0.663870229190147043 
+0.270298680616333442 
-0.445102026809347961 
