61
111
160
209
258
308
357
405
454
502
551
599
648
696
745
794
843
893
943
993
1043
1092
1141
1190
1280
1329
1379
1427
1476
1525
1574
1622
1671
1720
1809
1857
1906
1954
2003
2051
2099
2148
2196
2244
2294
2344
2394
2443
2493
2543
2593
2643
2693
2744
2793
2842
2892
2941
2991
3040
3090
3139
3188
3238
3287
3335
3383
3432
3480
3530
3579
3629
3678
3727
3777
3866
3914
3963
4011
4060
4110
4160
4210
4302
4352
4400
4449
4498
4546
4595
4643
4692
4740
4790
4839
4889
4938
4988
5037
5087
5136
5184
5233
5281
5330
5378
5426
5476
5525
5575
5625
5675
5725
5775
5825
5874
5922
5971
6020
6068
6117
6167
6216
6306
6355
6404
6452
6500
6549
6597
6645
6695
6744
6794
6843
6892
6942
6990
7079
7128
7176
7225
7273
7322
7370
7420
7469
7519
7568
7617
7666
7715
7806
7855
7904
7953
8002
8052
8101
8150
8199
8248
8298
8347
8437
8485
8534
8582
8630
8679
8727
8777
8827
8877
8927
8978
9028
9077
9126
9175
9225
9315
9364
9413
9461
9509
9558
9606
9654
9704
9753
9803
9852
9902
9951
10000
10049
10097
10146
10194
10243
10291
10339
10389
10439
10488
10538
10587
10637
10686
10735
10784
10875
10924
10974
11023
11072
11121
11171
11220
11269
11317
11366
11455
11503
11552
11600
11689
11737
11786
11834
11883
11932
11982
12031
12079
12128
12177
12226
12275
12323
12373
12422
12513
12562
12611
12660
12709
12759
12809
12900
12950
12998
13046
13095
13143
13192
13240
13290
13339
13388
13437
13487
13536
13585
13633
13681
13730
13778
13828
13878
13928
13978
14028
14077
14126
14176
14225
14274
14323
14414
14463
14513
14562
14611
14660
14710
14758
14807
14855
14903
14952
15001
15049
15098
15148
15197
15246
15295
15344
15394
15444
15493
15543
15592
15641
15690
15740
15789
15838
15887
15936
15984
16033
16082
16131
16180
16228
16277
16326
16375
16424
16473
16521
16570
16618
16667
16715
16804
16852
16901
16951
17000
17049
17099
17148
17198
17247
17297
17346
17396
17444
17494
17543
17593
17642
17692
17741
17790
17840
17889
17938
17987
18037
18086
18135
18184
18234
18283
18332
18381
18431
18480
18529
18578
18627
18677
18726
18775
18825
18875
18966
19016
19066
19115
19164
19214
19263
19312
19361
19410
19459
19507
19556
19604
19653
19702
19751
19800
19850
19899
19949
19998
20048
20096
20145
20235
20285
20334
20383
20432
20482
20531
20580
20630
20679
20728
20777
20825
20874
20923
20972
21022
21071
21121
21171
21221
21271
21319
21368
21416
21465
21513
21561
21610
21658
21706
21755
21803
21851
21901
21951
22000
22050
22099
22149
22198
22248
22298
22347
22397
22446
22496
22546
22595
22645
22695
22744
22794
22843
22932
22981
23031
23080
23129
23178
23228
23277
23326
23376
23425
23475
23525
23575
23625
23674
23724
23774
23823
23872
23922
23971
24020
24070
24119
24167
24217
24267
24317
24367
24416
24466
24515
24564
24613
24661
24710
24758
24806
24855
24903
24952
25001
25049
25098
25147
25195
25284
25333
25382
25430
25479
25528
25576
25625
25674
25723
25771
25820
25869
25918
25967
26017
26066
26115
26165
26215
26264
26314
26364
26413
26462
26511
26560
26609
26657
26706
26796
26886
26936
26985
27034
27083
27133
27181
27230
27278
27326
27375
27423
27473
27522
27571
27620
27670
27718
27766
27815
27863
27911
27961
28010
28059
28108
28158
28206
28255
28304
28352
28400
28449
28497
28547
28596
28645
28694
28742
28791
28840
28889
28939
28988
29037
29087
29136
29184
29233
29281
29329
29378
29426
29475
29523
29572
29621
29670
29720
29769
29819
29868
29916
29966
30015
30065
30115
30165
30215
30264
30314
30364
30414
30464
30514
30564
30614
30663
30712
30801
30850
30898
30947
30996
31046
31095
31144
31234
31283
31373
31421
31471
31521
31569
31618
31707
31755
31805
31855
31905
31955
32005
32096
32146
32195
32245
32294
32343
32393
32442
32491
32541
32590
32641
32692
32784
32835
32886
32935
32984
33033
33081
33130
33179
33227
33276
33366
33416
33465
33514
33563
33612
33662
33711
33801
33850
33900
33949
33998
34048
34097
34147
34196
34246
34295
34345
34394
34443
34493
34542
34591
34640
34690
34740
34790
34840
34931
34981
35030
35078
35127
35175
35225
35274
35324
35373
35422
35472
35521
35570
35620
35669
35718
35809
35858
35907
35956
36006
36055
36104
36154
36203
36253
36302
36351
36400
36448
36497
36546
36596
36645
36694
36743
36792
36842
36890
36979
37028
37076
37165
37213
37262
37391
37480
37529
37577
37666
37715
37764
37814
37863
37912
37961
38050
38099
38149
38198
38247
38296
38345
38435
38524
38572
38621
38669
38717
38766
38814
38863
38911
38959
39008
39058
39107
39156
39205
39255
39304
39353
39401
39450
39498
39547
39595
39644
39694
39743
39792
39841
39891
39940
39989
40038
40087
40137
40186
40235
40284
40334
40383
40432
40482
40531
40620
40668
40717
40765
40814
40863
40912
40962
41011
41061
41111
41201
41249
41298
41347
41395
41444
41493
41543
41592
41642
41692
41742
41832
41880
41929
41977
42026
42074
42124
42173
42223
42272
42363
42534
42582
42671
42719
42769
42817
42866
42915
42965
43014
43063
43112
43161
43209
43257
43346
43394
43443
43491
43540
43589
43638
43688
43737
43786
43835
43885
43935
43985
44035
44084
44134
44182
44231
44280
44328
44377
44425
44474
44523
44571
44620
44669
44718
44767
44817
44866
44915
44965
45015
45065
45115
45165
45213
45262
45351
45440
45488
45537
45586
45635
45684
45733
45782
45872
45922
45971
46021
46070
46120
46169
46219
46267
46316
46364
46413
46461
46510
46559
46608
46657
46706
46755
46805
46854
46903
46952
47001
47051
47100
47149
47198
47247
47337
47385
47434
47483
47532
47581
47630
47680
47729
47778
47828
47877
47926
47975
48026
48076
48126
48177
48227
48277
48327
48376
48425
48516
48565
48615
48664
48713
48763
48812
48861
48910
48959
49009
49059
49109
49158
49208
49257
49307
49397
49446
49494
49543
49593
49643
49694
49744
49794
49843
49893
49942
49991
50041
50090
50139
50188
50236
50285
50374
50422
50471
50521
50570
50619
50668
50717
50766
50814
50863
50911
50960
51010
51059
51108
51157
51206
51256
51305
51354
51402
51451
51500
51548
51597
51645
51694
51783
51872
51921
51970
52018
52067
52115
52164
52254
52304
52353
52444
52493
52543
52592
52642
52691
52740
52788
52837
52885
52933
52982
53030
53078
53126
53215
53264
53312
53361
53410
53460
53508
53556
53605
53653
53702
53791
53840
53890
53939
53989
54038
54088
54138
54188
54237
54285
54333
54383
54432
54481
54531
54580
54629
54678
54728
54777
54826
54875
54925
54975
55024
55074
55124
55173
55222
55272
55321
55370
55419
55469
55518
55567
55616
55665
55714
55764
55813
55863
55912
55962
56011
56060
56110
56159
56208
56257
56307
56356
56405
56495
56544
56634
56684
56732
56822
56872
56921
56970
57020
57069
57117
57166
57214
57262
57351
57401
57450
57499
57548
57597
57646
57696
57746
57796
57846
57895
57944
57993
58043
58092
58141
58191
58240
58369
58418
58466
58515
58564
58614
58663
58713
58762
58812
58860
58909
58959
59009
59059
59109
59159
59290
59339
59388
59436
59485
59534
59583
59631
59680
59728
59777
59825
59914
59964
60013
60063
60112
60162
60211
60261
60311
60360
60410
60459
60509
60559
60608
60658
60707
60756
60804
60853
60902
60951
61000
61048
61097
61145
61194
61243
61293
61342
61391
61440
61490
61539
61588
61636
61685
61734
61782
61831
61879
61927
61976
62024
62072
62121
62169
62218
62267
62315
62364
62412
62461
62550
62599
62649
62698
62747
62796
62846
62895
62945
62995
63044
63094
63144
63193
63242
63292
63341
63390
63440
63489
63538
63587
63637
63686
63735
63784
63834
63883
63972
64020
64069
64117
64165
64214
64263
64312
64361
64450
64539
64588
64638
64687
64737
64786
64836
64884
64933
64981
65030
65078
65127
65176
65225
65275
65324
65373
65463
65512
65602
65652
65701
65750
65799
65848
65898
65947
65996
66044
66093
66141
66190
66239
66288
66379
66428
66477
66527
66576
66626
66675
66724
66773
66823
66872
66921
66970
67018
67067
67117
67166
67215
67264
67314
67363
67411
67460
67508
67557
67645
67695
67744
67794
67843
67893
67942
67991
68041
68090
68139
68187
68236
68284
68332
68381
68429
68477
68527
68576
68625
68674
68724
68773
68822
68872
68921
68970
69019
69068
69117
69167
69216
69264
69313
69362
69411
69459
69509
69558
69607
69656
69705
69755
69804
69853
69902
69950
69998
70047
70095
70144
70192
70241
70291
70340
70390
70440
70489
70539
70588
70637
70686
70736
70785
70834
70884
70933
70982
71032
71081
71130
71179
71229
71278
71327
71377
71426
71476
71525
71616
71665
71715
71764
71854
71943
72032
72081
72130
72178
72308
72357
72405
72454
72502
72551
72601
72651
72701
72751
72800
72849
72899
72948
72997
73046
73096
73145
73195
73245
73294
73344
73394
73442
73491
73540
73590
73639
73688
73738
73787
73837
73885
73933
73982
74030
74079
74127
74176
74224
74272
74321
74369
74418
74467
74517
74566
74614
74705
74754
74803
74852
74901
74951
75000
75049
75098
75148
75197
75245
75294
75343
75392
75441
75490
75540
75589
75637
75686
75734
75783
75832
75881
75930
75979
76029
76078
76127
76177
76226
76275
76324
76373
76423
76472
76522
76571
76621
76670
76720
76769
76819
76868
76917
76966
77015
77065
77114
77163
77211
77260
77308
77357
77405
77454
77504
77554
77603
77653
77703
77753
77803
77852
77902
77951
78000
78049
78099
78148
78197
78247
78296
78386
78435
78524
78572
78621
78669
78719
78768
78818
78868
78918
78966
79015
79064
79114
79163
79212
79262
79311
79360
79450
79499
79547
79595
79644
79692
79740
79789
79837
79886
79934
79982
80031
80079
80127
80177
80226
80275
80366
80415
80465
80515
80565
80615
80665
80714
80764
80814
80863
80911
80960
81008
81058
81107
81156
81246
81296
81346
81395
81445
81495
81544
81594
81643
81693
81743
81792
81842
81891
81940
81988
82036
82085
82133
82182
82230
82278
82327
82375
82425
82475
82525
82574
82624
82674
82723
82773
82822
82871
82921
82970
83018
83067
83115
83163
83212
83301
83349
83399
83530
83578
83626
83675
83723
83813
83862
83912
83961
84011
84060
84109
84159
84208
84257
84306
84355
84405
84455
84505
84555
84603
84651
84700
84748
84796
84845
84934
84984
85033
85082
85173
85222
85271
85321
85370
85419
85469
85518
85568
85618
85667
85717
85766
85815
85865
85915
85965
86014
86064
86113
86163
86253
86303
86393
