1.35372
1.35372
1.35372
5.81036
4.50227
4.50227
4.50227
4.50227
4.50227
4.50227
9.17185
4.50227
4.50227
4.50227
1.35372
1.35372
1.35372
1.35372
1.35372
1.35372
1.35372
1.35372
1.35372
1.35372
1.35372
0.471521
0.471521
0.471521
0.471521
0.471521
0.471521
0.471521
0.471521
0.471521
0.471521
6.66214
0.471521
0.471521
0.471521
0.471521
0.471521
0.471521
0.471521
0.471521
0.471521
0.471521
0.471521
0.471521
0.471521
0.471521
0.471521
0.471521
0.471521
0.471521
0.471521
0.471521
0.471521
0.471521
0.471521
0.471521
4.92816
4.92816
4.92816
4.92816
0.471521
0.471521
0.471521
0.471521
0.471521
0.471521
0.471521
0.471521
0.471521
0.471521
0.471521
0.471521
0.471521
0.471521
0.471521
0.471521
0.471521
0.471521
2.72266
0.471521
0.471521
0.471521
0.471521
0.471521
0.471521
0.471521
0.471521
0.471521
0.471521
0.471521
0.471521
0.471521
0.471521
0.471521
0.471521
0.471521
0.471521
0.471521
0.471521
0.471521
0.471521
0.471521
0.471521
0.471521
0.471521
0.471521
0.471521
0.471521
0.471521
0.471521
0.471521
0.471521
0.471521
0.471521
0.471521
0.471521
0.471521
0.471521
0.471521
0.471521
0.471521
0.471521
0.471521
0.471521
0.471521
0.471521
0.471521
0.471521
0.471521
0.471521
0.471521
0.471521
0.471521
0.471521
0.471521
0.471521
0.471521
0.471521
0.471521
0.471521
0.471521
0.471521
0.471521
0.471521
0.471521
0.471521
0.471521
0.471521
0.471521
0.471521
0.471521
0.471521
0.471521
0.471521
0.471521
1.35372
1.35372
1.35372
1.35372
1.35372
1.35372
1.35372
1.35372
1.35372
1.35372
1.35372
1.35372
1.35372
1.35372
1.35372
1.35372
1.35372
1.35372
1.35372
1.35372
0.471521
0.471521
0.471521
0.471521
0.471521
0.471521
0.471521
0.471521
0.471521
0.471521
0.471521
0.471521
0.471521
0.471521
0.471521
0.471521
0.471521
0.471521
0.471521
0.471521
0.471521
0.471521
0.471521
0.471521
0.471521
0.471521
0.471521
0.471521
0.471521
0.471521
0.471521
0.471521
0.471521
0.471521
0.471521
0.471521
0.471521
0.471521
0.471521
0.471521
0.471521
0.471521
0.471521
0.471521
0.471521
0.471521
0.471521
0.471521
0.471521
0.471521
0.471521
0.471521
4.92816
4.92816
0.471521
0.471521
0.471521
0.471521
0.471521
0.471521
0.471521
0.471521
0.471521
0.471521
0.471521
0.471521
0.471521
0.471521
0.471521
0.471521
0.471521
0.471521
0.471521
0.471521
0.471521
0.471521
0.471521
0.471521
0.471521
0.471521
0.471521
0.471521
0.471521
0.471521
0.471521
0.471521
0.471521
0.471521
0.471521
0.471521
0.471521
0.471521
0.471521
0.471521
0.471521
0.471521
0.471521
0.471521
0.471521
0.471521
0.471521
0.471521
0.471521
0.471521
0.471521
0.471521
0.471521
0.471521
0.866991
0.866991
0.471521
0.471521
0.471521
0.471521
0.471521
0.471521
0.471521
0.471521
0.471521
0.471521
0.471521
0.471521
0.471521
3.75696
3.75696
3.75696
3.75696
3.75696
5.91683
5.91683
5.91683
3.75696
3.75696
3.75696
3.75696
3.75696
3.75696
3.75696
3.75696
3.75696
3.75696
0.471521
0.471521
0.471521
0.471521
0.471521
0.471521
0.471521
0.471521
0.471521
0.471521
0.471521
0.471521
0.471521
0.471521
0.471521
0.471521
0.866991
2.44887
7.11845
7.11845
7.11845
7.11845
7.11845
7.11845
5.17152
0.471521
0.471521
0.471521
0.471521
0.471521
0.471521
0.471521
0.471521
0.471521
0.471521
0.471521
0.471521
0.471521
0.471521
0.471521
0.471521
0.471521
0.471521
0.471521
0.471521
0.471521
0.471521
0.471521
0.471521
0.471521
0.471521
0.471521
0.471521
0.471521
0.471521
0.471521
0.471521
0.471521
0.471521
0.471521
0.471521
0.471521
0.471521
0.471521
0.471521
0.471521
0.471521
0.471521
0.471521
0.471521
0.471521
0.471521
0.471521
0.471521
0.471521
0.471521
0.471521
0.471521
0.471521
0.471521
0.471521
0.471521
0.471521
0.471521
0.471521
0.471521
0.471521
0.471521
0.471521
0.471521
2.73787
2.72266
7.80292
5.79515
5.79515
5.81036
5.81036
4.94337
0.471521
0.471521
2.46408
5.62784
5.62784
5.62784
0.471521
0.471521
0.471521
0.471521
0.471521
4.94337
0.471521
0.471521
0.471521
0.471521
4.92816
4.92816
4.92816
4.92816
0.471521
0.471521
0.471521
4.74563
4.74563
4.66958
4.66958
0.471521
0.471521
0.471521
0.471521
0.471521
0.471521
4.92816
4.92816
4.92816
0.471521
0.471521
4.92816
5.81036
3.62007
3.62007
3.62007
0.471521
0.471521
12.8223
12.8223
12.8223
23.3023
27.3939
28.0023
16.0317
11.423
0.471521
2.72266
0.471521
0.471521
0.471521
0.471521
0.471521
0.471521
0.471521
4.27411
4.27411
9.61295
9.61295
4.94337
4.94337
0.471521
4.94337
4.94337
8.82201
0.471521
0.471521
0.471521
0.471521
0.471521
0.471521
6.92072
2.73787
2.73787
6.93593
4.65437
4.65437
4.27411
4.27411
4.27411
4.27411
4.27411
4.27411
4.31974
4.31974
4.31974
0.471521
0.471521
0.471521
0.471521
0.471521
0.471521
0.471521
3.45275
3.45275
3.45275
3.45275
3.45275
3.45275
3.45275
3.45275
3.43754
3.43754
3.43754
3.43754
0.471521
3.62007
7.69644
7.69644
8.09191
0.471521
0.471521
0.471521
0.471521
0.471521
0.471521
0.471521
0.471521
0.471521
5.1411
5.1411
0.471521
0.471521
0.471521
0.471521
0.471521
0.471521
4.66958
4.27411
4.27411
8.76117
8.76117
4.27411
4.27411
4.27411
7.81813
11.9249
10.0084
10.267
8.0767
8.0767
3.62007
6.58609
6.58609
6.58609
6.58609
3.43754
3.45275
3.45275
3.43754
3.43754
7.9246
7.9246
3.45275
3.43754
3.43754
3.43754
0.471521
0.471521
0.471521
0.471521
0.471521
0.471521
0.471521
0.471521
0.471521
0.471521
0.471521
0.471521
0.471521
0.471521
0.471521
0.471521
0.471521
0.471521
0.471521
0.471521
0.471521
0.471521
7.90939
15.7427
10.3887
10.7689
6.6013
4.04596
12.5942
17.3094
19.2867
9.8259
14.6476
5.41489
5.41489
5.41489
5.41489
5.41489
2.38803
2.38803
2.38803
4.66958
4.31974
7.28577
19.6366
21.1272
24.3822
31.6071
27.5308
27.5308
27.546
9.56732
9.56732
7.89418
15.256
12.5942
12.5942
14.967
12.6094
17.2942
12.6094
12.6094
12.6094
13.6133
13.4764
14.0392
3.72654
12.5029
12.6246
9.99321
9.99321
7.54434
7.54434
8.04628
3.55923
8.04628
5.06505
8.2136
3.62007
3.20939
9.70421
11.0884
6.14499
14.2521
19.4084
20.1994
16.9748
13.7806
18.5262
13.8414
14.6932
15.2712
10.1301
15.2864
27.333
20.7013
17.4767
17.7505
13.0809
14.6172
12.8071
17.355
5.33884
18.8304
14.1456
9.15664
9.15664
8.38091
15.3168
20.0777
24.3974
27.8806
23.2871
20.2298
22.2071
21.5987
21.766
17.9787
15.7884
32.2764
25.1123
27.5003
17.0812
20.5036
26.1162
19.1499
25.6599
16.7922
13.3851
13.3851
13.3851
13.3851
9.56732
15.8644
5.46052
23.4392
23.6065
23.713
5.33884
5.33884
5.33884
3.45275
5.33884
9.94758
9.93237
12.4269
14.1304
17.1877
13.735
21.69
19.5149
18.7544
18.6631
2.38803
9.32395
9.33916
15.9709
14.5715
19.1803
16.5489
15.8188
14.3434
6.22104
10.0236
15.4842
23.2566
17.4463
13.1265
19.5757
19.7278
21.3858
26.0554
22.3288
17.5984
22.2223
17.3094
26.5117
24.2757
31.1965
31.4702
16.8987
17.1269
16.1686
15.834
19.2411
23.8194
24.7625
8.32007
3.55923
22.1919
22.2376
14.3434
19.2715
15.4233
20.3667
20.2906
24.1541
25.0363
19.5301
14.7388
28.0479
37.7825
28.2761
24.4583
24.4735
32.8544
31.6071
30.0557
29.8123
25.31
21.7204
22.7851
13.811
13.811
13.5829
7.31619
26.4356
36.6722
23.6065
15.3625
14.0696
14.0848
15.2712
13.0201
16.9596
20.9447
13.6285
27.5156
20.0929
24.8537
23.4088
28.2304
33.0521
19.9408
17.3854
13.5829
22.268
28.5346
12.2596
15.4081
13.5829
16.2142
20.534
14.1456
18.8761
26.177
24.2757
31.9266
22.7243
15.256
24.945
21.2641
13.5676
22.8612
25.5686
27.044
38.6343
45.4181
56.5369
36.8851
15.3777
21.477
33.7974
21.5227
16.8987
16.6097
24.4126
17.279
11.3317
11.712
14.8757
14.6172
7.4835
7.4835
10.6168
15.2104
10.5712
32.2003
16.7162
11.7728
20.2602
16.5032
31.1965
16.4728
11.7728
16.2447
21.5987
32.8392
42.3609
34.056
20.4732
26.8615
34.2081
28.6411
24.0172
24.3974
34.345
31.166
27.1201
25.2188
18.8761
25.0515
13.446
10.2518
17.6136
18.724
27.9719
57.4191
46.133
37.3567
50.6809
45.5246
36.5353
24.1845
34.7861
38.4822
38.1628
28.124
29.2039
9.96279
16.0317
15.1191
42.0262
43.5016
40.3531
36.444
31.09
44.0644
45.0531
57.2366
51.3198
51.1525
47.3955
46.7415
47.0913
36.9156
45.9809
43.0301
31.9722
31.9722
42.6347
36.7635
36.9764
36.946
22.7243
26.9984
21.7356
17.2333
16.701
20.2754
18.6783
26.2683
34.5732
37.7673
37.3414
43.9427
39.7143
21.6748
21.7204
21.8269
43.2887
15.7123
27.3482
32.8088
32.2156
25.5686
30.0253
30.0709
17.9787
18.5566
16.701
17.1117
13.6589
17.6592
35.3945
46.1026
34.8013
63.047
57.1301
48.2016
40.9159
32.3981
33.3411
37.4023
49.3881
55.6699
48.7796
27.1961
24.5191
28.413
22.055
15.6515
24.367
27.8198
27.7589
35.0295
35.1055
37.5544
19.8799
20.7774
22.344
31.8049
26.2379
21.6596
39.623
46.8327
34.5123
24.4278
24.4583
27.257
53.936
29.0822
49.0534
39.3644
51.0308
51.6392
58.3165
53.2211
57.2366
52.0955
53.4188
34.8013
27.8198
31.6376
20.8382
20.7013
15.1495
20.1081
22.557
34.6796
29.3408
39.1667
24.0932
21.9638
17.279
17.279
32.1091
36.7482
40.1706
51.8369
39.0298
35.0751
30.7097
57.8146
51.9586
43.1518
35.9421
55.1832
43.7754
29.7515
38.1476
32.6871
29.5233
40.0337
22.633
15.5754
17.7353
23.5913
23.0741
32.2612
27.1809
19.3932
17.9634
31.0291
38.0715
48.8709
46.1635
41.9502
50.4528
45.0987
39.0906
42.1936
40.5813
30.0557
31.8961
33.7214
32.2764
33.8887
35.3033
30.6185
30.6185
29.7058
28.7324
28.7324
29.5994
27.333
27.7589
28.0327
29.8579
16.123
20.3971
11.5599
15.9861
31.7136
18.9369
18.9369
31.7136
26.968
26.968
26.968
31.166
39.3036
44.3078
21.0816
12.9592
12.9897
12.9592
12.0618
20.1233
19.8952
18.6023
17.2942
16.6249
19.2411
12.2748
10.6929
15.4385
17.568
11.3926
8.59386
11.5142
15.9405
11.1948
10.2518
10.2518
5.08026
5.08026
5.08026
22.0094
40.7029
42.3609
29.5994
28.6107
40.5204
33.9343
24.6408
28.3673
26.0401
28.5194
27.4851
29.0518
17.5528
20.899
19.1194
18.5871
32.0482
29.569
23.4392
33.5389
20.5948
42.1479
40.4596
38.4214
40.0489
33.5541
34.8926
42.0719
36.9156
35.2424
37.5696
27.4699
30.299
26.2987
32.9304
42.5282
25.2644
25.1427
20.8382
31.455
32.322
21.112
23.4848
14.678
27.0744
30.2078
25.7207
30.1926
9.27832
24.4887
41.0984
26.2683
22.4809
27.044
31.4246
33.8583
31.7136
26.9984
26.4812
23.4088
23.2262
12.5942
9.64337
21.0359
20.3667
19.4997
51.6392
57.3887
49.6618
39.1971
28.7172
31.668
20.7621
25.3557
23.7434
21.0207
44.901
41.1593
41.0376
53.4188
53.4188
49.2664
56.1567
47.6693
64.2486
69.7395
49.5554
33.8431
25.9793
44.8858
38.7408
21.0968
28.1544
34.9838
40.2771
44.9314
55.822
29.5994
32.6262
39.3492
47.7605
51.1525
53.4036
51.2589
45.5246
18.7087
31.6528
28.3521
25.4622
19.378
14.4651
11.8185
15.9405
15.9709
23.0893
13.9783
22.6026
10.8602
22.5722
24.5191
23.8194
20.5188
28.2152
32.3829
29.3712
26.8007
27.044
21.7812
17.5832
24.2453
19.5757
26.6638
31.4094
28.8084
28.9605
23.8042
31.9722
34.1777
34.0104
37.813
38.8625
28.5803
27.044
49.1599
43.0149
38.2389
40.2314
39.7447
34.4971
32.0635
18.7087
12.3508
20.899
31.2117
25.1732
18.8304
9.5369
18.2372
17.9787
28.991
21.7965
13.7045
28.4586
22.7851
33.9191
30.9835
33.113
34.8926
36.4136
38.4214
53.8599
45.9201
37.8586
49.0991
55.4418
58.5903
75.8389
76.934
67.169
67.4275
67.6861
68.1576
61.1609
52.202
72.7968
69.4505
54.9703
67.1538
42.1783
51.9738
52.0499
32.824
41.2657
42.4978
56.0046
34.5275
28.0631
35.5314
43.9123
39.0602
31.1356
39.2732
28.3521
27.622
19.3932
27.7893
29.2952
29.3864
23.8499
30.9227
34.6644
34.4211
18.9673
22.6482
25.4013
26.0097
30.1013
33.9495
39.4709
33.2194
40.7486
28.5651
27.8502
26.0554
37.5848
37.7825
42.6042
34.2081
44.2926
26.6029
21.5531
23.0741
26.968
31.3029
34.4515
33.0673
34.6644
17.0812
19.8799
15.91
20.2754
16.2295
22.7699
28.0327
22.1615
17.9178
16.8379
26.4052
45.0835
41.2201
41.5699
52.1107
42.6803
33.4324
43.5321
46.6806
37.4631
44.4751
26.0706
29.6602
20.9751
29.2191
31.3029
32.0026
34.9838
18.8304
19.1346
19.591
18.6327
18.8
30.588
23.8346
33.5997
32.246
36.6418
33.5236
35.4097
23.3327
23.6521
23.6521
20.7013
22.2528
28.4434
25.1275
25.1275
19.6822
24.5647
47.3347
36.946
33.5693
25.7055
21.7965
21.5379
29.9188
30.1165
25.9641
26.9223
27.4091
29.1431
25.31
16.2142
19.4693
22.4505
24.7625
29.6146
38.6039
18.8913
21.0055
18.0243
22.9372
21.69
34.4971
30.5272
30.5424
35.0295
35.3489
29.2647
36.5809
36.2159
31.7592
35.5466
38.1932
33.3715
31.166
43.3039
41.7829
30.7554
39.4861
41.433
39.045
41.7524
41.7372
42.6499
40.7638
40.8094
35.8508
26.1922
30.0253
33.6758
29.0062
21.8117
21.9942
21.766
25.9337
21.4162
23.4392
17.1269
21.6596
20.2146
43.0605
41.6308
41.646
22.4961
23.2414
11.8641
15.2864
15.1343
13.0809
10.1149
10.1149
7.08803
11.3165
10.8754
14.1761
15.5298
20.1689
23.1198
33.2499
33.3563
49.601
46.5589
38.1324
40.0337
33.5389
24.2605
21.69
21.69
10.1301
5.41489
14.602
17.7353
8.51781
13.233
15.3168
11.3165
8.33528
14.9062
24.58
13.9327
10.0541
7.78771
6.47962
3.74175
9.32395
3.65049
3.65049
3.65049
6.05373
6.05373
5.1411
5.1411
0.471521
0.471521
1.39935
1.39935
6.11457
9.26311
8.86764
13.3547
16.3207
8.76117
11.8945
14.0544
13.9783
22.9068
14.0544
6.61651
6.61651
6.26667
9.62816
10.9363
15.3929
15.3777
10.9667
14.1456
13.6741
14.2521
14.2369
9.47606
9.47606
13.6741
14.2825
15.834
15.332
15.8644
11.3926
8.42654
11.0275
15.9405
21.3249
12.3356
12.3356
21.8877
7.9246
7.93981
14.7236
10.0541
5.30842
4.3958
8.18318
3.46796
3.46796
3.46796
8.22881
10.3887
10.3887
10.7841
6.17541
16.9443
20.1689
10.3887
10.3735
10.3735
10.3887
5.77994
8.39612
8.39612
7.7725
5.44531
5.4301
5.4301
6.6013
15.7275
6.20583
6.20583
6.20583
10.6625
9.78026
19.1194
19.6214
15.1495
6.81424
9.61295
11.8185
16.5489
9.55211
4.94337
9.65858
8.15276
12.6398
12.6398
3.43754
7.9246
3.43754
11.0731
4.53269
4.53269
7.55955
7.55955
7.55955
7.52913
12.001
4.38059
4.38059
4.38059
0.471521
0.471521
2.72266
8.77638
8.77638
8.77638
8.77638
10.1909
12.1835
23.0741
29.5842
22.6178
21.5835
3.62007
5.06505
1.47541
10.4799
1.35372
13.9631
10.8602
1.35372
1.35372
1.35372
1.35372
1.35372
6.05373
6.05373
6.05373
6.05373
1.35372
1.35372
5.96246
11.2861
6.67735
11.1492
8.0767
15.834
6.17541
9.64337
1.35372
4.50227
4.68479
7.34661
13.1113
5.1411
10.3126
13.522
15.5602
15.5602
10.7537
7.93981
2.72266
10.921
11.788
11.5903
9.55211
0.471521
0.471521
0.471521
7.86376
2.73787
7.43787
7.1945
7.9246
12.6398
7.6356
8.16797
7.6356
12.7919
8.04628
9.55211
14.2825
14.2825
9.81069
14.8909
22.6178
19.2107
18.5871
21.4162
16.8227
16.8227
12.0618
10.0845
7.20971
7.20971
6.82945
2.75308
2.75308
7.3314
7.34661
0.471521
0.471521
0.471521
0.471521
0.471521
0.471521
0.471521
0.471521
9.5369
9.5369
4.5479
4.94337
4.94337
4.94337
0.471521
0.471521
0.471521
5.61262
10.0693
18.724
22.5722
10.0693
0.471521
7.1945
7.1945
7.20971
6.82945
4.94337
4.94337
4.94337
4.94337
0.471521
0.471521
0.471521
0.471521
0.471521
0.471521
0.471521
0.471521
0.471521
0.471521
0.471521
5.06505
9.52169
9.5369
9.52169
7.05761
11.7272
11.4838
7.05761
