+13.332774338688212268 
+13.055323536451329147 
+12.785858014926395398 
+12.518793271321602134 
+12.248741813468100759 
+11.991823037911814254 
+11.731896076795941042 
+11.479559965561193735 
+11.224290212842767289 
+10.976495815761502683 
+10.725841574244363130 
+10.477503094954661478 
+10.226472660241032742 
+9.982780776141961354 
+9.741372844774261353 
+9.507096027954943906 
+9.270178518626551067 
+9.040280450422892855 
+8.807812516854706786 
+8.582253287439023381 
+8.169663898571929650 
+7.945614651553662533 
+7.723758549820563424 
+7.504085352963988598 
+7.282168612898011872 
+7.066874638820461740 
+6.849405306589506637 
+6.634166085277461988 
+6.421146238400523565 
+6.210335058415086706 
+6.005872659162690752 
+5.803511183988616651 
+5.433236814364272860 
+5.236822983662943187 
+5.042471662870907423 
+4.846269797000545054 
+4.656055424028336276 
+4.467873755099319055 
+4.277936810645817545 
+4.093832112822729741 
+3.911730553826423318 
+3.731622398050005174 
+3.549883329962163714 
+3.373773064070597627 
+3.196093336798197626 
+3.023941542799388316 
+2.850281043958384330 
+2.678635282971178810 
+2.515741398145877383 
+2.351350155182430512 
+2.192162315945900275 
+2.031535741053035693 
+1.876017581574780380 
+1.722301956479437735 
+1.564088748327622014 
+1.410918500446182833 
+1.256529602273852575 
+1.107088132002363778 
+0.956484728450956112 
+0.810734102891490949 
+0.663877595106814766 
+0.521780093271329903 
+0.378632098363953062 
+0.240150210645447615 
+0.103444057064864481 
-0.031495474114244359 
-0.167377232578873603 
-0.298775163246375541 
-0.428433838062264982 
-0.556362266490694424 
-0.682569432637192719 
-0.809587240385290841 
-0.932344063196387296 
-1.155832724331608219 
-1.276161815165375302 
-1.394753308514163237 
-1.506975099374807670 
-1.619900558682536129 
-1.731183584301829725 
-1.840832911051318632 
-2.035841728438823495 
-2.229743930425854614 
-2.331873279649691710 
-2.434453508109648112 
-2.533390121224964986 
-2.632730274414928573 
-2.728509025179807423 
-2.822737632712136957 
-2.915424565488379471 
-3.081677669899839600 
-3.170037148661691617 
-3.330135090448461455 
-3.415904293184283347 
-3.500126794049059242 
-3.582811389034212368 
-3.660749878962629822 
-3.738866525039480138 
-3.813980740295978222 
-3.889230326329762732 
-3.964535268217531438 
-4.036891639785650909 
-4.107828273715778522 
-4.177353253945820910 
-4.246850314323307174 
-4.313547745023825541 
-4.378857792174351005 
-4.444078843022740699 
-4.506610154160089365 
-4.567778132241880229 
-4.676602125191060111 
-4.733945678757972786 
-4.789956134544276267 
-4.845743594872466531 
-4.899084493125535289 
-4.951115848661110874 
-5.001845412301509697 
-5.052276378700444326 
-5.101368106728418894 
-5.148186534148038618 
-5.194650615596000165 
-5.239799696330322831 
-5.281913164067436384 
-5.323669043513024945 
-5.363370243869272969 
-5.402678391334994501 
-5.439996258121883699 
-5.506102560682517577 
-5.568911224170992824 
-5.601415169430580931 
-5.633362649161309577 
-5.663483248871635567 
-5.692435303068343444 
-5.720226124174512705 
-5.746863001474245891 
-5.771844407174832270 
-5.796218353833879178 
-5.818996892228636142 
-5.841136203963976925 
-5.861739505865656952 
-5.881672299991922870 
-5.915412617883838209 
-5.932232155013839048 
-5.947967792684760724 
-5.962626572859960561 
-5.976481749675411237 
-5.988986231760520695 
-6.000434987860906233 
-6.011036341539430339 
-6.020373284710910156 
-6.028675426598816500 
-6.035949649555448104 
-6.042319845361497244 
-6.047538160007007946 
-6.051749206498417522 
-6.054959776753484846 
-6.057176640275741875 
-6.058406544186265563 
-6.058656213255389389 
-6.057932349934457505 
-6.056285759329611551 
-6.053717635996562763 
-6.050069304563564287 
-6.045434842389571628 
-6.039821252890000380 
-6.033517522897490437 
-6.026164733353070346 
-6.018069238693222189 
-6.000741781742007674 
-5.989928481475462974 
-5.978466920576554600 
-5.965619867952902666 
-5.952137372136927951 
-5.937777925474335916 
-5.922228044368456068 
-5.906116164296253856 
-5.889146458949291230 
-5.871325216734316399 
-5.852268997735706080 
-5.832746402189158630 
-5.812391131765132002 
-5.790768545231461673 
-5.768749831188095811 
-5.745442700628125010 
-5.721785679702751537 
-5.696819564387240575 
-5.672072828721130833 
-5.646568518155415717 
-5.619757361413189045 
-5.592739457918380452 
-5.564394968187087898 
-5.535886536350517417 
-5.506032176201955508 
-5.474791500297722990 
-5.414617598032201329 
-5.381166673287065549 
-5.346954982484206198 
-5.312695410905497795 
-5.277716978941235482 
-5.242025485011868824 
-5.205626706576428120 
-5.168526400164267898 
-5.130730301406771332 
-5.093036417549374306 
-5.053073565081977137 
-5.012404016870210199 
-4.971033778219386079 
-4.929816900422057557 
-4.887076923586043620 
-4.807541786727107080 
-4.764689978174924789 
-4.721223889686790187 
-4.676224027819142037 
-4.631532372135804820 
-4.585292147238131832 
-4.538433475517049231 
-4.491936687769655379 
-4.443869734929769777 
-4.395200451013582921 
-4.346945569674559806 
-4.297099728392240081 
-4.247702547076212198 
-4.197747649916138357 
-4.146181923190518148 
-4.095115129027679046 
-4.042424643769091830 
-3.990266099946772727 
-3.937574713547718375 
-3.883241046367295723 
-3.829487742843820541 
-3.774080144086056521 
-3.718137695504456275 
-3.661665506728166264 
-3.604668667494223655 
-3.545973068596676825 
-3.487931670069652768 
-3.428180690651046802 
-3.319309292214292384 
-3.258101437355961139 
-3.197622623807877318 
-3.136658663051548501 
-3.073955540094978289 
-3.012026357791675935 
-2.949626811271642168 
-2.886761755633898474 
-2.823436026495457440 
-2.759654440022860200 
-2.696737140495955032 
-2.633391494201934080 
-2.568288967244889420 
-2.502749460713509677 
-2.436777694785476456 
-2.371737701522242503 
-2.306291824179311334 
-2.239068387621202305 
-2.115913627978764922 
-2.047536723704775241 
-1.978759035885220285 
-1.911000778429899682 
-1.842866595005427044 
-1.772929620607104795 
-1.704048743852819570 
-1.633358348399555737 
-1.562294038776215643 
-1.489398626110887136 
-1.417592442497412009 
-1.343949242337071581 
-1.271419230636968933 
-1.197046578222463964 
-1.122312434128383885 
-1.047221414818428897 
-0.973290405222691390 
-0.897506313443999559 
-0.821378983851403177 
-0.746445563369867671 
-0.606434971739213680 
-0.530595514242241606 
-0.454447062145721503 
-0.376430379808759596 
-0.299670366778638453 
-0.222613927692364655 
-0.143683626510927809 
-0.066040851361576003 
+0.011885948119456202 
+0.091691645320635118 
+0.171784536740405613 
+0.250550076966712609 
+0.331198991738016701 
+0.412122390781911818 
+0.493316047960046689 
+0.573143982281779429 
+0.653223491314390614 
+0.733550651895511052 
+0.815768373661384771 
+0.896583994152678088 
+0.977635525199776367 
+1.060580353560162337 
+1.142096787208053854 
+1.223837552853682453 
+1.305798852697925838 
+1.389656240260897846 
+1.472051593498466815 
+1.554656117233470525 
+1.637466084545289746 
+1.720477786063375092 
+1.803687529935491085 
+1.888795764677452027 
+1.972394441723343661 
+2.056180116264771485 
+2.141864704710922496 
+2.226017157771726929 
+2.310345722122507439 
+2.393120614741938823 
+2.477787297335787287 
+2.560886605799284510 
+2.645877552668661536 
+2.729287771098288573 
+2.814589261587789437 
+2.898297014458405485 
+2.985643888038810090 
+3.071390140489745235 
+3.159032049425825051 
+3.245060481376052408 
+3.332983267295226426 
+3.419280073425021271 
+3.505704646675185998 
+3.592253656089877012 
+3.677153820401317219 
+3.763939404787354448 
+3.849065002598081264 
+3.936074304652384726 
+4.021412804602510604 
+4.106852062358091970 
+4.194172094115712568 
+4.353023889286827597 
+4.440613629304660748 
+4.526502848342946805 
+4.614267181221181957 
+4.773887378858871600 
+4.861879065279937961 
+4.949945595379675822 
+5.038083912163711986 
+5.128091813640002883 
+5.216365907835571747 
+5.304702654151050467 
+5.393099060911085374 
+5.483357887186466328 
+5.571865770185880251 
+5.660424375580866752 
+5.823205438245966370 
+5.913702408160267154 
+6.002429383043534017 
+6.091193014065577671 
+6.256127300934863023 
+6.344980017941678874 
+6.433858488508588991 
+6.524574459147958194 
+6.613496471456234538 
+6.702435863999962606 
+6.791389896130794135 
+6.880355842867560412 
+6.971146891224895725 
+7.060128659689227426 
+7.149114207007011501 
+7.238100870865279646 
+7.328901993181328400 
+7.417882852960660856 
+7.506856882036752943 
+7.597636967947851261 
+7.686589278501148925 
+7.777341835920871027 
+7.864447433771186269 
+7.953348186172276790 
+8.040413077726014990 
+8.203593996083839102 
+8.290584410294565387 
+8.451796927899103196 
+8.540504434849946591 
+8.629173386014684866 
+8.790118715440456754 
+8.878666187965167822 
+8.965360368125789847 
+9.053811201902203010 
+9.142209729813313146 
+9.228751254592392428 
+9.317039405008877395 
+9.403468390472241367 
+9.491637179315123518 
+9.579742292909804391 
+9.665985438070435976 
+9.753957882753244490 
+9.841859994949453849 
+9.929689569423715056 
+10.017444415484064280 
+10.105122356950314355 
+10.192721232122183395 
+10.278453644909939513 
+10.364106120079851436 
+10.451458500136416419 
+10.536943368884413630 
+10.624120540756280207 
+10.709429777998614952 
+10.794649170044738895 
+10.881549293983084681 
+10.970122197003536968 
+11.056822908546605433 
+11.145188137552588969 
+11.231681249432915237 
+11.319830509406912711 
+11.406107950525893102 
+11.494033064720294846 
+11.580086879619413409 
+11.667779789016885061 
+11.753602137348885037 
+11.841054900122756521 
+11.928383395367971431 
+12.015585642053924431 
+12.100919462597898857 
+12.186128309165228600 
+12.269475269927081484 
+12.354431356241978079 
+12.437527255235313106 
+12.520496380461004549 
+12.605061539102566215 
+12.687769412980969719 
+12.772064450818952253 
+12.856220453698171013 
+12.940235706245298175 
+13.025818701198499383 
+13.109544401526251889 
+13.193124251826930049 
+13.276556590541808589 
+13.359839769418032418 
+13.510722402126932096 
+13.661097879366884911 
+13.810956659242577871 
+13.960289342727994821 
+14.043949832783793497 
+14.127439732161624519 
+14.209092777067793278 
+14.292240177551176927 
+14.375212237945842020 
+14.458007392330125995 
+14.538973513646533675 
+14.619766796084665117 
+14.698742270185459091 
+14.779189182433928096 
+14.857822637084424855 
+14.937917654541179147 
+15.017832841671843624 
+15.099192154317474746 
+15.178739837441215244 
+15.258103584508113215 
+15.403390112309784499 
+15.480617875430533914 
+15.559267509411956354 
+15.637726896526316978 
+15.714399381966186908 
+15.794069845804166619 
+15.871950896632142758 
+15.949636677858554989 
+16.028705324034127955 
+16.170509199718722471 
+16.247430432364240005 
+16.324150559746875899 
+16.402227890635959540 
+16.478538158377805445 
+16.554643836128011714 
+16.630543794330613139 
+16.707779511544259776 
+16.783260434678982875 
+16.858532299102584773 
+16.933594023196445022 
+17.008444537185880563 
+17.084603795055649300 
+17.159024362565915567 
+17.233230560404475540 
+17.307221366093322956 
+17.379492338520986294 
+17.453053785870803694 
+17.524902255393286055 
+17.596540259683088436 
+17.728809081845234630 
+17.801318999252714548 
+17.873605989333711364 
+17.947137470004374649 
+18.020434905648954782 
+18.093497342023017183 
+18.164869625532958253 
+18.296813996835552985 
+18.367534073840349862 
+18.438024239398753679 
+18.508283661707210399 
+18.579738243270071507 
+18.649528977591792511 
+18.719086523878829098 
+18.788410094984023146 
+18.858906441010542920 
+18.927754930042439696 
+18.996367133213386325 
+19.066135246065421427 
+19.134267799592009851 
+19.203544960997447788 
+19.271194921632826436 
+19.339978173874044387 
+19.407142687606821596 
+19.475429163753240402 
+19.543463681929075904 
+19.609892388647129025 
+19.676077800838971399 
+19.743362484453339079 
+19.809054417833994677 
+19.874501172942931504 
+19.939702147288787870 
+20.005979783567429564 
+20.072000270688814538 
+20.136450277413743493 
+20.201959830809869345 
+20.265907989488926688 
+20.330904318751287008 
+20.394348427354305642 
+20.458829328816705129 
+20.523049103054386677 
+20.584453926630786214 
+20.646888810658751368 
+20.707804935603391527 
+20.768478561394431381 
+20.830165644177363049 
+20.890347915412760926 
+20.951532539103798314 
+21.063249239847301908 
+21.172877938195753700 
+21.232875053090548789 
+21.291399208455594305 
+22.480754134017026047 
+22.575455040755045388 
+22.629050878658006241 
+22.682383991411484203 
+22.735454237889477724 
+22.789336445582414115 
+22.841875200977039384 
+22.894150718241419895 
+22.945104052216564128 
+22.996858163673440600 
+23.047300556011457218 
+23.140159780836704329 
+23.189880032776390095 
+23.241402800267010775 
+23.291628596059616996 
+23.340573536506035168 
+23.389265248175199474 
+23.438710153617421383 
+23.486890082121270495 
+23.535812527370779890 
+23.585461335944639671 
+23.634835356906549464 
+23.683934613766659538 
+23.732759139127026060 
+23.780340669583047486 
+23.827658435501625434 
+23.874712492786802187 
+23.920550634099353005 
+23.967082853073144122 
+24.013351578818060261 
+24.060293042024419208 
+24.106029682608426157 
+24.151503122281788194 
+24.196713474085171924 
+24.242575415460958510 
+24.286345406389393986 
+24.331671086997694431 
+24.376723389219513649 
+24.421502475765233697 
+24.466008517883430784 
+24.510241695325802880 
+24.553325657263734172 
+24.596147925715570182 
+24.638708693436733199 
+24.681868696038016253 
+24.723901745202631730 
+24.765673922548483432 
+24.807185451655065833 
+24.849275713231328666 
+24.889427497372309972 
+24.930158498950820700 
+24.969806470782451413 
+25.009205500644938525 
+25.049168830283605303 
+25.088065567088367658 
+25.127516686646082178 
+25.165912216797885037 
+25.204060146105565110 
+25.242747729289597203 
+25.280396179523254574 
+25.318574495761275500 
+25.355724691203583632 
+25.394161132441016804 
+25.431570126361926043 
+25.468723364816277410 
+25.505621202236181233 
+25.543009159290001264 
+25.609639536577866181 
+25.646286045089311756 
+25.681943461038059695 
+25.718067602117692161 
+25.753928554282190078 
+25.789526752170644386 
+25.824158487815068952 
+25.859237743196629822 
+25.893361784998734976 
+25.927923887123423441 
+25.961542016062203686 
+25.995588810196327501 
+26.028702861882749175 
+26.062236248769082181 
+26.094848112916515959 
+26.127870048234850486 
+26.159981668130413368 
+26.218319442436765598 
+26.250370597248000593 
+26.282166204419752376 
+26.313706809613151449 
+26.344369732163045228 
+26.375407069781118707 
+26.405577870568137655 
+26.435505906377066765 
+26.464588306674670548 
+26.494037379719884484 
+26.523245329244904411 
+26.551623947863390640 
+26.580356237283346843 
+26.608849098245215714 
+26.638251271595713376 
+26.666826386813902161 
+26.695154071804388707 
+26.723794067720554324 
+26.751623890816119911 
+26.779208224287621931 
+26.806003328423468446 
+26.833103531259595798 
+26.859425463555385960 
+26.886044152175884392 
+26.911895500030656336 
+26.938035338286496767 
+26.963418735317098651 
+27.009440969609300964 
+27.034171876883682728 
+27.058176289794978686 
+27.102105855050112382 
+27.125487321791609929 
+27.149132067914333533 
+27.172075668715525154 
+27.195274798237221603 
+27.218249874316512660 
+27.241001609881891454 
+27.263530723017431967 
+27.285384900940812258 
+27.307475450313010157 
+27.329345547108498948 
+27.350995929615010027 
+27.372427341117699484 
+27.393640529868051203 
+27.415062474059730846 
+27.435837067009060775 
+27.456813048562711543 
+27.477152160517565704 
+27.497685378165723336 
+27.517592163703547214 
+27.537286148668542296 
+27.557163509431006787 
+27.576038870054777163 
+27.610886514587392071 
+27.629183376320064269 
+27.647655394746657009 
+27.665920069625485667 
+27.683978219341152993 
+27.701468381796438223 
+27.719120126981028562 
+27.736567811784837545 
+27.753462370261694048 
+27.770508568361712776 
+27.787694885096492214 
+27.804334731113478085 
+27.820774739558707722 
+27.837015767747054440 
+27.853058677170935198 
+27.869225666436399536 
+27.884553606389470559 
+27.899693935339922035 
+27.914957030332772092 
+27.929720751275279866 
+27.944601123971175127 
+27.958991637165706123 
+27.973786731700933217 
+27.988093757841749465 
+28.002497617620718984 
+28.016423077333815428 
+28.030439472923522004 
+28.043987077022759280 
+28.057349044071521860 
+28.070259211242905906 
+28.083256410491884481 
+28.106396456678837126 
+28.118880978958983974 
+28.131434486140065587 
+28.143555795208978765 
+28.155498757015870126 
+28.167264319735700440 
+28.178853434965375868 
+28.190498168195567530 
+28.201733704840322048 
+28.212795688654537685 
+28.223685084669103418 
+28.234402861177077426 
+28.245163467208897146 
+28.255537469922373361 
+28.265742797251398599 
+28.275983540744491052 
+28.285851071689421588 
+28.295552899966065041 
+28.305282942877070695 
+28.314653009067633604 
+28.324046591306057508 
+28.333271824468781119 
+28.342150247029643140 
+28.351045293915905887 
+28.359602188594365657 
+28.368001468535453569 
+28.376244147490922387 
+28.384331241963039361 
+28.392263771172238762 
+28.400199920275671417 
+28.407669224086557591 
+28.415144199539803083 
+28.422320730479526674 
+28.429643797292207807 
+28.436812350756689227 
+28.443688686518626696 
+28.450554557853266147 
+28.457269208257557125 
+28.463574034392308931 
+28.469741502673155509 
+28.475896804389883243 
+28.486716786256952361 
+28.492361329645930823 
+28.497986775605983922 
+28.503475173266718201 
+28.508827584962421753 
+28.514150157168856481 
+28.519333377886972869 
+28.524378382555070743 
+28.529189486281659072 
+28.533870012634643842 
+28.538329445674278873 
+28.542754653490398198 
+28.546966046830952735 
+28.551140162460939109 
+28.555189049007843494 
+28.559113790431517543 
+28.562839110027056222 
+28.566521298479308655 
+28.570082581944870270 
+28.573524051245307476 
+28.576846798847881814 
+28.580051918832594993 
+28.583202333593245470 
+28.588571033435023594 
+28.591332724039730806 
+28.593982123051560507 
+28.596520333364004784 
+28.598948459266814837 
+28.601267606413859568 
+28.603434824682764770 
+28.605541504337345771 
+28.607542507408631138 
+28.609438944664489668 
+28.611231928079600806 
+28.612922570802261646 
+28.614480554543362700 
+28.615971891791303960 
+28.617364211725607959 
+28.618658631854401619 
+28.621626805247661451 
+28.622554723046320646 
+28.623410216021436980 
+28.624174121794034420 
+28.624860373686459525 
+28.625453626697623832 
+28.625945939336851609 
+28.626351210079231890 
+28.626670565642239552 
+28.626905133420439853 
+28.627056041454807200 
+28.627124418400342165 
+28.627110288018393192 
+28.627015364610279846 
+28.626845657796888389 
+28.626595208107136870 
+28.625944463251613570 
+28.625480389922174140 
+28.624942625020935338 
+28.624332301244102439 
+28.623665171335325397 
+28.622914552287042511 
+28.622094751004574675 
+28.621188081223461808 
+28.619360052519173365 
+28.618260062905420682 
+28.617093821762168204 
+28.615862534234345560 
+28.614593925912430450 
+28.612079140697058932 
+28.610641602021754437 
+28.608960270036249085 
+28.607403233278034804 
+28.605758215663087185 
+28.601260337841736714 
+28.599496447461898896 
+28.597647037154047212 
+28.594165538023510464 
+28.592224319449076830 
+28.588511548316358102 
+28.586363148942588452 
+28.582387206040746008 
+28.580165759143010717 
+28.577905732294460961 
+28.575560983409854288 
+28.573178434637505063 
+28.570808016258435913 
+28.568354152108515365 
+28.565866050478284421 
+28.563395644124632611 
+28.560843273166881318 
+28.558312173401116496 
+28.555752726693985011 
+28.553112988085189272 
+28.550499685194306920 
+28.547861415067401936 
+28.545199294624968189 
+28.542514439720982011 
+28.539752513636940989 
+28.534728094548690081 
+28.531965981685555533 
+28.529129642015675472 
+28.526333657023229762 
+28.523465062208494203 
+28.520697518777907931 
+28.517859576872041316 
+28.515068126361057921 
+28.512207940362408465 
+28.509396813967249784 
+28.506518697626258785 
+28.503633159989806956 
+28.500800370972829256 
+28.497903373915125513 
+28.495002217461880889 
+28.492097993156377811 
+28.489132467665861270 
+28.486225368758756105 
+28.483318488675976710 
+28.480412912081369825 
+28.477450505498126176 
+28.474550864681397400 
+28.471714822806703182 
+28.468825270506975755 
+28.466001177201938788 
+28.463184521634499191 
+28.460317903672844864 
+28.457402965044231280 
+28.454557388989400124 
+28.451723837608472678 
+28.448903374164586921 
+28.446039942813726498 
+28.443249157822645401 
+28.440474659138430980 
+28.437717501230952877 
+28.434978736302880975 
+28.432204127686379280 
+28.429505725164197827 
+28.426828879618142309 
+28.424120708151512815 
+28.421383761775025789 
+28.418832275127371645 
+28.416253132239607027 
+28.413752591995724117 
+28.411278726307571674 
+28.408781839045403217 
+28.406314781203459319 
+28.403829185159786164 
+28.401474240984747155 
+28.399102795479127082 
+28.396812612452372093 
+28.394509262067145983 
+28.392287723456533399 
+28.390101582898900290 
+28.387863010982222534 
+28.385664934421598105 
+28.383508412829353773 
+28.381394502602962149 
+28.379324256890527067 
+28.377298725555185399 
+28.375358095338835795 
+28.373462395793467294 
+28.371649891140940269 
+28.369809700541985364 
+28.368054652821996342 
+28.366348431682126829 
+28.364692003045860247 
+28.363054095916609754 
+28.361501202248781794 
+28.360031081927456142 
+28.358554437171711982 
+28.357162467397806438 
+28.355826034837335214 
+28.354546081681263558 
+28.353323546612678285 
+28.352159364775303629 
+28.351054467741185761 
+28.350009783479737990 
+28.349045691520924350 
+28.348122926477554273 
+28.347263117502944141 
+28.346451605661570738 
+28.345721776474782416 
+28.344553096810770398 
+28.344001661475353160 
+28.343539148029734065 
+28.343135441595251223 
+28.342801764298748424 
+28.342543646977514271 
+28.342351198797757661 
+28.342231398610429949 
+28.342269809536148273 
+28.342417358634023117 
+28.342643835706908817 
+28.342954810630629936 
+28.343338706253170756 
+28.343812072637909694 
+28.344356828139115834 
+28.344996079385211374 
+28.345720426943906034 
+28.347241491376632183 
+28.349046181096028363 
+28.350149773027233380 
+28.351364921133523467 
+28.352643832787219225 
+28.354010721791375715 
+28.358136815131516073 
+28.359835496552591394 
+28.361625824061682977 
+28.363508565688860585 
+28.365443223355672586 
+28.367511153326383067 
+28.369673757027207728 
+28.371884742145969227 
+28.374236964144280648 
+28.376686075697477918 
+28.379179855692186152 
+28.381822927985894012 
+28.384565061033477207 
+28.387347973073659091 
+28.390288320132150091 
+28.393266765474383106 
+28.396408102227503889 
+28.399652012219313235 
+28.402929841640727204 
+28.406378842494870440 
+28.409932464786216144 
+28.413591385274060030 
+28.417356275313181868 
+28.421307926510401387 
+28.425288944488222853 
+28.429377926642693808 
+28.433662322938726419 
+28.437971412199011922 
+28.442481742259616340 
+28.447013543060094776 
+28.451656524065420228 
+28.456509511012178848 
+28.461379010077585860 
+28.466258728984058735 
+28.471352582735661940 
+28.476453230716259668 
+28.481773781951886804 
+28.487097631760676109 
+28.492532758789096192 
+28.498196457336980814 
+28.508904625822573564 
+28.515025577127037337 
+28.521144001685897251 
+28.527510200858358758 
+28.534001119270723024 
+28.540350262356675159 
+28.546951289662729323 
+28.553535269266227203 
+28.560377039198357352 
+28.567341181310531795 
+28.574428197315512534 
+28.581490195439208435 
+28.588821906361971514 
+28.596277948289838378 
+28.603702835597655252 
+28.611406400464165500 
+28.625720487773552492 
+28.633945102502099900 
+28.642301963860766989 
+28.650620442248026620 
+28.659240518053245239 
+28.667817820048117738 
+28.676702878682164055 
+28.685540709554590677 
+28.694692462642855446 
+28.703979542264512759 
+28.713212573652377557 
+28.722576354022493206 
+28.732266401177582793 
+28.741895488811351811 
+28.751656440751560240 
+28.761549612199988957 
+28.771781340972374608 
+28.781942704742270678 
+28.792448801836847849 
+28.802879720550169651 
+28.813661546336781782 
+28.824363323562948835 
+28.835199626033144682 
+28.846170751230289397 
+28.857276989331637651 
+28.868749456007904541 
+28.880129532694702732 
+28.891645554073072333 
+28.903297780635462289 
+28.915328473397980957 
+28.927011853937720787 
+28.939074184220210384 
+28.951023344636830359 
+28.963357436032932668 
+28.975829133416134198 
+28.988697417865633810 
+29.001447761395549918 
+29.014336314891430391 
+29.027363262786288090 
+29.040528781731172359 
+29.054106001799663517 
+29.067551997852206114 
+29.081137050950697898 
+29.094861306146405866 
+29.109009282811513231 
+29.123015193140282975 
+29.149104076642352368 
+29.163801638813879435 
+29.178346569676762101 
+29.193031483454703334 
+29.208160471295830263 
+29.223128448308067107 
+29.238236629808028511 
+29.253797726114608935 
+29.269189342642484064 
+29.285039750467269926 
+29.300714965416830182 
+29.316854816351867186 
+29.346275004340050430 
+29.362491838082693363 
+29.379184371463189507 
+29.395684884716388297 
+29.412666840201133311 
+29.429450923627975101 
+29.446375297673313298 
+29.463439909486893953 
+29.480644697521313446 
+29.497989591500775930 
+29.515474512390614592 
+29.532738283157943471 
+29.550500132660186381 
+29.568401721331156295 
+29.586073352055841212 
+29.604251221827588836 
+29.638002132187196480 
+29.656955476591804199 
+29.675670119120596269 
+29.694909748548170114 
+29.714293692696344351 
+29.733429782486815895 
+29.752309355219082931 
+29.771321369068445506 
+29.790865867531671540 
+29.810144903841621300 
+29.846240059681463208 
+29.865894703444578084 
+29.886094088027494564 
+29.906429871502698603 
+29.926482625144558369 
+29.947087599888821075 
+29.967403494495517435 
+29.987849175861871487 
+30.008854373529839421 
+30.047350757313278535 
+30.068734233187516480 
+30.090251368100773277 
+30.111458626479311818 
+30.133239280726254350 
+30.155152492654330842 
+30.176746648891736413 
+30.198921113828784968 
+30.220770416424191041 
+30.243663732623119245 
+30.266692952663316163 
+30.289857610550892986 
+30.312689917582613219 
+30.335651382252219577 
+30.358269024717650098 
+30.381009706554191752 
+30.404828257302799699 
+30.428298969876468760 
+30.451896404150915032 
+30.475620040483072160 
+30.499957374316050362 
+30.523934362765231754 
+30.547542811257230255 
+30.572261488817506603 
+30.596610493842277378 
+30.621583055270519935 
+30.646682908460224581 
+30.671403645498294566 
+30.696753634745029160 
+30.721718241521298154 
+30.747315765749213767 
+30.773037290787893738 
+30.798364018517652596 
+30.823808499029588859 
+30.849892932699713555 
+30.875573241343097664 
+30.901369221461656878 
+30.927280162294277233 
+30.953305342241787201 
+30.979444028837406222 
+31.005158612630278725 
+31.031519793195055712 
+31.057450872288779209 
+31.084031548756126284 
+31.110721937729604036 
+31.136973233370820680 
+31.163328283165611765 
+31.190338615063776473 
+31.216900971947659116 
+31.244121291068047697 
+31.270887723197713370 
+31.343878771468052236 
+31.371011001271181584 
+31.398808182378907361 
+31.426134859414144529 
+31.453556445831150512 
+31.481646294321521395 
+31.509833177613103317 
+31.538116133772071237 
+31.567074316623063623 
+31.595548396844229444 
+31.623531646668187278 
+31.651603284638103020 
+31.680349922053661516 
+31.708597240268733941 
+31.737521185446581740 
+31.766533132831622055 
+31.795632015872691056 
+31.825413249478344824 
+31.854684475309543501 
+31.884639285446105816 
+31.914680002513097890 
+31.968965949405188098 
+31.998028233160205502 
+32.052112072918532704 
+32.081385384432678620 
+32.111342593361911213 
+32.140759802404332390 
+32.170861530480834745 
+32.200417958410696428 
+32.230659382055918627 
+32.260350257119085882 
+32.290105869082481149 
+32.319925015182093375 
+32.375378660617073479 
+32.405997926239173523 
+32.436051695181689070 
+32.466162970840095170 
+32.522772180247088158 
+32.553041671852668060 
+32.583995941121457918 
+32.614370210184652876 
+32.645428685623144816 
+32.675902312184845755 
+32.707059411544904037 
+32.738264177600882476 
+32.770153393432849498 
+32.801449989632970983 
+32.832789795653688714 
+32.864171309981941249 
+32.895593018153732601 
+32.927695833009778426 
+32.958550893226295386 
+32.989440088796229134 
+33.021006489326978794 
+33.051960159739422807 
+33.083589270841365249 
+33.115247675066775912 
+33.146933753744498574 
+33.177998439333421743 
+33.209734476558239180 
+33.240844931051483968 
+33.272624428667896268 
+33.303774235881327570 
+33.335590592209754845 
+33.366773234305611595 
+33.398619743655132197 
+33.429828600669921457 
+33.461698452848381180 
+33.493577474438694708 
+33.525463887244768557 
+33.557355899457007808 
+33.589902667213138443 
+33.621800469468240635 
+33.653698376162886063 
+33.685594540439396383 
+33.717487101669860294 
+33.750024871982446939 
+33.781904419908215687 
+33.813774660989345477 
+33.846283732577717274 
+33.878779067185270435 
+33.911258598666393027 
+33.943720245702863281 
+33.975513287892042058 
+34.033204276975538960 
+34.064285294102504054 
+34.095987283587419370 
+34.127660423251754196 
+34.159302657783044310 
+34.190267174016256035 
+34.221842111730374825 
+34.253379935736226969 
+34.284236111408063152 
+34.341983017141295420 
+34.372719794066426857 
+34.404050014629731891 
+34.435330679112226449 
+34.465922798707076424 
+34.497098872168947992 
+34.528218803637614087 
+34.558647042957147733 
+34.589649217721365915 
+34.619957763519707328 
+34.650833292117894757 
+34.681013380452498041 
+34.711753259171544528 
+34.741796013939492127 
+34.772391124328144940 
+34.803531612742048651 
+34.859375360114306375 
+34.889661767649236879 
+34.919862313414519406 
+34.949974568485629334 
+34.979384327953923162 
+35.009314581199035388 
+35.038541319204867364 
+35.067673963317716357 
+35.097917873545142697 
+35.128054455136044965 
+35.158081015219210030 
+35.187994844360702018 
+35.242139804456058982 
+35.271720995017673772 
+35.300591018077518868 
+35.329925498643078186 
+35.358548371230511975 
+35.411367944471962232 
+35.439622768589089219 
+35.467743584758565589 
+35.495157956866179916 
+35.523005464320512203 
+35.550146846063483963 
+35.577710276354451935 
+35.604568059342312836 
+35.632391435826896497 
+35.660055252837622675 
+35.687556507138793904 
+35.714347107198335607 
+35.741517559803853032 
+35.768516397871934487 
+35.794270976080987623 
+35.820393212612003708 
+35.845814098016347771 
+35.871589946584748532 
+35.897186421182752269 
+35.923117286852004781 
+35.948342270522132935 
+35.973378856933422298 
+35.998729055983915259 
+36.022874741694323575 
+36.088779386904583646 
+36.112680991818621123 
+36.136854934350814972 
+36.160807946974529159 
+36.184536686349126455 
+36.208037791246212578 
+36.231307882510009222 
+36.254343563025400954 
+36.277141417685569991 
+36.299698013352006853 
+36.322009898820631690 
+36.343634785354964833 
+36.365018038176266657 
+36.386156358347498951 
+36.407470149952786187 
+36.428103471695592930 
+36.448068481539536378 
+36.468193745450903975 
+36.487654588370880049 
+36.507258536359486811 
+36.526594057129528892 
+36.545271402806989158 
+36.564065403901359730 
+36.582580696148568222 
+36.600813794865104001 
+36.618761198232505194 
+36.636061930291404565 
+36.653433378750534644 
+36.670163106722448276 
+36.700753471766020652 
+36.716975161651319581 
+36.732886901638650556 
+36.748800094117250126 
+36.764074494874272148 
+36.779027908785252521 
+36.793951785700691914 
+36.808533660640733842 
+36.822488273833272387 
+36.836381290913095654 
+36.849653166617336808 
+36.862841662532730425 
+36.885913383414553834 
+36.897831626622817680 
+36.909623590178469499 
+36.921038233127546846 
+36.931854530792492142 
+36.942509888648572769 
+36.952574106264741260 
+36.962453854164394329 
+36.971749919442366661 
+36.980837581522060020 
+36.989349273934479356 
+36.997628222802433129 
+37.005339173051766011 
+37.012792629238298048 
+37.019686318732304642 
+37.026169348092928146 
+37.032357110473299144 
+37.038108631900492185 
+37.043419515144279330 
+37.048285343123751545 
+37.052617785976138975 
+37.056589295393877137 
+37.060036725858267914 
+37.062982922801580798 
+37.065546466309498896 
+37.067657160146438855 
+37.069281569119496567 
+37.070483144527969444 
+37.071208707235840052 
+37.071484220387077357 
+37.071294268007839889 
+37.069723759780508487 
+37.068175600425476546 
+37.066182979193250446 
+37.063658495188690267 
+37.060634167468734290 
+37.057105508119427384 
+37.053068010319989867 
+37.048517148310573077 
+37.043557028670164755 
+37.037976493505070152 
+37.031998937154796181 
+37.025370771459826358 
+37.018358115067755421 
+37.010826666631928106 
+37.002598648451865415 
+36.994005425055178193 
+36.984684329135149028 
+36.966320654202228013 
+36.955412579672923812 
+36.934132167265218527 
+36.921599285229689258 
+36.908480296329258863 
+36.894770357143137574 
+36.880464604754706670 
+36.865558156720595662 
+36.850046111039290508 
+36.834258713265469964 
+36.817533297832355288 
+36.799827074057844811 
+36.781843225496999139 
+36.763228974797385717 
+36.743579799941741726 
+36.724089167126109601 
+36.703553510747781274 
+36.682806162850404519 
+36.661429704906780103 
+36.619636432809890891 
+36.595933961616481156 
+36.571556251957858308 
+36.545979596630196795 
+36.520221757428458886 
+36.493772927220327063 
+36.466066582553402498 
+36.438205610977021820 
+36.409637712267709730 
+36.380357569673385854 
+36.349740138530052036 
+36.319004667104231032 
+36.259987856304036313 
+36.227156830849352787 
+36.193581901669901413 
+36.159257612092332579 
+36.123454686287288951 
+36.087599649550085701 
+36.050223264914428967 
+36.012814953800884155 
+35.974629463891673709 
+35.934857754386406725 
+35.895904603789773546 
+35.856189546810576019 
+35.814855702295290030 
+35.773584749609732114 
+35.730651478196946869 
+35.687802810765177242 
+35.644165299871218622 
+35.598799398558043094 
+35.553551261449811705 
+35.506529860591186321 
+35.459648882337496900 
+35.410949222832769578 
+35.361393079151284269 
+35.310974580920046151 
+35.259687836663019311 
+35.163206056176484537 
+35.110530559651550675 
+35.054751061257782396 
+34.998037534870888976 
+34.941545925611471546 
+34.882964145748104556 
+34.823429223429421597 
+34.762934698319696736 
+34.701474086862596380 
+34.637782252896599289 
+34.574350275796057019 
+34.512528212059855548 
+34.448475036141417149 
+34.384799222803593466 
+34.318841485967361393 
+34.253287996635656043 
+34.185401190082316703 
+34.116530534162002652 
+34.045233624546220597 
+33.974355888507602685 
+33.902475151167166700 
+33.828086919359705576 
+33.754160206184437243 
+33.615708364541120545 
+33.537285635082568547 
+33.459379942462753377 
+33.378804656752990354 
+33.297131886069252005 
+33.147332978811107296 
+33.062550102675601238 
+32.976643134641477673 
+32.893108346854731394 
+32.806751469697545076 
+32.717498693843126034 
+32.628913304557904951 
+32.537372535966355258 
+32.446531147124289873 
+32.276739092781163265 
+32.182683445730553728 
+32.085526737485068338 
+31.987169290262340127 
+31.887603785255876687 
+31.788850455844549714 
+31.686871308623686616 
+31.585738433513842693 
+31.483417273768623090 
+31.375650174773099366 
+31.268731497711904410 
+31.160553143838694012 
+31.048905710489854926 
+30.938159862545656864 
+30.826131567934812239 
+30.712813237103500086 
+30.595891647536895164 
+30.383887781753323054 
+30.263164361421253545 
+30.145874563084486653 
+30.027302768119657372 
+29.907441672781189368 
+29.783797791163379998 
+29.661309402679101765 
+29.537509512774768439 
+29.409823494942198607 
+29.280756312420948007 
+29.150300055701237056 
+29.021097597404228452 
+28.890545959899576189 
+28.755931442007064192 
+28.622630956787489254 
+28.487958521712524629 
+28.349115562289703973 
+28.211648057012816082 
+28.069937111213825176 
+27.929643374364136577 
+27.785032545533702830 
+27.638944943408610300 
+27.491372355450003795 
+27.345302546628488471 
+27.194765357323404942 
+27.042718556067960378 
+26.886066993025679039 
+26.734062831153224238 
+26.583731794954410077 
+26.428802326206774609 
+26.272383333787352910 
+26.114466871151769567 
+25.955044967730657390 
+25.794109628899221320 
+25.628321492948963112 
+25.464303904897445108 
+25.295353840048370841 
+25.128221070909646073 
+24.956075371448669387 
+24.785794289766403864 
+24.610419046058026993 
+24.440512212775779233 
+24.121441215881716857 
+23.947167365077589807 
+23.763989056371563890 
+23.582839304981774831 
+23.396315538124461852 
+23.208088929688180713 
+23.021966174345202205 
+22.830341641529457775 
+22.644755128548347045 
+22.453649951344019087 
+22.102243512472426801 
+21.910405475472131798 
+21.550379150876413092 
+21.349747649421246365 
+21.147390359200301191 
+20.939115378325162453 
+20.733244888372034609 
+20.521366927444336881 
+20.311947744990668241 
+20.096430481722990180 
+19.883426907727098865 
+19.668635970048001127 
+19.452048847534641141 
+19.238131777883609175 
+19.017962828889373839 
+18.800519979913406843 
+18.576734342171043579 
+18.355731467145517399 
+18.132954204190529168 
+17.898998610351981142 
+17.672572355914599740 
+17.439571998202964664 
+17.209499079366437968 
+16.972758284626625169 
+16.739003778788159593 
+16.300722517579647075 
+16.061708375209860833 
+15.815796732580064798 
+15.573015957932339504 
+15.328358133071294134 
+15.076658079411076940 
+14.822983523944476048 
+14.562086879509148929 
+14.299114628695480889 
+14.034056785227559061 
+13.766903334778804791 
+13.497644234938869445 
+13.226269415173938171 
+12.958259688037207624 
+12.682665922496649813 
+12.410502148597744920 
+12.136267871388186634 
+11.859953481060687253 
+11.575845797689542138 
+11.295299301246650714 
+11.018433141181549928 
+10.733701677249491979 
+10.452717285739623776 
+10.169681151886814874 
+9.878622566451754849 
+9.591412081089952579 
+9.283972078459733268 
+8.974173245046220160 
+8.662004419597622018 
+8.359834701295937975 
+8.049222091050204142 
+7.736299792793159824 
+6.899008231436336125 
+6.577588662176736989 
+6.266806411092533224 
+5.947296916035658576 
+5.632091664064921233 
+5.308047089281286546 
+4.988379733285396966 
+4.659760056950094764 
+4.328813965678635967 
+3.707992545271807217 
+3.377257175889667451 
+3.037289506967502106 
+2.701955826652158166 
+2.357273651537015624 
+1.725079930676297835 
+1.366422009296316631 
+1.012485652516907919 
+0.648813450744228248 
+0.289941529448407564 
-0.078789030141399152 
-0.435189540746890202 
-0.793970017559482599 
-1.162690382576480275 
-1.526311076078192386 
-1.899993523827115283 
-2.268495684101353049 
-2.647182430612037507 
-3.020607516657186409 
-3.404340991477816658 
-3.782730671682877244 
-4.163592534226687292 
-4.554949670983504006 
-4.940838806983720133 
-5.329231258198507959 
-5.736479840637876748 
-6.146467668925620131 
-6.559206509524269535 
-6.966370974132718885 
-7.384591650760402359 
-7.805598582981257749 
-8.220900057336429256 
-8.638900083695183696 
-9.068224115187113910 
-9.491710655472640923 
-9.917929795144122096 
-10.346892863113566818 
-10.787450563792106095 
-11.221992169088682800 
-11.659312091610615880 
-12.108432732125372411 
