+2.942095500000000197 
+2.918280004719781662 
+2.894343847315882456 
+2.870290508120055595 
+2.846123451054116238 
+2.821846123656491123 
+2.797461957108769326 
+2.772974366262250356 
+2.748386749664494477 
+2.723702489585870801 
+2.698924952046108494 
+2.674057486840844877 
+2.649103427568174851 
+2.624066091655201216 
+2.598948780384583213 
+2.573754778921086395 
+2.548487356338132059 
+2.523149765644345788 
+2.497745243810108651 
+2.472277011794104862 
+2.446748274569871651 
+2.421162221152349137 
+2.395522024624430202 
+2.369830842163507700 
+2.344091815068026552 
+2.318308068784031395 
+2.292482712931716904 
+2.266618841331976775 
+2.240719532032952710 
+2.214787847336585180 
+2.188826833825161078 
+2.162839522387864477 
+2.136828928247325621 
+2.110798050986170793 
+2.084749874573569528 
+2.058687367391788481 
+2.032613482262735527 
+2.006531156474512745 
+1.980443311807965401 
+1.954352854563229602 
+1.928262675586283725 
+1.902175650295496956 
+1.876094638708178053 
+1.850022485467126332 
+1.823962019867179540 
+1.797916055881763953 
+1.771887392189444022 
+1.745878812200471364 
+1.719893084083334411 
+1.693932960791307396 
+1.668001180089000446 
+1.642100464578908126 
+1.616233521727959976 
+1.590403043894069057 
+1.564611708352681374 
+1.538862177323325531 
+1.513157097996162825 
+1.487499102558534902 
+1.461890808221514959 
+1.436334817246455842 
+1.410833716971540808 
+1.385390079838331401 
+1.360006463418317990 
+1.334685410439468756 
+1.309429448812778896 
+1.284241091658821166 
+1.259122837334293088 
+1.234077169458568379 
+1.209106556940246158 
+1.184213454003699040 
+1.159400300215623680 
+1.134669520511589980 
+1.110023525222590290 
+1.085464710101588626 
+1.060995456350070976 
+1.036618130644594071 
+1.012335085163334147 
+0.988148657612637704 
+0.964061171253569826 
+0.940074934928464501 
+0.916192243087472935 
+0.892415375815114320 
+0.868746598856823482 
+0.845188163645502755 
+0.821742307328068744 
+0.798411252792003090 
+0.775197208691901896 
+0.752102369476026045 
+0.729128915412846634 
+0.706279012617601065 
+0.683554813078835810 
+0.660958454684959840 
+0.638492061250792720 
+0.616157742544114040 
+0.593957594312213288 
+0.571893698308438392 
+0.549968122318746477 
+0.528182920188251526 
+0.506540131847775577 
+0.485041783340397270 
+0.463689886848000388 
+0.442486440717824614 
+0.421433429489015410 
+0.400532823919170777 
+0.379786581010893798 
+0.359196644038340285 
+0.338764942573768213 
+0.318493392514087592 
+0.298383896107409896 
+0.278438341979597492 
+0.258658605160813071 
+0.239046547112067298 
+0.219604015751771797 
+0.200332845482285471 
+0.181234857216465262 
+0.162311858404215581 
+0.143565643059037296 
+0.124997991784575824 
+0.106610671801175450 
+0.088405436972421647 
+0.070384027831695395 
+0.052548171608723049 
+0.034899582256121775 
+0.017439960475952088 
+0.000170993746265502 
-0.016905643652342928 
-0.033788290610190508 
-0.050475299161951703 
-0.066965034460112705 
-0.083255874748420666 
-0.099346211335334722 
-0.115234448567476111 
-0.130919003803077860 
-0.146398307385438020 
-0.161670802616367570 
-0.176734945729642323 
-0.191589205864453938 
-0.206232065038858714 
-0.220662018123229942 
-0.234877572813708912 
-0.248877249605651940 
-0.262659581767086259 
-0.276223115312155709 
-0.289566408974574419 
-0.302688034181076926 
-0.315586575024866978 
-0.328260628239070318 
-0.340708803170184371 
-0.352929721751528369 
-0.364922018476694809 
-0.376684340372999582 
-0.388215346974932540 
-0.399513710297607183 
-0.410578114810214778 
-0.421407257409470493 
-0.431999847393065295 
-0.442354606433118747 
-0.452470268549627352 
-0.462345580083915575 
-0.471979299672087738 
-0.481370198218475487 
-0.490517058869091471 
-0.499418676985080356 
-0.508073860116164511 
-0.516481427974102125 
-0.524640212406129791 
-0.532549057368420176 
-0.540206818899527264 
-0.547612365093840037 
-0.554764576075031712 
-0.561662343969512090 
-0.568304572879875014 
-0.574690178858351164 
-0.580818089880259070 
-0.586687245817454350 
-0.592296598411780728 
-0.597645111248521044 
-0.602731759729846495 
-0.607555531048270758 
-0.612115424160094790 
-0.616410449758863166 
-0.620439630248810658 
-0.624201999718315026 
-0.627696603913347584 
-0.630922500210923332 
-0.633878757592547082 
-0.636564456617676022 
-0.638978689397156518 
-0.641120559566682235 
-0.642989182260244263 
-0.644583684083580355 
-0.645903203087625055 
-0.646946888741963821 
-0.647713901908275602 
-0.648203414813795398 
-0.648414611024752396 
-0.648346685419830759 
-0.647998844163613530 
-0.647370304680035424 
-0.646460295625832515 
-0.645268056863999018 
-0.643792839437226760 
-0.642033905541363747 
-0.639990528498864286 
-0.637661992732235561 
-0.635047593737490867 
-0.632146638057601518 
-0.628958443255945188 
-0.625482337889758711 
-0.621717661483583761 
-0.617663764502723645 
-0.613320008326688093 
-0.608685765222652719 
-0.603760418318897152 
-0.598543361578266708 
-0.593033999771614972 
-0.587231748451262359 
-0.581136033924436912 
-0.574746293226735538 
-0.568061974095565247 
-0.561082534943599942 
-0.553807444832228324 
-0.546236183445004464 
-0.538368241061100150 
-0.530203118528752348 
-0.521740327238718216 
-0.512979389097721672 
-0.503919836501903973 
-0.494561212310279608 
-0.484903069818181098 
-0.474944972730710901 
-0.464686495136191979 
-0.454127221479624144 
-0.443266746536122636 
-0.432104675384380688 
-0.420640623380113432 
-0.408874216129509360 
-0.396805089462684002 
-0.384432889407124279 
-0.371757272161148400 
-0.358777904067347109 
-0.345494461586040913 
-0.331906631268724883 
-0.318014109731524997 
-0.303816603628643822 
-0.289313829625817309 
-0.274505514373757808 
-0.259391394481609527 
-0.243971216490398213 
-0.228244736846481722 
-0.212211721874998815 
-0.195871947753323727 
-0.179225200484511404 
-0.162271275870753406 
-0.145009979486824925 
-0.127441126653535797 
-0.109564542411184629 
-0.091380061493004039 
-0.072887528298613891 
-0.054086796867474973 
-0.034977730852331579 
-0.015560203492667402 
+0.004165902411837674 
+0.024200694527871658 
+0.044544271015028336 
+0.065196720552358922 
+0.086158122364927703 
+0.107428546250349921 
+0.129008052605352308 
+0.150896692452318515 
+0.173094507465832326 
+0.195601529999239965 
+0.218417783111185759 
+0.241543280592174003 
+0.264978026991107285 
+0.288722017641845685 
+0.312775238689744217 
+0.337137667118219131 
+0.361809270775281355 
+0.386790008400095697 
+0.412079829649521390 
+0.437678675124672178 
+0.463586476397459979 
+0.489803156037141640 
+0.516328627636873705 
+0.543162795840260948 
+0.570305556367904032 
+0.597756796043945382 
+0.625516392822626610 
+0.653584215814833058 
+0.681960125314644117 
+0.710643972825882653 
+0.739635601088664441 
+0.768934844105942705 
+0.798541527170070431 
+0.828455466889337799 
+0.858676471214522952 
+0.889204339465447635 
+0.920038862357522635 
+0.951179822028294319 
+0.982626992064000504 
+1.014380137526116554 
+1.046439014977896376 
+1.078803372510944270 
+1.111472949771739271 
+1.144447477988198569 
+1.177726679996227599 
+1.211310270266263922 
+1.245197954929819772 
+1.279389431806054134 
+1.313884390428301741 
+1.348682512070627171 
+1.383783469774375829 
+1.419186928374726042 
+1.454892544527235598 
+1.490899966734394955 
+1.527208835372164009 
+1.563818782716539069 
+1.600729432970088295 
+1.637940402288512010 
+1.675451298807183909 
+1.713261722667702491 
+1.751371266044445374 
+1.789779513171104286 
+1.828486040367261145 
+1.867490416064907954 
+1.906792200835014439 
+1.946390947414071260 
+1.986286200730642770 
+2.026477497931912009 
+2.066964368410234343 
+2.107746333829681795 
+2.148822908152598909 
+2.190193597666147074 
+2.231857901008857947 
+2.273815309197175782 
+2.316065305652018402 
+2.358607366225312862 
+2.401440959226552430 
+2.444565545449358890 
+2.487980578197997339 
+2.531685503313961139 
+2.575679759202503138 
+2.619962776859189990 
+2.664533979896445803 
+2.709392784570111345 
+2.754538599805990362 
+2.799970827226386128 
+2.845688861176674855 
+2.891692088751834699 
+2.937979889823002289 
+2.984551637064020380 
+3.031406695977998389 
+3.078544424923846279 
+3.125964175142827095 
+3.173665290785113946 
+3.221647108936333215 
+3.269908959644117985 
+3.318450165944650809 
+3.367270043889222020 
+3.416367902570772053 
+3.465743044150448426 
+3.515394763884143625 
+3.565322350149048525 
+3.615525084470215589 
+3.666002241547086538 
+3.716753089280063094 
+3.767776888797031098 
+3.819072894479936586 
+3.870640353991315230 
+3.922478508300854205 
+3.974586591711938510 
+4.026963831888192402 
+4.079609449880038596 
+4.132522660151242810 
+4.185702670605471631 
+4.239148682612819741 
+4.292859891036391318 
+4.346835484258821936 
+4.401074644208845754 
+4.455576546387828074 
+4.510340359896330753 
+4.565365247460659859 
+4.620650365459400888 
+4.676194863949988623 
+4.731997886695233468 
+4.788058571189892199 
+4.844376048687202285 
+4.900949444225444651 
+4.957777876654480664 
+5.014860458662310450 
+5.072196296801610771 
+5.129784491516300449 
+5.187624137168080019 
+5.245714322062975832 
+5.304054128477906360 
+5.362642632687216526 
+5.421478904989227132 
+5.480562009732802942 
+5.539891005343871910 
+5.599464944352005702 
+5.659282873416936255 
+5.719343833355148732 
+5.779646859166385653 
+5.840190980060221193 
+5.900975219482608836 
+5.961998595142423696 
+6.023260119038021720 
+6.084758797483781123 
+6.146493631136642932 
+6.208463615022685289 
+6.270667738563657778 
+6.333104985603524639 
+6.395774334435027519 
+6.458674757826218915 
+6.521805223047046240 
+6.585164691895841749 
+6.648752120725932357 
+6.712566460472160657 
+6.776606656677428120 
+6.840871649519247200 
+6.905360373836323618 
+6.970071759155057833 
+7.035004729716114014 
+7.100158204500990777 
+7.165531097258533322 
+7.231122316531505945 
+7.296930765683127262 
+7.362955342923648061 
+7.429194941336870528 
+7.495648448906699457 
+7.562314748543716547 
+7.629192718111708515 
+7.696281230454205868 
+7.763579153421073187 
+7.831085349895028358 
+7.898798677818177794 
+7.966717990218592504 
+8.034842135236882399 
+8.103169956152656894 
+8.171700291411180928 
+8.240431974649846225 
+8.309363834724759812 
+8.378494695737273901 
+8.447823377060558414 
+8.517348693366125545 
+8.587069454650379186 
+8.656984466261194555 
+8.727092528924446313 
+8.797392438770540224 
+8.867882987361005220 
+8.938562961714987765 
+9.009431144335881214 
+9.080486313237779328 
+9.151727241972091420 
+9.223152699654086462 
+9.294761450989405205 
+9.366552256300645141 
+9.438523871553909927 
+9.510675048385330399 
+9.583004534127640639 
+9.655511071836709647 
+9.728193400318104977 
+9.801050254153636843 
+9.874080363727911092 
+9.947282455254859102 
+10.020655250804312075 
+10.094197468328548695 
+10.167907821688821457 
+10.241785020681934526 
+10.315827771066759411 
+10.390034774590835909 
+10.464404729016861140 
+10.538936328149288713 
+10.613628261860842628 
+10.688479216119096904 
+10.763487873012994811 
+10.838652910779417837 
+10.913973003829742225 
+10.989446822776358204 
+11.065073034459251389 
+11.140850301972538006 
+11.216777284690996552 
+11.292852638296663415 
+11.369075014805341439 
+11.445443062593168904 
+11.521955426423126312 
+11.598610747471683524 
+11.675407663355242605 
+11.752344808156747646 
+11.829420812452211109 
+11.906634303337286340 
+11.983983904453785030 
+12.061468236016246180 
+12.139085914838489089 
+12.216835554360157445 
+12.294715764673259883 
+12.372725152548715855 
+12.450862321462954796 
+12.529125871624387401 
+12.607514400000006560 
+12.686026500341935019 
+12.764660763213948158 
+12.843415776018048291 
+12.922290123021019426 
+13.001282385380939388 
+13.080391141173757674 
+13.159614965419853760 
+13.238952430110551006 
+13.318402104234703387 
+13.397962553805227159 
+13.477632341885659173 
+13.557410028616667219 
+13.637294171242677621 
+13.717283324138341172 
+13.797376038835139411 
+13.877570864047900301 
+13.957866345701384958 
+14.038261026956792676 
+14.118753448238342330 
+14.199342147259795155 
+14.280025659051046816 
+14.360802515984632421 
+14.441671247802295497 
+14.522630381641535635 
+14.603678442062165033 
+14.684813951072831273 
+14.766035428157609388 
+14.847341390302533526 
+14.928730352022094863 
+15.010200825385879853 
+15.091751320045082352 
+15.173380343258997982 
+15.255086399921685469 
+15.336867992588404164 
+15.418723621502230969 
+15.500651784620604445 
+15.582650977641851142 
+15.664719694031724373 
+15.746856425050006933 
+15.829059659777010793 
+15.911327885140146066 
+15.993659585940481094 
+16.076053244879243920 
+16.158507342584467636 
+16.241020357637413696 
+16.323590766599217261 
+16.406217044037411767 
+16.488897662552464141 
+16.571631092804324226 
+16.654415803538999086 
+16.737250261615084668 
+16.820132932030283257 
+16.903062277948031067 
+16.986036760723980166 
+17.069054839932572776 
+17.152114973393587150 
+17.235215617198694105 
+17.318355225738002900 
+17.401532251726575140 
+17.484745146231066570 
+17.567992358696155719 
+17.651272336971210564 
+17.734583527336720721 
+17.817924374530957010 
+17.901293321776478251 
+17.984688810806613191 
+18.068109281892141382 
+18.151553173867728930 
+18.235018924158524101 
+18.318504968806752942 
+18.402009742498133704 
+18.485531678588582594 
+18.569069209130674381 
+18.652620764900206041 
+18.736184775422724869 
+18.819759669000145408 
+18.903343872737256248 
+18.986935812568219717 
+19.070533913283242100 
+19.154136598554998727 
+19.237742290965258007 
+19.321349412031381121 
+19.404956382232963819 
+19.488561621038279270 
+19.572163546930855915 
+19.655760577436073078 
+19.739351129147674868 
+19.822933617754305402 
+19.906506458066079546 
+19.990068064041164320 
+20.073616848812243063 
+20.157151224713143023 
+20.240669603305356361 
+20.324170395404578926 
+20.407652011107288104 
+20.491112859817249614 
+20.574551350272113126 
+20.657965890569926160 
+20.741354888195715489 
+20.824716750048004599 
+20.908049882465373770 
+20.991352691253030827 
+21.074623581709335696 
+21.157860958652356942 
+21.241063226446389223 
+21.324228789028591535 
+21.407356049935462039 
+21.490443412329373274 
+21.573489279025171328 
+21.656492052516739477 
+21.739450135003480113 
+21.822361928416878385 
+21.905225834447158206 
+21.988040254569639842 
+22.070803590071459865 
+22.153514242078074403 
+22.236170611579716194 
+22.318771099458089680 
+22.401314106512820956 
+22.483798033488028523 
+22.566221281098876261 
+22.648582250058165499 
+22.730879341102788516 
+22.813110955020366788 
+22.895275492675789764 
+22.977371355037693235 
+23.059396943205094033 
+23.141350658433886167 
+23.223230902163390255 
+23.305036076042998872 
+23.386764581958555453 
+23.468414822059010305 
+23.549985198783023321 
+23.631474114885378413 
+23.712879973463607541 
+23.794201177984575679 
+23.875436132310937865 
+23.956583240727738371 
+24.037640907969031190 
+24.118607539244287352 
+24.199481540264983437 
+24.280261317271275345 
+24.360945277058430491 
+24.441531827003327493 
+24.522019375091176130 
+24.602406329941928220 
+24.682691100836830600 
+24.762872097745088240 
+24.842947731350289331 
+24.922916413077018660 
+25.002776555117375068 
+25.082526570457556403 
+25.162164872904416058 
+25.241689877111905815 
+25.321099998607785153 
+25.400393653820074746 
+25.479569260103591688 
+25.558625235766548656 
+25.637560000097096236 
+25.716371973389858141 
+25.795059576972445115 
+25.873621233232100280 
+25.952055365642152651 
+26.030360398788612741 
+26.108534758396732656 
+26.186576871357480911 
+26.264485165754216212 
+26.342258070889140953 
+26.419894017309889733 
+26.497391436836025491 
+26.574748762585649331 
+26.651964429001967716 
+26.729036871879756632 
+26.805964528391985624 
+26.882745837116345911 
+26.959379238061785600 
+27.035863172695055567 
+27.112196083967273097 
+27.188376416340513941 
+27.264402615814262276 
+27.340273129952027631 
+27.415986407907929845 
+27.491540900453152574 
+27.566935060002489166 
+27.642167340641098150 
+27.717236198150764892 
+27.792140090036618005 
+27.866877475553668120 
+27.941446815733328890 
+28.015846573409930897 
+28.090075213247381214 
+28.164131201765616908 
+28.238013007367129603 
+28.311719100363610835 
+28.385247953002494370 
+28.458598039493402609 
+28.531767836034802599 
+28.604755820840480851 
+28.677560474166163829 
+28.750180278336010531 
+28.822613717769176134 
+28.894859279006379182 
+28.966915450736451021 
+29.038780723822803509 
+29.110453591330159639 
+29.181932548550914674 
+29.253216093031753076 
+29.324302724600251224 
+29.395190945391370008 
+29.465879259873993590 
+29.536366174877549895 
+29.606650199618439245 
+29.676729845726704582 
+29.746603627272552473 
+29.816270060792831487 
+29.885727665317673996 
+29.954974962396956784 
+30.024010476126971270 
+30.092832733176852145 
+30.161440262815141011 
+30.229831596936424631 
+30.298005270087834617 
+30.365959819495547123 
+30.433693785091385564 
+30.501205709539412680 
+30.568494138262373383 
+30.635557619468276158 
+30.702394704177066842 
+30.769003946246996861 
+30.835383902401204637 
+30.901533132254453307 
+30.967450198339438572 
+31.033133666133416284 
+31.098582104084886879 
+31.163794083639945853 
+31.228768179268897143 
+31.293502968492916239 
+31.357997031910450403 
+31.422248953223832046 
+31.486257319265785526 
+31.550020720026100918 
+31.613537748678034234 
+31.676807001604910141 
+31.739827078426731788 
+31.802596582026641414 
+31.865114118577501756 
+31.927378297568445475 
+31.989387731831456563 
+32.051141037567902004 
+32.112636834374988837 
+32.173873745272537406 
+32.234850396729264332 
+32.295565418689456294 
+32.356017444599636690 
+32.416205111434919672 
+32.476127059725577340 
+32.535781933583805881 
+32.595168380729987234 
+32.654285052519377075 
+32.713130603968807009 
+32.771703693782832545 
+32.830002984380698194 
+32.888027141922627550 
+32.945774836336525482 
+33.003244741344403224 
+33.060435534489073461 
+33.117345897160411994 
+33.173974514622408094 
+33.230320076039163268 
+33.286381274501778194 
+33.342156807054799117 
+33.397645374722763734 
+33.452845682536853644 
+33.507756439561305228 
+33.562376358920005259 
+33.616704157822944410 
+33.670738557593139717 
+33.724478283692690184 
+33.777922065749564240 
+33.831068637584252201 
+33.883916737236098982 
+33.936465106989942342 
+33.988712493402807979 
+34.040657647330171187 
+34.092299323952708789 
+34.143636282802887649 
+34.194667287791219223 
+34.245391107233231764 
+34.295806513875774613 
+34.345912284923358015 
+34.395707202065302965 
+34.445190051501626272 
+34.494359623970026973 
+34.543214714772361162 
+34.591754123801017329 
+34.639976655565533292 
+34.687881119219376558 
+34.735466328586163343 
+34.782731102186417615 
+34.829674263264017497 
+34.876294639812805087 
+34.922591064603125233 
+34.968562375208350090 
+35.014207414031403687 
+35.059525028331442797 
+35.104514070250260716 
+35.149173396838840233 
+35.193501870084084260 
+35.237498356935070376 
+35.281161729329838295 
+35.324490864221928632 
+35.367484643606800887 
+35.410141954548429055 
+35.452461689205975404 
+35.494442744860080552 
+35.536084023939643828 
+35.577384434048347828 
+35.618342887991182977 
+35.658958303800758927 
+35.699229604764290968 
+35.739155719449925641 
+35.778735581733016602 
+35.817968130823281570 
+35.856852311290900559 
+35.895387073093019126 
+35.933571371600763200 
+35.971404167625202319 
+36.008884427444286302 
+36.046011122829511919 
+36.082783231071744012 
+36.119199735008848506 
+36.155259623051186679 
+36.190961889208956848 
+36.226305533118321023 
+36.261289560068036053 
+36.295912981026056343 
+36.330174812666086837 
+36.364074077394093365 
+36.397609803374756154 
+36.430781024558335446 
+36.463586780706812362 
+36.496026117420704793 
+36.528098086165599057 
+36.559801744298617621 
+36.591136155094936555 
+36.622100387774537467 
+36.652693517528440736 
+36.682914625545521403 
+36.712762799039083461 
+36.742237131272986517 
+36.771336721588845364 
+36.800060675432170854 
+36.828408104378645760 
+36.856378126161459363 
+36.883969864697228047 
+36.911182450112548281 
+36.938015018771110931 
+36.964466713299600542 
+36.990536682614440167 
+37.016224081948699620 
+37.041528072878158184 
+37.066447823347971280 
+37.090982507699557402 
+37.115131306696724778 
+37.138893407552338033 
+37.162268003955048812 
+37.185254296095656912 
+37.207851490693613528 
+37.230058801023950821 
+37.251875446943174097 
+37.273300654916489805 
+37.294333658044031665 
+37.314973696087164967 
+37.335220015495607981 
+37.355071869433622567 
+37.374528517806389516 
+37.393589227287129972 
+37.412253271343047345 
+37.430519930262263983 
+37.448388491180160997 
+37.465858248106187034 
+37.482928501949956512 
+37.499598560548434989 
+37.515867738691781597 
+37.531735358150442039 
+37.547200747701573675 
+37.562263243155364023 
+37.576922187381676110 
+37.591176930336949624 
+37.605026829090277829 
+37.618471247850010286 
+37.631509557990867165 
+37.644141138079497466 
+37.656365373901977023 
+37.668181658490006214 
+37.679589392147057936 
+37.690587982475562967 
+37.701176844403356370 
+37.711355400209519928 
+37.721123079552050683 
+37.730479319493390733 
+37.739423564527626809 
+37.747955266606830094 
+37.756073885167566573 
+37.763778887157421593 
+37.771069747061829958 
+37.777945946930067578 
+37.784406976402365785 
+37.790452332736307994 
+37.796081520833041623 
+37.801294053264250294 
+37.806089450298657084 
+37.810467239928208016 
+37.814426957895022952 
+37.817968147717941463 
+37.821090360718493173 
+37.823793156048338915 
+37.826076100715170014 
+37.827938769609360747 
+37.829380745530805541 
+37.830401619215130893 
+37.831000989360305198 
+37.831178462653674899 
+37.830933653797600869 
+37.830266185536643775 
+37.829175688684316015 
+37.827661802148938364 
+37.825724172960605074 
+37.823362456297886069 
+37.820576315513832810 
+37.817365422163128130 
+37.813729456028390530 
+37.809668105146485573 
+37.805181065835355980 
+37.800268042720674089 
+37.794928748762089299 
+37.789162905279894744 
+37.782970241981722381 
+37.776350496988804650 
+37.769303416862712197 
+37.761828756632070281 
+37.753926279818564637 
+37.745595758464276059 
+37.736836973157430464 
+37.727649713059342673 
+37.718033775931239404 
+37.707988968160236709 
+37.697515104786035067 
+37.686612009528005274 
+37.675279514811045090 
+37.663517461792324070 
+37.651325700388156292 
+37.638704089300084377 
+37.625652496041873007 
+37.612170796965727959 
+37.598258877288920132 
+37.583916631120374063 
+37.569143961487277750 
+37.553940780361578788 
+37.538307008686317090 
+37.522242576402916825 
+37.505747422476382269 
+37.488821494923250555 
+37.471464750837682800 
+37.453677156417349181 
+37.435458686990813248 
+37.416809327043893063 
+37.397729070245731009 
+37.378217919476199427 
+37.358275886851544101 
+37.337902993751491465 
+37.317099270845879744 
+37.295864758120622184 
+37.274199504904892422 
+37.252103569897286661 
+37.229577021192412190 
+37.206619936307667729 
+37.183232402209704048 
+37.159414515340714047 
+37.135166381645127842 
+37.110488116596563657 
+37.085379845223698680 
+37.059841702137120478 
+37.033873831556327616 
+37.007476387335231038 
+36.980649532989751549 
+36.953393441724060153 
+36.925708296456470237 
+36.897594289847098992 
+36.869051624323411431 
+36.840080512107405752 
+36.810681175241981578 
+36.780853845617485831 
+36.750598764998045453 
+36.719916185048617763 
+36.688806367360960792 
+36.657269583480520225 
+36.625306114933160018 
+36.592916253251068781 
+36.560100299999959361 
+36.526858566805529449 
+36.493191375379403496 
+36.459099057546431766 
+36.424581955271158051 
+36.389640420683448951 
+36.354274816106325829 
+36.318485514081913834 
+36.282272897397731981 
+36.245637359113580089 
+36.208579302588447035 
+36.171099141505855812 
+36.133197299901880228 
+36.094874212190774188 
+36.056130323191510456 
+36.016966088155250247 
+35.977381972790460907 
+35.937378453290520497 
+35.896956016360306307 
+35.856115159241873869 
+35.814856389741677845 
+35.773180226257437653 
+35.731087197803653055 
+35.688577844038903208 
+35.645652715292413859 
+35.602312372590304790 
+35.558557387682149908 
+35.514388343067878395 
+35.469805832023801884 
+35.424810458629544030 
+35.379402837794664549 
+35.333583595284665080 
+35.287353367748316657 
+35.240712802743566101 
+35.193662558764124526 
+35.146203305266688233 
+35.098335722696702987 
+35.050060502515009375 
+35.001378347225198695 
+34.952289970399071706 
+34.902796096703760043 
+34.852897461928336043 
+34.802594813010188091 
+34.751888908061324912 
+34.700780516395766995 
+34.649270418555104811 
+34.597359406335485232 
+34.545048282814342144 
+34.492337862376672319 
+34.439228970741460500 
+34.385722444989141877 
+34.331819133586350290 
+34.277519896414347045 
+34.222825604794870458 
+34.167737141516091981 
+34.112255400859844201 
+34.056381288628323034 
+34.000115722169738319 
+33.943459630405975247 
+33.886413953858486536 
+33.828979644674589622 
+33.771157666654971763 
+33.712948995279177211 
+33.654354617732927579 
+33.595375532934163232 
+33.536012751560186018 
+33.476267296073196178 
+33.416140200748216671 
+33.355632511698452447 
+33.294745286902148962 
+33.233479596229877018 
+33.171836521470005721 
+33.109817156355681789 
+33.047422606592064653 
+32.984653989881351777 
+32.921512435950766928 
+32.857999086578857373 
+32.794115095620867351 
+32.729861629037031889 
+32.665239864917673174 
+32.600250993510570652 
+32.534896217247393224 
+32.469176750770010642 
+32.403093820957103333 
+32.336648666951035125 
+32.269842540183759638 
+32.202676704403970120 
+32.135152435703631113 
+32.067271022543920367 
+31.999033765782392891 
+31.930441978699541039 
+31.861496987024672478 
+31.792200128963159500 
+31.722552755222988452 
+31.652556229040570202 
+31.582211926208049846 
+31.511521235099891669 
+31.440485556698376968 
+31.369106304621460879 
+31.297384905148934564 
+31.225322797247979878 
+31.152921432601658580 
+31.080182275633287503 
+31.007106803534750128 
+30.933696506292140072 
+30.859952886712470388 
+30.785877460450212340 
+30.711471756034047331 
+30.636737314893228046 
+30.561675691384021292 
+30.486288452816751260 
+30.410577179481524723 
+30.334543464675395086 
+30.258188914729377217 
+30.181515149033515399 
+30.104523800064715289 
+30.027216513413097942 
+29.949594947807877787 
+29.871660775144480482 
+29.793415680511746046 
+29.714861362216350216 
+29.635999531811815899 
+29.556831914123876004 
+29.477360247276219951 
+29.397586282719089468 
+29.317511785254033896 
+29.237138533060981871 
+29.156468317725533268 
+29.075502944264403737 
+28.994244231152304536 
+28.912694010349291318 
+28.830854127326176695 
+28.748726441091548622 
+28.666312824218596944 
+28.583615162871289783 
+28.500635356830787970 
+28.417375319522889754 
+28.333836978043390076 
+28.250022273185233956 
+28.165933159465332380 
+28.081571605150216442 
+27.996939592283720089 
+27.912039116712939801 
+27.826872188114194273 
+27.741440830021041108 
+27.655747079849302139 
+27.569792988924536559 
+27.483580622508643643 
+27.397112059825659003 
+27.310389394088687709 
+27.223414732527125182 
+27.136190196411966724 
+27.048717921083273552 
+26.961000055976676038 
+26.873038764649326282 
+26.784836224806639393 
+26.696394628329684906 
+26.607716181300439473 
+26.518803104029309736 
+26.429657631081230562 
+26.340282011302178944 
+26.250678507846117782 
+26.160849398201328597 
+26.070796974216168707 
+25.980523542127535563 
+25.890031422585693122 
+25.799322950680952715 
+25.708400475971334487 
+25.617266362508189559 
+25.525922988862809859 
+25.434372748153634802 
+25.342618048071738457 
+25.250661310908249391 
+25.158504973580757991 
+25.066151487659748653 
+24.973603319394520383 
+24.880862949741107570 
+24.787932874387887949 
+24.694815603781716362 
+24.601513663155838429 
+24.508029592555498510 
+24.414365946864087675 
+24.320525295830968560 
+24.226510224097186352 
+24.132323331221567031 
+24.037967231708929461 
+23.943444555034144372 
+23.848757945671344771 
+23.753910063119047180 
+23.658903581926001181 
+23.563741191719536516 
+23.468425597230837099 
+23.372959518321763994 
+23.277345690011753021 
+23.181586862503984037 
+23.085685801211830892 
+22.989645286785979295 
+22.893468115140471753 
+22.797157097479257004 
+22.700715060323162220 
+22.604144845536080055 
+22.507449310351397287 
+22.410631327399091361 
+22.313693784731778891 
+22.216639585851307714 
+22.119471649735846341 
+22.022192910865445725 
+21.924806319249441344 
+21.827314840453041711 
+21.729721455622922122 
+21.632029161514726212 
+21.534240970519618941 
+21.436359910689898101 
+21.338389025766598905 
+21.240331375205325770 
+21.142190034203363069 
+21.043968093725840873 
+20.945668660532138716 
+20.847294857203081619 
+20.748849822166917534 
+20.650336709726001772 
+20.551758690083079983 
+20.453118949368978008 
+20.354420689667634292 
+20.255667129043324337 
+20.156861501567590267 
+20.058007057345179192 
+19.959107062540574873 
+19.860164799405911396 
+19.761183566304602266 
+19.662166677741037546 
+19.563117464386110100 
+19.464039273101821692 
+19.364935466970923272 
+19.265809425321659631 
+19.166664543754059480 
+19.067504234168012545 
+18.968331924788127907 
+18.869151060191345692 
+18.769965101333511370 
+18.670777525574948186 
+18.571591826708189643 
+18.472411514983647862 
+18.373240117137022764 
+18.274081176414476602 
+18.174938252601094746 
+18.075814922045722710 
+17.976714777687995195 
+17.877641429085940672 
+17.778598502440964069 
+17.679589640624953972 
+17.580618503207983139 
+17.481688766482488262 
+17.382804123492032744 
+17.283968284057372955 
+17.185184974801398283 
+17.086457939178135490 
+16.987790937497262433 
+16.889187746951794367 
+16.790652161644466389 
+16.692187992614002212 
+16.593799067861638719 
+16.495489232378282907 
+16.397262348170002610 
+16.299122294285457002 
+16.201072966842584577 
+16.103118279054012163 
+16.005262161254670161 
+15.907508560928377506 
+15.809861442733319947 
+15.712324788529656416 
+15.614902597406029372 
+15.517598885705144340 
+15.420417687051275024 
+15.323363052377052540 
+15.226439049948247373 
+15.129649765392409577 
+15.032999301724920826 
+14.936491779373753275 
+14.840131336209015700 
+14.743922127567081759 
+14.647868326277938777 
+14.551974122692147517 
+14.456243724706872911 
+14.360681357792389079 
+14.265291265019218514 
+14.170077707084045571 
+14.075044962336397347 
+13.980197326805610558 
+13.885539114226949309 
+13.791074656068060378 
+13.696808301556131937 
+13.602744417704043300 
+13.508887389336013740 
+13.415241619116708094 
+13.321811527574679346 
+13.228601553130943103 
+13.135616152125503930 
+13.042859798841904606 
+12.950336985536669232 
+12.858052222464300129 
+12.766010037902606911 
+12.674214978182297031 
+12.582671607710668837 
+12.491384508999898273 
+12.400358282692828027 
+12.309597547589698152 
+12.219106940674288708 
+12.128891117141833433 
+12.038954750423876305 
+11.949302532215300587 
+11.859939172502127036 
+11.770869399586345594 
+11.682097960113095425 
+11.593629619097752581 
+11.505469159951809743 
+11.417621384509272886 
+11.330091113054963969 
+11.242883184347510550 
+11.156002455649677074 
+11.069453802753702831 
+10.983242120005447973 
+10.897372320334579143 
+10.811849335279918094 
+10.726678115013546844 
+10.641863628371364570 
+10.557410862876462687 
+10.473324824767285435 
+10.389610539024161540 
+10.306273049394812702 
+10.223317418421371983 
+10.140748727468096746 
+10.058572076745919688 
+9.976792585340382047 
+9.895415391238262970 
+9.814445651353025823 
+9.733888541551801055 
+9.653749256683159530 
+9.574033010601851856 
+9.494745036195974208 
+9.415890585414848246 
+9.337474929292842063 
+9.259503357978507765 
+9.181981180760555361 
+9.104913726092449977 
+9.028306341622025499 
+8.952164394215376575 
+8.876493269984942813 
+8.801298374315893014 
+8.726585131892134584 
+8.652358986722996192 
+8.578625402170526826 
+8.505389860974597482 
+8.432657865280694054 
+8.360434936666578665 
+8.288726616167380712 
+8.217538464303565604 
+8.146876061107468203 
+8.076745006148481565 
+8.007150918560943964 
+7.938099437070727404 
+7.869596220020424582 
+7.801646945397191502 
+7.734257310859666390 
+7.667433033762058869 
+7.601179851183593073 
+7.535503519954259488 
+7.470409816679191906 
+7.405904537768961404 
+7.341993499463095318 
+7.278682537857587675 
+7.215977508932070350 
+7.153884288575541817 
+7.092408772613010726 
+7.031556876832683045 
+6.971334537011870225 
+6.911747708943484447 
+6.852802368463297711 
+6.794504511475778941 
+6.736860153980744670 
+6.679875332100429830 
+6.623556102105744969 
+6.567908540441568022 
+6.512938743756549798 
+6.458652828925732337 
+6.405056933079681158 
+6.352157213630983179 
+6.299959848298270160 
+6.248471035136223151 
+6.197696992561052554 
+6.147643959374319955 
+6.098318194793405311 
+6.049725978475563259 
+6.001873610545759519 
+5.954767411622425399 
+5.908413722844112925 
+5.862818905896594046 
+5.817989343038897587 
+5.773931437129903088 
+5.730651611654543842 
+5.688156310752018996 
+5.646451999240095887 
+5.605545162642726176 
+5.565442307216986073 
+5.526149959979015591 
+5.487674668730182503 
+5.450023002085696788 
+5.413201549497928866 
+5.377216921285176809 
+5.342075748659173229 
+5.307784683747529542 
+5.274350399624882613 
+5.241779590337952044 
+5.210078970929263420 
+5.179255277468206131 
+5.149315267074994651 
+5.120265717946702821 
+5.092113429386238899 
+5.064865221826204689 
+5.038527936857206235 
+5.013108437254327754 
+4.988613607002511330 
+4.965050351323563760 
+4.942425596704239865 
+4.920746290920484434 
+4.900019403064805879 
+4.880251923574258299 
+4.861450864254757143 
+4.843623258308446644 
+4.826776160361874624 
+4.810916646489152626 
+4.796051814241706346 
+4.782188782674113625 
+4.769334692368280670 
+4.757496705463153397 
+4.746682005680717964 
+4.736897798348921107 
+4.728151310434489218 
+4.720449790563664649 
+4.713800509051987220 
