+13.951829999999999288 
+13.632744724962178040 
+13.317113772816245643 
+13.004917560489605677 
+12.696136568137852407 
+12.390751339053156954 
+12.088742479572651689 
+11.790090658986821737 
+11.494776609447892923 
+11.202781125878210844 
+10.914085065878641245 
+10.628669349636950869 
+10.346514959836190073 
+10.067602941563089658 
+9.791914402216443492 
+9.519430511415492902 
+9.250132500908325284 
+8.984001664480247840 
+8.721019357862180854 
+8.461166998639052750 
+8.204426066158170272 
+7.950778101437628642 
+7.700204707074675525 
+7.452687547154116743 
+7.208208347156690898 
+6.966748893867468873 
+6.728291035284229338 
+6.492816680525858253 
+6.260307799740725265 
+6.030746424015074325 
+5.804114645281419627 
+5.580394616226922011 
+5.359568550201782244 
+5.141618721127622749 
+4.926527463405887985 
+4.714277171826214641 
+4.504850301474835561 
+4.298229367642951715 
+4.094396945735132576 
+3.893335671177700519 
+3.695028239327109887 
+3.499457405378343822 
+3.306605984273303989 
+3.116456850609184315 
+2.928992938546871372 
+2.744197241719334102 
+2.562052813139988672 
+2.382542765111114846 
+2.205650269132231500 
+2.031358555808473909 
+1.859650914759001239 
+1.690510694525363178 
+1.523921302479910977 
+1.359866204734155204 
+1.198328926047182108 
+1.039293049734029140 
+0.882742217574058685 
+0.728660129719376215 
+0.577030544603189810 
+0.427837278848208769 
+0.281064207175035108 
+0.136695262310544408 
-0.005285565103724466 
-0.144894226603183185 
-0.282146615991806016 
-0.417058569433734760 
-0.549645865544905021 
-0.679924225484652922 
-0.807909313047316502 
-0.933616734753869082 
-1.057062039943517107 
-1.178260720865306865 
-1.297228212769768518 
-1.413979894000483739 
-1.528531086085731516 
-1.640897053830091323 
-1.751093005406055170 
-1.859134092445630770 
-1.965035410131969584 
-2.068811997290973537 
-2.170478836482908847 
-2.270050854094000314 
-2.367542920428080677 
-2.462969849798168909 
-2.556346400618098258 
-2.647687275494133630 
-2.737007121316564096 
-2.824320529351341591 
-2.909642035331662768 
-2.992986119549618351 
-3.074367206947774989 
-3.153799667210803293 
-3.231297814857081008 
-3.306875909330313945 
-3.380548155091142704 
-3.452328701708756498 
-3.522231643952514091 
-3.590271021883539859 
-3.656460820946351831 
-3.720814972060461301 
-3.783347351711997320 
-3.844071782045309860 
-3.903002030954590751 
-3.960151812175469743 
-4.015534785376656757 
-4.069164556251523734 
-4.121054676609725576 
-4.171218644468831727 
-4.219669904145911588 
-4.266421846349166103 
-4.311487808269534483 
-4.354881073672290270 
-4.396614872988687139 
-4.436702383407551409 
-4.475156728966888764 
-4.511990980645505189 
-4.547218156454624349 
-4.580851221529490758 
-4.612903088220990711 
-4.643386616187259008 
-4.672314612485282126 
-4.699699831662536909 
-4.725554975848575978 
-4.749892694846659325 
-4.772725586225350369 
-4.794066195410154663 
-4.813927015775091078 
-4.832320488734348274 
-4.849259003833870096 
-4.864754898842965858 
-4.878820459845952584 
-4.891467921333726210 
-4.902709466295414487 
-4.912557226309951730 
-4.921023281637713964 
-4.928119661312143407 
-4.933858343231323218 
-4.938251254249623301 
-4.941310270269299920 
-4.943047216332102423 
-4.943473866710901277 
-4.942601945001294794 
-4.940443124213194537 
-4.937009026862499539 
-4.932311225062635529 
-4.926361240616222048 
-4.919170545106675618 
-4.910750559989784492 
-4.901112656685375768 
-4.890268156668886590 
-4.878228331562995734 
-4.865004403229233887 
-4.850607543859586812 
-4.835048876068134049 
-4.818339472982613003 
-4.800490358336089614 
-4.781512506558529552 
-4.761416842868415600 
-4.740214243364386348 
-4.717915535116821601 
-4.694531496259452652 
-4.670072856081015189 
-4.644550295116795624 
-4.617974445240305315 
-4.590355889754869523 
-4.561705163485212822 
-4.532032752869133319 
-4.501349096049048981 
-4.469664582963657651 
-4.436989555439533106 
-4.403334307282721127 
-4.368709084370392404 
-4.333124084742403070 
-4.296589458692944064 
-4.259115308862151394 
-4.220711690327716425 
-4.181388610696467723 
-4.141156030196041726 
-4.100023861766429079 
-4.058001971151648846 
-4.015100176991312608 
-3.971328250912284474 
-3.926695917620227405 
-3.881212854991291650 
-3.834888694163653966 
-3.787733019629206055 
-3.739755369325100887 
-3.690965234725402055 
-3.641372060932669186 
-3.590985246769617945 
-3.539814144870673474 
-3.487868061773623296 
-3.435156258011209829 
-3.381687948202783289 
-3.327472301145826705 
-3.272518439907672771 
-3.216835441917043070 
-3.160432339055676110 
-3.103318117749987337 
-3.045501719062579937 
-2.986992038783997216 
-2.927797927524180110 
-2.867928190804223121 
-2.807391589147874456 
-2.746196838173228016 
-2.684352608684276831 
-2.621867526762569511 
-2.558750173858792110 
-2.495009086884421023 
-2.430652758303262218 
-2.365689636223139658 
-2.300128124487502035 
-2.233976582766940666 
-2.167243326650941881 
-2.099936627739394268 
-2.032064713734257566 
-1.963635768531132086 
-1.894657932310906290 
-1.825139301631333311 
-1.755087929518726497 
-1.684511825559445342 
-1.613418955991617665 
-1.541817243796691272 
-1.469714568791074427 
-1.397118767717715926 
-1.324037634337775771 
-1.250478919522171495 
-1.176450331343229294 
-1.101959535166303183 
-1.027014153741369284 
-0.951621767294605903 
-0.875789913620101501 
-0.799526088171345961 
-0.722837744152970529 
-0.645732292612242631 
-0.568217102530725882 
-0.490299500915973852 
-0.411986772892962705 
-0.333286161795868452 
-0.254204869259618604 
-0.174750055311463370 
-0.094928838462685405 
-0.014748295800103506 
+0.065784536922212311 
+0.146662665191453101 
+0.227879135644304398 
+0.309427035975444298 
+0.391299494845917195 
+0.473489681791498640 
+0.555990807131054865 
+0.638796121875017775 
+0.721898917633653880 
+0.805292526525551722 
+0.888970321086038240 
+0.972925714175350009 
+1.057152158887305404 
+1.141643148457520240 
+1.226392216171817040 
+1.311392935274630744 
+1.396638918877425084 
+1.482123819867014802 
+1.567841330814010448 
+1.653785183881185006 
+1.739949150731833427 
+1.826327042438228077 
+1.912912709389958721 
+1.999700041202277845 
+2.086682966624588076 
+2.173855453448750197 
+2.261211508417538596 
+2.348745177132935069 
+2.436450543964623350 
+2.524321731958268700 
+2.612352902744010663 
+2.700538256444767526 
+2.788872031584668676 
+2.877348504997431888 
+2.965961991734731740 
+3.054706844974644397 
+3.143577455929943198 
+3.232568253756584298 
+3.321673705462016457 
+3.410888315813616956 
+3.500206627247035129 
+3.589623219774637164 
+3.679132710893876279 
+3.768729755495604294 
+3.858409045772583923 
+3.948165311127793231 
+4.037993318082824246 
+4.127887870186276231 
+4.217843807922177390 
+4.307856008618323074 
+4.397919386354688598 
+4.488028891871769233 
+4.578179512479078284 
+4.668366271963456882 
+4.758584230497369560 
+4.848828484547537343 
+4.939094166783075224 
+5.029376445984011568 
+5.119670526949667178 
+5.209971650407034360 
+5.300275092919125797 
+5.390576166793385582 
+5.480870219990098491 
+5.571152636030742400 
+5.661418833906397552 
+5.751664267986182466 
+5.841884427925519319 
+5.932074838574617814 
+6.022231059886834714 
+6.112348686827078659 
+6.202423349280150155 
+6.292450711959189036 
+6.382426474314020659 
+6.472346370439549190 
+6.562206168984208610 
+6.652001673058202336 
+6.741728720142023512 
+6.831383181994872267 
+6.920960964562799411 
+7.010458007887454990 
+7.099870286014164478 
+7.189193806900526340 
+7.278424612324588594 
+7.367558777793519198 
+7.456592412451721330 
+7.545521658989376768 
+7.634342693550731695 
+7.723051725642667620 
+7.811644998042837074 
+7.900118786708235419 
+7.988469400683541721 
+8.076693182009465843 
+8.164786505631226987 
+8.252745779306753349 
+8.340567443515368495 
+8.428247971365848912 
+8.515783868505041099 
+8.603171673026171362 
+8.690407955377319027 
+8.777489318269550367 
+8.864412396585613862 
+8.951173857288129199 
+9.037770399328088899 
+9.124198753553212526 
+9.210455682616210282 
+9.296537980883364582 
+9.382442474342870042 
+9.468166020512995829 
+9.553705508350951447 
+9.639057858160693826 
+9.724220021501768230 
+9.809188981097554105 
+9.893961750743439865 
+9.978535375215635383 
+10.062906930179165599 
+10.147073522096457410 
+10.231032288135715191 
+10.314780396079232361 
+10.398315044231907223 
+10.481633461329424861 
+10.564732906446892002 
+10.647610668906972720 
+10.730264068188551718 
+10.812690453834882476 
+10.894887205362017824 
+10.976851732167371978 
+11.058581473437950393 
+11.140073898058703961 
+11.221326504520984457 
+11.302336820830982234 
+11.383102404418082187 
+11.463620842043146908 
+11.543889749707071601 
+11.623906772558976641 
+11.703669584804815784 
+11.783175889615597143 
+11.862423419035861727 
+11.941409933892019879 
+12.020133223700707248 
+12.098591106577305965 
+12.176781429144218905 
+12.254702066439168817 
+12.332350921823909573 
+12.409725926892241077 
+12.486825041378642354 
+12.563646253066572456 
+12.640187577696766041 
+12.716447058875871789 
+12.792422767984575671 
+12.868112804086143441 
+12.943515293834755298 
+13.018628391383870735 
+13.093450278294733735 
+13.167979163444607948 
+13.242213282935169971 
+13.316150900001092694 
+13.389790304918202324 
+13.463129814912010218 
+13.536167774066042213 
+13.608902553230155519 
+13.681332549929100750 
+13.753456188270821059 
+13.825271918854758368 
+13.896778218680390538 
+13.967973591055420357 
+14.038856565504445939 
+14.109425697677114186 
+14.179679569256503413 
+14.249616787867749323 
+14.319235986986177167 
+14.388535825845728766 
+14.457514989347565404 
+14.526172187968130700 
+14.594506157667828106 
+14.662515659799243650 
+14.730199481015519680 
+14.797556433178849389 
+14.864585353268843448 
+14.931285103290784733 
+14.997654570184256073 
+15.063692665731203135 
+15.129398326464709612 
+15.194770513576999704 
+15.259808212828142260 
+15.324510434454230889 
+15.388876213075917576 
+15.452904607606582132 
+15.516594701161031011 
+15.579945600963679198 
+15.642956438256858220 
+15.705626368209417265 
+15.767954569825073818 
+15.829940245850522729 
+15.891582622684396142 
+15.952880950284994199 
+16.013834502079070887 
+16.074442574870186462 
+16.134704488746912432 
+16.194619586991485960 
+16.254187235987973992 
+16.313406825130726929 
+16.372277766732814541 
+16.430799495934390819 
+16.488971470611030412 
+16.546793171282189405 
+16.604264101019545308 
+16.661383785355408094 
+16.718151772191021109 
+16.774567631705188830 
+16.830630956262307762 
+16.886341360321093674 
+16.941698480342761712 
+16.996701974699512050 
+17.051351523582766845 
+17.105646828911876156 
+17.159587614242070686 
+17.213173624673203221 
+17.266404626758053098 
+17.319280408410559602 
+17.371800778814378674 
+17.423965568331247766 
+17.475774628409283196 
+17.527227831491430265 
+17.578325070923824569 
+17.629066260864316718 
+17.679451336190556532 
+17.729480252408741592 
+17.779152985561719191 
+17.828469532137571463 
+17.877429908977752859 
+17.926034153185803177 
+17.974282322035517012 
+18.022174492879415197 
+18.069710763057084790 
+18.116891249803490638 
+18.163716090157620897 
+18.210185440870549911 
+18.256299478314193863 
+18.302058398389224436 
+18.347462416433970134 
+18.392511767132404543 
+18.437206704422749226 
+18.481547501405721334 
+18.525534450253143604 
+18.569167862116053414 
+18.612448067033231069 
+18.655375413839745846 
+18.697950270074926493 
+18.740173021891123994 
+18.782044073961994712 
+18.823563849390865244 
+18.864732789619104381 
+18.905551354334484415 
+18.946020021379624154 
+18.986139286660435488 
+19.025909664054438508 
+19.065331685319009125 
+19.104405900000010377 
+19.143132875340199917 
+19.181513196187228942 
+19.219547464902465350 
+19.257236301269191614 
+19.294580342400976747 
+19.331580242650183266 
+19.368236673516182833 
+19.404550323553788616 
+19.440521898281904356 
+19.476152120091391851 
+19.511441728154007791 
+19.546391478330370717 
+19.581002143078642064 
+19.615274511362848386 
+19.649209388560855416 
+19.682807596373667280 
+19.716069972732778837 
+19.748997371709300808 
+19.781590663421944498 
+19.813850733945727711 
+19.845778485220087362 
+19.877374834957205252 
+19.908640716550937810 
+19.939577078984491720 
+19.970184886739374974 
+20.000465119703374484 
+20.030418773079215811 
+20.060046857292874734 
+20.089350397901853285 
+20.118330435503771980 
+20.146988025644596121 
+20.175324238727068149 
+20.203340159919157770 
+20.231036889062313122 
+20.258415540580060110 
+20.285477243386008439 
+20.312223140792767140 
+20.338654390419861784 
+20.364772164102493690 
+20.390577647799489114 
+20.416072041502175693 
+20.441256559142551907 
+20.466132428501456531 
+20.490700891117334947 
+20.514963202194394398 
+20.538920630511015020 
+20.562574458328267468 
+20.585925981298171195 
+20.608976508372052194 
+20.631727361709067736 
+20.654179876584471742 
+20.676335401298089778 
+20.698195297082691013 
+20.719760938012363738 
+20.741033710910702581 
+20.762015015259592587 
+20.782706263107392886 
+20.803108878977226937 
+20.823224299775432655 
+20.843053974700161746 
+20.862599365149463893 
+20.881861944629651617 
+20.900843198664208700 
+20.919544624701373436 
+20.937967732023317069 
+20.956114041653915336 
+20.973985086267592948 
+20.991582410097301192 
+21.008907568843344649 
+21.025962129581209581 
+21.042747670670717497 
+21.059265781663601302 
+21.075518063212449249 
+21.091506126978838864 
+21.107231595541890101 
+21.122696102306253607 
+21.137901291411274940 
+21.152848817638638224 
+21.167540346320848244 
+21.181977553250227686 
+21.196162124586528819 
+21.210095756765788622 
+21.223780156408608377 
+21.237217040228415499 
+21.250408134940151683 
+21.263355177168211441 
+21.276059913355148012 
+21.288524099670301126 
+21.300749501917579209 
+21.312737895444200831 
+21.324491065048917449 
+21.336010804890925385 
+21.347298918397363821 
+21.358357218172510983 
+21.369187525905530833 
+21.379791672279385040 
+21.390171496879197832 
+21.400328848100024004 
+21.410265583055853256 
+21.419983567488056764 
+21.429484675673073468 
+21.438770790331460603 
+21.447843802536198154 
+21.456705611620815688 
+21.465358125087895758 
+21.473803258517584425 
+21.482042935475604395 
+21.490079087422429893 
+21.497913653620638996 
+21.505548581044013901 
+21.512985824285845382 
+21.520227345466970803 
+21.527275114144661217 
+21.534131107220382262 
+21.540797308849160885 
+21.547275710346674771 
+21.553568310098711436 
+21.559677113468971754 
+21.565604132707974827 
+21.571351386860651900 
+21.576920901675720188 
+21.582314709513131135 
+21.587534849253099623 
+21.592583366204124218 
+21.597462312011803220 
+21.602173744566655955 
+21.606719727912718554 
+21.611102332156512773 
+21.615323633374561751 
+21.619385713522081716 
+21.623290660341460523 
+21.627040567270924498 
+21.630637533352270907 
+21.634083663139826115 
+21.637381066608551095 
+21.640531859062214437 
+21.643538161042691570 
+21.646402098237043532 
+21.649125801386979617 
+21.651711406196604059 
+21.654161053241480772 
+21.656476887875861337 
+21.658661060142513577 
+21.660715724679828753 
+21.662643040631262892 
+21.664445171552735303 
+21.666124285321920695 
+21.667682554046059806 
+21.669122153970576505 
+21.670445265387062506 
+21.671654072542512637 
+21.672750763547057318 
+21.673737530282139119 
+21.674616568309858167 
+21.675390076780111315 
+21.676060258340278608 
+21.676629319042543642 
+21.677099468252492898 
+21.677472918558461146 
+21.677751885678478772 
+21.677938588369720208 
+21.678035248336136931 
+21.678044090137746025 
+21.677967341098039356 
+21.677807231212934624 
+21.677565993059538130 
+21.677245861703159591 
+21.676849074607574153 
+21.676377871541507858 
+21.675834494488380955 
+21.675221187554651436 
+21.674540196877032372 
+21.673793770532181924 
+21.672984158444457137 
+21.672113612294175766 
+21.671184385426769836 
+21.670198732759935467 
+21.669158910693333553 
+21.668067177016098412 
+21.666925790815444230 
+21.665737012385239524 
+21.664503103134329365 
+21.663226325494669311 
+21.661908942829942504 
+21.660553219343920972 
+21.659161419988780750 
+21.657735810373839769 
+21.656278656673020322 
+21.654792225534638561 
+21.653278783988604062 
+21.651740599354972971 
+21.650179939153016306 
+21.648599071009282824 
+21.647000262565359918 
+21.645385781386977442 
+21.643757894872575065 
+21.642118870160494737 
+21.640470974039249796 
+21.638816472853967809 
+21.637157632415952691 
+21.635496717911170350 
+21.633835993807558395 
+21.632177723764456800 
+21.630524170540745388 
+21.628877595902753939 
+21.627240260533575622 
+21.625614423940302089 
+21.624002344363411510 
+21.622406278684600522 
+21.620828482335184617 
+21.619271209205194850 
+21.617736711550282536 
+21.616227239901935064 
+21.614745042974362832 
+21.613292367573560426 
+21.611871458505888199 
+21.610484558485772766 
+21.609133908044753980 
+21.607821745439689920 
+21.606550306560990293 
+21.605321824840761025 
+21.604138531161975578 
+21.603002653766083085 
+21.601916418162076639 
+21.600882047034225764 
+21.599901760150665098 
+21.598977774272199781 
+21.598112303060293726 
+21.597307556985143151 
+21.596565743235068169 
+21.595889065623584457 
+21.595279724499413021 
+21.594739916652866185 
+21.594271835226237499 
+21.593877669620745507 
+21.593559605405509672 
+21.593319824226028913 
+21.593160503712191201 
+21.593083817387260126 
+21.593091934575454616 
+21.593187020310757873 
+21.593371235245701456 
+21.593646735559154592 
+21.594015672865012334 
+21.594480194120080796 
+21.595042441533660593 
+21.595704552474082050 
+21.596468659379066679 
+21.597336889662873460 
+21.598311365625001201 
+21.599394204358837612 
+21.600587517659000980 
+21.601893411931804678 
+21.603313988101277232 
+21.604851341519264452 
+21.606507561872643208 
+21.608284733092805396 
+21.610184933263465012 
+21.612210234528554054 
+21.614362703001745558 
+21.616644398673852123 
+21.619057375321883541 
+21.621603680416576765 
+21.624285355032156986 
+21.627104433753419954 
+21.630062944584675932 
+21.633162908857858753 
+21.636406341141789511 
+21.639795249149369027 
+21.643331633646681667 
+21.647017488360777548 
+21.650854799889522440 
+21.654845547607877165 
+21.658991703578013954 
+21.663295232456555084 
+21.667758091403914733 
+21.672382229992358305 
+21.677169590113358311 
+21.682122105887771113 
+21.687241703572965434 
+21.692530301471752097 
+21.697989809840130704 
+21.703622130797100453 
+21.709429158231003498 
+21.715412777709723002 
+21.721574866388031921 
+21.727917292916483660 
+21.734441917349425211 
+21.741150591053596486 
+21.748045156616662155 
+21.755127447755466363 
+21.762399289223818499 
+21.769862496722495848 
+21.777518876805608272 
+21.785370226790028880 
+21.793418334664874436 
+21.801664978996988964 
+21.810111928842104589 
+21.818760943652399931 
+21.827613773184154411 
+21.836672157406603390 
+21.845937826410992244 
+21.855412500318006863 
+21.865097889185857838 
+21.874995692920855106 
+21.885107601182728132 
+21.895435293295328449 
+21.905980438154259105 
+21.916744694135005034 
+21.927729709001869907 
+21.938937119815527410 
+21.950368552842245862 
+21.962025623461766344 
+21.973909936076793770 
+21.986023084019187479 
+21.998366649460209032 
+22.010942203318474952 
+22.023751305167941439 
+22.036795503146784370 
+22.050076333865625600 
+22.063595322315528335 
+22.077353981776823844 
+22.091353813727444333 
+22.105596307751358864 
+22.120082941446575830 
+22.134815180334086904 
+22.149794477766072021 
+22.165022274833674487 
+22.180500000276467176 
+22.196229070389833282 
+22.212210888934151853 
+22.228446847042611978 
+22.244938323130043045 
+22.261686682801020254 
+22.278693278757327079 
+22.295959450709570859 
+22.313486525281255979 
+22.331275815919919836 
+22.349328622805067823 
+22.367646232756243307 
+22.386229919141207745 
+22.405080941785264770 
+22.424200546877898432 
+22.443589966883823905 
+22.463250420448346745 
+22.483183112308132934 
+22.503389233198273445 
+22.523869959761768200 
+22.544626454455972464 
+22.565659865463118194 
+22.586971326597968357 
+22.608561957215655980 
+22.630432862120891002 
+22.652585131475127866 
+22.675019840706880814 
+22.697738050418102773 
+22.720740806293903802 
+22.744029139010049079 
+22.767604064142609843 
+22.791466582074942693 
+22.815617677906502081 
+22.840058321361830451 
+22.864789466698667297 
+22.889812052615475579 
+22.915127002161156611 
+22.940735222642555158 
+22.966637605533492206 
+22.992835026381673202 
+23.019328344719617974 
+23.046118403970780264 
+23.073206031358768797 
+23.100592037815971480 
+23.128277217891174189 
+23.156262349659616717 
+23.184548194629169160 
+23.213135497649666661 
+23.242024986822606536 
+23.271217373407004914 
+23.300713351730095724 
+23.330513599094089727 
+23.360618775685672688 
+23.391029524483375468 
+23.421746471167324444 
+23.452770224026330936 
+23.484101373866483442 
+23.515740493920763043 
+23.547688139755504011 
+23.579944849180158428 
+23.612511142155447885 
+23.645387520701500961 
+23.678574468806203868 
+23.712072452333842421 
+23.745881918933811505 
+23.780003297947239105 
+23.814437000318278592 
+23.849183418499940501 
+23.884242926363633330 
+23.919615879107738010 
+23.955302613164750625 
+23.991303446112162590 
+24.027618676577382928 
+24.064248584149027010 
+24.101193429283938485 
+24.138453453216264677 
+24.176028877865224587 
+24.213919905743367167 
+24.252126719865579219 
+24.290649483657904995 
+24.329488340864390494 
+24.368643415456638479 
+24.408114811541537392 
+24.447902613271164540 
+24.488006884748610759 
+24.528427669938508870 
+24.569164992574467732 
+24.610218856067746174 
+24.651589243416065500 
+24.693276117110002588 
+24.735279419045141935 
+24.777599070426298056 
+24.820234971678175384 
+24.863187002353924981 
+24.906455021042908982 
+24.950038865279204003 
+24.993938351449202173 
+25.038153274701151929 
+25.082683408854137497 
+25.127528506303704603 
+25.172688297933881074 
+25.218162493021829107 
+25.263950779149766390 
+25.310052822110570503 
+25.356468265817525776 
+25.403196732212894204 
+25.450237821175711872 
+25.497591110430214201 
+25.545256155453451186 
+25.593232489387482076 
+25.641519622940769807 
+25.690117044303967475 
+25.739024219053682430 
+25.788240590062407875 
+25.837765577405914286 
+25.887598578273593120 
+25.937738966875244273 
+25.988186094349046584 
+26.038939288672239059 
+26.089997854567265279 
+26.141361073410010363 
+26.193028203141128785 
+26.244998478170650458 
+26.297271109289351187 
+26.349845283575248800 
+26.402720164302444061 
+26.455894890850935042 
+26.509368578611653078 
+26.563140318899485237 
+26.617209178857521579 
+26.671574201367899803 
+26.726234404958521651 
+26.781188783713076873 
+26.836436307179074134 
+26.891975920273999634 
+26.947806543197884821 
+27.003927071337297861 
+27.060336375176991197 
+27.117033300206578872 
+27.174016666829231781 
+27.231285270271506249 
+27.288837880488074461 
+27.346673242075002719 
+27.404790074173728698 
+27.463187070382801380 
+27.521862898664245733 
+27.580816201251320052 
+27.640045594560788800 
+27.699549669096057869 
+27.759326989359692561 
+27.819376093759295543 
+27.879695494517701349 
+27.940283677580268318 
+28.001139102522671465 
+28.062260202461779102 
+28.123645383960479194 
+28.185293026939167049 
+28.247201484582973308 
+28.309369083249876553 
+28.371794122379121461 
+28.434474874399619182 
+28.497409584639896707 
+28.560596471233100857 
+28.624033725028965591 
+28.687719509500560378 
+28.751651960650882245 
+28.815829186926450234 
+28.880249269119367739 
+28.944910260279794301 
+29.009810185623653211 
+29.074947042439823974 
+29.140318800000308386 
+29.205923399466314549 
+29.271758753799367980 
+29.337822747667072321 
+29.404113237353612931 
+29.470628050667006192 
+29.537364986846910142 
+29.604321816475163587 
+29.671496281381269711 
+29.738886094554594308 
+29.806488940048364356 
+29.874302472890651217 
+29.942324318993591703 
+30.010552075058612331 
+30.078983308488567161 
+30.147615557292155586 
+30.216446329996827558 
+30.285473105552803474 
+30.354693333244483711 
+30.424104432596685399 
+30.493703793285135362 
+30.563488775044262979 
+30.633456707573067490 
+30.703604890448040976 
+30.773930593026975089 
+30.844431054361066913 
+30.915103483101709969 
+30.985945057406780734 
+31.056952924854186904 
+31.128124202344679361 
+31.199455976014164094 
+31.270945301140720574 
+31.342589202051101438 
+31.414384672034003643 
+31.486328673242404363 
+31.558418136608047178 
+31.630649961743827703 
+31.703021016856844483 
+31.775528138654706822 
+31.848168132252837381 
+31.920937771088183865 
+31.993833796819110660 
+32.066852919240602660 
+32.139991816190807583 
+32.213247133458139615 
+32.286615484691751021 
+32.360093451306383372 
+32.433677582396242656 
+32.507364394637342286 
+32.581150372201413745 
+32.655031966658974341 
+32.729005596893195218 
+32.803067649004177042 
+32.877214476217254457 
+32.951442398796203292 
+33.025747703945498301 
+33.100126645722070862 
+33.174575444943506852 
+33.249090289095335038 
+33.323667332241740269 
+33.398302694929604684 
+33.472992464101707810 
+33.547732693002231485 
+33.622519401086258028 
+33.697348573927428106 
+33.772216163126010713 
+33.847118086220724820 
+33.922050226589675503 
+33.997008433368264946 
+34.071988521349773293 
+34.146986270897869531 
+34.221997427854063289 
+34.297017703444588221 
+34.372042774192109960 
+34.447068281820065749 
+34.522089833163960293 
+34.597103000079819424 
+34.672103319348956063 
+34.747086292593188261 
+34.822047386174560302 
+34.896982031111576816 
+34.971885622982547659 
+35.046753521836734535 
+35.121581052101198850 
+35.196363502488296149 
+35.271096125908350416 
+35.345774139373361322 
+35.420392723906061860 
+35.494947024452045525 
+35.569432149784297792 
+35.643843172412609022 
+35.718175128490770476 
+35.792423017730406798 
+35.866581803300839226 
+35.940646411744140210 
+36.014611732882244155 
+36.088472619721557066 
+36.162223888367286406 
+36.235860317925698837 
+36.309376650419679322 
+36.382767590688047221 
+36.456027806302650163 
+36.529151927471723127 
+36.602134546948796867 
+36.674970219942927940 
+36.747653464025674452 
+36.820178759039421834 
+36.892540547006227314 
+36.964733232037318089 
+37.036751180239022574 
+37.108588719621550922 
+37.180240140011314054 
+37.251699692952492171 
+37.322961591622188848 
+37.394020010734166704 
+37.464869086449958502 
+37.535502916285267361 
+37.605915559018932015 
+37.676101034603661333 
+37.746053324069976043 
+37.815766369438740924 
+37.885234073627238160 
+37.954450300356697312 
+38.023408874066092267 
+38.092103579811507075 
+38.160528163183556671 
+38.228676330210298318 
+38.296541747266850564 
+38.364118040985289326 
+38.431398798159293051 
+38.498377565658422839 
+38.565047850329847279 
+38.631403118912658101 
+38.697436797942437181 
+38.763142273660449177 
+38.828512891923359973 
+38.893541958109167922 
+38.958222737030041571 
+39.022548452833561328 
+39.086512288919074365 
+39.150107387840463957 
+39.213326851215740021 
+39.276163739638938921 
+39.338611072581763040 
+39.400661828308045642 
+39.462308943780577408 
+39.523545314567847697 
+39.584363794753656407 
+39.644757196843272595 
+39.704718291678879893 
+39.764239808337144666 
+39.823314434047645705 
+39.881934814093654040 
+39.940093551727734678 
+39.997783208072853256 
+40.054996302034084010 
+40.111725310211177487 
+40.167962666798260329 
+40.223700763498634103 
+40.278931949432099202 
+40.333648531040132923 
+40.387842772001100400 
+40.441506893128867262 
+40.494633072291449594 
+40.547213444310756358 
+40.599240100877153736 
+40.650705090454998469 
+40.701600418189812558 
+40.751918045822158376 
+40.801649891587118191 
+40.850787830131444878 
+40.899323692417794973 
+40.947249265632862603 
+40.994556293096991340 
+41.041236474170375459 
+41.087281464166302669 
+41.132682874253852390 
+41.177432271369312389 
+41.221521178125236418 
+41.264941072716325721 
+41.307683388830419347 
+41.349739515553324054 
+41.391100797283144175 
+41.431758533630564045 
+41.471703979336396628 
+41.510928344171425408 
+41.549422792849533437 
+41.587178444938281530 
+41.624186374759510443 
+41.660437611305837891 
+41.695923138143562880 
+41.730633893324878159 
+41.764560769293865405 
+41.797694612793364399 
+41.830026224779778943 
+41.861546360323615090 
+41.892245728523370474 
+41.922114992410513423 
+41.951144768860970657 
+41.979325628501250378 
+42.006648095615943816 
+42.033102648061330342 
+42.058679717166221224 
+42.083369687646126067 
+42.107162897510846733 
+42.130049637967367460 
+42.152020153339691433 
+42.173064640962650174 
+42.193173251102479071 
+42.212336086859941986 
+42.230543204077612529 
+42.247784611252590992 
+42.264050269437973384 
+42.279330092161494292 
+42.293613945321965275 
+42.306891647107647714 
+42.319152967899142936 
+42.330387630179423297 
+42.340585308443230872 
+42.349735629099754419 
+42.357828170393538869 
+42.364852462297221791 
+42.370797986431497861 
+42.375654175969714288 
+42.379410415542899671 
+42.382056041156616288 
+42.383580340088705896 
+42.383972550807939683 
+42.383221862873504904 
+42.381317416849775270 
+42.378248304212789321 
+42.374003567255755343 
+42.368572199002649370 
+42.361943143111304266 
+42.354105293787277731 
+42.345047495686003458 
+42.334758543827497590 
+42.323227183500904403 
+42.310442110170932040 
+42.296391969394477428 
+42.281065356718556814 
+42.264450817595459853 
+42.246536847290535377 
+42.227311890786829451 
+42.206764342700324733 
+42.184882547177366519 
+42.161654797818371776 
+42.137069337570139282 
+42.111114358645401978 
+42.083778002427024489 
+42.055048359375007294 
+42.024913468940297889 
+41.993361319466067982 
+41.960379848101879929 
+41.925956940708147158 
+41.890080431769028735 
+41.852738104295575283 
+41.813917689734815042 
+41.773606867886705629 
+41.731793266796699982 
+41.688464462680421718 
+41.643607979821368303 
+41.597211290482945856 
+41.549261814818308380 
+41.499746920772544456 
+41.448653924003011184 
+41.395970087772944623 
+41.341682622870742136 
+41.285778687514998353 
+41.228245387260471944 
+41.169069774912728121 
+41.108238850427085254 
+41.045739560826575598 
+40.981558800103876194 
+40.915683409134089743 
+40.848100175579133975 
+40.778795833797580883 
+40.707757064756449950 
+40.634970495933352197 
+40.560422701229548181 
+40.484100200877030318 
+40.405989461347289193 
+40.326076895257934041 
+40.244348861281302732 
+40.160791664059765083 
+40.075391554099539348 
+39.988134727695289428 
+39.899007326827586439 
+39.807995439072485055 
+39.715085097519207125 
+39.620262280663332888 
+39.523512912329401559 
+39.424822861569971622 
+39.324177942579176204 
+39.221563914598348788 
+39.116966481822956325 
+39.010371293319018093 
+38.901763942919153294 
+38.791129969141849188 
+38.678454855095544929 
+38.563724028383639109 
+38.446922861022159168 
+38.328036669334572650 
+38.207050713874984638 
+38.083950199325506958 
+37.958720274409891715 
+37.831346031800293872 
+37.701812508023870407 
+37.570104683379000221 
+37.436207481830876986 
+37.300105770933043914 
+37.161784361725551662 
+37.021228008648193963 
+36.878421409451284774 
+36.733349205094469880 
+36.585995979670308031 
+36.436346260296907928 
+36.284384517034951045 
+36.130095162795747399 
+35.973462553248637619 
+35.814470986729389779 
+35.653104704143053993 
+35.489347888886449311 
+35.323184666739471993 
+35.154599105786694224 
+34.983575216318698153 
+34.810096950743385946 
+34.634148203493602125 
+34.455712810933150081 
+34.274774551272344070 
+34.091317144465712374 
+33.905324252128949070 
+33.716779477446671365 
+33.525666365073874431 
+33.331968401053948980 
+33.135669012718281579 
+32.936751568600641349 
+32.735199378343814658 
+32.530995692605912950 
+32.324123702973359684 
+32.114566541861670146 
+31.902307282435415914 
+31.687328938504421671 
+31.469614464438130597 
+31.249146755075123849 
+31.025908645630039473 
+30.799882911601670799 
+30.571052268676957908 
+30.339399372651833175 
+30.104906819323780098 
+29.867557144413105163 
+29.627332823465799549 
+29.384216271756152139 
+29.138189844213428614 
+28.889235835305989042 
+28.637336478968379083 
+28.382473948502621397 
+28.124630356486534311 
+27.863787754683031039 
+27.599928133945535791 
+27.333033424134718814 
+27.063085494016270616 
+26.790066151176155529 
+26.513957141927804173 
+26.234740151217927462 
+25.952396802540455667 
+25.666908657835342922 
+25.378257217409736057 
+25.086423919832633089 
+24.791390141856020080 
+24.493137198315700687 
+24.191646342036779771 
+23.886898763755429087 
+23.578875592008888162 
+23.267557893062406293 
+22.952926670800913200 
+22.634962866650628399 
+22.313647359480810906 
+21.988960965507754253 
+21.660884438220033843 
+21.329398468264294308 
+20.994483683371232274 
+20.656120648257207506 
+20.314289864529861518 
+19.968971770605755012 
+19.620146741603008422 
+19.267795089270919107 
+18.911897061878921278 
+18.552432844136408363 
+18.189382557094859294 
+17.822726258063219973 
+17.452443940508572950 
+17.078515533966463380 
+16.700920903958266450 
+16.319639851884438997 
+15.934652114943492762 
+15.545937366039790817 
+15.153475213683009315 
+14.757245201913169907 
+14.357226810188521426 
+13.953399453312538725 
+13.545742481329449802 
+13.134235179439739838 
+12.718856767906947525 
+12.299586401958897852 
+11.876403171713757700 
+11.449286102065853399 
+11.018214152612836543 
+10.583166217552083310 
+10.144121125597497013 
+9.701057639881085493 
+9.253954457864054461 
+8.802790211248353813 
+8.347543465879123659 
+7.888192721657035555 
+7.424716412447506464 
+6.957092905982301900 
+6.485300503780224268 
+6.009317441040180618 
+5.529121886563789445 
+5.044691942655369132 
+4.556005645031275364 
+4.063040962732802797 
+3.565775798025471843 
+3.064187986321403656 
+2.558255296070756302 
+2.047955428685956036 
+1.533266018439793044 
+1.014164632376248321 
+0.490628770222073740 
-0.037364135709943014 
-0.569836720604934399 
-1.106811687250134568 
-1.648311806112062072 
-2.194359915437727793 
-2.744978921346108436 
-3.300191797908412994 
-3.860021587259632625 
-4.424491399671621750 
-4.993624413653760641 
